encog,BasicNetwork,java,3.4.0,1,1572768175365
[BASIC]
[BASIC:PARAMS]
[BASIC:NETWORK]
beginTraining=0
connectionLimit=0
contextTargetOffset=0,0,0,0,0,0
contextTargetSize=0,0,0,0,0,0
endTraining=5
hasContext=f
inputCount=2
layerCounts=3,8,8,8,8,3
layerFeedCounts=2,7,7,7,7,2
layerContextCount=0,0,0,0,0,0
layerIndex=0,3,11,19,27,35
output=0.1385322936,0.0007955762,1,0.0000124363,0.8477265742,0.9756962164,0.7397744193,1,0.0000000047,0.0020644961,1,0.8737325512,0.9999580446,0.064494564,0.7694760183,0.9819429603,0.0370534465,0.9999999838,1,0.9989023657,0.0012353336,0.4542075134,0.9817034174,0.0000039923,0.2122530304,0.9219251234,1,1,0.4985406129,1,0,0.9999999997,0.9998666897,1,1,8,30,1
outputCount=2
weightIndex=0,16,72,128,184,205
weights=2.4797494311,0.768387253,20.5732968405,-16.983729336,-12.2175810646,6.0204724162,-14.7442797358,2.2599139279,13.1128064366,0.2042427472,-12.7179190791,0.2817570258,1.8626255732,-17.3838302493,7.2194465776,3.0139058065,-6.8275664455,-2.0045836098,2.6514488659,-1.3898007702,5.183263452,1.6394872332,-8.6964537098,1.11953473,-1.2634102157,1.3089087732,2.2930173463,-1.7180840052,1.2991649465,3.5102772205,-0.2906432099,1.5709159107,13.5854552875,-9.2671339886,-0.7527263478,-13.6651417923,12.4837429901,-4.028388892,-3.9643181464,3.5080157964,7.7646541588,-4.4647938718,-10.9480138777,6.0961256378,0.9844905104,1.3372616054,-4.7614912448,-1.5143357214,12.2541096677,4.996263097,0.1078924831,-1.0099420996,-1.534792746,-2.8380947145,9.9720302458,2.2335864672,-9.0042398908,-7.6259593266,4.0447713807,2.9263101488,-13.4483297722,5.126458032,2.0704364187,4.7416197675,-3.2597274503,2.7991839522,6.5187282515,-10.1550435667,-3.6606974077,-12.8657324586,0.9004147179,4.4328020163,-8.3555899766,-6.745054501,12.4176892832,3.9973393454,0.995403299,-9.2281532749,1.1128877236,1.6574139473,1.0726180711,-6.0988647994,-1.6906587244,14.7319887117,-6.7514680409,-0.7072318974,-3.0275519674,-1.7382631801,-1.1219367727,-1.0581006578,-5.5740399004,3.9500474642,1.7406274039,6.869269836,-0.7268064839,-3.6864670347,-10.0345556692,8.7125329445,4.1566486007,-2.6346556252,-9.3109871816,0.646629185,13.8281691739,-0.9691455968,4.7211714806,3.3498968474,11.3093528921,-12.7035378787,2.5139931741,1.5708565137,1.8516935501,4.5696315992,-14.2174488257,1.9618607558,-5.1505955629,6.9496486161,0.2401708281,7.5675235757,0.4004599502,4.4833037217,17.9043402381,2.953975991,6.9053731016,-4.0029410485,9.928846974,-4.3314834467,4.7290598389,-2.5947053533,-0.5511198102,-20.0912429264,-0.7458171557,0.9112846161,-0.9696514681,16.4572956982,2.7623389026,-0.1210518396,-1.0895737505,-8.0035089254,0.1371262304,-4.8549442258,0.0713373433,-2.8692060734,0.8910893655,0.1537404968,-0.2231558295,-3.8324857143,-1.4015715295,-0.521330563,-1.068920501,-1.7769108026,7.2375875768,-1.040300689,10.1527495502,-20.6355106949,2.7939955456,4.8414314213,3.3250910819,-4.6915766525,-2.2057767547,4.8951068885,-3.7554666953,11.0719632465,-1.6151302675,-1.7021425231,-3.171287897,0.0442234336,-8.1124080123,-1.3408756047,2.4784398189,-2.3378530177,4.0199813732,0.437761174,2.6273576604,-15.652831375,2.1488628131,4.2302198708,-1.7800291536,9.3583467857,-0.4364558173,-1.6016964598,-3.7862795263,2.5073214026,4.1807524623,-2.8816953721,-0.4951441865,5.7934488417,0.8873299761,-3.4518460654,-0.4858376297,42.1840598477,-1.2978604478,4.4531357312,-1.1819623688,0.5109298859,-2.1671876411,0.8712145705,1.2118788261,0.4169210943,-0.2869463937,-4.7626708968,0.690415973,26.3115854528,-2.9180746592,1.8720898467,8.3894720987
biasActivation=1,1,1,1,1,1
[BASIC:ACTIVATION]
"org.encog.engine.network.activation.ActivationSigmoid"
"org.encog.engine.network.activation.ActivationSigmoid"
"org.encog.engine.network.activation.ActivationSigmoid"
"org.encog.engine.network.activation.ActivationSigmoid"
"org.encog.engine.network.activation.ActivationSigmoid"
"org.encog.engine.network.activation.ActivationLinear"
