encog,BasicNetwork,java,3.4.0,1,1572768187626
[BASIC]
[BASIC:PARAMS]
[BASIC:NETWORK]
beginTraining=0
connectionLimit=0
contextTargetOffset=0,0,0,0,0,0
contextTargetSize=0,0,0,0,0,0
endTraining=5
hasContext=f
inputCount=2
layerCounts=3,8,8,8,8,3
layerFeedCounts=2,7,7,7,7,2
layerContextCount=0,0,0,0,0,0
layerIndex=0,3,11,19,27,35
output=0.0505618947,0.0000687765,1,0.5515461965,0.9994791477,0.1925155906,0.0269545115,0.9924627603,0.9837225752,0.9736561076,1,0.9408580047,0.4709589571,0.000000004,0.9999979031,0.0004890437,0.4274413908,0.2045725576,1,0.9999729676,0.9110733836,0.9999552924,0.9989071621,0.0077131962,0.0473897114,0.0007293517,1,0.0684269701,0.999967289,1,0,0,0.003173276,0.0001774334,1,8,30,1
outputCount=2
weightIndex=0,16,72,128,184,205
weights=6.5661567051,5.7858048599,2.2526979783,12.2820008044,5.7133143773,-2.582556853,-16.6800491535,0.0091624554,-10.308086172,-1.3877755701,-3.6571467967,11.8905511928,5.8079977785,-15.0958579508,7.2807924181,-0.1316604255,2.4288417451,-1.7455804126,-0.6747770482,-3.7573036254,-2.3767899501,12.4570415804,-1.2330619662,-2.5701249755,8.3581598505,-2.7575634929,4.7992712173,1.3430276401,-5.5801623099,-4.9075139088,-2.0769858983,2.1766536459,0.1503219163,-3.4359862189,-0.0171563601,0.5502596654,-0.6126694529,-2.5038792015,3.4196764167,-0.1362389306,0.8443332394,4.0788055894,3.5464173741,1.176040982,15.0380348862,-10.8067322953,-5.2435811258,-1.7930831621,4.2823010374,-6.5619657588,2.4251134158,2.0264791675,-0.6388115243,5.6803992808,-3.3961291533,0.1822673446,7.1422542718,-1.0309911756,8.1148867691,-1.1812929981,-7.3541847394,-13.647429222,4.3603338118,3.9936306747,-2.5819037713,9.5109462208,1.3218554923,0.4690634166,-9.6883711413,4.939482908,-2.0017108765,-0.6064075054,2.1981798169,1.4575652358,-0.2198065036,-0.8752157023,-11.0999959326,-1.2312085077,-5.2147622906,0.4826040589,4.2801331394,0.4231342706,-3.6961737056,3.0462283864,-2.6550941869,7.9190652177,-0.1214110862,-4.4834241679,-11.652053798,3.0920314075,-4.7053577507,-6.6901066308,2.4834368433,3.4236009548,0.1430493776,0.6978595465,2.7514239993,1.9161273197,7.6395874524,-0.1874818892,-4.6679721776,-1.7398970692,-0.4280518527,1.2447679765,-9.0357264533,-7.8950023334,4.1877802789,7.3248913869,-0.5057690969,5.4801507804,0.5949205108,-3.154875889,2.6646575766,12.6581629101,-5.632563177,-3.8650377261,13.761927874,-3.2921448503,-6.0990876483,-4.9419598306,2.6389553596,-2.0031030339,-0.2793063096,-1.7943282359,2.1387212756,-0.0894596492,3.5391781411,-0.1150441465,-6.3034834168,5.4184804984,3.1893343501,-0.3300384658,-0.5245839459,4.7845878717,-2.6987224602,2.3274324734,-9.8748939323,-4.0926059858,4.3239807353,-0.4816580998,-2.8110848631,-10.032979667,7.347111518,2.8015461917,0.6072820708,5.6083206131,1.8679202978,0.6326153631,2.4834172975,-5.9164082028,-1.1278149876,2.5166853761,4.334657197,5.7673305485,0.3006658455,-0.6870065314,-0.5972236378,-8.1942450603,-4.6647525914,0.4802990149,7.8989565867,-1.9250634796,-1.3883882415,-0.3932403971,-0.3673037105,-2.4883083549,13.0226317897,-2.0786070058,6.0168005345,-8.8529218057,2.6521271319,0.7286300463,0.6744379767,-0.6314932812,-5.5312597718,2.7909782451,1.3264691431,-0.2385710757,-4.1855017353,0.0263552386,0.1255425994,-3.0618994816,11.1583928151,-2.8815897614,1.1981568351,-0.244911844,-4.8490069013,0.4814811891,0.6649611601,-13.4729175757,1.1956534101,0.655149458,-0.3601163759,-1.0444812913,-0.5904206171,0.085647812,0.7625028405,-6.520383071,-0.6300186616,0.6232485716,-0.2048821473,-4.5893366112,2.9507101938,-0.4561102716,-18.5591109842
biasActivation=1,1,1,1,1,1
[BASIC:ACTIVATION]
"org.encog.engine.network.activation.ActivationSigmoid"
"org.encog.engine.network.activation.ActivationSigmoid"
"org.encog.engine.network.activation.ActivationSigmoid"
"org.encog.engine.network.activation.ActivationSigmoid"
"org.encog.engine.network.activation.ActivationSigmoid"
"org.encog.engine.network.activation.ActivationLinear"
