encog,BasicNetwork,java,3.4.0,1,1572768197242
[BASIC]
[BASIC:PARAMS]
[BASIC:NETWORK]
beginTraining=0
connectionLimit=0
contextTargetOffset=0,0,0,0,0,0
contextTargetSize=0,0,0,0,0,0
endTraining=5
hasContext=f
inputCount=2
layerCounts=3,8,8,8,8,3
layerFeedCounts=2,7,7,7,7,2
layerContextCount=0,0,0,0,0,0
layerIndex=0,3,11,19,27,35
output=0.1666672658,0.0000119744,1,0.0069100156,0.2136608817,0.7543675134,0.0000452455,0.0498238692,0.9891567672,0.7000132793,1,0.9978908108,0.9982705364,0.4665997461,0.0007373899,0.0007371353,0.0000372375,0.0016559255,1,0.0301495849,0.8123634298,0.9910923442,0.9914371801,0.2022435276,0.9841965279,0.9204853304,1,0.0172298622,1,1,0.1373179666,1,0.4154143762,0.9999997758,1,8,30,1
outputCount=2
weightIndex=0,16,72,128,184,205
weights=6.7964584299,5.6615633216,5.0407757923,-8.7116091576,-3.260230079,1.975739111,-5.7149740388,-4.4595758993,-5.3881124158,11.3169199304,-9.6751517585,-8.163240107,8.0137761512,-6.141663115,-4.4771989617,2.3954002504,3.6592605108,-5.1056961295,-1.4976307548,3.7332160765,8.1714017952,-0.5628037954,1.6941167317,-2.8352923168,-7.6252485552,2.3123710299,6.1050097822,2.923453778,3.2564377583,4.7525231077,-2.8440927737,1.1491759994,2.4218818838,-5.7205109454,10.3100167268,0.4120168089,-2.4362001935,-3.6886844217,-3.3109990977,-0.3876520107,-8.0148935879,-1.2027813143,2.039436237,-7.1372221734,4.7161784754,-2.5926501152,3.281430612,-1.759822975,0.374368088,-3.1958141956,8.2868676757,5.1861231836,4.2053725053,3.3868794935,-0.8186291299,-4.0037895273,6.7718422451,-2.2129506878,-0.8994537578,-1.8913408874,-4.2025510611,-3.961564525,0.0711394098,0.3890830909,-0.00993429,0.3901789402,2.6426208962,-6.221359402,8.0350292978,-4.7469930456,0.9192867198,-0.7679567874,0.2955388485,4.1137630336,9.0991289726,6.2774929447,3.1859321087,-10.1634949032,-4.4012548793,0.976575043,-2.712027607,1.4539444545,3.9384947524,-2.496349816,0.2189719969,4.6450426648,-1.7546299677,0.8296008667,4.1479313339,-1.7832939351,-3.8412401087,-0.049309479,6.6066029523,5.9738029943,-3.122882282,0.7047634888,2.8002649298,2.2290226835,2.4038532007,-3.5704648615,-8.4331519402,-14.5193831574,3.9393231693,4.4199793426,4.3537708946,-11.3092965382,-7.8872895305,10.989539125,5.2394512338,0.7185161091,1.4929022029,-4.375413277,-2.7955735749,0.7795609231,0.8343149965,-2.6287348832,-5.5757665949,-9.3257718976,0.5979466893,0.7878368752,2.7770366236,-2.4026081108,-1.2561540212,-3.1978095644,11.5969585054,-1.9192427634,-0.1068518598,-0.4764237033,1.8877078618,1.7232615129,0.9908225732,1.3460301347,-0.3218632844,-2.3528994879,-5.968400032,0.8652764059,-2.4864737533,-1.4520594733,-2.7758275618,3.7860374359,0.1085904486,0.9102007631,7.2739997414,-2.5444205092,-3.4519891404,-2.4701099414,-3.2418634126,0.3812351204,5.392794716,6.8906962359,4.6800206248,-2.5043117495,-1.8977616448,1.1788861146,2.4735731188,-13.4835468771,2.7625809953,-7.752746488,1.3251223788,2.1163974716,0.0620096611,0.8269846251,0.811178715,1.3753066418,7.258722016,-10.332413879,-7.6664355288,1.4995281653,7.4426859366,5.6849478851,6.4795022448,-14.4159504153,-1.2301116565,-11.3798769079,-5.4263772852,5.202330537,-1.5704416769,-0.8880648765,-0.993862141,-2.085346465,5.7991305729,3.0758296782,-2.489534377,0.0569599618,4.5933601126,-1.3435434329,-0.4843091134,1.1954725119,0.5185055135,-0.5989337551,0.9394287697,1.0174208192,0.9823117647,0.7504272497,-0.1177373255,-4.3090452518,-0.2823166049,1.2858765734,-1.7169288424,-0.8247566814,-0.1972911956,12.1751625778,-1.7117444736,0.6850299488,8.4537737411
biasActivation=1,1,1,1,1,1
[BASIC:ACTIVATION]
"org.encog.engine.network.activation.ActivationSigmoid"
"org.encog.engine.network.activation.ActivationSigmoid"
"org.encog.engine.network.activation.ActivationSigmoid"
"org.encog.engine.network.activation.ActivationSigmoid"
"org.encog.engine.network.activation.ActivationSigmoid"
"org.encog.engine.network.activation.ActivationLinear"
