encog,BasicNetwork,java,3.4.0,1,1572768227068
[BASIC]
[BASIC:PARAMS]
[BASIC:NETWORK]
beginTraining=0
connectionLimit=0
contextTargetOffset=0,0,0,0,0,0
contextTargetSize=0,0,0,0,0,0
endTraining=5
hasContext=f
inputCount=2
layerCounts=3,8,8,8,8,3
layerFeedCounts=2,7,7,7,7,2
layerContextCount=0,0,0,0,0,0
layerIndex=0,3,11,19,27,35
output=0.2941197573,0.0000437289,1,0.9999999951,0.7333442626,0.2940738266,0.0000169551,0.0000050304,0.1636424561,0.4817621135,1,0.9730418412,0.0004746922,0.99999546,0.9999999737,0.0001087137,0.2698182911,0.0002460515,1,0.0126393159,0.0004024969,0.0000016344,0.0000326486,0.9992650497,0.079164121,0.9992976907,1,0.0908897076,0.0000000009,0.9999993049,0.9999999642,0.9999999995,0.0010547172,0.0000000246,1,8,30,1
outputCount=2
weightIndex=0,16,72,128,184,205
weights=-4.0042298603,2.1550851056,18.2740674396,9.5623119103,7.9173292954,0.7847907532,-11.5138937047,1.5927577527,-10.0915732748,-10.3478379094,1.6127016061,10.2246453585,-3.1335832975,7.5705233116,6.4671464069,2.813746496,4.2533090134,6.4168897253,10.775826441,6.5802773979,-5.3964107885,-4.6181282543,-11.5292062914,-1.1044557592,8.5985497688,4.2177922592,4.6457311793,-13.0802866932,-1.6999425182,-5.2409380996,3.1250121118,2.4909990654,-0.3434813142,-9.2731347558,-2.9627456771,2.6886428758,-2.660277518,1.3211433328,-2.3833891741,-0.6185598099,-3.9639370219,0.7075939789,3.7297651599,-11.3606261338,-1.95725407,7.2307004721,1.9228249314,-1.4485435676,-2.1200282656,-1.5365535303,2.6756372903,-11.5666268292,0.7927411688,1.0290676873,-0.0599341842,-1.5231265061,-2.8530154219,0.3240404239,2.3576158217,1.264391806,0.9780287581,-0.0913342176,2.0094328061,-2.4533767413,6.1845342997,-2.6578163874,-6.2669033283,-6.5927705399,9.0734161412,1.2598639993,-11.649601453,6.4320579656,-1.6942396966,-8.2886917153,-3.8220253864,-2.5674651507,4.8858098153,2.3208189117,-0.2265731398,-1.2285491923,10.6617882399,1.5613136324,1.2463018795,0.749937111,2.0514113737,0.7463195792,-6.3765862882,-3.5246592257,-3.7927654492,2.5526957523,1.5997018241,0.1126625597,17.5618110656,-1.5955327527,-3.1141662893,-1.9611409847,-3.0546866818,4.7216759391,-3.0608257352,-8.9144843239,9.5919253404,-2.435712692,8.9083421972,-0.8030569099,0.8986528124,-0.5510083436,8.3491859561,7.8879148382,-6.5680381066,-0.6429677026,-0.7134521569,-1.8110297261,3.1041145716,-8.7611225541,-5.3659527223,1.1414512645,-4.5500970813,9.0006554731,0.4536548468,2.3496070265,-5.0185531429,-0.6716130782,1.3161150546,0.3551493759,-12.2368900212,2.531816069,0.7410028931,3.0409489531,7.1742903556,-0.7485373076,1.6931363654,-1.8949890944,-2.9387551691,9.2847103719,0.9235670131,-1.8794760566,-2.2443789088,0.5610649565,-4.6865521176,-1.3497650025,-1.4242875293,8.779600258,4.2304893207,-0.162088442,-0.3947261466,-0.1230954484,-13.526458828,-0.3101141768,0.1867324409,4.9024444273,-1.7484748182,0.3562762574,-1.3358616865,0.5416868803,-0.4120165554,-3.9793954524,-2.0269596736,7.0054917747,9.168333208,-3.797276393,-13.3479880949,0.8576342802,-2.1238857069,4.4468807381,2.2804523035,13.839017696,4.7799851872,3.8101221455,9.424615892,0.710389733,-0.7958663914,-0.2755651508,-1.2936652004,1.5303097642,-1.0035770649,-0.9468770674,-6.1922970402,0.1934917627,2.9596803962,1.7345014202,1.7354468349,-10.7039609837,-0.6181976817,1.4049132844,1.7270907844,-0.2306993305,-9.1985660139,-1.1947642438,-0.4023848607,0.7747680239,-1.9629174075,1.0054686896,-0.2814909251,1.9261625327,0.0805363521,-0.6804937901,0.8185153176,0.5271804017,-0.9039943265,1.8763748194,-0.1638765335,-16.948129861,0.6891433254,-0.7360613377,-0.9509040592
biasActivation=1,1,1,1,1,1
[BASIC:ACTIVATION]
"org.encog.engine.network.activation.ActivationSigmoid"
"org.encog.engine.network.activation.ActivationSigmoid"
"org.encog.engine.network.activation.ActivationSigmoid"
"org.encog.engine.network.activation.ActivationSigmoid"
"org.encog.engine.network.activation.ActivationSigmoid"
"org.encog.engine.network.activation.ActivationLinear"
