encog,BasicNetwork,java,3.4.0,1,1572768263225
[BASIC]
[BASIC:PARAMS]
[BASIC:NETWORK]
beginTraining=0
connectionLimit=0
contextTargetOffset=0,0,0,0,0,0
contextTargetSize=0,0,0,0,0,0
endTraining=5
hasContext=f
inputCount=2
layerCounts=3,8,8,8,8,3
layerFeedCounts=2,7,7,7,7,2
layerContextCount=0,0,0,0,0,0
layerIndex=0,3,11,19,27,35
output=0.7837832791,0.5833318231,1,0.9990217361,0.0008681967,0.5086211832,0.9999874647,0.0011303814,0.3017790812,0.999210396,1,0.9857870913,0.1653048596,0.9891712329,0.9956430035,0.9999997173,0.0022215461,0.0047097795,1,0.0297653313,0.0000002242,0.2072556895,0.000000183,0.9781218,0.0338251672,0.4462384073,1,0.7776708322,0,0.000000208,0.9999999289,0,0.9999999967,0,1,8,30,1
outputCount=2
weightIndex=0,16,72,128,184,205
weights=-9.724210141,4.5170843547,17.575111187,10.976043594,8.807236674,-19.04021178,-2.8769885408,-0.3056540234,-5.7868307418,-5.228551199,-2.2420009965,-14.3008844254,-17.452228262,5.9310576915,32.3099715507,-12.4913914481,0.747493709,-5.6444042875,-8.0725322084,-1.3455768126,14.5224911643,-1.4531630596,0.41354598,1.9285543906,-4.194316172,-2.6884772146,8.323818238,1.3742469102,-11.8740901008,3.0337158089,-1.5063971099,-0.196601475,-24.3153508759,-1.0561552292,12.2473632131,-6.4444728433,4.4248256707,-21.8397602228,18.9241645702,14.0150546568,7.3654628567,1.2587815758,-3.2977533772,-2.3397562539,10.0481033631,6.177438657,1.0492452629,-0.6570758008,-8.1213658368,26.9082368762,2.8088819574,-9.3077216943,4.8461644804,-14.084700922,-14.8734204315,-1.4823139131,-1.7787602201,-6.31660937,14.4660198806,-6.3186682145,-10.2333252055,2.5094592457,24.7495610489,4.0517542989,-0.4224270265,29.8009505513,4.8209816559,-7.663469888,9.3406014731,6.5526953356,-12.2042797842,-3.8030024287,-21.5549967721,14.6028749786,-8.1817921648,8.5968524575,6.0979753493,-10.3115542918,-13.0897229401,6.8019640718,-5.7466773908,2.9959940723,7.3959367167,-5.2819487195,9.764735364,5.2497397787,-7.5297785232,-9.3496705471,-6.9312349827,-4.8016244278,4.8356588191,-0.7916454151,-1.8850867004,9.1957107545,11.240664872,0.2355367182,-7.522831049,-2.5533624936,-0.7491900089,-2.7822125469,2.1419738564,3.6581894799,4.7967857376,1.4514401175,2.8143781438,2.9039782847,-15.7314127467,1.1770901441,12.4298176368,-17.0823967004,0.039744146,6.6576653752,-1.2478772448,-2.5469800431,19.6208349877,0.0497533192,5.4940810933,3.6908735539,-4.4908625877,-13.6314430301,-15.9228158611,10.1479925215,-5.3860171008,12.9498854369,1.6576273394,-1.1269220969,-13.8743975195,0.8448785963,-11.1053902667,-0.2954557497,-0.8123518528,-4.1367102456,-0.0162351454,8.4520011212,-0.7727550882,0.8368534849,-37.0404008857,0.3347541799,1.3328947064,5.2166395187,0.0594766413,5.9139028718,0.191548223,2.3641739208,26.1689970491,-0.9505922032,-0.8306571236,-7.5212271681,-0.7299696619,5.4060464832,0.5494349316,-19.5772328624,-21.947008067,0.033808903,-0.3836054348,1.3192732432,0.2192713994,-1.5508696568,1.093458772,1.7851901401,-5.1456511804,0.1056597425,-0.2924909792,10.3959907659,0.9120731522,0.5161482423,1.3606482891,-3.1103718778,14.6546627387,-0.2491331571,-0.704626405,-5.5214894875,0.1007645468,-4.4001227489,-1.1889917802,-4.8270314797,22.3168296724,-0.8485666568,-0.1632009234,-0.7202976676,0.6919078166,-18.1926592891,-0.6463930705,1.3419284754,-1.5163660139,-0.1925036266,19.1581812283,-4.3882304953,-1.1018867979,-0.8926844958,-2.2584858266,0.0857801667,0.1088385972,-0.8873296555,0.5209663009,7.9290401617,-0.9536065674,-0.6976271436,-0.5579590785,-1.7812164944,1.0022650757,3.7158861294,-1.7139397813,-1.303071503,-0.8649086799
biasActivation=1,1,1,1,1,1
[BASIC:ACTIVATION]
"org.encog.engine.network.activation.ActivationSigmoid"
"org.encog.engine.network.activation.ActivationSigmoid"
"org.encog.engine.network.activation.ActivationSigmoid"
"org.encog.engine.network.activation.ActivationSigmoid"
"org.encog.engine.network.activation.ActivationSigmoid"
"org.encog.engine.network.activation.ActivationLinear"
