encog,BasicNetwork,java,3.4.0,1,1572768293444
[BASIC]
[BASIC:PARAMS]
[BASIC:NETWORK]
beginTraining=0
connectionLimit=0
contextTargetOffset=0,0,0,0,0,0
contextTargetSize=0,0,0,0,0,0
endTraining=5
hasContext=f
inputCount=2
layerCounts=3,8,8,8,8,3
layerFeedCounts=2,7,7,7,7,2
layerContextCount=0,0,0,0,0,0
layerIndex=0,3,11,19,27,35
output=0.5219795797,0.6629815085,1,0.7593099482,0.3189384199,0.0259964687,0.7646331486,0.8881761591,0.9999999997,0.9978239277,1,0.8913124934,0.3894230259,0.3471995349,0.1854496138,0.6990909244,0.9773020394,0.9363371569,1,0.7934151961,0.0070240258,0.9469644679,0.999990774,0.000039214,0.1765890862,0.989954494,1,1,1,0,0,0.9947639341,0.9927794419,0.000000024,1,8,30,1
outputCount=2
weightIndex=0,16,72,128,184,205
weights=15.9368302537,4.3048975502,-7.5735866661,-4.2973716303,-5.7958639826,9.1239130916,-6.2313504026,-7.6615909957,-1.5375997583,-9.7194520088,1.3929735992,8.6674195339,-11.0309444985,3.2581164709,6.3558891862,-1.5223307906,-7.2784946189,-4.9646842252,1.2747760643,8.7359704525,2.7129168246,-4.1687237308,12.7998454877,-2.3004526787,-8.970759242,-1.8230013648,8.4006881659,-0.2769497995,-6.5999127625,7.1471720347,2.5413945357,0.3310501937,5.5078122627,-5.8718319923,-0.8336087179,-2.4378367865,2.7969208672,3.7385028229,-10.4646913311,-1.3149541667,-3.2890570248,-5.0278079906,2.0313211194,4.5552656763,0.245332299,0.0152292134,4.3072783606,0.2982687189,-2.2533847067,2.9404514665,-6.5947452938,8.025868192,-1.3790346373,5.1479583568,3.3772424931,-3.4923431436,11.4646313334,1.137172297,-2.4653314886,5.6444047841,5.0800893182,0.6575352543,9.1312835663,-1.7026757217,10.1616325231,3.2213507102,-1.1207831222,-3.0116447238,-3.6504207412,-2.6747859996,4.200610296,-2.0030968269,9.1235133934,-3.944971796,3.7017114394,-1.6149108651,-0.4975351052,7.7473013526,-5.0741660366,-3.3421754721,1.7289532084,-6.0279807993,-0.262936859,-0.500468128,3.2334534244,5.2512432171,-3.1195956045,1.1310988209,-4.3196599993,-0.1892040618,-6.1912984271,-0.3469504853,3.6502930662,5.4831710434,7.3623231585,0.7503516879,0.2823715524,2.9038055276,4.1311051253,3.6448217484,-10.8775850265,-0.3187457844,-8.7713730872,-0.541111453,1.8662925714,4.0465740287,7.9380358246,1.6685139646,-7.3795280408,-0.2701643098,-8.8995876824,-0.9935476315,-1.6715195415,1.5212239035,0.4021973547,4.3281956107,-0.4405400141,-2.8977390717,2.500631223,-1.5947624641,16.5727985053,-7.0797412154,-5.7344625592,6.4722741457,-10.4257041361,5.9713475658,-13.5599731082,0.9168008438,-7.7801876636,-0.0627843296,-0.4982950382,-0.7389745272,14.7149825836,1.8748552722,10.7846858951,-7.3106443409,-1.1928418333,-1.4292932466,0.6545449648,0.376950903,6.2714723466,-8.4156825324,-9.0696614592,-0.2129525429,-2.2995571346,-3.3067054812,-0.6905362747,0.4295145157,10.9495227677,-1.3388758548,-0.2536431104,-1.074419833,0.1014329321,3.8405802576,0.8039141791,-0.0375855213,8.0123817457,-1.060158882,-4.8341095424,0.7335375563,-0.1099285673,-0.4205670371,-0.3069049883,0.3272183522,-11.0949886458,2.4463201498,10.0234997599,-1.0077032582,2.7709072572,2.4458880158,-0.5635710568,0.1443379157,2.9777903009,-12.7344685329,-0.6241292202,2.9238950325,2.9528332928,-1.2254120584,0.2282101028,-0.9271933628,-8.0459118333,6.7642841184,-2.6732653535,4.1514531302,0.9882707697,0.8023644365,-0.8146873874,-0.8876685563,2.0272060437,0.2069013535,-0.7895672375,-1.2593795411,-0.2090028308,-0.7936377851,-0.9308280207,-0.2703228787,-1.9506050114,0.1178157051,17.3173039646,-1.7755731172,0.6040026412,1.0080819718,2.5554091048,-0.9107790269,-10.667017348
biasActivation=1,1,1,1,1,1
[BASIC:ACTIVATION]
"org.encog.engine.network.activation.ActivationSigmoid"
"org.encog.engine.network.activation.ActivationSigmoid"
"org.encog.engine.network.activation.ActivationSigmoid"
"org.encog.engine.network.activation.ActivationSigmoid"
"org.encog.engine.network.activation.ActivationSigmoid"
"org.encog.engine.network.activation.ActivationLinear"
