encog,BasicNetwork,java,3.4.0,1,1572768302740
[BASIC]
[BASIC:PARAMS]
[BASIC:NETWORK]
beginTraining=0
connectionLimit=0
contextTargetOffset=0,0,0,0,0,0
contextTargetSize=0,0,0,0,0,0
endTraining=5
hasContext=f
inputCount=2
layerCounts=3,8,8,8,8,3
layerFeedCounts=2,7,7,7,7,2
layerContextCount=0,0,0,0,0,0
layerIndex=0,3,11,19,27,35
output=0.0085840654,0.0004682539,1,0.6103591407,0.3476843462,0.5944985394,0.0000504295,0.030630371,0.004509684,0.0248227465,1,0.0000655701,0.8035806847,0.9999320061,0.0000796215,0.9988767709,0.0091757943,0.9783575294,1,0.6036246843,0.9994555969,0.00040025,0.0007329222,0.9998495345,0.9910017396,0.7909406137,1,0.0198575717,0.1507186346,0,0.0007813298,0.0000000039,1,1,1,8,30,1
outputCount=2
weightIndex=0,16,72,128,184,205
weights=-8.5531430664,4.9688702272,2.8623724623,-2.9938001336,-7.8558306149,6.6030037584,1.0593573533,-2.773307769,-7.8991928468,-15.5351978624,2.7470621455,8.3877459218,-6.7349472257,10.0103463675,-5.8204578948,1.2287409785,-5.9782505094,0.0240011358,8.1814955302,-2.9665605594,-3.1845930799,-14.1473380115,-3.2178447334,-1.2917440539,-7.8525809114,6.2135058569,-2.9933226485,12.3263156131,7.0021972319,-4.9242705684,-8.3434406625,-1.4159143478,6.2286019001,-4.5805471383,-1.9027506907,4.1420886999,1.4187050293,1.606318123,1.7887714205,2.7834073645,-1.0141330926,-4.2828838258,-7.5469256722,7.1618290216,-4.7015500818,9.4832087126,2.7293477956,3.0316427079,3.4026867532,-9.1731240173,5.1348690195,2.4135920884,-2.8629836417,0.2016520954,0.8000101294,0.8569777542,0.254943255,-2.1518452909,2.501637263,14.1067285962,-6.654749416,-2.3196323536,-0.2024883112,0.6962309672,-1.956256649,1.5483658401,-4.4289941443,-1.3528066622,1.780705219,5.2396999708,-1.4116241393,-0.9318771018,3.25346777,3.4573356531,8.5065749762,-10.0991897482,-3.4924173705,-7.4944455996,-2.6520122153,-2.0311700518,-0.2396745325,3.4655876883,-0.3937300226,-6.4362528327,0.0342236444,-5.6656972797,3.3856924607,0.9972888668,-0.3081096934,-1.2976714058,-6.2922713656,-4.5264979665,8.6182838766,-2.2111196779,3.6321033663,1.7862660107,3.0933386369,-0.2709154525,5.7146682954,5.8052196067,-15.9742723137,1.6183805989,4.2082638872,-0.0015728773,-3.6583589157,4.1036834416,-0.5672406237,-4.8848975394,7.3662109706,-0.7465000337,0.1530533636,-1.8453184568,10.5697302367,-2.062270888,7.2673990694,1.8480716055,-2.8760368153,-1.2164522787,-3.1165785673,-2.4590943733,-0.8422840282,-0.001729784,-3.655259155,1.5142703495,8.1155413456,-2.1124600679,1.5009374224,-2.8862979914,1.7824841122,-16.6117012494,0.3637311438,-1.7922633444,-0.8000347069,-0.1503234894,1.5209192142,1.519692844,2.1829709046,-2.8937190071,2.2145360534,-7.4481210652,0.055650694,4.1353271789,1.6962211438,2.0823360958,15.302588163,-9.4716479147,-2.0777593149,-2.6985790436,-0.1544729983,-4.4857288011,-2.0352810456,-0.1762209612,5.9947559974,1.4537817994,-0.1972750903,10.8035808261,0.1190374716,-3.2275270135,-1.6639830181,-2.6728222423,-11.4691906882,-10.0370528988,2.7577784535,8.8962329705,0.2597366967,2.8062065487,4.4552519149,3.2737380443,-10.2147623512,-1.0327177059,-1.2176005424,7.6757119482,-0.6128632091,2.7389382328,1.0640288122,1.2512108914,-2.6428384109,2.5844494529,5.2825036391,2.1175037145,-0.7358519531,1.6735693129,0.2800436981,-0.9617072854,1.713705386,-0.3773024809,-6.2896811803,-1.0544020501,-0.1915922703,12.4540087219,0.6392507848,-1.3475229291,-0.7731726932,0.498200122,-0.634309629,7.8899563653,-0.8364655576,-0.4202123902,-0.0591383283,-0.7598564433,6.7362890495,0.4450065678,1.7723653274,1.3935689413,0.5799441835
biasActivation=1,1,1,1,1,1
[BASIC:ACTIVATION]
"org.encog.engine.network.activation.ActivationSigmoid"
"org.encog.engine.network.activation.ActivationSigmoid"
"org.encog.engine.network.activation.ActivationSigmoid"
"org.encog.engine.network.activation.ActivationSigmoid"
"org.encog.engine.network.activation.ActivationSigmoid"
"org.encog.engine.network.activation.ActivationLinear"
