encog,BasicNetwork,java,3.4.0,1,1572768492954
[BASIC]
[BASIC:PARAMS]
[BASIC:NETWORK]
beginTraining=0
connectionLimit=0
contextTargetOffset=0,0,0,0,0,0
contextTargetSize=0,0,0,0,0,0
endTraining=5
hasContext=f
inputCount=2
layerCounts=3,8,8,8,8,3
layerFeedCounts=2,7,7,7,7,2
layerContextCount=0,0,0,0,0,0
layerIndex=0,3,11,19,27,35
output=0.9356810136,0.9060495736,1,0.7849232663,0.7997839044,0.0898211945,0.999484278,0.4854089468,0.0115663147,0.9999142644,1,0.059459424,0.9581528692,0.010331461,0.9964020879,0.4540730257,0.853414647,0.5757333299,1,0.0087006944,0.0000146637,0.1869086835,0.5565508425,0.1321837678,0.0153021064,0.9797588005,1,0.9999999954,1,0.0000015927,0.4751995076,1,0.000000001,0.0000105114,1,8,30,1
outputCount=2
weightIndex=0,16,72,128,184,205
weights=-11.705061877,4.1926238073,5.7567969459,2.9737195906,-0.2463733808,-7.2303770358,7.8981544604,-2.6717228867,8.1211524925,-14.5428888388,-11.0527176418,2.342879873,5.3769089549,9.1857408987,7.8239178709,-4.3653816292,-5.7713433954,-2.1356805288,0.0020050514,3.3406085113,2.0047491793,-10.6760605259,5.5261194305,5.3746830259,0.3772029443,3.3392577434,0.6369633882,7.6626203634,-6.7616931767,-13.3520833093,2.162350315,3.7415937573,6.2489707947,2.71145023,4.3657832648,-1.3717468837,-4.9800370562,0.9642151238,-1.4642311014,-1.6822257534,-1.0392190302,4.0812833683,-2.5437438733,-2.0695668107,2.583216492,-0.1784429533,2.7662654168,3.1958117647,-0.2153088722,0.0498959169,-2.7557037009,-0.8992238003,4.1108370322,-0.2086920165,-0.91452595,-0.3309239609,0.6065777182,-1.000901153,5.2504967248,9.3109009991,2.9000386917,-6.7869360162,-4.4407818077,-5.8247741796,0.7479322827,5.5884415508,-12.9995379672,2.3264571525,3.61971884,1.7702366484,-0.6402340543,-1.0044369796,-7.2805199342,2.7374915432,2.9712049997,0.3053719154,-1.4314167826,-0.3552539823,-3.3393695121,0.0432686314,-2.8920133365,3.8392339436,-6.4869630385,4.6374227539,3.6824769745,1.4082494875,1.8469518325,-0.5302816679,11.8440905065,8.7751673456,-6.3259848331,-1.0386508061,0.0074284427,-4.2604433024,-2.1726234773,-0.7120545714,-4.4333999703,5.3451513542,-3.9311683177,-5.0636674507,-2.037668916,-0.3421765765,8.4972934834,1.1645350495,2.966812345,3.14061857,-2.752452994,-2.254537438,3.9334684223,-5.7104732385,1.4520061343,-0.2960386863,2.8969484785,-10.4637268422,3.6183308869,5.8147881096,8.9433322597,-2.8695759782,-2.5090887863,-0.8558880286,0.2687819426,-0.3037605492,0.7688781015,-0.1833833594,-0.8389112231,2.7348527675,0.1549864965,0.1784924766,-0.305650038,-1.6662837704,1.1239747864,-9.8084727121,-0.5228878623,-1.3280817453,6.9430870734,2.4201146301,-9.175697682,0.7496897129,0.989467069,-14.9537798327,1.3263455787,4.1456290288,8.4357279289,3.0754796115,-0.9804256272,-1.3209965023,0.7931530643,8.6933021852,-1.9349962488,0.3122015407,12.885179056,-1.3649944989,-1.6492761964,-2.4121196105,-0.0728878427,-0.4815382513,2.0937281492,2.3127641173,-5.9383763363,2.4237322965,-5.0755655309,1.7970234824,0.4742276147,7.8552404193,-2.9713984907,0.4718614197,-3.2479816407,0.6353806787,2.5933184865,-2.0370956544,-0.6887904736,1.3097779184,-4.7986690595,-3.5903319146,4.3987809035,-0.5443491159,-0.2322374519,-0.1373498402,0.1332920213,7.9925328643,-2.135802903,-3.4447473141,-7.2158023658,2.5870044622,-1.5248821277,1.1834444375,-4.1020889666,-1.6242505543,3.8827525388,-0.2404637553,0.5452745005,-0.5978391319,0.2229184684,-1.3744970903,-0.2672074724,18.9129174513,-8.867645875,7.7331075984,-1.5023552333,0.8917411022,-1.0026662447,2.1872230426,2.7213842577,-1.3236312991,6.4748285926
biasActivation=1,1,1,1,1,1
[BASIC:ACTIVATION]
"org.encog.engine.network.activation.ActivationSigmoid"
"org.encog.engine.network.activation.ActivationSigmoid"
"org.encog.engine.network.activation.ActivationSigmoid"
"org.encog.engine.network.activation.ActivationSigmoid"
"org.encog.engine.network.activation.ActivationSigmoid"
"org.encog.engine.network.activation.ActivationLinear"
