encog,BasicNetwork,java,3.4.0,1,1572768508820
[BASIC]
[BASIC:PARAMS]
[BASIC:NETWORK]
beginTraining=0
connectionLimit=0
contextTargetOffset=0,0,0,0,0,0
contextTargetSize=0,0,0,0,0,0
endTraining=5
hasContext=f
inputCount=2
layerCounts=3,8,8,8,8,3
layerFeedCounts=2,7,7,7,7,2
layerContextCount=0,0,0,0,0,0
layerIndex=0,3,11,19,27,35
output=0.6052616358,0.4848477255,1,0.0051494928,0.5677491738,0.9993416939,0.6780430682,0.9999926599,0.9166398244,0.0001008785,1,0.9999995547,0.0606490586,0.8809916304,0.3402064666,0.860130591,0.9999976979,0.9999717619,1,0.3329126582,0.9868419676,0.9764728511,0.1088419761,0.9910286678,0.9996674953,0.9999688937,1,0.2344171892,1,0.9999999718,0.0707223166,0.9999985722,0.00000131,1,1,8,30,1
outputCount=2
weightIndex=0,16,72,128,184,205
weights=7.9930455777,5.9409361307,-9.6329846239,-7.6333376544,4.1597221051,0.9247389651,-6.5903799166,6.8090114812,-11.9044685022,-14.5288067757,-2.3102416769,-0.3045567619,17.4924878834,-7.5423588428,12.7528273726,0.1845963006,2.0120556742,1.6647103323,-8.3966367102,2.6187740485,-2.9848754686,0.2525253745,2.7717197758,-1.3270529472,0.1249820134,-0.4090150967,5.4253654836,4.4971190289,-12.6553584426,1.7062956915,2.9222222387,0.1196770074,-10.4921422547,2.5152589508,-4.3080862891,-3.2528854314,4.9817971369,7.1903406795,9.4554820054,1.636276851,-3.6818703298,6.4844289107,-7.5453254166,7.6655453789,2.5490262036,-0.391706682,7.1643649843,-0.8920646726,8.7632927356,-13.3112356901,10.9938931672,-2.0061887241,-2.3419394715,-1.5450206606,2.818867409,-4.3962319831,4.5276069231,-7.7035287936,-8.6064481732,-2.0422144338,2.595409461,0.6043630462,7.1366289451,-3.3590459871,2.8365536738,5.1746342216,4.3773999553,-5.1662804801,-1.6903226052,-11.8577281423,-4.2592465914,3.1199931425,5.4959679499,14.9264666245,8.0578101477,-2.9299891933,1.4610678017,-5.5348637454,-3.4165009447,-1.9831582737,-3.5991383849,4.4496659954,11.8758095799,8.905855277,-8.3694625116,-2.2861020889,-5.9584132973,-1.9607927968,2.1452705479,6.884874834,11.5945409994,0.7033230977,-12.1195383071,-3.1020537354,-1.3095861831,-0.483544791,-1.8656911092,6.6464485101,1.2735548768,3.4561392111,-3.3934596796,0.6928612549,-5.4394888587,-0.110316585,8.8328896784,-6.3845339993,-3.5009407253,-10.3751146951,6.4889120752,3.765506472,0.2259976011,-0.6968009814,-2.5621733776,-1.8959490684,1.1831539043,-5.2020733339,7.0102335649,10.5855443596,-4.4577362257,2.0447978246,-7.5067448619,1.6738990632,2.8545921227,-5.5233037227,-1.0185584391,7.8946661896,0.0195547497,2.2335875058,-18.9060336289,1.240256539,6.3779638144,1.9500944979,-6.960628685,-0.0363096342,1.4062666267,1.5350752388,-11.6644935171,4.5712392826,-0.3674880101,-15.4149159257,-5.4594723527,-0.7495076022,4.8534028666,4.544325248,-2.3294572061,3.2496583532,-9.5148781023,-13.3287321541,3.2094152608,-0.4899262426,6.4784307972,1.7918741961,-10.6042314108,-0.2784093868,-8.3446761649,9.8052598677,6.8041415203,-0.1953979748,2.5032667507,-0.9945742534,2.9841241946,-0.4466775488,5.0530792917,-4.7323553393,-0.2882941598,-0.2186256653,-0.8614769051,0.8832317463,11.4779418836,3.8756267739,3.3003269787,-4.1872856707,-6.7266352827,0.7970153241,1.8770188572,3.2876836631,-1.4334981397,2.2485608954,9.5409800045,-2.160341315,-3.5277981335,0.0411348327,-0.1694278993,2.7745697626,0.8706238636,0.3305763524,-18.0658164794,1.5030057799,0.6769133865,0.7666895055,-1.5005960032,1.2054544701,-6.7746643117,0.2435363912,-0.190992487,1.2058370556,-0.6162739855,0.6184906649,-0.1651769609,-1.4722221901,-0.0861729685,0.8174663487,-1.7131040677,8.9531078745,-0.5741581308
biasActivation=1,1,1,1,1,1
[BASIC:ACTIVATION]
"org.encog.engine.network.activation.ActivationSigmoid"
"org.encog.engine.network.activation.ActivationSigmoid"
"org.encog.engine.network.activation.ActivationSigmoid"
"org.encog.engine.network.activation.ActivationSigmoid"
"org.encog.engine.network.activation.ActivationSigmoid"
"org.encog.engine.network.activation.ActivationLinear"
