encog,BasicNetwork,java,3.4.0,1,1572768522832
[BASIC]
[BASIC:PARAMS]
[BASIC:NETWORK]
beginTraining=0
connectionLimit=0
contextTargetOffset=0,0,0,0,0,0
contextTargetSize=0,0,0,0,0,0
endTraining=5
hasContext=f
inputCount=2
layerCounts=3,8,8,8,8,3
layerFeedCounts=2,7,7,7,7,2
layerContextCount=0,0,0,0,0,0
layerIndex=0,3,11,19,27,35
output=0.2457533615,0.1363556895,1,0.6011702826,0.9903439316,0.245296674,0.5760346708,0.4290992316,0.2725695473,0.4581733618,1,0.1639389586,0.0562993438,0.4174829337,0.3019456203,0.0048985545,0.1696369985,0.2510419245,1,0.3915320477,0.0998806834,0.9389259259,0.943902543,0.0116876605,0.9963396531,0.0009250322,1,0.0000194186,0.6218219423,0.0803747944,0.0217573533,1,0,0.0000085809,1,8,30,1
outputCount=2
weightIndex=0,16,72,128,184,205
weights=-3.476616414,-4.2975747486,6.8378877821,-2.6096481447,2.0518047566,1.1162395173,-6.0007426163,6.6153609141,-7.092369604,5.2765783879,-7.9698978562,-13.4655459298,-2.8837208512,8.2703568595,13.3923194072,-0.2490379924,-0.6101194488,6.4733965422,1.2530957454,-1.7169631111,-3.9637171974,-6.0031842822,4.0405431828,0.164634358,-1.5593781741,-7.2102401785,0.7005503614,4.7989689881,-1.6485616622,-4.0037194315,1.6402570379,3.8260260869,2.0030973451,-2.7697047045,7.9699575671,-8.8469136725,-0.4446667197,1.4091307453,-0.1933558885,-2.1406659509,-9.2152027187,-4.0703840948,-5.3118347359,2.4294268069,-2.9426832754,9.8303842419,13.5821993306,-1.532431017,2.1768343534,-1.4062159846,-0.6392303631,-0.7743350046,0.9672703201,-3.0863832433,2.6329964266,-0.2047172237,5.4586752876,-0.2400479956,3.8268991498,-7.4466181773,-1.1756871872,1.1544827694,-2.7138826574,-0.7209764313,-7.3577536403,2.9192026115,4.4105377087,-1.5091269417,8.2707777883,-3.1901702971,-1.0759963929,0.2593011268,-10.3737878116,2.3105324453,-7.1550223938,3.3577025906,-4.6205940671,3.4971340107,6.4487062792,2.3140827506,7.9754923836,-0.99176328,-5.6264613717,7.6677194545,-3.8992382613,-4.3339956245,3.5939993984,-3.437098339,-10.4219673267,0.0989548284,1.8668305896,1.5649119845,3.2482525207,2.0793247691,3.8344866554,-1.6056295417,9.0935292265,1.3014681479,-2.662264851,-1.6350145102,-0.3879925435,-3.7300348785,-1.9010342791,3.2371890255,-4.0823609009,4.4234394664,-4.6986224525,-3.8803795561,2.7775437421,-0.2343411911,4.7017976083,4.1136841202,4.4057965393,-6.6805377141,2.9396141066,-5.3933683203,-8.0503472543,-1.7439837189,8.369312342,1.5087261775,3.6369085787,0.0088627337,5.2580459404,-7.841000446,-0.7606733843,-3.6549943929,-5.5221920804,3.6019246195,2.4103925476,-0.5497430123,-12.5080750819,5.1855070618,1.8820140183,0.7080949848,7.8225485796,-1.088651501,3.0221653348,0.5685848182,4.8039853138,-2.9446541945,-1.7514190589,0.6067930868,-2.2265939641,-1.1227815081,-0.0216346745,-1.5933463292,-10.7878085581,0.2626758354,2.034027516,1.8905808931,-10.8477933294,2.550845593,8.0569366603,-1.2522246899,-5.9519227508,4.8704492816,11.1420056703,-0.8626845896,-0.5416272651,-7.1681477664,-2.9543549884,3.4062515242,5.1407155188,-7.2789879713,-8.0257340641,2.0725221436,0.6496617855,1.2154263229,1.0737716029,3.8448917104,-2.2842256469,-1.7657611177,1.6096722501,-1.0481387644,-5.9252317851,1.8280624707,3.5982981511,4.3351410353,-7.8736346571,-2.1714808554,-6.0739222009,-7.4811106005,11.5791717573,-2.926601914,-0.6031265735,-0.5255807043,9.7431734142,-1.4729087391,-0.3282711834,22.1286940624,0.240941616,-0.4081920665,7.8809634893,-0.1734201838,-0.3288436884,7.4468661622,-3.5421737048,5.0012119886,-1.088986977,0.9687142447,-5.3862317203,0.2254042425,4.1907595376,-1.6071763456,3.0232473824
biasActivation=1,1,1,1,1,1
[BASIC:ACTIVATION]
"org.encog.engine.network.activation.ActivationSigmoid"
"org.encog.engine.network.activation.ActivationSigmoid"
"org.encog.engine.network.activation.ActivationSigmoid"
"org.encog.engine.network.activation.ActivationSigmoid"
"org.encog.engine.network.activation.ActivationSigmoid"
"org.encog.engine.network.activation.ActivationLinear"
