encog,BasicNetwork,java,3.4.0,1,1572766312972
[BASIC]
[BASIC:PARAMS]
[BASIC:NETWORK]
beginTraining=0
connectionLimit=0
contextTargetOffset=0,0,0,0,0,0
contextTargetSize=0,0,0,0,0,0
endTraining=5
hasContext=f
inputCount=2
layerCounts=3,8,8,8,8,3
layerFeedCounts=2,7,7,7,7,2
layerContextCount=0,0,0,0,0,0
layerIndex=0,3,11,19,27,35
output=0.8732038504,0.8448704731,1,0.9993387731,0.0271594331,0.995947353,0.8749631589,0.2272656125,0.85251434,0.063020019,1,0.9568732957,0.7406922828,0.2842287381,0.4049710016,0.9970427318,0.8756463243,0.0207048013,1,0.5425785426,0.0000335143,0.0025660724,0.9160873882,0.0001172822,0.9652776776,0.9954872517,1,0.9999998817,0.97981831,1,0.0000030073,0.0029357341,1,1,1,8,30,1
outputCount=2
weightIndex=0,16,72,128,184,205
weights=-9.5354874488,-6.3248014783,5.190458991,-0.1509740501,-4.2188174143,3.5205981435,-5.7109943851,4.9105602444,5.7887377829,6.1455708116,-0.2455095259,14.2463853882,4.8197408965,-12.7606980612,-13.3124773284,-5.8551759365,-2.4459387807,0.5659309722,3.7396850603,-8.6606782521,11.0723503695,1.3624052698,-3.6647532408,-0.4702911856,0.7708027833,1.0709924763,2.928640048,-0.9599847982,-11.2790108753,3.2189905382,-3.5540965295,2.9475755422,1.6547356518,0.6807190998,1.8098014583,1.4367701422,-1.2427175556,0.5840998193,1.5170860643,3.0166672505,9.9023923479,1.6135877431,-9.0846021627,-10.6053774045,-1.0082810598,0.3093230649,5.1764091418,-1.2206929386,-2.5067825283,5.6384455278,-0.825823903,-3.2786638051,-1.509636655,-0.9241856341,1.5973262344,0.8423505625,7.4675670832,0.6330686002,-10.6528680878,-9.0013029017,-3.5550042493,0.9385906305,-2.6207544149,3.590032344,-0.256479127,-2.4382821881,-6.1127620897,10.6806654321,-4.2402161909,3.3938304319,-5.1800302901,-1.8725786849,-5.5656765651,-3.5766017407,-3.5903874203,-0.7539143809,3.6187099122,6.809810811,4.2696235014,-4.0048087515,-3.0658389517,4.9061088443,-0.5696879957,1.0221163318,-1.5230578533,4.6421728864,-0.334635099,-2.3697044626,14.4442086801,-2.2137150246,-4.5005534593,-1.1081492679,7.0744989434,-3.8786591998,-3.3356098412,-0.6702040035,8.0092888041,6.1143446129,0.8748341731,0.9172951939,-0.1696836537,0.6948572349,-5.3436714873,-0.9243887232,4.8759043717,3.7863000756,0.463448957,-1.3817625657,-1.6427326954,17.5419512535,-6.1140310368,-6.4067556256,1.2101885849,-1.4724656783,4.2059220645,-0.5604025721,0.074696224,2.2491813881,1.1187597234,-1.4869598307,-3.2497891357,4.5017549919,5.9115843868,0.2291511845,-0.7709165944,3.5268755597,-1.3009852512,-4.4276541931,0.1878512233,-7.5695947018,0.181844464,7.5954155511,-12.7155022886,2.2576812198,3.183852264,1.8136324931,0.223670622,-4.1672472544,0.2553555101,5.0546817881,1.3465018911,-0.1729712318,-7.6616855947,1.1313030619,-3.4642332252,2.2314432011,-3.5523051735,-4.8894578419,11.4316254572,-4.1844327418,7.3917587106,-4.3735518136,0.7099175377,1.0077910978,-0.1957947599,-1.4574400176,0.05647126,0.4283760529,0.9062772496,-0.4460537274,0.3949806304,-7.7945702861,-0.9291456892,2.1514886723,12.9512591281,-0.5010936634,0.3746674297,-0.7909839489,1.4085042836,10.9093294878,-0.4779732577,5.5884736188,-9.5462834336,1.9034797155,-10.8366236042,0.6664938236,0.4290184235,10.2806620929,0.8568332162,-1.8343612914,2.8090562438,1.1614630184,-7.2444486498,0.1120379326,1.3540383008,0.150398618,0.605986272,-1.3594379404,0.1802455643,9.3507279911,-2.0654278558,4.448928458,0.5484810403,0.8687323277,-0.6161037036,-1.1812100921,1.6453742081,-0.3999231303,-6.9931574377,-0.3805712391,1.6991550236,0.6347651267,-2.6210556877,1.4034588601,6.1888141339
biasActivation=1,1,1,1,1,1
[BASIC:ACTIVATION]
"org.encog.engine.network.activation.ActivationSigmoid"
"org.encog.engine.network.activation.ActivationSigmoid"
"org.encog.engine.network.activation.ActivationSigmoid"
"org.encog.engine.network.activation.ActivationSigmoid"
"org.encog.engine.network.activation.ActivationSigmoid"
"org.encog.engine.network.activation.ActivationLinear"
