encog,BasicNetwork,java,3.4.0,1,1572768535115
[BASIC]
[BASIC:PARAMS]
[BASIC:NETWORK]
beginTraining=0
connectionLimit=0
contextTargetOffset=0,0,0,0,0,0
contextTargetSize=0,0,0,0,0,0
endTraining=5
hasContext=f
inputCount=2
layerCounts=3,8,8,8,8,3
layerFeedCounts=2,7,7,7,7,2
layerContextCount=0,0,0,0,0,0
layerIndex=0,3,11,19,27,35
output=0.5479466704,0.3581950391,1,0.9999989795,0.6645294044,0.7900474899,0.0000000001,0.9999999997,0.991458965,0.0000000338,1,0.3901753015,0.2992929969,0.9997476692,0.999897984,0.0000878255,0.9999998938,0.000684843,1,0.8927134244,0.9999985764,0.0571205818,0.0004752012,0,0.0000109602,0.9987945489,1,1,0.3447087402,0.0000000001,1,0,0.9993675106,0,1,8,30,1
outputCount=2
weightIndex=0,16,72,128,184,205
weights=-12.5271299694,5.6756940572,-3.3408754945,-5.0128288222,1.790574494,0.8449734983,-4.4170250265,8.9589488062,-3.8538307126,11.0208058379,2.2210481046,5.6294525521,12.5020919903,-6.4735850495,15.5931249643,-11.8915616405,-4.2991202877,-2.6544107115,-0.3780584981,0.6093303706,-2.7851847121,13.4550196038,-0.7269488671,2.581536909,2.6444666485,2.9723929112,-2.385697512,5.968298974,1.7932371537,4.3991366026,0.5385548902,-9.2201341732,9.4429774676,-1.1837734917,-5.2002181027,10.788166063,-3.2567675529,-2.9280847119,2.3032342313,-4.6662762646,1.9126457336,3.0775204308,0.0982921106,-8.7712288582,4.6894673733,-13.1703332075,6.2633503943,-3.1274353848,-5.942822698,0.6593814894,3.8829344466,24.2614146968,-0.0800676429,0.0546553568,-2.0434202223,-3.9907109565,6.4264848534,25.2111878245,-11.4606602655,16.4428002298,3.7082488758,-9.5757838565,-1.2256504901,-0.7057501387,3.6458793931,7.1833297352,0.7087467071,-10.2851317157,6.4060890161,-8.1140000654,-0.8768522687,-3.0842582095,3.6788111908,-3.8343267418,-3.5953602321,-15.3843366448,9.6180552172,-5.2656418029,-1.2845542492,1.5993649579,2.9293960964,5.0623518555,5.8862980491,-20.3360187518,7.8998098741,1.0389751487,-1.7410015369,-7.1157962941,22.0725905126,-11.5056128782,3.9456666867,-6.9622292287,2.9804274043,1.2881580425,-0.7183603927,0.5810260447,9.8581158725,3.3761269616,12.6695332843,-11.7555164149,-9.6667805161,-10.5645738207,0.1749493038,-3.8790432687,-1.9261533685,-7.0031471682,-0.0779366736,0.521168869,5.3329869525,2.6336955111,-0.485969205,-0.1278723932,1.0244449616,8.3696322203,-5.7891019083,10.7435347886,-9.052120119,-2.4449160851,5.6346309955,1.4712013115,-0.5174721572,-1.715032546,-1.9579289397,-3.7691448541,-1.7862777091,2.1469295412,-6.112790693,1.1103761535,5.1165788338,17.247897961,0.8460446493,4.1218115136,-2.8660374397,-16.148931968,0.0683285333,3.0735885,-4.3492593316,8.2425392074,-0.213562156,-1.5673124565,-6.0773605997,18.2368889236,-1.1943736214,-1.6877431838,5.2498822209,16.6894834875,-0.3556640701,-4.0049440579,-4.5627753032,-5.5125377363,-1.1135586436,-4.2926717765,-1.2665694995,-21.7542688563,-0.2271245734,2.046905904,0.8577742843,-2.4768428971,3.4509468653,1.5425295885,-3.6659058046,-4.2911874515,-0.1450525548,2.7685342285,-4.9702620202,-24.6273040942,0.2392031627,2.4559236503,-2.7124108052,8.5497712758,-0.96413198,-0.5000339882,1.9356728393,-11.4586868147,1.0456014586,0.2954763703,0.440239089,1.1231928499,0.6350750663,2.938768832,-7.4241872061,1.4921609126,0.536374808,1.4622957782,-2.5447399299,1.3055048377,6.2653125433,-1.0242286298,-0.0935059514,10.3566276005,-0.7061616749,-0.5721244129,-0.8242287836,0.9053506225,0.8360509356,-0.474287447,0.8073607897,-1.3047224784,-1.8379329992,-2.6277494878,0.6064263816,10.1944188536,-0.9284276344,-3.2673768037,-0.8006631162
biasActivation=1,1,1,1,1,1
[BASIC:ACTIVATION]
"org.encog.engine.network.activation.ActivationSigmoid"
"org.encog.engine.network.activation.ActivationSigmoid"
"org.encog.engine.network.activation.ActivationSigmoid"
"org.encog.engine.network.activation.ActivationSigmoid"
"org.encog.engine.network.activation.ActivationSigmoid"
"org.encog.engine.network.activation.ActivationLinear"
