encog,BasicNetwork,java,3.4.0,1,1572768545944
[BASIC]
[BASIC:PARAMS]
[BASIC:NETWORK]
beginTraining=0
connectionLimit=0
contextTargetOffset=0,0,0,0,0,0
contextTargetSize=0,0,0,0,0,0
endTraining=5
hasContext=f
inputCount=2
layerCounts=3,8,8,8,8,3
layerFeedCounts=2,7,7,7,7,2
layerContextCount=0,0,0,0,0,0
layerIndex=0,3,11,19,27,35
output=0.5000002164,0.282607757,1,0.9926128691,0.8266236082,0.9999893919,0.1007687531,0.158483089,0.999999954,0.9999999602,1,0.9991494535,0.0490010096,0.1831902886,0.882313533,0.9934177204,0.7855836652,0.9797935109,1,0.5514543365,0.9999999522,0.907940199,0.9999998888,0.0006879701,0.9999999445,0.9598373381,1,0.0000000005,1,0.8835911239,0.9999854675,0,1,0.0000774461,1,8,30,1
outputCount=2
weightIndex=0,16,72,128,184,205
weights=7.7941147782,-12.1663905901,5.3233921681,-11.1625035577,13.6188631459,-4.2711266613,-2.3728841064,2.6076347662,16.2815366935,10.9141133616,-7.2042036672,-1.7876695266,1.1944689833,-9.6776466453,-15.610923452,6.3688449171,7.4554889101,-8.1436331361,6.6476001536,-5.1323200189,-2.1669864579,4.5044697583,0.3180246019,-0.5364740552,2.3950391977,-7.3824509778,0.3920501818,3.6453368812,-12.0704294295,5.4222635657,10.7070969597,-6.5169271668,13.7763986528,-5.2817250211,-1.9822675305,-9.3301716764,2.0307741219,12.2226615194,-4.0099908362,-1.1470917979,15.1802496705,-4.6842299392,5.0129252172,-15.5207904505,-4.6438576056,4.741431828,-3.6175414183,0.0823088132,-3.482183078,-0.5860600594,-5.2442118409,-7.9925729977,-8.9789835948,8.4187794055,10.9046846263,1.4729112357,-0.3592705829,-11.0582025966,4.8908591024,-2.0111040005,10.3450624034,7.7441595845,-1.9804243862,4.2526342566,6.3244467267,-2.8882638615,17.3799017179,-0.8733293545,1.1187485431,7.7430863969,-2.2891321235,3.4962715579,3.2382510266,0.7851491077,12.2628555301,-4.4592079621,2.7875714178,-0.7770662846,-2.1811127571,0.6918138965,3.6381588506,-7.3051019422,-9.0513403081,5.2754582091,-4.6013987966,-0.6962108181,4.5394199026,1.618040804,-0.5625715642,10.0742967274,1.9683175658,-3.8102626817,4.1875074539,-0.1293420699,-10.945759633,1.3968131561,0.5873447314,-0.3490171674,-8.3326136425,9.1210047614,-10.3220063715,-7.8383149103,6.5083909639,2.0825769847,-3.9276148745,-8.8138106214,6.3294882818,3.6050801861,-10.9278049988,5.9354335951,3.89136939,-3.0183929734,7.7889286458,2.836606998,10.9891937593,10.5155995927,-10.7224882876,-10.2189649884,-15.5121953256,-1.2109417424,3.3218496392,-5.8196051586,-2.4763730026,-9.2715447862,-1.2844837601,5.5135858378,8.8448148938,5.3867514641,0.0904399142,1.5523432388,-8.0639921299,1.4157431314,-0.2013098983,3.1772498396,-3.7704925204,1.1867967901,-0.335167946,0.2953577032,17.2149328278,3.1684087942,-0.1586708957,-0.7189319911,0.1866519328,-1.0990148272,0.2392102594,-3.1296001966,-1.1318102797,7.5579250169,-0.5046874099,0.9407267627,6.5545996731,-2.0806517194,-0.3570296916,3.1843690669,-7.1157622179,15.7368656674,-0.7689596944,0.5804637001,5.0374076867,2.7979226691,0.4250951672,-0.8883214832,3.9629330521,-5.7143504786,0.7416908696,-3.0331998002,16.4867388614,-1.1481775992,0.0081282796,3.0160137942,12.2497395235,-0.9627482249,-0.3706249108,0.1003592521,-13.781616551,3.7298679408,0.4607202376,3.9441620774,-15.1765987553,11.1984618949,0.8092058906,-1.41260199,-6.3775542629,2.854368703,-2.1388966335,-0.1225307357,-0.6223943555,1.5423067787,2.2481466753,-0.6584757744,0.5568945819,0.2709484929,-10.5567258046,-4.8795157286,1.6178430071,1.6399459629,-0.490158139,-1.5514612434,-0.5767775262,-1.3744338302,5.8569432247,-0.1333031885,1.7202454534,-0.3393078971,-13.0485775222
biasActivation=1,1,1,1,1,1
[BASIC:ACTIVATION]
"org.encog.engine.network.activation.ActivationSigmoid"
"org.encog.engine.network.activation.ActivationSigmoid"
"org.encog.engine.network.activation.ActivationSigmoid"
"org.encog.engine.network.activation.ActivationSigmoid"
"org.encog.engine.network.activation.ActivationSigmoid"
"org.encog.engine.network.activation.ActivationLinear"
