encog,BasicNetwork,java,3.4.0,1,1572768556862
[BASIC]
[BASIC:PARAMS]
[BASIC:NETWORK]
beginTraining=0
connectionLimit=0
contextTargetOffset=0,0,0,0,0,0
contextTargetSize=0,0,0,0,0,0
endTraining=5
hasContext=f
inputCount=2
layerCounts=3,8,8,8,8,3
layerFeedCounts=2,7,7,7,7,2
layerContextCount=0,0,0,0,0,0
layerIndex=0,3,11,19,27,35
output=0.1389093901,0.0003309821,1,0.0125206533,0.9985811269,0.8094945992,0.9208748543,0.0406222888,0.3192816127,0.9916453765,1,0.4140335669,0.1763749421,0.9990168685,0.1298161377,0.0173155084,0.0000445245,0.3791519293,1,0.164712825,0.9655697519,0.439516564,0.9998625995,0.9999995975,0.474165656,0.9921242017,1,0,0,0,0.9999989832,0,0.9724963567,0.9882935527,1,8,30,1
outputCount=2
weightIndex=0,16,72,128,184,205
weights=-0.0361246334,2.8623927762,11.7316543155,-11.1828917734,-2.7623393704,10.9282805738,-10.9615627296,3.6120725398,-5.3174084224,-11.9252104557,-16.6995795342,7.9447687023,6.9654176162,0.683392651,0.1295617717,9.5342088394,-5.8144070111,0.2429140372,-0.7621736214,-1.4947961951,-1.7626595326,3.7352502108,1.3888042923,-1.5440001325,-2.1360046364,-2.8606110669,3.8205980045,-13.1097256236,-2.7683800253,-4.2728106535,11.3298209838,1.5828049441,8.0932677527,-3.8798933975,0.9220709363,9.5627401458,-7.4026695152,-2.7857498559,-10.1795770763,0.6055099126,7.8380144543,-4.8819688155,-6.1464655942,6.8021278859,2.633156359,-1.3872200185,17.4215221087,-1.3233902448,-4.7332105317,8.5728269422,2.7739719436,3.5286386281,-4.3637483115,1.7809523927,-3.1460824378,-4.6752863244,1.9852724711,-4.8413804868,3.0746895315,0.6406278565,-0.4816040209,-3.5775894326,-2.2459634193,-3.0199170884,-9.846076509,-6.6061073153,9.2514132695,-1.5804896352,5.5555876065,9.7900369095,-1.3740464626,1.4055022305,-0.9078024296,-1.9556277187,8.695283774,-5.871162447,1.8702452283,9.4335223444,-4.0920811115,1.455696636,10.1517512915,-7.2478328804,-0.0444261782,1.9752229824,0.1812986786,-1.2364382704,2.518133122,-0.2636871552,1.4377245819,2.1325464872,-4.7643743441,4.8600801463,-1.421659581,-10.0550975379,7.1742209437,0.9341817693,3.6942890549,-5.2505030863,8.2278255712,-6.0962755095,9.8345140034,-7.3022253294,2.7349782228,-4.0476666389,-6.855978202,3.6213752189,-0.4302718618,-2.3678391449,1.4178476057,-6.0890530409,-2.0303011518,-0.3657992809,12.063049037,-0.9599964434,-7.3191810366,-0.3204606285,-3.3504065501,-5.4389420384,-0.7574305453,-0.8612735081,-4.2162874194,-2.826045585,11.4514342559,2.9351499108,-3.020336911,5.3513655107,-5.9268043083,1.3252576339,3.6983097448,-0.9424336211,0.2875131532,-1.4617540398,3.0435744356,-8.8290254246,11.9769450672,-3.4123620644,-1.9080454528,0.2359914075,-0.6120864009,-5.2426720703,-1.0821765879,4.8842675961,-3.1312286933,6.9210902867,1.36222416,-0.6098493541,-1.1079781733,8.8973102361,-3.6116603374,5.1212933881,-13.9387799245,-0.3452583032,0.1712950961,-0.5894816958,-4.33657358,7.7067169853,-1.2248624951,-0.1821638625,3.8008471271,-2.3934349208,-4.0158576918,0.2473393755,1.8760681016,13.7431765365,5.3739861658,-0.6566990458,1.8844191561,-0.2413883433,-2.3370428069,-0.3772017288,5.9598910636,9.2612474521,1.6693642012,0.9373178742,-5.9410535308,-4.4047008339,0.4296129837,-1.0135355467,-2.851195512,-4.7253007076,-1.228132727,2.9913162391,6.7116842636,0.0191912203,2.5122292848,-6.83944554,-0.4176206481,1.4614087471,-1.5558012335,-0.377854167,1.4666236208,-2.1666274687,-0.6577526556,-2.5070947733,0.8449788892,8.5062099778,0.8195223193,-7.0643542109,-1.6554517188,-2.7023183785,0.8925004635,-1.5909190274,-1.750029716,0.2444138186,11.1036632021
biasActivation=1,1,1,1,1,1
[BASIC:ACTIVATION]
"org.encog.engine.network.activation.ActivationSigmoid"
"org.encog.engine.network.activation.ActivationSigmoid"
"org.encog.engine.network.activation.ActivationSigmoid"
"org.encog.engine.network.activation.ActivationSigmoid"
"org.encog.engine.network.activation.ActivationSigmoid"
"org.encog.engine.network.activation.ActivationLinear"
