encog,BasicNetwork,java,3.4.0,1,1572768575377
[BASIC]
[BASIC:PARAMS]
[BASIC:NETWORK]
beginTraining=0
connectionLimit=0
contextTargetOffset=0,0,0,0,0,0
contextTargetSize=0,0,0,0,0,0
endTraining=5
hasContext=f
inputCount=2
layerCounts=3,8,8,8,8,3
layerFeedCounts=2,7,7,7,7,2
layerContextCount=0,0,0,0,0,0
layerIndex=0,3,11,19,27,35
output=0.9191955538,0.893205856,1,0.000000004,0.0089579506,0.0003449068,0.0000070614,0.0000101385,0.0024317731,0.8937222255,1,0.3459545795,0.9998950632,0.9999999573,0.0000005626,0.9999999999,0.3621592259,0.8739403228,1,0.2437724599,0.9984554393,0.9999999943,0.6773671224,0.1689778667,0.9999969105,0.1468934714,1,0.0603108475,0.9999871675,1,0,0,0,0.9999992816,1,8,30,1
outputCount=2
weightIndex=0,16,72,128,184,205
weights=-10.8796189244,-27.4800324723,7.7070021413,18.8977641263,-7.4648863934,7.676838771,-9.48077424,11.1294260777,-5.6411167325,-6.043846142,-8.5605805504,-14.7844090862,17.6398171905,18.4921092606,7.811992604,-4.8457873877,1.6463668771,-11.8971078652,4.1669745802,8.1141786862,-15.1138288004,-1.7427713999,2.8189680726,1.096328014,15.8871235283,-20.5318167001,2.6441982417,-3.9654650833,3.7417059198,11.167710444,-4.5657876383,3.8870582604,9.7799267358,-7.7261606522,-2.0492195276,11.224619683,-1.8315985199,-12.1658952212,6.6711161072,-1.1733063417,-1.0083592009,-13.7855963449,3.8677467568,3.4129989745,-1.1974683518,5.8526597772,3.4116331933,-5.499304324,-0.7499600419,-19.6400120937,-7.6210665961,0.9684893101,6.0872400439,12.4375972524,6.1382355985,0.0632222093,1.1249230578,9.9521556927,-12.4240975645,17.3869243849,-1.9030769603,-20.5564347703,7.3318342541,-0.9927023999,-7.694055265,5.987499703,2.8135397206,-7.1901856537,1.6096163464,-5.1663236849,-8.2286277812,3.4434706005,6.2109182312,4.8420255992,-2.4798162563,-7.4785610254,4.1236956349,-1.6463189173,8.5244572317,0.2573941108,2.7656374503,-3.6092012899,4.2196591043,5.4912713343,-1.724190984,6.5662883533,-8.7790719311,-0.8331079516,1.7180265216,-3.4773599429,16.2518218356,0.7045566603,-6.2438569384,9.2266978469,-5.349716346,-4.0917543057,-3.5933735778,-6.8660842362,-1.0488995325,-5.9944934053,4.4753284641,-6.3546584535,18.5717534084,1.3204976531,0.0199139025,8.8282032104,-0.390786353,1.2166214051,-7.2591495475,11.3464870601,1.1361948224,3.131833731,16.1096845483,1.2487049829,1.2333682376,6.1093668348,12.0049933055,-3.466084301,-16.1672532794,-7.2991715018,-9.0744121122,2.4655306329,0.1015309515,3.7857047547,-7.1549947023,2.4032262592,8.0902920359,-3.3618111011,3.148293192,0.359048432,-0.7508303527,-11.9886715986,-0.3794807986,1.0204444416,-0.6578157647,-0.2723814714,-9.3593207862,1.86213531,2.3877347054,-8.8499736113,-4.1746397783,1.98089687,1.283529308,1.5025640588,-30.0560058327,4.9284644529,4.8051512125,-2.5531853141,-2.9188499127,-0.7865818427,5.5218919537,5.543337052,-15.9195913269,1.2423688129,-0.1021642476,-2.762037856,-0.4277731359,2.7332347304,0.637652517,-0.076018307,11.3953329575,-0.7728400205,0.6083490044,9.8338523601,-2.5762247009,-3.3158224676,-1.3428975954,-0.7727731483,-28.6009125038,3.4351007223,3.5534513358,-0.1172000821,0.8505498377,-8.9327350878,4.4695578855,2.9543917466,24.4348475423,-1.2951472319,0.7344239038,6.5414142089,-0.6168009414,-3.6421948868,-1.2302872289,-1.4418700988,1.938796567,0.1211363941,-21.8905015094,1.1910199358,0.0422359967,0.4682806266,0.6444513279,1.3872993523,1.0229747073,1.3370830107,-1.2694247972,-0.4108545568,3.7225751642,-10.830683668,1.412230839,5.3217885193,-2.895639786,-1.79378382,1.6629225594,0.0151087763,0.3895566501
biasActivation=1,1,1,1,1,1
[BASIC:ACTIVATION]
"org.encog.engine.network.activation.ActivationSigmoid"
"org.encog.engine.network.activation.ActivationSigmoid"
"org.encog.engine.network.activation.ActivationSigmoid"
"org.encog.engine.network.activation.ActivationSigmoid"
"org.encog.engine.network.activation.ActivationSigmoid"
"org.encog.engine.network.activation.ActivationLinear"
