encog,BasicNetwork,java,3.4.0,1,1572768583721
[BASIC]
[BASIC:PARAMS]
[BASIC:NETWORK]
beginTraining=0
connectionLimit=0
contextTargetOffset=0,0,0,0,0,0
contextTargetSize=0,0,0,0,0,0
endTraining=5
hasContext=f
inputCount=2
layerCounts=3,8,8,8,8,3
layerFeedCounts=2,7,7,7,7,2
layerContextCount=0,0,0,0,0,0
layerIndex=0,3,11,19,27,35
output=0.3912992324,0.1590870401,1,0.02496405,0.9999762759,0.6040984262,0.9999998903,0.7298746396,0.0000000525,0.9999549677,1,0.9763023621,0.0119969368,0.0000055181,0.3661757558,0.9984421479,0.0000042749,0.9996663197,1,0.9999795865,0.99209109,0.981831262,0.0020774038,0.3040778005,0.0000012407,0.0261837676,1,0,0,1,0,0.0002796824,0.999905113,0.9109230311,1,8,30,1
outputCount=2
weightIndex=0,16,72,128,184,205
weights=-8.0611806419,-2.0573376637,-3.7041470633,6.9829381298,1.2401887132,12.2505041903,-4.1484611784,0.3144978202,3.9505909002,10.3436158156,-7.5659783477,-10.7637806258,9.5769703731,0.3309194256,-5.2950320128,1.5321509498,-4.5678340055,1.4501668128,-9.2064059398,4.3031098066,0.8792615014,0.9276485805,-2.331264812,0.6540995403,-2.1826628316,-0.5125393491,-12.5029952575,-3.7090800439,4.7339103077,-1.8925266772,6.4138248266,3.0061146239,-3.4012887748,-7.6310009023,-2.036596945,5.5834663946,0.2537071317,-1.6791424609,-0.236345719,1.7732497636,10.5400924528,-9.6530944942,-2.259942511,2.8314407511,-1.7713518428,0.4781915367,5.3686871181,1.2157495387,4.2973496906,-1.3418332823,-1.6963095461,-6.8127022098,-0.0278902373,0.003802266,2.0692319604,-2.7314671059,-2.8652336827,7.4120448889,7.217635121,-2.0465437545,0.2253732947,7.5310632466,-8.9683363048,-4.5639525832,4.2345689832,-0.486165911,-6.4047198421,1.0135680323,0.5234777989,-6.7837427638,3.8894811336,1.0977724493,6.7330414415,5.0542670084,-5.2396197101,-4.5433341638,-3.8751914942,-4.1910764693,-3.424364695,-1.6069118539,-1.0758592163,-10.0775531151,2.5196987532,4.4258040975,7.5782426067,-3.2205964031,-1.4384627237,1.9128332946,2.3821294909,-14.9847166612,-3.4482571148,0.3779161043,8.6239060696,-2.320325189,1.9878558848,1.087087872,-3.4447072507,3.1719241762,0.397034985,-2.2394532005,4.5645189067,6.1653975936,2.901321231,-2.099972206,0.8249451386,3.5040712404,2.3076004312,1.7780360266,0.1997316335,-4.7232953103,-1.5160159599,-0.1287989905,-2.45645829,-3.1240362156,-7.2476899515,6.5093020163,-0.0115691355,-3.796959299,1.1886779026,0.2678821242,1.0982967238,1.3265889169,4.1216911938,-11.8608601355,3.48132783,1.6478378212,-2.0830127215,0.5644013509,0.1942052415,0.6691824226,0.1265214929,-1.3074674599,-4.3099395828,8.2656383378,2.3278839707,0.2886009334,3.7829310867,-0.3135021121,-0.5887176471,1.9842324471,-5.3406918866,-10.7743995929,17.3316199147,0.407641796,-2.6013778968,0.7358158654,-2.1102066178,-0.3308311868,5.4343208521,-0.71304205,8.8870967944,-1.2840829866,1.0343259336,-0.7497850899,4.4213463641,2.2507568096,-10.7800047072,-6.9046332554,-7.4893334264,3.1332962598,5.8209392349,0.1345743136,-1.8103933217,0.014532091,3.122342922,10.474045101,-8.4302260436,-1.8121984128,-0.0540577736,0.7101101459,-1.6732834929,-1.0178199807,9.2507321961,-7.4212605699,-4.3226325972,-0.5709925209,0.6855627009,-0.5920360432,0.9329026509,-0.929590905,1.6568624717,-2.2428058801,-3.4828985642,0.8657965884,1.8268482368,-2.5104350555,-0.3603761797,-0.7400493873,-0.8261101037,0.0011799292,0.4211477633,1.7708406452,0.5865863003,0.3149490774,-2.2486740635,1.3894080612,1.9179551455,-0.2524054786,-15.9530530653,-3.7250815864,0.4584578458,25.3096467499,-1.1193984824,0.1524403408,6.7069352271
biasActivation=1,1,1,1,1,1
[BASIC:ACTIVATION]
"org.encog.engine.network.activation.ActivationSigmoid"
"org.encog.engine.network.activation.ActivationSigmoid"
"org.encog.engine.network.activation.ActivationSigmoid"
"org.encog.engine.network.activation.ActivationSigmoid"
"org.encog.engine.network.activation.ActivationSigmoid"
"org.encog.engine.network.activation.ActivationLinear"
