encog,BasicNetwork,java,3.4.0,1,1572768616896
[BASIC]
[BASIC:PARAMS]
[BASIC:NETWORK]
beginTraining=0
connectionLimit=0
contextTargetOffset=0,0,0,0,0,0
contextTargetSize=0,0,0,0,0,0
endTraining=5
hasContext=f
inputCount=2
layerCounts=3,8,8,8,8,3
layerFeedCounts=2,7,7,7,7,2
layerContextCount=0,0,0,0,0,0
layerIndex=0,3,11,19,27,35
output=0.0996569756,0.0233330235,1,1,0.4182352447,0.9989823766,0.8464554916,0.7508829445,0.6585114178,0.9818845565,1,0.9872571881,0.996890992,0.7186057888,0.8125495969,0.6210377449,0.9998852164,0.9999030814,1,0.0001253642,0.5336881101,0.1983574177,0.5294423149,0.9999981008,0.000002264,0.7185932287,1,0,1,0.9997944634,0.0011397834,0.0000015954,1,0,1,8,30,1
outputCount=2
weightIndex=0,16,72,128,184,205
weights=-12.6697270788,13.6964678883,-8.7023069819,6.323710569,7.6583739164,-5.9455028121,4.8945710818,1.4397868422,-7.4387197966,9.0986124189,-0.9864894884,8.7665927209,-18.5100580896,22.8573795233,-3.8399949902,-3.9184882866,11.3839551404,8.2508556663,2.8308772452,-3.1332978578,-0.2423570019,5.025255017,2.4043494421,-1.5532965956,0.8206160473,-2.078605576,7.9121291699,6.7995365771,11.0125429213,-2.8168502413,-16.1773735361,1.8744271901,-0.886940204,8.2682561389,-0.7501572801,-4.4884867827,3.878856889,6.1801126078,-1.3377448922,-3.5421637343,-1.4040769474,9.5439056302,-10.5674948061,3.8086085251,-0.6437852255,-12.9713680794,13.6465678157,-2.1973528398,8.1980687562,7.0621080678,-11.0144496319,-5.681199104,9.7646059449,2.9261204949,-11.2691296127,0.7789399108,4.7239421519,2.3009175959,-4.7100087134,5.9163233786,-2.7709186209,2.1115297755,-11.3402951003,3.2252447551,1.7694920065,0.4729601276,3.4225448323,0.5498718543,1.7302874825,-1.6083740942,-0.9452271687,0.3467680603,12.3595841157,3.743957854,-6.1336371005,6.221173949,5.2921195607,-0.771842601,4.79801706,-8.4667226526,4.2635549083,11.8122141987,-14.2002438743,12.2531631408,-1.8226694042,2.3876781861,7.6616215498,-7.8877832217,0.8989132634,8.7683554312,-11.1294562873,-4.7304350698,-10.0695734907,1.9890525262,2.425950773,9.2962573942,0.9631555108,-9.15017484,9.130798976,-5.3954606581,4.2339690795,-2.8530747753,-3.460244902,5.647858885,-4.3318516819,2.765059835,9.5098593824,-1.7407895414,-0.4879615058,6.3520377699,-5.2936677066,2.3460552147,-5.8189093789,-4.6339283691,3.8171347177,-0.1545250854,4.9324064202,1.5004641357,1.9006557239,4.5726057858,-3.7751098676,2.9296746088,-7.3854910769,3.6977089351,7.8238311661,4.5365907144,3.9519048723,-3.4779125759,0.5382666192,-4.8855959947,-13.3262029337,12.6554244652,0.3206161455,9.7976731555,-7.2118648182,-0.5872003984,0.4578171459,5.9974857632,-13.2231331516,-15.5958872237,0.7692918867,4.4397296824,2.8557581302,2.9359314782,-0.9274245976,-5.7154691947,6.5143059264,5.6523466141,0.8630044374,-1.0617385182,-3.2106400131,-1.1387954207,0.9206345052,5.8406817981,-13.7106489162,-11.7213846313,-0.92836108,4.0131499806,-8.1468217271,3.9852660799,-0.0498519706,5.7750720198,5.1314420632,-36.2307706344,-1.6616171521,-0.9594241373,1.733408704,3.2693434912,-0.2508122227,0.1105087936,-8.6393898448,1.2195019223,0.8122481099,-2.6099770273,2.2545263279,-1.8626674291,-0.5246910005,6.1400667085,-9.2155528885,-11.3147441195,-0.2593655113,-0.5154593191,5.9251372445,4.5394423821,-0.555300328,-0.9285059535,-0.5295622197,-0.7373025307,3.8882469053,0.5057201833,-1.4032407362,0.482623805,5.2368927961,2.8034490567,-0.2747062863,-20.9621804404,-1.7776191523,0.0282159688,0.0261007403,-1.4898465526,3.2306499089,-1.430742828,2.6155494488,-2.7868614676,1.2227485382
biasActivation=1,1,1,1,1,1
[BASIC:ACTIVATION]
"org.encog.engine.network.activation.ActivationSigmoid"
"org.encog.engine.network.activation.ActivationSigmoid"
"org.encog.engine.network.activation.ActivationSigmoid"
"org.encog.engine.network.activation.ActivationSigmoid"
"org.encog.engine.network.activation.ActivationSigmoid"
"org.encog.engine.network.activation.ActivationLinear"
