encog,BasicNetwork,java,3.4.0,1,1572768628976
[BASIC]
[BASIC:PARAMS]
[BASIC:NETWORK]
beginTraining=0
connectionLimit=0
contextTargetOffset=0,0,0,0,0,0
contextTargetSize=0,0,0,0,0,0
endTraining=5
hasContext=f
inputCount=2
layerCounts=3,8,8,8,8,3
layerFeedCounts=2,7,7,7,7,2
layerContextCount=0,0,0,0,0,0
layerIndex=0,3,11,19,27,35
output=0.5178591069,0.1785736888,1,0.0000023357,0.0055600172,0.0093218402,0.0000000002,0.9996709604,0.5271323511,0.9917493518,1,1,0.9556276442,0.2691878373,0.0759164082,0.0001147098,0.9999916409,0.5728618342,1,0.9345296017,0.8489425439,0.6392532983,0.9999860274,0.0470376951,1,0.0000105758,1,0.9268804567,0.0000000001,0.9892532671,0,0.0000000001,0.0008494391,1,1,8,30,1
outputCount=2
weightIndex=0,16,72,128,184,205
weights=17.7610703901,1.4756554463,-16.1563960451,-15.4625456885,8.8437682304,-3.6288679959,-5.3482818606,-1.4099814723,4.9716910191,-14.4675936817,11.5017365008,2.3580684607,8.0420439847,-13.6499082383,4.9588544302,-7.3148600662,-1.6604880191,-10.8015616055,8.1076268387,7.6006315476,2.508122495,-7.0788015439,5.8115903926,0.0052922872,-1.060630044,-9.8240193223,2.2142479982,-1.8621421565,1.3406136959,2.3521220308,-7.2685035808,6.6190665982,9.9076058741,-13.1027935306,6.9909461733,-9.6242491262,-12.4918272401,-2.0308547049,-2.4962721767,0.2588066449,-3.5937970888,-16.5727918654,1.6744092315,13.1662096043,1.2480168591,2.1471179267,-7.6564812636,-2.3553267799,-2.6028295574,0.9635545029,-4.5363696771,-1.1962966248,1.1874074799,6.8625544594,3.7073423505,2.0265594828,-2.6171870039,10.4363750286,-7.6356539352,-9.4494408897,2.219804728,-2.4176813717,6.2562497394,-5.6412327498,0.82240956,5.277445368,6.1749004347,-5.5576897904,1.9449440373,-1.7203626283,2.1507737943,-1.8287629244,0.9803680867,3.9293007862,-1.1179224798,10.2278475023,-2.0694379403,13.2745853155,-5.1421161546,-1.8433231268,-0.4294850354,-24.2213297498,1.8165813811,10.7392010209,0.050121514,11.7892386842,-8.6926183855,0.341824498,-7.6549360773,-1.7506207638,1.4038615315,0.7458643542,16.9072927666,0.5649022335,2.6142098967,4.6377067458,-9.0991511738,11.223277761,-0.7666941673,-3.0039248214,1.2201494258,-4.6337831465,-4.2977716753,4.5467686633,-1.2846660649,-0.2539109935,-3.0282438467,4.3521538516,8.5701102849,-9.599021802,0.4175763335,-0.877255435,0.6845511766,-0.8837121195,-0.147761321,11.9065919933,-7.6751146635,4.5672787872,-1.037479052,-4.2155832877,3.5504793357,-9.5494694267,0.8688109281,0.3816265959,-5.3354461172,-4.1257633687,6.9015588713,8.5221058067,8.983510569,-0.2495414013,8.2351092252,-0.3894685541,-0.6362406114,-0.3358128987,-7.4443086863,-6.3702099491,18.4239009679,0.0001166775,-14.8755019464,-0.5713142309,0.1866161366,2.3115766008,-0.5920033397,-0.0447438062,-3.1196925577,0.1121798016,-0.2642796523,0.772445651,0.5247958805,-0.4385618705,1.8458113484,1.8797074743,16.5642315014,0.1629011559,-5.0570313905,-0.0607653031,-0.5980188688,-9.7103531476,0.3296323791,0.5066349581,-19.2898742799,0.6944625368,-1.2700583059,-0.4567468459,-0.2212222921,-0.3842451375,7.7082339781,8.4192831814,13.5580292877,-0.6386071198,12.3859320847,-0.0278469987,1.2545707087,-0.1862718587,-0.7605990229,0.6860640084,-12.9761215206,0.866644993,-9.641811834,0.2493754286,-0.7020185639,0.9979022936,4.309635773,5.7980911759,0.6511691596,0.3865301075,-14.2655275833,-1.093897572,-0.4830733589,-0.2887613059,-1.9305675486,0.2282532479,13.1192915454,-0.4518725436,-0.8743301143,-0.4284272084,0.224341103,-0.7920397826,-1.5694211324,0.512950798,-0.237623444,-4.0449876009,1.0176531382,0.7392678877,-0.5326484636
biasActivation=1,1,1,1,1,1
[BASIC:ACTIVATION]
"org.encog.engine.network.activation.ActivationSigmoid"
"org.encog.engine.network.activation.ActivationSigmoid"
"org.encog.engine.network.activation.ActivationSigmoid"
"org.encog.engine.network.activation.ActivationSigmoid"
"org.encog.engine.network.activation.ActivationSigmoid"
"org.encog.engine.network.activation.ActivationLinear"
