encog,BasicNetwork,java,3.4.0,1,1572768642288
[BASIC]
[BASIC:PARAMS]
[BASIC:NETWORK]
beginTraining=0
connectionLimit=0
contextTargetOffset=0,0,0,0,0,0
contextTargetSize=0,0,0,0,0,0
endTraining=5
hasContext=f
inputCount=2
layerCounts=3,8,8,8,8,3
layerFeedCounts=2,7,7,7,7,2
layerContextCount=0,0,0,0,0,0
layerIndex=0,3,11,19,27,35
output=0.0260379744,0.0538652631,1,0.9999999988,0.0003084859,0.9856480753,0.701114728,0.0068131134,0.5151808591,0.0004222381,1,0.0655139919,0.000028263,0.9999851444,0.4019726265,0.0179809934,0.0394366436,0.2525615902,1,0.0000011223,0.9951748373,0.8332919716,0.0000001303,0.999997586,0.0260851766,0.9999906444,1,1,0.7696399115,0.9999999999,0,1,0.1736092365,1,1,8,29,1
outputCount=2
weightIndex=0,16,72,128,184,205
weights=9.1421936785,2.2312064163,-12.2428816092,10.9995385332,8.413461099,-11.8335229475,-1.0861453205,-2.3699227598,-16.8689484285,-6.8219074557,5.5100731673,2.7696918896,-6.511519919,8.7798148452,6.3762492195,2.150767769,-5.8625253439,5.5537160958,20.5453671448,-2.7360156354,0.7267015299,-5.1906559993,-2.8836853744,2.3807541447,-1.8393954593,2.0592360109,-11.1147905433,-1.8849726583,-2.2131584347,3.4018096008,-0.383341103,3.9117110421,2.189850135,-13.2860927393,0.1950904029,-5.6494792115,5.8798701394,5.4659245853,3.6829984463,4.9107059131,1.9135142926,1.7896697334,-1.8857426401,-3.3437117193,-0.5629800693,7.413878983,-6.4732406115,5.3096307905,8.0894275218,5.9824168596,-4.5388179248,-7.1362483388,3.9224316349,-4.0647003262,6.7232264479,0.286857716,-8.8553934423,-0.6473579624,-1.1732519217,-6.5421930496,6.5872607351,5.1829820473,3.7664914202,3.1698136218,-4.4031503925,-3.6403620487,-5.2390066742,9.1893200924,1.2044661289,3.5693909402,3.3400173708,-6.9418567442,6.6189768753,-0.16143172,-1.2635930205,3.6676252766,4.3521213684,0.2002507145,-2.3372763881,-3.4642260349,-4.0158230419,1.4787435011,0.9419416163,-6.5860119202,1.4581245982,-3.0630261678,-16.1426609111,2.033843186,-11.9285015623,-1.888061457,-1.8225540127,6.0300434721,-3.0179707681,-3.8640706696,15.9174199175,1.7162890137,3.7256709083,9.1592725638,-11.8656609338,-7.3183293622,-0.3802106429,11.2841858125,-0.6487238791,1.1098042042,-2.8229624488,5.942885738,-8.0083704098,0.7193045292,-6.0074359948,-0.952967316,-2.1045014819,4.8955697158,1.5241440367,4.880914736,2.0318915338,0.5927875284,1.1274492058,7.7670076253,-11.4220659635,0.3485601188,12.0061849976,-1.3614633561,-2.0455856676,0.2878592396,-0.3255352187,-2.2782994389,4.4225897692,-2.0631302078,1.0913253188,-4.7871639533,0.8438715928,1.5741564754,-0.6171612474,-20.5849819796,-6.5306261255,-1.2294092709,1.5508066931,7.0012832016,-6.4366805442,0.6653443556,1.4826970971,-0.0630997449,1.0022214467,2.3525170027,0.0667380356,-6.3450504029,10.8318155278,-3.0196421376,-0.5813545777,-9.0413836854,-1.3397926143,-0.9151944829,-1.9999521191,-14.4768986954,-4.5319940847,2.4069029308,-0.9653145076,18.9627313516,0.3879684186,-0.8941499681,3.0373674855,9.7225652817,5.0279335414,-3.5247687624,0.2730317548,-10.2194876404,-0.7272251872,-0.3855590061,-0.8701681391,-6.90239939,7.5205963473,-0.0386553566,-2.4419633132,2.8585791019,-2.0644903931,-0.9478448253,-1.4310036041,12.7419370264,4.6994785299,0.1178236873,0.9214025835,-24.3363165343,1.1045230422,0.703434557,-1.1228882033,4.2764607311,0.4032201469,-0.5226420336,0.4077701246,-6.4379182743,-0.8619635006,1.0738413588,-1.5539835628,3.6047475719,-6.7594322828,-0.190372254,0.8101844789,0.7625580408,0.5346841797,2.1192140307,0.2380423875,-25.4172022171,-4.5204124134,2.3615918655,-1.8386925627
biasActivation=1,1,1,1,1,1
[BASIC:ACTIVATION]
"org.encog.engine.network.activation.ActivationSigmoid"
"org.encog.engine.network.activation.ActivationSigmoid"
"org.encog.engine.network.activation.ActivationSigmoid"
"org.encog.engine.network.activation.ActivationSigmoid"
"org.encog.engine.network.activation.ActivationSigmoid"
"org.encog.engine.network.activation.ActivationLinear"
