encog,BasicNetwork,java,3.4.0,1,1572768652921
[BASIC]
[BASIC:PARAMS]
[BASIC:NETWORK]
beginTraining=0
connectionLimit=0
contextTargetOffset=0,0,0,0,0,0
contextTargetSize=0,0,0,0,0,0
endTraining=5
hasContext=f
inputCount=2
layerCounts=3,8,8,8,8,3
layerFeedCounts=2,7,7,7,7,2
layerContextCount=0,0,0,0,0,0
layerIndex=0,3,11,19,27,35
output=0.6895513864,0.7690825985,1,0.2047510712,0.0001042689,0.0682480749,0.3370629284,0.0000032606,0.9982019804,0.214171761,1,0.0000000001,0.9963560372,1,0.9999587701,0.3436882022,0.008421096,0.2930135518,1,0.0001023756,0.9670543967,0.9957613334,0.999999478,0.0000067276,0.016481248,0.3863397104,1,1,0,0.9960919418,1,1,1,0.9701198408,1,8,30,1
outputCount=2
weightIndex=0,16,72,128,184,205
weights=12.1314288453,-8.4267232678,-5.5408598302,-17.9207531357,2.4414466359,4.6692590949,-9.1473144491,2.0317777792,2.7650043753,5.3736370012,9.1105845867,-5.8244753522,-13.9391759386,4.681061486,7.4662706258,-4.2937884784,-2.6123554617,-0.7771754066,2.3651383667,-6.4610550047,5.4056383464,-1.1827851904,2.6260366565,0.8957753238,7.9605267636,-4.1245873775,-0.0789226251,-6.4206694327,3.6241677074,-4.7232803133,1.960123576,-0.3396993215,-3.2446408221,-3.6348474851,-10.9775705921,8.2728649785,7.3791596754,-1.5841132963,9.3743560022,-1.5568719385,7.8465006085,7.1944935904,10.8042847363,-3.1700199994,-5.520018204,-2.0540378799,-15.471562678,-9.0312430733,7.9389334615,-3.28255345,-8.3511048132,-1.7217325478,9.2776836048,1.5219040099,7.5348074904,-4.6994721618,-2.4136677997,-1.9567105179,7.6017739808,-2.0391285839,0.1877845316,1.070798473,4.1295611484,1.4225466731,-5.5352830362,2.3340619478,-2.6351749404,0.8106271621,-5.2606560271,9.150424405,-2.6743513144,0.7136545474,2.3618410733,-2.2880852278,-10.7900866005,-12.2764794923,14.3029065872,0.7608836708,8.7199743706,-0.7855089313,-2.3242922552,-0.3787063477,6.245498145,2.3271848882,-8.0748090634,-0.9834013859,-4.637847868,-0.7606619461,-2.3487936736,3.038932654,14.7774715113,15.0521967566,-10.3250292867,-6.3265520534,1.0220078395,1.3213802169,-6.9448963703,0.8398103292,5.7948984735,6.0110945455,7.5657145891,-3.3370198475,-6.8689328826,0.2121371766,-9.0329843167,-3.168791727,4.2131678066,-1.4820080677,7.9720783278,-5.0201162854,5.2104382324,-2.2251997392,4.3887061483,-2.7630249806,-1.0850722478,-0.8296523105,-6.6626519084,6.113866729,-2.7809967251,0.7868026263,-1.4052291,-1.782427715,8.595519893,-0.0369605305,5.2744658055,2.1116846202,-12.9325210965,-2.7175622848,1.3901839254,-0.0549230706,-10.0267656737,1.0921623364,1.2107642173,0.2746637157,-3.9449586036,0.6601289631,-0.9963405225,1.5957858499,0.4674430665,-1.3528146773,5.7389264115,-1.5729911557,1.367074598,-0.2292255881,1.186833431,0.7001765837,-20.8581916899,0.4662593702,7.4710968667,1.2977682902,13.472324597,2.7442081804,0.5816963503,-1.1550569262,0.5477373727,0.1483213391,-6.1747404593,3.3571897705,16.0835502231,0.4045165555,1.7589062205,-0.452844989,-5.1056487201,3.2524924044,0.2536453172,-0.3818388014,-14.2100150825,2.0786238807,2.5087728203,2.4621125358,-1.0622049639,-0.3153824004,-1.057472903,0.4605165667,-7.1363851215,2.2958550644,-0.0419440576,-2.0685765334,12.3643238326,2.3205752302,-7.7836174333,4.4660164908,-10.8667385713,-1.1977193134,0.0378991144,1.1350576598,-0.0348497464,4.473427217,-6.6666956852,1.1734376045,0.0300334691,0.4246025914,-7.4375465461,-0.1206819463,2.7324092939,0.4363736343,-1.0017658571,1.2915060848,-2.1495777079,-1.9192938701,6.0063074352,-0.8843712043,-2.1446687398,0.2689811959,12.5681389637
biasActivation=1,1,1,1,1,1
[BASIC:ACTIVATION]
"org.encog.engine.network.activation.ActivationSigmoid"
"org.encog.engine.network.activation.ActivationSigmoid"
"org.encog.engine.network.activation.ActivationSigmoid"
"org.encog.engine.network.activation.ActivationSigmoid"
"org.encog.engine.network.activation.ActivationSigmoid"
"org.encog.engine.network.activation.ActivationLinear"
