encog,BasicNetwork,java,3.4.0,1,1572768667382
[BASIC]
[BASIC:PARAMS]
[BASIC:NETWORK]
beginTraining=0
connectionLimit=0
contextTargetOffset=0,0,0,0,0,0
contextTargetSize=0,0,0,0,0,0
endTraining=5
hasContext=f
inputCount=2
layerCounts=3,8,8,8,8,3
layerFeedCounts=2,7,7,7,7,2
layerContextCount=0,0,0,0,0,0
layerIndex=0,3,11,19,27,35
output=0.400029262,0.0961251078,1,0.9944492352,0.2561413993,0.9239822909,0.9998738636,0.1469569463,0.0009127397,0.0236910266,1,0.8922546049,0.9999639519,0.0000001667,0.4608347174,0.7416611346,0.5195229663,0.5328313958,1,0.9999145422,0.9999997554,0.9999999953,0.018439218,0.9898683496,0.9999972329,0.4927882539,1,0.0001662939,0,0.9679286366,0.1419058909,0.9999985044,1,0.0011189602,1,8,30,1
outputCount=2
weightIndex=0,16,72,128,184,205
weights=0.0711715708,-9.0126300914,12.2830241448,-14.1041742314,4.9633183859,11.4643685387,-11.5782324036,4.11992849,-12.9617411622,7.9270718626,1.219878393,8.4872597858,-16.1717098744,6.0204956688,-0.0344189129,1.3768320072,2.4172743263,2.814793352,-1.4334405078,-7.2246222449,1.2623513031,-7.0358675882,5.6379499435,3.2610754583,6.9614153065,-3.568655442,11.2418427545,4.7839056489,2.836259542,-7.8605517905,-12.239776708,2.5883899426,-5.1966618865,5.3149140832,-6.9512196718,-3.8822564193,-0.1697622023,-1.3181651872,4.8808236201,1.8188963383,1.4839473305,-2.232006463,-6.7496814111,4.2234077299,13.9491523391,-0.2713033007,-6.1480131115,1.0108542707,-9.9567278428,0.0209725747,-20.137406519,12.6354587244,-3.9848088522,9.3979187184,-2.8574563458,0.8769250957,-10.5819769717,0.8082777106,4.9019113555,-2.9818656122,-3.0007283611,-1.951870437,14.8862145136,-1.682708483,0.9941743241,-5.7764485398,5.9796658465,4.8526799338,1.0478730831,-6.0160877024,5.8814692269,-1.8512859156,0.1639324939,-1.5256383588,2.3170324962,-14.2223937876,6.7231441888,0.1644183932,-8.1790338266,-1.3679964147,0.1587278764,2.7813912621,-0.8910091404,-3.905674871,9.7743364484,-2.0081835596,-1.6416417515,1.3953956197,1.9422701768,10.2254878692,-10.1976477328,4.7700659049,-8.6576777362,-2.536106352,-9.808939762,-1.7253013581,1.7353003464,-1.2893881709,0.2979626895,1.3523792957,-7.2889086606,-0.0867437939,14.3923082623,-0.7162033417,-0.071261441,-1.9432136153,7.5788312561,-4.9363091383,-3.1335795116,4.935231194,-10.1885690986,-1.231299939,-7.4165228132,-0.5101077125,4.8268228991,9.3842100569,0.0847962364,3.6667592461,8.7937316702,-5.0798660688,1.7266434542,7.8181247839,-1.6118740875,11.5175554488,8.339486826,-9.5155583148,-8.1672566921,-2.7283385051,3.1833440027,0.1220449531,2.3499590536,-0.3339249247,3.1222365864,2.7057481607,0.1533632475,1.3115146198,-4.2946810653,-0.7898879236,5.4344932425,-7.7721665413,12.431261265,-0.7929085717,5.3603177792,-0.577323543,-5.8316199705,0.9571477628,21.0079447796,-2.3900957669,-0.1392903625,0.3566346005,-0.5562158102,-1.0244030928,2.919447107,-0.9172045545,-3.4918054857,-3.0248952991,-10.6360703794,4.7483082079,-14.8352300322,5.738265667,-6.8485251078,0.370228865,6.3563716074,5.7732213615,-4.2597843573,0.5051046845,4.2576494515,1.3611875329,-8.2743226493,0.2625555812,7.9118212848,6.98353631,-4.7364102358,4.0758964937,6.335053376,4.8034019529,-10.367993461,0.2791420966,-16.872646668,0.834277486,4.2059929879,5.7661477488,-4.233640305,6.2186069729,3.4472869045,-0.8386150816,-11.1214306123,-1.1296228046,-1.0552166176,-1.0264270033,-0.4697452567,0.2789487394,-1.203305293,1.0408104544,0.0924616648,-12.8998832597,0.0856754283,0.6975755943,-8.1997074808,1.0862365076,0.6576995353,-0.8788272628,-0.057927141,-0.3355798761,3.7365775941
biasActivation=1,1,1,1,1,1
[BASIC:ACTIVATION]
"org.encog.engine.network.activation.ActivationSigmoid"
"org.encog.engine.network.activation.ActivationSigmoid"
"org.encog.engine.network.activation.ActivationSigmoid"
"org.encog.engine.network.activation.ActivationSigmoid"
"org.encog.engine.network.activation.ActivationSigmoid"
"org.encog.engine.network.activation.ActivationLinear"
