encog,BasicNetwork,java,3.4.0,1,1572766325896
[BASIC]
[BASIC:PARAMS]
[BASIC:NETWORK]
beginTraining=0
connectionLimit=0
contextTargetOffset=0,0,0,0,0,0
contextTargetSize=0,0,0,0,0,0
endTraining=5
hasContext=f
inputCount=2
layerCounts=3,8,8,8,8,3
layerFeedCounts=2,7,7,7,7,2
layerContextCount=0,0,0,0,0,0
layerIndex=0,3,11,19,27,35
output=0.7368445112,0.7222412668,1,1,0.999959466,0.0000000244,0.0108027697,0.9985181006,0.0000000182,0.7965643138,1,0.0350376269,0.1069596911,0.0846828304,0.99999995,0.8285536532,0.9999999992,0.9986112762,1,0.9502056618,0.5497554554,0.0000658504,0.9999704027,0.9647917368,0.0014822154,0.9998927964,1,0.9996988906,0,0.0000000087,0.7137435077,1,0,0,1,8,30,1
outputCount=2
weightIndex=0,16,72,128,184,205
weights=-0.5362605237,3.5725767582,-12.0884881035,17.3136748738,-3.9428476672,3.4676680437,23.7386468616,-17.1659291939,17.8111846652,-8.9036271253,11.5393770413,-0.8245769989,6.4487395958,-5.1879622941,-0.2811781816,-14.1586112407,-3.1327275236,-5.1111885846,-3.0645742352,8.9998959103,-3.2237834305,29.4708238627,-0.4252820564,4.8776780129,-9.9172866567,12.318444208,-9.791135809,6.7564336304,6.8507184617,-3.9307380555,5.3098420498,-3.8319793694,-0.7550939715,1.2039002998,6.5806466225,-5.9438478015,-6.3177858454,-6.3977476377,2.8611017375,-3.4706710628,17.0425903797,-17.065904136,20.4599331477,-9.1258147907,0.5200546989,-9.5119063891,7.3223031647,5.8732286661,-6.3236589799,6.8297555884,-6.6040061982,3.8213679051,4.9390298372,-1.1593570583,-1.7697224085,1.5762538805,0.5889371153,8.8019443636,-0.4661775461,-5.0785032967,-2.6754290335,-3.6640856587,-8.2412420392,0.4425646821,-9.408894066,-3.66543516,-5.5452890582,-0.7934010762,-7.6873125099,12.0684032166,-6.488737561,4.1303430496,-13.1539272127,7.8362333576,11.3526633664,-1.3649893709,15.0436123043,0.8871049839,-9.5070260321,1.2301980164,5.5304592794,6.1834991913,9.6444589612,-12.3117817955,5.8461990827,-3.1077057506,-4.0162150793,-0.0858572504,8.4241265798,5.4872299615,7.0143790051,-0.0744753834,5.5708703619,4.096474567,-15.3491411296,-3.3609397713,7.2566747446,-5.1332876365,-12.8579742362,0.6145903033,0.3562403024,-3.3131592095,10.3878958611,1.3990003823,9.5655716666,-8.3731116127,2.4157914918,2.3612351698,-2.2430299408,13.0015399696,-4.0621606807,0.934501163,4.8404545091,-5.7013323381,-13.7048476069,1.5192398605,0.0217580685,-2.477652939,12.6122455729,5.3831296097,4.6843740342,-4.1455310258,4.6741175361,7.1053792486,-1.707926652,0.903020487,-2.8799160596,1.826475622,16.8532908336,0.2642024283,0.8725981314,-7.8427531144,-4.4238689743,-0.1145267472,0.7136578523,-3.8778559028,-6.2524920958,-0.8384803565,0.274847136,-17.9091557905,10.3771667401,1.9203644599,0.0743656817,8.8556690289,-17.2968536052,0.2992103854,0.2902223411,-14.4260979253,9.1046853435,1.3902292996,0.2583376772,8.8554350879,13.3272962656,-0.1593288583,-0.2601566713,-9.8833353968,2.0990429749,-0.3012563235,0.9845875343,2.0596381921,-15.44641516,-0.6403749171,0.7106491447,8.9790321453,6.2890604938,-0.2166986834,-0.9442368037,6.0546091559,2.4408089079,0.7423802564,0.6570880049,-21.1040571824,2.5315438478,0.3480008252,0.1915940272,3.5785318585,9.0288779224,0.4259208398,0.4424118216,14.6171565103,-5.5048507739,-1.2924510404,-1.2593667603,-4.813535733,-1.1851660542,0.3543145871,6.9596264596,-1.0397443874,-0.7833686939,0.3398810321,-1.067629478,-0.3204193424,-0.4099545363,-2.2114093557,-0.2440394583,25.9260940255,0.9492109903,2.5985357356,0.3233027323,0.8878870081,-5.2206282619,0.7080326456,-1.7259713746,-0.5403223911,0.5361480373
biasActivation=1,1,1,1,1,1
[BASIC:ACTIVATION]
"org.encog.engine.network.activation.ActivationSigmoid"
"org.encog.engine.network.activation.ActivationSigmoid"
"org.encog.engine.network.activation.ActivationSigmoid"
"org.encog.engine.network.activation.ActivationSigmoid"
"org.encog.engine.network.activation.ActivationSigmoid"
"org.encog.engine.network.activation.ActivationLinear"
