encog,BasicNetwork,java,3.4.0,1,1572768679225
[BASIC]
[BASIC:PARAMS]
[BASIC:NETWORK]
beginTraining=0
connectionLimit=0
contextTargetOffset=0,0,0,0,0,0
contextTargetSize=0,0,0,0,0,0
endTraining=5
hasContext=f
inputCount=2
layerCounts=3,8,8,8,8,3
layerFeedCounts=2,7,7,7,7,2
layerContextCount=0,0,0,0,0,0
layerIndex=0,3,11,19,27,35
output=0.5522389243,0.4805192512,1,0.946378919,0.9989438903,0.0780971618,0.0123181011,0.9999996554,0.0004111872,0.8968593143,1,0.4745561413,0.207655022,0.3805732896,0.0163379333,0.0000228515,0.6165712476,0.9999999924,1,0.0000209984,0.2390638086,0.0004677633,0.002926138,0.0360747632,0.9998862603,0.9774681662,1,1,0.0068717134,0,0.9860947883,0.9999999703,0,1,1,8,30,1
outputCount=2
weightIndex=0,16,72,128,184,205
weights=-3.8665462408,6.5366062671,-8.0577927921,-6.8215482613,6.2754630471,1.3481793065,-10.5480341125,1.2366426383,11.7184829907,-15.1547463148,11.8518200439,7.9425124437,1.3430826626,-8.5026938285,0.0808957039,1.5350852698,-8.3838996768,9.845699837,-5.6385308288,-5.3702677152,-4.482596303,2.6749715036,3.5864535373,1.8027745179,0.1751700698,4.1012904751,10.2186199712,-10.9761884212,-5.4878511735,-6.733113765,8.7123069368,-2.3530177436,-0.6336862838,7.6712353259,1.7339824959,-6.0719360521,-3.4811556375,-4.1573802309,-4.8276337288,3.0695928774,9.713694269,-3.4499765982,-4.9781271108,-0.3578053034,0.0484294547,4.5775358155,-5.3662330905,-3.8333361887,-2.2946634003,2.2616421472,-4.3114502636,6.1239308431,-2.2799231674,2.6300602758,15.256926756,0.1626064023,1.5647554845,-3.6536732517,-0.1256334467,2.209464592,5.2333189937,0.5459924963,-11.922989935,3.8180302011,0.8856667115,0.0079348853,-8.8994692538,2.0154975967,10.8853561513,6.105086468,4.6593211495,-3.3289606404,-2.056484009,6.7299841172,-1.0995630058,1.0985240973,-9.832262726,4.1711691029,-4.047002277,-1.5735982038,9.4448526479,-9.4301212734,-0.9883614693,4.078608811,-0.4125079638,-6.2733061931,5.1636895331,2.1437430641,11.9694795456,-4.3107705147,1.4673953694,3.7082272311,0.0839741677,-1.1351929841,1.6462592888,0.0545135531,-1.2038071087,2.8261955788,0.7040188589,5.1338140961,-0.7288314891,8.2912971037,-7.264759178,-5.9517509719,-4.2089413722,2.0152381402,-0.7215573382,2.0064983461,4.4861584436,-6.6735318535,-4.4665349705,-0.2968534403,-0.9937308008,1.9032366832,1.2824065284,4.4014242167,-6.4506364207,8.8249756907,-5.4551498558,-3.2524645506,4.5570569271,1.222639009,-6.6630157208,-2.0131566084,-2.6766266169,16.6586625515,0.4018152793,1.4582970124,2.6562416146,8.5405177409,0.7742572354,-4.5930514357,-14.5496944362,-0.8662351769,3.383664106,2.2092426455,0.8272692843,4.3383671986,-0.7499911603,-12.9978253797,10.1885870267,5.0813808942,0.4227301513,0.1908706836,-1.1115399105,7.2031066103,-3.5565324398,-3.198892374,-2.8047143442,-1.248299201,0.2041675936,-0.8500802889,0.8852108125,1.2363457614,-0.6462326388,-0.2518259895,-5.9391869588,0.2899424509,-0.2911481452,-0.2461888026,1.9914950579,14.3686575612,0.1797783801,-8.1808090989,0.8969274246,0.9513282228,0.6175963413,1.1768769279,1.3808758397,-5.4361462513,-2.1507882433,15.3685679641,-9.3176253407,0.8930155733,0.8766981715,1.0240258757,-2.6994691613,1.188255393,-1.1882074986,7.5693502843,4.1516866405,-0.9611872071,-2.7986623913,-2.3557806005,0.9729603339,0.7477615907,-0.7924058934,1.1011547813,-0.444025265,-0.4619266744,1.0519803845,-5.9216597553,0.8970220635,-1.9505513715,0.1475643321,15.4389697839,-1.4039151968,1.0328448627,-2.4229624641,2.6046394354,-5.895467002,-0.6145884557,0.855124489,0.6399031091,0.3025400095
biasActivation=1,1,1,1,1,1
[BASIC:ACTIVATION]
"org.encog.engine.network.activation.ActivationSigmoid"
"org.encog.engine.network.activation.ActivationSigmoid"
"org.encog.engine.network.activation.ActivationSigmoid"
"org.encog.engine.network.activation.ActivationSigmoid"
"org.encog.engine.network.activation.ActivationSigmoid"
"org.encog.engine.network.activation.ActivationLinear"
