encog,BasicNetwork,java,3.4.0,1,1572768689226
[BASIC]
[BASIC:PARAMS]
[BASIC:NETWORK]
beginTraining=0
connectionLimit=0
contextTargetOffset=0,0,0,0,0,0
contextTargetSize=0,0,0,0,0,0
endTraining=5
hasContext=f
inputCount=2
layerCounts=3,8,8,8,8,3
layerFeedCounts=2,7,7,7,7,2
layerContextCount=0,0,0,0,0,0
layerIndex=0,3,11,19,27,35
output=0.0003173189,0.0563812424,1,0.9662914591,0.0062405288,0.0026371918,0.0000047367,0.5527178566,0.5927378063,0.9728146084,1,0.3300066048,0.0620525136,0.225868092,0.8643570662,0.0005329217,0.9905152229,0.9635470682,1,0.1615024805,0.6093333199,0.9999842663,0.3576050678,0.9592581511,0.0001588294,0.2370917104,1,0.0000001641,0.8940383113,0.999999985,0.9703780794,0,0.9999999999,0.0000702216,1,8,30,1
outputCount=2
weightIndex=0,16,72,128,184,205
weights=-11.6199494626,11.636195268,2.4768913908,0.7523812845,14.449959055,-10.2888833922,5.7663160258,-4.4038764027,4.651873095,1.9895803663,14.7888698906,-5.0966735834,-19.5712067237,-1.0212878401,-0.2943862717,4.3450506884,-9.4658239341,8.7284337112,-10.653803986,0.2067931327,-1.2695819863,-1.0020950011,7.8915774036,1.5548493725,-0.9121027111,-4.9813476662,7.093789708,-15.457718748,-6.521233942,6.1826476625,1.4305406626,-0.2005221203,-1.208381811,-6.8325545867,9.9371422966,-5.3589680453,4.1118715911,-14.4170340938,5.2176068405,6.5256203739,5.3043033039,2.6570399756,-1.7454343954,-5.9718897288,-2.4514812494,-9.4546545608,1.5764980877,-0.7721656554,0.1574045068,13.1010729052,-5.2880314779,3.6714361373,-9.7429657517,6.3128469232,-3.9571008243,-5.0672009835,1.4119456721,9.9473791146,-4.7585557748,-3.9594312142,8.7892891156,5.9514862847,-1.7095359027,-0.463251508,-1.0287986175,0.6979150846,-4.5527781503,-2.8750098918,-1.2087688592,0.6116769887,6.3548202285,0.6586795655,0.7617097178,-4.2790393071,2.0799609892,1.8771819176,-0.2234763824,-8.3188188615,5.8216353324,-2.1395986621,4.7863726497,7.5679297725,-3.7162363477,-11.8504752348,-6.3205101842,-4.0560813624,4.1145536964,4.9419706711,1.2277733528,-8.3840653371,0.4173752182,5.3672279219,-1.7518510867,1.5053727562,6.2792635468,1.5333712526,-0.7884552704,1.9014678628,2.5940501418,-10.0020329904,-1.0416780985,-7.4225508297,8.8285181669,0.7106867765,1.4662586912,-2.4649231517,-4.571292187,-0.2288236128,-0.9556926904,-4.471286708,1.658454453,-1.0941385278,8.7559531368,5.0932531014,10.8944540954,2.1434215298,-9.0726400988,-2.3489050067,-6.2484239437,-1.3450143657,-1.6710055661,8.6035637378,0.4360548163,-1.806784336,2.0954897089,0.9878435428,-13.1096787841,-0.3899761008,-0.275691351,-8.055096487,0.8133061812,4.109851975,-0.9124250222,0.1162914379,-11.2495645422,0.6375558742,-0.5728634975,13.3051614468,-3.5277015732,-3.0625951236,0.8889959626,-2.6377137285,11.1900689011,-2.3143086145,0.8358295007,6.2481920994,-4.503911867,16.2807083304,0.227664026,-2.8193387638,-1.3442797567,-3.0015313708,-0.9472722981,-11.1090384888,-1.0057312461,11.4713543416,-0.7371069998,-0.1767367188,-0.7500865609,-0.6028980639,-0.7720020394,7.4624512712,-0.3540571051,-0.8495447035,0.5371453526,-1.1616872995,0.9191949706,-1.1727533627,0.4793857554,-7.8201103248,-0.2120347209,-1.2120265022,-1.0323834578,-0.0223330855,10.0039507948,-0.3462537087,0.4250252027,-10.804910716,3.8109887948,-1.5921514422,-0.5773690201,3.7282182141,-14.7445666352,2.4981305578,-1.0048512951,-0.2470676298,-0.1717204275,-0.292241362,0.3363048201,-5.6185426806,0.9321504893,0.3621641993,-0.305694933,-0.489875756,0.2325790828,0.4308046831,-1.3969831709,-0.4581923688,-0.3827961843,0.9674103212,0.5452961401,-0.568251825,0.5490622577,-0.385985035,-2.3767315684
biasActivation=1,1,1,1,1,1
[BASIC:ACTIVATION]
"org.encog.engine.network.activation.ActivationSigmoid"
"org.encog.engine.network.activation.ActivationSigmoid"
"org.encog.engine.network.activation.ActivationSigmoid"
"org.encog.engine.network.activation.ActivationSigmoid"
"org.encog.engine.network.activation.ActivationSigmoid"
"org.encog.engine.network.activation.ActivationLinear"
