encog,BasicNetwork,java,3.4.0,1,1572768705068
[BASIC]
[BASIC:PARAMS]
[BASIC:NETWORK]
beginTraining=0
connectionLimit=0
contextTargetOffset=0,0,0,0,0,0
contextTargetSize=0,0,0,0,0,0
endTraining=5
hasContext=f
inputCount=2
layerCounts=3,8,8,8,8,3
layerFeedCounts=2,7,7,7,7,2
layerContextCount=0,0,0,0,0,0
layerIndex=0,3,11,19,27,35
output=0.8841912538,0.7664539119,1,0.9362556653,0.9949778304,0.9987383355,0.0945702538,0.9641828163,0,0.3008754739,1,0.2529723137,0.4571421119,0,0.9999992877,0,0.355810653,1,1,0.3688758706,0.3305777403,0.9999026502,0.000009428,0.0018805108,0.0000342141,0,1,0,1,0,1,0,0.6090338759,0,1,8,30,1
outputCount=2
weightIndex=0,16,72,128,184,205
weights=14.3877048185,8.1085783089,3.6205260055,-0.8013897334,-20.0080034401,-17.0231280438,27.7459820748,-12.1025753863,-8.7946349518,9.8664180664,-14.4501350273,20.6711133904,37.1409054361,24.2910372055,-18.2911927249,-18.2246654711,23.9439574526,-1.2862558959,-0.2259482838,1.3685302769,-2.5660877583,-12.6498943,-3.4916916241,3.8419811683,-2.1529289659,-9.9052917348,-2.2527115666,-0.1451937585,-2.0180371305,-4.8162357924,14.4593154317,-2.2388379534,-10.7713645206,-18.1603441582,-0.0784602657,10.3288303908,-13.0420387055,0.0277917065,-4.9379644532,12.3000288905,0.991318919,-7.1596059095,4.5751128725,-0.9605133549,-11.0392215612,-3.0964160391,-2.6671758873,5.4925407921,1.6049882785,8.2895548731,-0.3833060237,16.5382133178,4.6594353536,3.6669715544,-1.6604211786,-17.0851969704,8.9779736247,42.1504332076,5.0551382417,-35.9775942028,31.5671420482,-29.0919948907,-4.6889450971,-4.4795839315,-14.9283219339,0.5002496776,11.3527077721,-9.6470001642,-4.0035899152,18.4356466504,12.9061397501,-7.1141113901,9.3401762179,-4.6445102317,0.4137664339,-3.0595885229,-34.9000890399,-15.4910335494,-1.8074964401,-3.3403534348,-24.9999801187,0.5818918949,6.7750377996,15.0505982878,22.0900961982,-5.3027701676,13.1823549722,2.041796281,-1.745711695,-6.3323054957,-16.7867374497,-0.2828917883,11.4782991086,21.6417922089,0.252805822,-10.1837525348,1.4225752571,-0.0390196609,13.6343884696,-0.3076275563,-4.1744207643,-4.3654335735,-2.8383162102,0.0177850527,10.1824479886,-1.3970640637,-53.4528091725,6.6006839665,1.6812476771,2.1288586792,9.798929324,3.2075951769,-5.2746503437,11.6747747579,-12.196016689,-6.2116961062,3.3381972235,-2.0142686732,6.6449034649,9.6813559693,-5.1934765286,8.4407091031,24.4654259458,-5.7600963233,-9.3795979535,-11.8232131873,-1.4403934925,0.6701129708,-0.8930874698,11.3136785114,0.9660530162,-21.1610859911,-0.1333688072,-3.5986396124,-0.8404394165,11.5020585428,0.356574395,2.0360008502,-0.084039223,-5.7580966294,0.8794222798,1.6176277411,0.2044096675,2.0313324966,-0.582182948,-3.3901414965,0.4222421951,6.4016302672,0.4223315661,18.2915206894,-1.0033310312,-4.9145415451,0.1856780602,3.5617946834,0.9325308892,-15.6126008302,-1.1111279045,-4.7494782529,0.2284950646,3.3715794368,-0.4328801422,5.2812588199,1.0635413931,4.1914661305,-1.3021755393,-35.9211444539,0.9903789793,6.1301393477,0.1395568053,7.9792888527,-0.4007500274,0.8742255552,-1.1040884942,-42.5389025358,-0.5120532022,6.7712805497,-0.1598796802,-1.213979347,-0.2459618453,-23.3331028394,-0.4370995117,2.9942930619,0.5141173136,-1.8786066305,-0.7347604907,-0.9992076231,-0.8065494385,0.8716805775,1.003506767,0.864134814,-1.2910121704,-0.910039174,0.7100869411,-1.5742205247,1.1675671917,5.9188738183,-1.762365424,-0.6539577344,0.9027556079,-1.582879019,-0.0893688674,15.7873511485,-1.5408145039,-1.6551685078,0.5043926393
biasActivation=1,1,1,1,1,1
[BASIC:ACTIVATION]
"org.encog.engine.network.activation.ActivationSigmoid"
"org.encog.engine.network.activation.ActivationSigmoid"
"org.encog.engine.network.activation.ActivationSigmoid"
"org.encog.engine.network.activation.ActivationSigmoid"
"org.encog.engine.network.activation.ActivationSigmoid"
"org.encog.engine.network.activation.ActivationLinear"
