encog,BasicNetwork,java,3.4.0,1,1572768715975
[BASIC]
[BASIC:PARAMS]
[BASIC:NETWORK]
beginTraining=0
connectionLimit=0
contextTargetOffset=0,0,0,0,0,0
contextTargetSize=0,0,0,0,0,0
endTraining=5
hasContext=f
inputCount=2
layerCounts=3,8,8,8,8,3
layerFeedCounts=2,7,7,7,7,2
layerContextCount=0,0,0,0,0,0
layerIndex=0,3,11,19,27,35
output=0.5156259742,0.4043682613,1,0.9764836414,0.0000930559,0.0000000034,0.9935907916,0.9352786182,0.9581616358,0.8324817939,1,0.0000006338,0.9999996649,0.9999991682,0.97850795,0.9773302716,0.0479659495,0.8535505947,1,0.0000071286,0.9944426746,0.998280648,0.9987087364,0.4036289491,0.8615133577,0.1442384676,1,0,0.0000481029,0,1,1,0.2780702864,0.9175125136,1,8,30,1
outputCount=2
weightIndex=0,16,72,128,184,205
weights=-4.0382669109,-2.8809079348,3.3708209437,-14.5576645764,6.4470302603,3.7799867407,11.8287466556,-1.0283686866,6.3477003111,-2.6962091201,-12.7400442128,1.7212215563,0.6047152084,-12.7021222062,-4.3950088219,6.9682127657,3.9507388521,1.6958597253,0.2299318146,-1.1521324858,2.2688453479,-1.5889049568,-0.977509925,1.620995493,0.9383935741,-2.0789566972,-4.99166269,-1.0594335657,0.1967070362,2.4305861872,-1.7038342339,-0.0294636135,-0.1971889987,-4.0138663567,-3.0546641373,-7.8198033884,7.5162295211,12.8993512859,-10.0641381846,-4.1609109346,6.174984484,8.9839456958,-1.3761178597,-4.4590893808,3.5764699004,-0.4510726443,-4.8527791528,2.4673505674,2.1490483338,11.2106473415,-4.3998629565,-8.8136623799,3.0154481634,1.734821775,5.9002144175,-3.5822267643,-6.1170492218,0.9988868801,5.818441153,6.0588486434,2.1539254253,4.9893217414,-12.924542766,-0.927410696,-3.8248100749,3.5898388057,1.1901949969,4.3100067444,-6.7825316575,-1.7666048112,-2.1369270999,1.1434000452,-1.2595051444,-7.2056785302,-0.9415002733,-5.463251842,-2.1661747258,1.0165218556,3.6395093875,-1.2361771955,-4.8178334281,12.6411498918,-0.4607293157,2.4738090063,-6.0209969758,1.3695404027,-0.6092282012,1.6654460281,-7.6321108365,0.6571162165,9.5669688159,4.8161390627,-4.0489864151,2.0804655611,2.5290893281,-1.5369723732,-0.6171320638,-2.9069782895,4.7734025663,1.1897221044,-4.641753911,3.2500091703,-5.5475250365,0.6295786625,0.6666209232,10.305683169,-3.2548817588,2.5236602645,-1.9542029232,-4.9844567833,6.0148076002,-1.5403554723,6.238435441,8.7515439863,-7.4530415196,-4.6828592312,3.3812153151,-1.4673348515,6.660365049,-0.6353318227,9.0314594542,0.4425343548,1.6452531261,0.3407370541,5.8978980232,1.7982959386,-5.5371992534,-3.7912772694,-2.459661799,-0.6304891129,1.8609799495,-3.0923321281,4.5631220321,-0.0618241932,-14.0797024938,-0.3866565178,2.0659923972,0.2341933331,-0.11596255,0.3048438228,-3.8933442646,-11.5350064748,17.0462227465,-3.6570254381,3.2425607517,-0.8438960918,7.8006707236,-3.5327461227,1.6656591315,-6.7115563651,8.8839688643,1.9463463306,-2.8805375267,-0.8419427041,4.3779911644,0.9927615414,-1.0913967251,-4.0614041296,6.2035300889,2.1870568867,-4.2690400056,0.6870943989,-0.3622353211,1.4174777096,-0.001694531,5.391748646,-3.0259365236,-0.5291337234,-4.3497241709,-0.6337029015,-1.5135856138,0.3183065695,0.9772312444,-2.58469134,-0.4986905652,1.7086900497,-2.8315865965,-0.6945644825,5.0398575563,-2.4327435456,5.3942557242,-7.9194573577,-8.9091506999,5.6344204617,1.9559031681,-1.5601464175,-0.1083247151,-2.2179524868,0.2595454286,0.0151373916,2.0022311306,-2.0101333616,-2.0271790502,-1.7259758044,2.8023505797,0.6570060392,0.4041374926,1.0586832427,-6.0395259936,-0.5166302765,-0.1910292504,8.9098658511,-0.6741321401,0.2235423221,1.0958070747
biasActivation=1,1,1,1,1,1
[BASIC:ACTIVATION]
"org.encog.engine.network.activation.ActivationSigmoid"
"org.encog.engine.network.activation.ActivationSigmoid"
"org.encog.engine.network.activation.ActivationSigmoid"
"org.encog.engine.network.activation.ActivationSigmoid"
"org.encog.engine.network.activation.ActivationSigmoid"
"org.encog.engine.network.activation.ActivationLinear"
