encog,BasicNetwork,java,3.4.0,1,1572768758754
[BASIC]
[BASIC:PARAMS]
[BASIC:NETWORK]
beginTraining=0
connectionLimit=0
contextTargetOffset=0,0,0,0,0,0
contextTargetSize=0,0,0,0,0,0
endTraining=5
hasContext=f
inputCount=2
layerCounts=3,8,8,8,8,3
layerFeedCounts=2,7,7,7,7,2
layerContextCount=0,0,0,0,0,0
layerIndex=0,3,11,19,27,35
output=0.4424781223,0.4017117377,1,0.9938254165,0.2962301058,0.0135889263,0.0156440325,0.8912760492,0.0009450747,0.4176712662,1,0.2762737754,0.3646877672,0.0001075758,0.3972163332,0.9997086413,0.2003515184,0.0023448304,1,0.9999968418,0.0231485676,0.9024219036,0.9994542226,0.1678773071,0.0016139884,0.9915018715,1,0.9999999999,1,0.9779316491,0.0115430895,1,0.8494546409,0.0106938778,1,8,30,1
outputCount=2
weightIndex=0,16,72,128,184,205
weights=-1.8686452142,-8.9601437563,19.7164320887,-18.2573011073,5.7554573446,-11.2573489321,5.2251348837,-3.0034975635,12.1599649377,-7.5567232212,-3.2045801806,3.6393777013,-7.437877152,-0.040726346,-7.70339959,-0.4113500462,-1.1745553463,-3.5957830659,-2.3891255121,4.7604797745,1.593076788,6.8987018819,-8.1707862105,1.8706548326,2.3317360232,-7.1979214901,-2.0766736833,0.6005787945,-1.2479321619,5.5715613667,-7.3069030659,1.025576419,-1.2427078435,2.7259150297,5.5914682174,7.2154790329,-8.1093006884,1.6552449251,-12.1130265105,0.0014042661,7.6295936688,0.0363390376,5.0218864061,-12.5988196053,-4.3253780124,-2.5539179918,-2.2129438587,3.5818976914,-0.5186049188,-5.5005204758,-0.9315469387,1.1006564438,5.7739456895,-2.2948179533,-3.9132091367,-1.4873242716,-0.2983628623,-6.9404779712,-3.6470413021,0.078704046,-3.6620260536,8.3849120158,-6.1126774746,-2.3852715638,0.7289097672,10.4046553843,-4.3757415076,-9.5906797024,-3.0461167277,2.5777498793,-0.7853622367,2.0124903642,-1.2527653693,1.5396120638,-2.3945005899,1.4749255517,5.1397106765,-0.3255346545,0.6749588391,-0.590708386,-3.0759038597,-4.3714487472,-1.3594307342,0.1392950491,11.7028162192,-0.255721792,1.2990756712,0.4573124406,-3.8812148501,7.5354538648,-10.071722212,2.1347021148,1.4302305687,-0.2043252505,0.2959849218,0.9917229598,9.2514730294,6.846654063,-8.0638116839,1.567514797,-7.6145705694,-2.7863917423,-3.2406889654,0.379249622,10.2175444813,-3.9283572789,-1.9770091243,-6.7235506009,2.1388088059,2.4162511362,9.0730142871,-2.8408028178,4.6349650591,1.694631638,4.8406183262,-3.9731431293,1.3364512328,-5.1980280721,-7.2096065413,0.4767852407,-7.5760875075,1.396293111,4.78200457,-1.3815337619,15.8279821807,5.7470442292,-1.3403444569,-2.781539788,-1.6220833713,0.8424461869,12.2752094408,-7.1796005406,1.4395388151,-0.9799031383,-2.6474370589,0.9448683231,-1.3227443209,-0.9727283879,-0.4088448981,14.2525239058,-0.3759564604,-0.1320193392,3.2052766481,-0.7578006927,-0.3020171048,-0.8417534677,4.9898943748,2.3331549129,0.1088744597,0.0142703457,-14.7656328344,-1.5016023695,4.7022680814,-0.3950430147,1.2425891375,-0.4774455766,3.3326596442,-1.2344299968,-1.5429541817,-0.2716948423,0.2848223397,3.5109723134,-7.208903021,6.1885589661,-2.2102473807,1.5125831541,-11.8125446731,2.6335366868,-1.1063204221,-3.1197372363,-1.6149450354,-2.7135792267,4.0164700895,-3.5443175766,8.4075811383,-1.6863877409,6.047293245,0.9480928963,-3.068347731,-6.0382289283,-3.260295547,2.0484848038,1.4878974417,2.3386121315,-0.4697491172,0.908491227,-0.5926614762,0.7991209534,0.7529318864,0.857262489,-1.5948181577,0.0468080226,15.145599869,1.7125293959,-0.6717473008,2.0021257577,-4.3011245954,4.6184410334,-1.0621190881,-0.0999699938,0.1025379073,-0.5460471535,0.7550499994,-0.2795198152,-2.182137941
biasActivation=1,1,1,1,1,1
[BASIC:ACTIVATION]
"org.encog.engine.network.activation.ActivationSigmoid"
"org.encog.engine.network.activation.ActivationSigmoid"
"org.encog.engine.network.activation.ActivationSigmoid"
"org.encog.engine.network.activation.ActivationSigmoid"
"org.encog.engine.network.activation.ActivationSigmoid"
"org.encog.engine.network.activation.ActivationLinear"
