encog,BasicNetwork,java,3.4.0,1,1572768769273
[BASIC]
[BASIC:PARAMS]
[BASIC:NETWORK]
beginTraining=0
connectionLimit=0
contextTargetOffset=0,0,0,0,0,0
contextTargetSize=0,0,0,0,0,0
endTraining=5
hasContext=f
inputCount=2
layerCounts=3,8,8,8,8,3
layerFeedCounts=2,7,7,7,7,2
layerContextCount=0,0,0,0,0,0
layerIndex=0,3,11,19,27,35
output=0.6643305882,0.7686486651,1,0.1886938076,0.5246969413,0.1854314757,0.2259472266,0.0299406878,0.5327779188,0.6818174585,1,0.0000035281,0.3540427703,0.0000009231,0.8980262858,0.4164711614,0.000195057,0.0027399941,1,0.8594647293,0.9996110958,0.9122399013,0.9982215985,0.0000001846,0.7502105881,0.0336918363,1,1,0.7831105725,0.9999999996,0.0009411844,1,1,0.9999999992,1,8,30,1
outputCount=2
weightIndex=0,16,72,128,184,205
weights=12.4814518108,-12.7378231558,8.2947945536,-8.1561139791,-3.8288485392,-2.1128066201,4.5655090439,3.4431639378,-2.8740029719,13.6325756542,14.9916042267,-2.704166952,-13.0604778409,-6.592906421,2.2065525873,-5.1797553743,15.5490271205,6.2813245981,-3.4326035766,3.57888084,-12.4294672849,1.2697410328,-1.4843438881,-1.7160241183,5.3838994416,-5.86001483,4.1170629931,-4.5985617621,-3.8762146492,-5.1678463739,-4.7532605585,7.9315341979,-3.3537543727,-4.6574195255,11.3608328292,6.2085635616,-1.4782091237,-4.6158413618,2.0798510204,-4.7956663199,14.8201243091,-4.0822994405,-2.4697445989,3.4602990372,-0.8081409972,-3.370130135,-3.0137315153,-2.5480370947,-6.6058933011,-2.5337434632,2.8026413916,0.3628026393,0.3822727511,8.5905649971,-3.166004624,-3.0590772906,3.726784658,2.6030242025,-0.1413910679,0.956900245,2.2530505107,2.7963339735,-2.094684357,-2.5827530937,-0.5285297177,1.6704108479,1.1871530085,-0.8641872031,-0.0713914522,-2.6425363625,-0.9462512488,0.9796440762,-10.8249273447,-1.2007724394,-12.8287775668,1.1093009006,20.1307908086,0.7039789443,-7.2376610587,8.2605018283,-3.8349968502,7.4633354104,-2.9631328218,-0.2010437295,-2.3778889444,-0.5648658334,-4.7072683903,-1.2795644559,-0.4422547785,-8.6451634645,6.0704051271,-3.438852823,7.1369842985,-7.2490511076,1.5883381182,-1.5937903159,18.0408780735,-1.2253993759,-3.6655253391,-4.6670516422,14.5387130421,-3.4395292735,1.5832790755,-1.5754760743,-3.2748715619,3.5981902585,-3.3626314264,3.9201650369,1.5581423879,-7.3790270919,3.2357080808,3.4617092089,6.858972041,-7.1334614241,-5.12528158,2.2273174881,2.4917428022,-6.1515801605,2.2908435208,-0.3164535832,-3.1373085918,-1.2013058037,2.2620370167,-2.5999937627,-4.2135613567,1.6818576332,7.2147332511,-2.972785799,4.4562505128,-17.1434835648,3.4078672241,-14.8221912616,-1.0681436143,3.6944862794,2.1210161417,2.638568397,0.1975175847,-4.7087677287,2.816726578,-14.2128474921,-2.2028788658,4.1097607968,3.7071538097,2.92437123,4.2819424918,-15.9218350263,1.5674455612,-9.5328125692,4.4547432245,1.9474838281,0.7553668261,1.8118436113,0.0505922458,1.5764857248,0.625283102,0.2005790316,6.5807485491,-0.638430754,-0.6426574862,-0.8800267176,-4.4660125517,12.1236645152,-3.7152655496,20.3606764573,-4.7042393066,-4.2196040221,-3.5686942212,-4.3443828579,-1.9836621251,4.225072125,1.1120433817,-5.2554522812,-7.6802663368,2.7340156768,1.3621888248,2.2516640203,1.9626807808,-9.8400028339,-0.1512188627,14.0375415838,2.4769624439,-0.6329618969,-0.3135196923,0.9944283327,-1.4243561721,7.575566694,-0.2103581596,0.7716066857,0.200533692,-10.9049780162,1.0004086731,0.4249448364,0.9807278431,1.0415538518,-0.5781177887,2.0436730336,-2.0508297692,2.0141167723,-2.6135656792,0.9861291934,0.6703665797,0.7776756752,1.0836412873,0.4183513172,-0.2237080157
biasActivation=1,1,1,1,1,1
[BASIC:ACTIVATION]
"org.encog.engine.network.activation.ActivationSigmoid"
"org.encog.engine.network.activation.ActivationSigmoid"
"org.encog.engine.network.activation.ActivationSigmoid"
"org.encog.engine.network.activation.ActivationSigmoid"
"org.encog.engine.network.activation.ActivationSigmoid"
"org.encog.engine.network.activation.ActivationLinear"
