encog,BasicNetwork,java,3.4.0,1,1572768778241
[BASIC]
[BASIC:PARAMS]
[BASIC:NETWORK]
beginTraining=0
connectionLimit=0
contextTargetOffset=0,0,0,0,0,0
contextTargetSize=0,0,0,0,0,0
endTraining=5
hasContext=f
inputCount=2
layerCounts=3,8,8,8,8,3
layerFeedCounts=2,7,7,7,7,2
layerContextCount=0,0,0,0,0,0
layerIndex=0,3,11,19,27,35
output=0.0004062076,0.0002161875,1,0.0020785936,0.7767366017,0.0000311296,0.0318933275,0.000001936,0.3538855136,0.0248879885,1,0.0127427581,0.9350551114,0.9999999988,0.1591175162,0.1487611342,0.9866884926,0.6472787247,1,0.3675216686,0.999975205,0.782938395,0.9985816724,0.1293798467,0.4994976025,0.0000805967,1,1,0.9962508367,0.9998872012,0,1,0.0028073769,0,1,8,30,1
outputCount=2
weightIndex=0,16,72,128,184,205
weights=2.1626317073,-5.1806554618,-11.4094511709,13.0523688834,10.0310319476,6.3884121593,-0.4052266615,-6.4553592827,0.0417098523,-12.413866058,4.4366482926,-2.0696760775,7.2570445812,-1.5303261933,-12.2028599439,2.1141909961,0.0377939934,0.8243434241,-3.8219518977,1.5431459055,-0.4199408535,-7.8255279417,1.8557535917,3.2137786503,-3.2510283015,-1.2582758736,3.8732631005,-15.3976949608,-3.5748284234,4.1994966377,-0.6610429452,-2.1424071398,7.2565397363,-3.0967013017,-8.4223477735,5.6866745535,-3.2218821608,-0.187477073,-2.5274167873,2.2435118835,6.269015204,-7.4828946155,-3.875846321,-2.0016739137,-1.9508694782,6.652387744,-6.4371100288,5.591420042,2.4097916533,0.2250236454,-8.3486456571,2.6004393072,5.941017839,-7.3318229533,3.5471323378,-1.4066762632,-1.3266983183,0.4404200139,-1.7952731092,12.7081483038,-1.152880472,-2.0394467841,0.2707465773,0.7848236461,-3.2189412316,0.6186857912,-6.1527264896,2.5358339261,-0.7192734319,4.9674469426,9.3181202618,-9.2821670916,-2.9983412515,-1.1098371047,2.416150271,-6.8990263614,-1.0434843325,3.3444293334,1.7560743887,1.3236717898,-2.9610907725,8.4288167399,5.8322872939,-3.5306248167,-0.716574021,-1.5239225764,7.7065766244,-4.8606959312,-6.0794360911,4.1448982666,11.9581203013,8.99766851,-8.5209521926,6.7591683726,-7.0458701703,-2.0042671422,14.5463979579,-2.7565535657,-4.7127626834,0.3956121528,6.358399814,-10.7299662143,2.4001928465,3.5770618409,2.5900798859,3.9098637124,3.4137289516,-8.2103360483,-0.0205691055,-1.7170897248,-2.1798487581,-0.2195573802,-3.4174498726,0.8682060273,4.1249811357,-1.7890033474,0.7486798102,4.5942721423,-0.4319691474,0.858730538,-0.8605797041,-4.5394491582,9.2340468513,-5.9049380703,13.0019958241,-0.4905934133,-4.1136668936,2.6927757992,1.7711819462,-11.4869018955,7.9217925676,-4.5832508827,-1.2052902787,-0.0518505924,2.616724185,2.4143268405,2.010589761,11.3461710244,0.6703659142,5.5503533047,-5.3881168761,-8.3347070366,0.2478140848,2.0318484854,1.058057903,10.8820409281,-15.0093658248,2.4690804902,2.1496246757,0.2027152345,-2.7200357383,2.2410515371,-1.8337444805,4.3904851446,8.761869938,-0.3768156671,-3.1591748388,3.8448341936,1.1725001083,-1.5959231883,1.499211506,-10.7367227553,4.5874505636,-1.4881461696,1.1525366209,-13.1888608004,1.6445220344,1.588360749,-0.9114449635,8.1250928604,-6.3827906649,4.065209678,0.1383531251,1.3493588802,-4.3555839074,-0.9452657782,0.4120549552,-14.5204434985,4.1040165881,0.517391965,1.5419636929,0.2293556591,0.1457790668,-1.0181844517,0.6998993567,0.759899323,-0.283396514,-2.009862905,0.3949923155,9.8116001631,-1.6454757559,0.4445668138,8.9165937083,0.6504558305,-1.0895604509,2.2074336426,-1.2168325551,2.6439500472,-0.2068805335,0.5023654859,-0.3730372789,1.2995010937,1.0256205083,-5.0263437431,-0.7249708868
biasActivation=1,1,1,1,1,1
[BASIC:ACTIVATION]
"org.encog.engine.network.activation.ActivationSigmoid"
"org.encog.engine.network.activation.ActivationSigmoid"
"org.encog.engine.network.activation.ActivationSigmoid"
"org.encog.engine.network.activation.ActivationSigmoid"
"org.encog.engine.network.activation.ActivationSigmoid"
"org.encog.engine.network.activation.ActivationLinear"
