encog,BasicNetwork,java,3.4.0,1,1572768813326
[BASIC]
[BASIC:PARAMS]
[BASIC:NETWORK]
beginTraining=0
connectionLimit=0
contextTargetOffset=0,0,0,0,0,0
contextTargetSize=0,0,0,0,0,0
endTraining=5
hasContext=f
inputCount=2
layerCounts=3,8,8,8,8,3
layerFeedCounts=2,7,7,7,7,2
layerContextCount=0,0,0,0,0,0
layerIndex=0,3,11,19,27,35
output=0.0397077497,0.0002381811,1,0.3138094477,0.7474933563,0.6751533614,0.5763461098,0.5120381857,0.0460152484,0.0306830473,1,0.0000033534,0.2232626465,0.0390931737,0.080403198,0.061051824,0.0023915525,0.2493300762,1,0.1034202705,0.0175124557,0.0054014502,0.7161829934,0.8444869501,0.0000315158,0.7734943736,1,0.0000014668,0.4422978452,0.1018184109,0.947972104,0.0198314612,0.8160208086,0.0241682403,1,10,12,1
outputCount=2
weightIndex=0,16,72,128,184,205
weights=-7.2290587445,6.2382759339,-6.2418402348,-6.3587307756,12.6165370646,-2.59044407,3.5402688283,-4.1507600675,-2.1094846841,-10.4848802269,7.7229313509,-9.4040286458,-2.9103316118,9.2664717789,0.6774431969,1.4059414911,-1.8102462591,0.820495017,0.957858487,4.114728302,-4.7105917196,-2.5769257244,-5.4836891687,0.3271694317,-1.8272098212,-0.0844932713,0.4593696978,-13.5881094874,0.6478725579,8.4467947958,2.6545584937,1.457111389,-4.145101999,0.153306094,6.971832568,0.8875556781,-5.0592462615,-11.1970845782,2.5518680432,0.0528568504,-1.2189222966,0.232975938,1.2224387058,5.8783322697,-0.3436782108,-5.025977328,-5.4681449178,1.1317301405,-6.1500662092,-0.6006497853,3.394005933,-0.2346822883,6.0398138596,-6.5049598142,-2.219224747,0.2686068532,-0.189535752,-1.4279993854,5.9544949756,1.2757610443,1.0453773545,2.2373017652,3.2859161186,-3.9366612114,1.0244067864,-0.3406448059,-6.1285000371,3.1697855671,-3.0596013981,5.7606142209,9.3790741702,-5.5575777522,-0.290584623,7.3929602465,-4.8571666207,-6.4568001431,-1.8015524629,13.5761882916,-4.31926642,-3.1925683574,-3.1120663641,-0.281903123,0.3302894939,-0.2736547539,-1.1619613092,0.4851777114,0.5678132681,-0.1837174985,6.8505575117,2.8669979341,1.8325126249,-6.8772591796,1.8507444016,-1.5715090623,-3.118826533,1.8043683791,-2.6705467256,-4.175127018,-5.0097247007,3.9989210619,-7.7353758366,4.0443930995,-3.3490877294,4.1983215518,7.5703426754,-2.1720970259,5.5760061791,0.7332153558,-2.5976253496,4.0308619971,-2.9524322783,0.4440631962,8.3804356778,10.5254712571,-20.104306516,-7.4595139208,-0.5000843,-3.1423588608,-1.149243946,-0.3221350697,-3.5924342152,10.3705922302,-12.3090158854,2.973969833,-1.276675985,3.5290989942,-1.6435647476,-0.6263794412,0.0530205102,3.1562867668,3.9963653916,3.1985290194,10.3140252786,-2.565970157,-0.1938668854,-5.100796741,-0.9298555456,4.0488087548,12.2545008576,3.3896058643,-1.5087502166,-5.9245508995,2.8178057261,-5.4825627848,1.248371562,3.5920678571,-10.9506088811,-11.877232725,11.7721625029,3.5710747611,3.185462305,2.3453039608,0.5665785811,0.177267921,1.3497785264,-6.5698340247,-8.5396158564,5.0016359765,-4.6011208098,3.1369020722,-0.1123217194,8.1565831286,-3.4751008054,-1.0048289848,-1.988109806,-0.8479213455,1.9974900664,0.073812509,0.4184794561,-0.1856250924,9.9694653957,-5.1943234038,2.9144768131,-4.3092259679,-1.5205768351,-2.8785208348,1.032909623,3.7396197532,-5.0808203786,-1.4752212128,-5.3709683546,1.4346317511,1.221542531,0.3962132068,-1.2766414402,-0.0811477767,0.3077400106,1.6570155874,-1.4850080187,1.0180988169,1.2667156402,0.2781492543,-18.1821287743,-0.4731582734,-0.1560163752,9.5063242757,-2.344725336,0.7604459403,10.4214471683,0.4466510273,0.1014239232,-4.1939801567,0.5985534091,-0.5509351195,-3.0725634637
biasActivation=1,1,1,1,1,1
[BASIC:ACTIVATION]
"org.encog.engine.network.activation.ActivationSigmoid"
"org.encog.engine.network.activation.ActivationSigmoid"
"org.encog.engine.network.activation.ActivationSigmoid"
"org.encog.engine.network.activation.ActivationSigmoid"
"org.encog.engine.network.activation.ActivationSigmoid"
"org.encog.engine.network.activation.ActivationLinear"
