encog,BasicNetwork,java,3.4.0,1,1572768834350
[BASIC]
[BASIC:PARAMS]
[BASIC:NETWORK]
beginTraining=0
connectionLimit=0
contextTargetOffset=0,0,0,0,0,0
contextTargetSize=0,0,0,0,0,0
endTraining=5
hasContext=f
inputCount=2
layerCounts=3,8,8,8,8,3
layerFeedCounts=2,7,7,7,7,2
layerContextCount=0,0,0,0,0,0
layerIndex=0,3,11,19,27,35
output=0.1915683469,0.0455250284,1,0,0.7627797386,1,1,0.0000000042,0.9999999999,0.2154827879,1,0.9999294222,0.9997749345,0,0.000012133,0.0000005067,0.999240223,0.0000251737,1,0.2482306553,0,0.9999999849,0,0.0140942571,0.6957545033,0.9998979247,1,0.9999912755,0,0,0.9999886796,0.000000001,1,0.07509023,1,8,30,1
outputCount=2
weightIndex=0,16,72,128,184,205
weights=11.5624792982,44.549226767,-24.4992309911,17.633489222,-15.2883559886,-15.7768447185,0.4508214465,-12.8756567546,0.2568449243,-6.4970357399,-8.9494952989,9.7236687952,6.3122285006,0.4319370799,-20.830830817,5.195482948,-7.8286786382,-36.1538766081,10.3757267087,7.2978624353,-3.4887759987,-2.5323939712,0.775576287,3.766599215,0.415729763,1.1074064784,6.1378433399,7.6602971023,-14.9373830166,9.2564378721,11.1888965772,-9.6046495152,-16.8382499711,24.8678012537,-7.6354272207,-15.3016936595,0.5999427281,18.029382795,-9.34946068,5.1281024805,10.8624458448,12.7612091907,-10.7389193468,-2.7384217873,-5.1754889204,-0.8945065831,-1.4261328511,3.4509803225,1.0326977391,-20.0322219241,-4.278808486,11.5554861032,3.5513011532,-3.8954451976,-0.8453380261,3.5927759947,6.3489973945,24.0356849319,5.0840912303,-13.7912662963,-2.2810647357,2.5463150858,2.2249953839,-9.7723822753,-6.4183019865,-4.0447873765,-12.9153540832,8.0377945921,0.3828023309,7.7886747759,6.8305368935,1.3865117688,0.2064685799,-5.6631844385,13.8516204091,7.4723466222,7.0621342616,12.2439631027,-5.5960276545,-7.3670195537,-17.8085992661,15.1114064226,5.6833724748,-11.5191781216,10.4566604295,-2.9434040137,3.5209541391,5.5160749022,0.1136023873,-2.7238731,-11.6897670279,19.9610491592,-3.8796537147,-8.6091996845,-6.2203624164,-4.8309216055,24.6482458205,-8.0042765244,-3.1899211172,-3.7653789556,-7.9290109163,-14.2792199626,-2.9860123038,-1.2158096641,3.4824195832,0.6344771859,-7.8489680897,2.0944130001,0.9244806485,-3.54309877,-1.1437773723,-3.9151207738,-11.6280188461,-4.6851548308,5.1268269982,1.0823767288,-1.4137773667,10.36619858,-1.4813600871,-0.7698650127,-2.7437964269,3.9989176107,-4.1003205935,5.5400876099,4.9982868408,4.827497257,-6.7554141416,-2.4827448017,-17.9779808899,0.4888418471,-0.5359654075,5.8705091558,-0.4507153653,6.2800412057,7.2024798373,4.178433089,-14.1903349849,-0.8994253851,-0.0954065323,-6.8520010765,-0.8831690676,-5.651335311,9.7538625476,-2.2149200754,5.712481396,10.6205163954,-0.3312526502,1.6933998553,-1.0006564206,3.5106312194,-21.625998999,8.7173025603,-10.0762572588,1.5971638359,-0.5400681767,-7.0367209607,-0.5166810104,-8.1776346194,25.7411803778,-10.8698422274,-1.8468764963,0.9787659466,0.8516849154,-3.0806104874,1.0104575896,-2.1223296031,3.8687435377,2.5114674207,-7.8454141917,4.2264093242,-0.5222477795,-1.6781080161,-0.698766042,9.1485715055,-14.4535667998,2.2873468568,0.6559759146,0.6646225492,-0.7372083682,0.5045574442,-0.3491748284,6.4707356689,-0.4982068022,1.5958505471,-1.1415470703,1.0612651897,-11.0562168901,4.055678986,-6.10625154,0.3647978868,-0.9467285523,-1.1441305623,-0.7462872587,-1.4591239041,0.6471813143,3.6464449921,-1.0169142443,-0.3961482432,-0.6602075934,-1.9941285794,8.7429804607,-0.9223039579,0.9056419982,-0.1662860178,-4.7675611801
biasActivation=1,1,1,1,1,1
[BASIC:ACTIVATION]
"org.encog.engine.network.activation.ActivationSigmoid"
"org.encog.engine.network.activation.ActivationSigmoid"
"org.encog.engine.network.activation.ActivationSigmoid"
"org.encog.engine.network.activation.ActivationSigmoid"
"org.encog.engine.network.activation.ActivationSigmoid"
"org.encog.engine.network.activation.ActivationLinear"
