encog,BasicNetwork,java,3.4.0,1,1572768849162
[BASIC]
[BASIC:PARAMS]
[BASIC:NETWORK]
beginTraining=0
connectionLimit=0
contextTargetOffset=0,0,0,0,0,0
contextTargetSize=0,0,0,0,0,0
endTraining=5
hasContext=f
inputCount=2
layerCounts=3,8,8,8,8,3
layerFeedCounts=2,7,7,7,7,2
layerContextCount=0,0,0,0,0,0
layerIndex=0,3,11,19,27,35
output=0.7752285015,0.7130045282,1,0.000391501,0.271416724,0.0000005133,0.9276143485,0.9994905147,0.9976805287,0.000445876,1,0.996262126,0.1540777837,0.0001305324,0.6027021784,0.5429924814,0.9708709762,0.6817505257,1,0.0016141585,0.0002141318,0.1837968673,0.5198497801,0.3485683716,0.0000025217,0.9964294539,1,0.0322801006,1,0.0001756547,0.9900112067,0.000002298,0,0.0051287212,1,8,30,1
outputCount=2
weightIndex=0,16,72,128,184,205
weights=11.1251028739,10.305534636,-15.6188996445,2.5780154887,-4.3369826099,7.6090970095,-4.999443159,-7.2092183916,7.6601308696,0.5645409876,2.5430912433,-9.5237978713,12.1600903112,-3.3801256783,-7.090659463,0.8097589762,4.0303535456,6.1690277086,10.7590623119,-0.8889648999,-6.8439435147,-5.1149724548,1.4376040175,-4.5744521527,-8.0238465481,0.5897548173,-2.5042252299,-1.4693891349,2.3059041585,5.4325492646,2.1741322546,-0.2071381798,-0.0105123274,-10.5891580261,10.2159479287,-10.5509076216,5.0581998278,-5.4235958832,-4.3877678866,-0.9723089274,5.7799419122,4.2386999968,1.074597329,-0.6207795884,5.6575903486,-4.9249817817,-2.8680386982,0.177965938,-1.3317857411,7.5365402625,-6.9452072076,-1.7893172299,-6.9660806027,5.8557779892,5.1021890462,3.4454306688,4.9984411275,9.5203733617,4.7467076224,6.7963059691,-6.5458811956,-2.1727938197,0.6406772745,0.7477748722,-4.3582584826,5.9925068049,-5.5908026903,5.2024797655,-2.8162572583,-5.0969372597,-4.0807690467,1.8285572784,1.5134171497,6.0103427309,8.8167067023,-6.6940720701,-4.0644801257,1.4867089896,8.1975267169,0.6896807264,-9.8959255243,-1.1433019028,0.6752189253,2.6218071637,10.7433176471,9.0491690143,-2.6790828864,-4.2490868992,4.4013764427,6.0523019908,0.8479921089,-13.5695275289,-1.878117711,5.8451314708,1.7399052971,-3.1329569434,0.6218255226,-8.5877718246,-6.7616737141,2.5751920226,4.957434432,8.555210606,2.9154894439,-4.3114723505,1.9932571739,7.4833635336,2.6536446267,1.7083222982,-4.2895183277,-7.781868559,-1.8460270588,2.1264190072,0.4855417493,-5.9091311228,-10.5072519002,-2.0174132421,5.2570869479,-4.0752316197,1.8898567188,2.771339071,8.1364189676,2.4826189011,-8.0440271383,-5.3733485776,-0.0375308131,-0.6794356791,3.6982374159,1.3480152741,4.8391140992,-2.2412227358,1.7501278234,-2.3884640231,-4.2258279699,-1.387646946,8.0940814796,-2.0195142203,6.256602098,-2.3215061794,7.1942580617,-2.4407701224,-7.1012257093,-6.4129826334,1.5953444168,-3.922202102,10.9019030978,-1.7509332456,4.0607192967,0.638779162,-10.2760813503,-1.0773163751,-1.3355229413,-0.7180520527,1.3878632322,0.1488325864,-2.0886730165,-0.7601022915,14.8494149344,2.4145019592,-2.6137503764,0.6520556669,-2.4259974221,0.1874052751,-3.4089418297,-1.1258711278,3.4795754803,-11.8265611739,11.5944954081,0.3213190186,5.7228246424,-5.0387942751,-11.4048072093,-3.0507292996,5.433445596,0.3351956281,7.8671757511,-5.0546190843,-2.5257177541,2.390534532,-4.4126390092,2.517993223,-2.6747935175,-0.8647621983,2.1239636398,0.8195021889,1.8717884197,-0.1556568931,-13.705092289,0.8127098022,1.0646881666,-0.959040697,1.2658450145,-0.4557222084,-5.101908601,-0.8401433208,0.4074554959,-0.9062658443,0.0969589754,-0.9286382636,14.0999907979,0.5671740064,-1.6823026781,0.8425199756,2.0709764601,-0.5517864247,-5.2819759498
biasActivation=1,1,1,1,1,1
[BASIC:ACTIVATION]
"org.encog.engine.network.activation.ActivationSigmoid"
"org.encog.engine.network.activation.ActivationSigmoid"
"org.encog.engine.network.activation.ActivationSigmoid"
"org.encog.engine.network.activation.ActivationSigmoid"
"org.encog.engine.network.activation.ActivationSigmoid"
"org.encog.engine.network.activation.ActivationLinear"
