encog,BasicNetwork,java,3.4.0,1,1572766336512
[BASIC]
[BASIC:PARAMS]
[BASIC:NETWORK]
beginTraining=0
connectionLimit=0
contextTargetOffset=0,0,0,0,0,0
contextTargetSize=0,0,0,0,0,0
endTraining=5
hasContext=f
inputCount=2
layerCounts=3,8,8,8,8,3
layerFeedCounts=2,7,7,7,7,2
layerContextCount=0,0,0,0,0,0
layerIndex=0,3,11,19,27,35
output=0.8714266398,0.845037538,1,0.0250119626,0.9990225853,0.9987738315,0.9999999602,0.003058113,0.9997673503,0.4463677066,1,0.1598937213,0.0018538494,0.9841127235,0.2946704182,0.8057764528,0.0077499371,0.0000000112,1,0.3190743499,0.9924052753,0.9997786117,0.0025229109,0.9982673461,0.5303915713,0.9999563319,1,0.9999694517,0.9999990764,0,0.4656126314,0.0000008043,0.0000002574,1,1,8,30,1
outputCount=2
weightIndex=0,16,72,128,184,205
weights=-8.7924239598,-3.8748051579,-8.6072968685,8.7226267348,14.9580150046,7.6588341658,3.5596266162,-3.4130158329,9.2776912944,10.1834859084,-6.561003992,16.2838099917,13.591039381,-7.0177155107,-18.0530981141,-3.4073978811,0.8054834145,7.8207484535,1.2342967744,-14.1956390311,3.1554540726,-0.446783464,4.8415582166,-3.3771415889,-12.174531741,3.9742973028,-10.0507221426,10.1637486628,11.0869517469,-2.0932889643,0.1729766528,6.8475907061,1.0275343413,-0.2395041516,-1.5823504648,-2.6195089215,5.2376052679,-0.9216694473,0.7339548053,4.6546886961,6.4126195442,8.2130838025,22.2884091979,5.3843640775,-1.2202481423,-0.0297062942,-7.9507382842,-6.539445654,4.5960030093,10.775592017,-1.5374745092,-3.0332493972,-5.1142111034,-4.0970363227,3.9545490421,0.0177769424,0.3932192112,7.9117108908,0.7908537765,6.9543871796,9.0391597082,1.1858911313,-0.9010159424,-1.8320704298,-5.6403102958,-1.2099012187,-7.7908305041,-10.7448601093,6.9617144402,4.1701178008,-0.6301724985,5.8800796448,-3.9686697838,0.7315020373,8.2114094591,-5.6869698096,0.8061613049,-11.3183317013,-5.0290623405,0.9133173261,-3.0274733864,-0.1519144686,-2.2751397236,1.0523136782,-4.2767620833,-6.6091581187,6.9509157012,-2.0757229729,0.6841855912,5.7379444134,-2.9464406491,-13.2414438035,-1.0286840394,-7.9704671855,5.1579423494,1.2893980135,-2.2105215651,1.4093017264,-10.2477477488,-15.4339353108,2.8066956446,11.8186398279,4.3058380223,-4.6576575108,-4.1085998767,-3.3921849765,1.1146599701,6.6510967989,-2.5658546609,-1.4175054914,13.4678627053,-5.1850583745,-2.7064893595,-0.1710157424,-6.7820379305,-0.3964755654,-3.2679627405,1.7480861467,3.388588298,1.9092245839,1.4232581117,-0.2542477153,-2.7984273823,6.2478885092,-6.3137526212,-0.2972808302,-10.7097438729,1.4433925528,-4.1469210842,0.3754311596,-3.1677451049,2.1998911756,-1.828717243,0.62946868,0.4664451643,1.5225936401,7.6623968949,-0.9841745086,1.9254963348,1.5462321215,-0.311791242,0.1266840747,-1.582706931,-0.9425496036,-0.6727186718,1.4526625711,0.1245682807,3.485513701,-12.8295682864,-0.4595518888,3.6379716726,2.374547304,-1.4523017419,-5.550128086,1.2773903841,15.0772430902,5.9232633247,0.4959691614,-0.9878947437,-5.0097004522,0.4174456757,0.6882486035,-0.0297203311,-0.4428505384,-7.5298904958,0.2178917081,3.1632094064,2.2936793783,-9.1689454986,3.9671743344,5.3578655558,-4.2211555768,-13.9803928585,-0.2045800945,2.3602389453,4.9284067694,15.5433864845,2.6768733299,-4.7462856432,-10.6198574573,-7.3784917822,0.065603539,-5.5071012151,2.2709132362,-1.4224707459,0.4285063729,8.9207448626,0.8710840904,0.1973612063,1.0054642231,1.9898928844,-4.0265575389,0.8567696264,1.0820981506,0.1424579835,-13.0682916709,2.6074704556,-1.2515630193,2.6537732207,-0.8469326208,-0.3006941946,0.6236421893,-5.5931710114,6.3020949439,0.114206858
biasActivation=1,1,1,1,1,1
[BASIC:ACTIVATION]
"org.encog.engine.network.activation.ActivationSigmoid"
"org.encog.engine.network.activation.ActivationSigmoid"
"org.encog.engine.network.activation.ActivationSigmoid"
"org.encog.engine.network.activation.ActivationSigmoid"
"org.encog.engine.network.activation.ActivationSigmoid"
"org.encog.engine.network.activation.ActivationLinear"
