encog,BasicNetwork,java,3.4.0,1,1572768858945
[BASIC]
[BASIC:PARAMS]
[BASIC:NETWORK]
beginTraining=0
connectionLimit=0
contextTargetOffset=0,0,0,0,0,0
contextTargetSize=0,0,0,0,0,0
endTraining=5
hasContext=f
inputCount=2
layerCounts=3,8,8,8,8,3
layerFeedCounts=2,7,7,7,7,2
layerContextCount=0,0,0,0,0,0
layerIndex=0,3,11,19,27,35
output=0.3975915809,0.5454547532,1,0.9998472127,0.2706937833,0.998388611,0.7814486336,0.8276695939,0.9924438331,0.0019382892,1,0.3089567919,0.6176636294,0.000668137,0.9888549035,0.9999760474,0.8963487839,0.9543008905,1,0.6266804575,0.0588073528,0.9979220548,0.0283991921,0.8695400013,0.9194025889,0.5392898177,1,0.9957911207,0.0000002007,0.2251255198,0.0019737602,0.9999999998,1,1,1,8,30,1
outputCount=2
weightIndex=0,16,72,128,184,205
weights=2.892356164,-1.3133810603,-11.1508032736,6.5752588287,6.321578307,-4.6902801892,-6.2380574939,2.47746011,-9.9356431435,13.1031836942,-4.1349861795,1.2470517782,-2.0632138351,5.9253376754,-10.2528207045,5.5702807852,3.7188592942,-5.1047241729,1.5716047686,1.5928691052,10.2225487563,4.4391153104,-4.7786436523,-0.4268552636,-4.2384299576,-1.696183163,6.9551834866,0.7097516084,1.6594185936,3.9522378882,-2.841669507,-1.8305861955,-7.6549577133,9.5516277067,0.0122998361,6.1174463445,9.4731370894,-5.2685050629,-8.4463497844,0.1549962172,1.7731651996,-3.8209159906,-0.667737599,4.1661967908,1.2415060653,-2.8701380089,0.0531488017,0.2474682047,-4.2794344771,6.5338640236,-0.1176784621,-1.7937261256,2.649655807,-2.1072203995,0.4877231833,-0.5967784515,-7.3321854759,-1.0329206106,0.7167380095,3.1216809649,-1.1712768241,-1.8299256526,5.3968557873,2.3550400812,-8.0312141272,7.1601044975,-0.3053788965,-3.8431597973,2.2860664683,-8.4963166839,3.4321107513,-2.3303308324,-4.2698625899,1.0633302087,1.1951419452,3.6110496638,-1.7555262022,-2.9951459705,5.6974937326,1.7207423502,4.0081276497,-2.5984213403,-2.6713412236,-4.908097793,-4.251060421,2.8605883542,-3.0464414299,3.6351601831,-6.5934968153,-0.7127049752,-2.7101359016,7.9287021476,0.338692878,2.557956042,-0.664660036,-2.9449394736,2.3519470191,7.6304589069,6.0840816596,-8.9610284601,0.8278188307,-1.9893637851,-2.0749545105,-1.0258451756,0.4368196497,-7.1001342523,6.2195527097,4.8640737463,-4.2567315735,6.6848104251,-2.1571353172,3.1571246944,-3.6982597252,0.551723726,0.8452465592,2.443266427,1.7006359549,-1.7622144278,7.5871633174,-0.4206636633,7.9620519046,-2.8546958925,1.431797304,-11.0228585701,-2.9237223924,-1.4439148262,-5.2475358362,3.801108404,-6.2339057666,-1.575675063,-2.8512412084,9.1521038078,2.3757090955,1.8815394698,-0.0786347592,3.1708796598,1.1976968311,0.9597923713,4.5915718652,10.3549108753,-3.1985466516,-0.5034715961,-0.0610500774,-1.2565868003,11.3833249855,-0.6675695072,-6.518098016,1.9818577071,-5.1911173094,1.1153029615,1.4372688521,-1.0590941593,4.0379042916,0.6842949339,8.5022973779,-7.9394839419,-7.4718757918,-1.6630711975,2.7665032329,-3.0834634311,3.7302207832,0.9210767813,7.2716805155,-6.4153810234,-0.756102225,-3.3810534447,1.9671867836,-1.2720327843,-5.2345527402,-0.6252025686,1.1728710428,-8.1007355438,3.9639377543,1.4965443477,0.332319217,1.605923223,-3.5739832839,-0.4222554637,9.0299178813,-10.8639652439,7.4036590041,-2.447949359,-0.2369987352,-3.0137081508,-1.607016745,0.1558117091,13.6481237798,-1.3778087307,-0.1124572408,-1.0252396522,-0.1469671904,-0.2793725779,8.320871919,-1.1223827817,-0.4968689961,17.6592930018,-1.5764092689,1.0806271088,2.4165575333,-2.2415787621,6.2166898627,-1.3253367005,-0.7023014536,5.7842658615,0.2292610373
biasActivation=1,1,1,1,1,1
[BASIC:ACTIVATION]
"org.encog.engine.network.activation.ActivationSigmoid"
"org.encog.engine.network.activation.ActivationSigmoid"
"org.encog.engine.network.activation.ActivationSigmoid"
"org.encog.engine.network.activation.ActivationSigmoid"
"org.encog.engine.network.activation.ActivationSigmoid"
"org.encog.engine.network.activation.ActivationLinear"
