encog,BasicNetwork,java,3.4.0,1,1572768879660
[BASIC]
[BASIC:PARAMS]
[BASIC:NETWORK]
beginTraining=0
connectionLimit=0
contextTargetOffset=0,0,0,0,0,0
contextTargetSize=0,0,0,0,0,0
endTraining=5
hasContext=f
inputCount=2
layerCounts=3,8,8,8,8,3
layerFeedCounts=2,7,7,7,7,2
layerContextCount=0,0,0,0,0,0
layerIndex=0,3,11,19,27,35
output=0.5665999444,0.815126911,1,0.0000007214,0.0673093344,0.7142576104,0.9875293657,0.5497570065,0.7648107804,0.9999998283,1,0.0000000001,0.9883438912,0.0251946371,0.9999998182,0.9994126475,0.2713982759,0.9994109383,1,0.6356935691,0.0000389183,0.9823428828,0.0000062826,0.1060313738,0.0005549362,0.9999999995,1,0.9998123371,1,0.0000002177,0.937872296,0,0.0000000269,0.0000000242,1,8,30,1
outputCount=2
weightIndex=0,16,72,128,184,205
weights=4.7748505434,-1.6746287321,10.83773745,6.2172517618,-0.1954799047,9.1939632527,-14.8728381741,-5.5512883112,-22.1283195037,-56.6273760488,-36.0509880017,-31.5498941575,-23.7664145147,22.4906002385,9.3499149903,48.7161666961,-2.904338013,-9.5925879155,1.1890362399,0.8112362931,19.3365753933,-1.1046530384,-23.2108125429,-1.330699341,0.1978575436,1.9661570897,2.0013278056,2.1623273354,-2.7727346182,0.1961679019,-4.4381247956,0.3686131908,-7.8033626182,21.0867069306,-6.0243503302,-1.0810896018,-21.9152706643,-14.8851320371,2.6450982627,4.6067634834,1.1670069996,-32.2297206071,3.6184818304,13.996586948,19.4213896432,10.7082714081,20.0870708227,-20.253300789,-0.3507538673,1.9410129559,-3.8217905725,-15.2347899399,7.0937717924,3.906782353,18.826857815,-13.3532904256,-31.5353352456,-2.7231332525,0.7643130893,5.8268152898,-1.0505064942,1.6317789772,2.4642190897,-3.8311806648,-15.1196151011,-4.6148144078,-14.5530010447,26.0648084762,-4.5208711424,2.6634901389,-2.2240173705,0.4587220545,6.4356870721,6.9987476185,-19.6158029,9.7321136753,-1.6084689078,13.9068948918,-9.5913794518,1.255690024,7.023376374,-1.4103578354,-8.99313781,-16.1725464033,2.7286005251,-1.3232617011,2.2589502742,6.2624533117,15.2953899759,5.034387571,-4.6230826118,7.1151921011,0.7116552441,20.1471990777,-7.086657399,-1.8375568394,-3.1123433551,-11.9407723929,4.0919535376,5.0652777751,11.4992240386,-20.2123717218,21.8599917828,-9.5884332401,-8.124516556,-3.7372228238,-5.0281459945,4.7757773714,-13.9767346862,14.7510523268,31.2482181212,-12.230951988,-16.9905430177,-1.1373037654,5.7671347326,0.4319480024,-3.6325050749,-6.2663655781,1.9061818525,2.6304319502,2.0302162379,-6.2745637171,0.9114876144,-12.1373012292,-0.9451695813,10.3401606727,3.5308877782,1.8143137542,2.8781961344,6.3873146238,0.8497591873,-20.6918590639,-0.4334301622,0.2995715866,0.5428625669,10.698071816,-16.0489865457,10.0892505475,-0.8221467677,-13.3006920582,0.0440760655,-0.7029596373,0.3490805396,8.2770688783,-15.0096144855,4.2286776725,-0.9977566665,10.2527153824,-0.5648375736,-0.0283048128,0.4842660878,5.1811840309,-8.7963604013,5.9009393709,-0.4638156704,-18.9410083868,-0.9903883852,0.1981914485,-0.639062773,8.6802958276,-9.3520627647,7.9626667966,-0.3781207128,-10.3816505563,0.8106453395,-0.0368580515,0.8937820446,8.9923677871,-10.2120381509,22.2359211361,1.5357907995,-41.4680961768,-0.1313162053,-0.2062619086,0.0006032322,19.3698766114,23.229466691,-10.9296122114,-0.4019564368,23.4433365635,-0.6112189329,-0.2686838961,-0.471304204,-12.8655112017,0.1539954664,0.4619453043,-6.5096470854,-0.5117618009,2.9290993453,-1.1251105756,-1.4009485624,-0.1122987707,-0.7634710079,-2.828487235,-0.1679620984,30.3811826169,-0.9553617957,-0.6751362697,0.8424964517,-0.9660314163,-0.3202494089,-0.0971092861,-1.1438417701,-0.3053017696,0.7746479888
biasActivation=1,1,1,1,1,1
[BASIC:ACTIVATION]
"org.encog.engine.network.activation.ActivationSigmoid"
"org.encog.engine.network.activation.ActivationSigmoid"
"org.encog.engine.network.activation.ActivationSigmoid"
"org.encog.engine.network.activation.ActivationSigmoid"
"org.encog.engine.network.activation.ActivationSigmoid"
"org.encog.engine.network.activation.ActivationLinear"
