encog,BasicNetwork,java,3.4.0,1,1572768914060
[BASIC]
[BASIC:PARAMS]
[BASIC:NETWORK]
beginTraining=0
connectionLimit=0
contextTargetOffset=0,0,0,0,0,0
contextTargetSize=0,0,0,0,0,0
endTraining=5
hasContext=f
inputCount=2
layerCounts=3,8,8,8,8,3
layerFeedCounts=2,7,7,7,7,2
layerContextCount=0,0,0,0,0,0
layerIndex=0,3,11,19,27,35
output=0.0625020343,0.142856973,1,0.8054513363,0.1284148699,0.0001134529,0.0000002202,0.9978993139,0.990329763,0.4374599766,1,0.1691742469,0.9325153894,0.9976319174,0.6083365825,0.3929483493,0.2098908605,0.99304403,1,0.9979842505,0.6360976677,0.9999999917,0.9898575173,0.2695417556,0.7163238094,0.0000199428,1,1,0.925812516,0.9999978267,0.0944260008,0,0.0144430992,1,1,8,30,1
outputCount=2
weightIndex=0,16,72,128,184,205
weights=-6.2820320049,-2.555896552,-11.1391434004,10.9820408115,-6.3445098331,7.2492318534,13.4274405313,-4.0405838106,-9.120766481,-12.6408852245,5.4279007064,-3.2479930298,7.2704495982,-2.7163149203,4.2355935657,0.7592034127,0.5115462964,-7.7335883906,7.3680411706,-7.374421699,1.3735152467,0.1561741397,4.9746844298,0.1688268919,3.1786651803,-2.062069197,3.0952786971,-1.8258537607,-6.1344951766,-13.8481584221,1.6998614286,1.122004836,9.5150704597,-6.2470948384,-2.5988081195,-1.901715436,-5.2725506643,5.4806350915,-0.5609536529,0.3598916336,-2.8566380773,5.4622615058,-8.6699851883,1.8354583789,1.3313078699,4.1141994908,-8.8757945514,-4.9788845789,1.4066406949,-0.9218705311,7.8325106805,0.5972777353,0.7887359773,-6.3085184552,1.3658114119,-1.7343721095,1.7598961299,-9.8323137556,10.9036707497,1.7492308837,1.0125351227,-2.4622175182,3.3919844149,-1.6913980642,-2.6471468407,-3.6989243528,-7.0438219851,6.8891567946,0.591412296,-2.3896022289,8.6433742759,-1.8322186169,-3.9792387388,1.9170449376,-4.1737345237,6.042924774,3.6991775827,2.2659407695,7.3245564333,-3.2679773232,5.1141666816,6.3236361704,-4.8090258701,-3.8081200481,-8.5592475779,-1.1469683285,-11.4581101053,5.2071039862,-4.7370855861,-1.4461391782,4.8034107681,8.2628979127,2.7358232412,3.8069868267,6.4776533154,-4.7563590568,4.1208723196,-1.6996464808,-3.9610986764,0.8946877071,-1.0204495022,-4.3145494237,-4.6224533675,3.8501466698,1.640034924,-2.9584427962,2.7647791391,1.2417338552,-6.5521229639,-5.0331460445,5.8035207265,1.1875924643,1.139495106,0.8571647352,-0.6778738058,4.557376718,7.732284477,-12.7661138942,0.3201557789,0.2191895534,-1.1138961427,-1.7448971113,2.7731121032,3.3722126315,-2.4025835485,4.4112731097,9.3662653006,-1.440861755,1.3448627309,0.4247152401,1.0326951815,0.6342693725,0.4131510131,-0.4848129356,1.5895645781,1.7915301689,-0.6152819678,-6.1046041623,2.7085429873,-0.2344938138,-1.6126809131,-1.996578084,2.7011570276,1.4667524698,5.7151261635,5.9544428377,2.1960264157,-2.6193750547,-3.8117232463,-10.0031342652,2.7875840503,2.7855796088,0.5871666875,4.601548222,0.6328871479,-9.5484571324,9.471433082,-9.7363272483,0.266553489,-0.1237033226,3.2877848288,-10.8608891629,1.4482430403,-1.5843985701,-8.3874508205,6.4200688857,2.5620159899,1.8170403858,0.2466530241,-1.6784756246,1.4379592672,-10.1227276001,10.2285337115,1.2221820172,0.1400626473,1.5937774147,-2.6554351188,7.1469334831,-5.6793431677,14.3917345492,-8.0214745894,8.2170723822,-5.0758617931,-5.5063512537,-2.1116570246,5.8346562155,-0.9428302622,1.4002946343,0.226106352,-15.4614713446,0.9809094392,0.1606012447,0.3739261371,0.0407604866,-0.2215540534,4.0597851816,2.8584795278,-1.6111962074,0.0840548908,1.9269304032,-0.1956994048,-13.7674512108,0.3840284436,1.0709545546,-0.2477775662
biasActivation=1,1,1,1,1,1
[BASIC:ACTIVATION]
"org.encog.engine.network.activation.ActivationSigmoid"
"org.encog.engine.network.activation.ActivationSigmoid"
"org.encog.engine.network.activation.ActivationSigmoid"
"org.encog.engine.network.activation.ActivationSigmoid"
"org.encog.engine.network.activation.ActivationSigmoid"
"org.encog.engine.network.activation.ActivationLinear"
