encog,BasicNetwork,java,3.4.0,1,1572768930396
[BASIC]
[BASIC:PARAMS]
[BASIC:NETWORK]
beginTraining=0
connectionLimit=0
contextTargetOffset=0,0,0,0,0,0
contextTargetSize=0,0,0,0,0,0
endTraining=5
hasContext=f
inputCount=2
layerCounts=3,8,8,8,8,3
layerFeedCounts=2,7,7,7,7,2
layerContextCount=0,0,0,0,0,0
layerIndex=0,3,11,19,27,35
output=0.5406991191,0.3699374543,1,0.0000064077,0.9989975616,0.061732797,0.8807111324,0.3238470164,0.0000000461,0.9965811763,1,0.1378098701,0.8835110629,0.9998089922,0.9999992471,0.9566408828,0.0086011793,0.4532654543,1,0.9949207344,0.9954381293,0.9312522851,0.9771583742,0.9999549371,0.0015346312,0.0000569408,1,1,1,0.971313636,0.9823408176,0,0,0,1,8,30,1
outputCount=2
weightIndex=0,16,72,128,184,205
weights=10.2393394623,5.2249645615,-11.9483745775,-4.0917514251,5.8078203585,-4.6200779216,-9.0511283408,6.423961651,-19.0610059456,-6.6842416191,15.129446036,18.496460056,-11.6629507568,15.7544074319,-4.6815738531,-2.6362637741,12.8085022505,-16.2984754984,3.3843836104,-6.9897593849,2.2468565141,0.7258321207,-7.4673901802,5.5117983675,-1.3453313657,-2.5073598477,2.7437976283,3.4761161994,0.2082148865,1.7922838584,1.5864647025,2.151917647,18.4728034674,5.8663317015,-2.8997381845,-16.0877010762,2.7983631981,-9.353924729,-1.6433227514,6.6852378213,-10.4830478837,5.572941909,-5.3683719807,3.3478546079,-1.5098789607,5.2644573907,2.713083099,0.7089723623,0.916861584,5.635212126,-1.1741056542,-2.9739524558,1.2305986058,2.0811575692,-0.7766208554,-2.5365672897,16.7015322137,-13.7947374939,1.8729433925,1.1263419736,-6.0804597002,-0.8013601548,-5.7297815313,-1.5836267089,0.3743281317,9.1843687275,11.9930946409,-9.0070766503,-3.9072956664,3.0346667661,0.1633223999,-1.8370287602,3.1985011268,-7.4730501962,-8.2374390247,-8.840019716,18.5847471068,11.1619780106,3.950479744,0.1310723077,11.2740320867,-2.0229218946,7.466080787,-2.2584657905,-5.3152105152,7.6970076395,4.8355875678,-6.620009639,6.9771760283,-6.6716026624,4.2250625466,0.458754545,8.3388783657,-10.5067785209,7.2380951971,-4.4432300587,1.9753594752,-2.954355619,5.791615757,-2.1102413844,9.8335931346,-10.2406919382,-1.6729313345,1.9261412917,6.0556207306,-1.6313931982,3.5554472878,-1.3250581405,1.2697294247,-6.2937496838,-1.1156066204,-4.5831774132,-3.8098438079,1.6644682626,-0.1583859999,4.5935686694,-8.0513032841,12.3059462484,-4.5697579703,1.0775686704,-1.3037044491,3.9404693446,-3.8874868383,4.8473585312,-1.6193002293,11.6261292514,-9.3046070135,-2.3273870218,-2.2392506294,-1.5802944617,-1.0835655165,11.836247783,-0.8806238584,1.5208376554,0.3575304547,-1.4777058889,-1.8655880295,1.1486281947,7.4045067017,-0.0232558242,-0.7842347109,0.5124084998,0.2347044406,-1.0668431621,1.3628044662,0.5765556755,-10.8101011695,12.8687822651,-0.0790773022,-0.9165717403,-0.2801791855,-1.4748048348,-2.7179249751,-3.3951424915,9.8797942167,3.3093227611,-0.8080586747,0.3130727301,0.7479275337,-2.9781300279,-5.6937756742,-5.9171479039,9.3155238113,16.8361399179,-0.1912623864,0.7743915662,0.6262749908,-3.9687938895,3.9737347204,-3.0565500347,15.0239746894,-18.8647312526,0.6338105828,-1.2513873894,0.4092441973,-3.4565100552,-0.4082637147,1.3853089333,-8.2106417765,-4.3456335109,0.0732441476,1.4958693168,-0.7681295192,1.493515363,-2.012845353,4.1343989286,-0.6741002719,0.1504499291,3.9415139897,1.4882251622,0.4238566298,0.2960031363,-8.748719597,-1.6744232347,0.2572546886,9.6964276329,-1.0701643045,-0.5197626935,-0.1566595645,0.6349228926,-3.8379525467,-1.2512064635,-0.9113805958,-0.9730182272,-0.182465584
biasActivation=1,1,1,1,1,1
[BASIC:ACTIVATION]
"org.encog.engine.network.activation.ActivationSigmoid"
"org.encog.engine.network.activation.ActivationSigmoid"
"org.encog.engine.network.activation.ActivationSigmoid"
"org.encog.engine.network.activation.ActivationSigmoid"
"org.encog.engine.network.activation.ActivationSigmoid"
"org.encog.engine.network.activation.ActivationLinear"
