encog,BasicNetwork,java,3.4.0,1,1572768964035
[BASIC]
[BASIC:PARAMS]
[BASIC:NETWORK]
beginTraining=0
connectionLimit=0
contextTargetOffset=0,0,0,0,0,0
contextTargetSize=0,0,0,0,0,0
endTraining=5
hasContext=f
inputCount=2
layerCounts=3,8,8,8,8,3
layerFeedCounts=2,7,7,7,7,2
layerContextCount=0,0,0,0,0,0
layerIndex=0,3,11,19,27,35
output=0.098690068,0.3001602624,1,0.4199680622,0.9946470923,0.2610304734,0.2582892507,0.9998741971,0.0000000002,0.9999999955,1,0.0563587136,0.9999976307,0.994940985,0.999995449,0.9831070511,0.9995716731,0.2133853655,1,0.0055856702,0.0430908822,0.0460774083,0.7527111646,0.9988689051,0.002051047,0.9999999261,1,0.3762778463,1,0,1,1,0.0001294755,1,1,8,30,1
outputCount=2
weightIndex=0,16,72,128,184,205
weights=-13.4082988952,-0.2612937853,15.6554703481,1.4483663698,5.4504670289,0.6566191039,-2.7119844893,-3.5193616315,3.1422471004,-16.2900692041,5.9818868241,-15.5273194954,3.7716536173,13.6430958906,15.910246011,-3.1956483867,-12.2453681715,-3.7178857641,5.5588782664,5.271080097,0.1907570317,-7.4869435696,10.8907518932,-1.7444312202,-6.9669016102,-1.4725535151,-3.0150940528,9.6537615942,0.4706689964,-2.4180313568,23.5338914948,-2.6314436802,5.7258977456,-13.9268379023,4.9800259356,-8.9286148103,16.207721978,-0.5969074363,8.6586388193,-0.6476773907,7.5299060972,8.6596173571,3.1017214891,-4.1586464773,-7.9704311887,-1.1676190243,4.5753340055,-1.0396575155,4.5988237117,1.1646082744,1.6866160901,-2.3222443339,2.5759080395,4.2739495268,-5.2014176628,2.5064233871,3.5353269356,3.1691391347,-5.4831489689,0.9884570936,-13.6552305008,-7.4239065625,-4.9239176314,0.8797968484,-5.9706359505,7.8166465949,1.849140405,15.4771246582,8.5397478305,-7.4856829422,-10.9405236915,-4.1553653487,5.7939749603,-3.3649704001,-9.7723496703,5.0085927969,2.7270353369,-3.4798929979,-9.7466946948,1.004768496,7.7413274044,-12.8476571857,-14.2065077163,4.2986500339,3.5828545111,-3.4457611397,3.2046312469,4.1058615496,-12.0219686046,-4.7115907435,-12.2875675813,1.7913649435,2.0432184742,-2.2427640993,1.2013359345,1.5318446231,-10.3380273134,1.9860542663,-14.2728293375,-0.6297119986,-0.1407598968,7.4276305075,13.9906499779,-0.4613185427,-10.9464737561,18.2451067647,-0.9972666682,-2.4182803155,-4.0918982232,-11.2896345466,13.0914934276,-3.7760815818,0.3050221315,1.7425531544,-9.9315625436,4.0035431838,3.8488247866,-10.4565818343,-0.4438762993,1.7433644192,-6.550915937,8.6841389004,21.1182163835,-3.7632257074,-6.121364672,1.0328527694,10.9206303144,-4.5910124389,23.2297061263,-1.0558925462,-8.1692274107,0.1087288176,-7.529374099,-13.6788550682,-3.9453905816,-1.4990738316,8.52266162,-1.7385779977,-2.737675412,-2.159192403,1.4113386004,13.5287520724,-1.7618232722,-2.0607823231,-21.3155899131,0.2619483527,1.213038615,0.4872106937,0.7878625921,15.233930433,0.3960128701,3.0553175781,1.3123457255,1.5513647493,-2.1837991018,-0.0818813384,0.7706959101,1.4197868235,-0.7865154801,-0.8345297443,0.0199698805,2.1307909318,-0.6568233176,3.1346967001,0.7068246416,-0.2624731091,0.5088222121,0.2948226793,9.6738820359,-4.8967759066,5.426273467,-4.987923614,1.6423221118,5.1979076646,2.045010461,-3.6307252846,-28.5539501346,5.3576838712,-0.9929221028,3.756250306,7.485822149,-3.5427545004,6.7127148619,3.8521179236,-0.7812346884,-0.2883411658,14.3947353012,-1.4408453098,4.3573321693,-0.5498427055,1.6685198123,-2.8615184227,1.2677758968,-1.0367072675,4.6299981773,0.6474498329,-5.9848842276,9.2754608687,2.6312618535,1.4753268072,-0.4281100237,-7.9112033269,-3.2930830057,3.8125979085,2.9302049075
biasActivation=1,1,1,1,1,1
[BASIC:ACTIVATION]
"org.encog.engine.network.activation.ActivationSigmoid"
"org.encog.engine.network.activation.ActivationSigmoid"
"org.encog.engine.network.activation.ActivationSigmoid"
"org.encog.engine.network.activation.ActivationSigmoid"
"org.encog.engine.network.activation.ActivationSigmoid"
"org.encog.engine.network.activation.ActivationLinear"
