encog,BasicNetwork,java,3.4.0,1,1572768976528
[BASIC]
[BASIC:PARAMS]
[BASIC:NETWORK]
beginTraining=0
connectionLimit=0
contextTargetOffset=0,0,0,0,0,0
contextTargetSize=0,0,0,0,0,0
endTraining=5
hasContext=f
inputCount=2
layerCounts=3,8,8,8,8,3
layerFeedCounts=2,7,7,7,7,2
layerContextCount=0,0,0,0,0,0
layerIndex=0,3,11,19,27,35
output=0.228302872,0.0005190419,1,0.0761217477,0.908033865,0.6037080469,0.066689237,0.7009363799,0.6611909949,0.5415037556,1,0.0011454008,0.5272371691,0.5197005143,0.9989118126,0.0466696474,0.1221274742,0.6695063375,1,0.0032312832,0.9999999131,0.2861161465,0.5583449434,0.0674334392,0.1544974112,0.0000005946,1,0.0000271092,0.0125091493,0.0000024387,0.9999839928,0.9149896076,0.9994567991,0.9999999994,1,8,30,1
outputCount=2
weightIndex=0,16,72,128,184,205
weights=9.3473589989,8.8908070759,-1.2371314519,-9.814100623,-11.0198395625,5.609689554,-5.0937696488,-1.8278235117,2.1886866283,-15.3638676747,2.0574978084,0.0378098495,5.8708107317,1.5609745511,-3.998779532,1.9948362025,-1.2538605471,-7.3530602476,-4.5434233327,0.7299888663,0.9922443348,14.2273912239,6.5295169129,-3.1413945167,-7.8140072759,-0.2738120892,8.2041349158,-7.002307551,-6.4084351346,-0.2034687454,11.4333327806,-2.1565902867,0.5970521083,-0.0612409801,-0.2161018542,-0.4968169494,1.4786774418,0.5127236276,0.0543341862,0.8931246629,1.9258416391,3.1449765351,-6.0487637249,-1.5090941997,0.0783098841,4.6991947123,-1.6079400573,0.8509191887,1.0560817102,13.3102654354,-3.6836722478,-2.4930693596,-0.0894636002,3.0944185612,-0.2029541732,-2.000211894,-2.9246692016,-4.3673238953,1.2883285485,1.8393710827,2.2810998508,-2.8714284574,2.0490956373,-0.6600032377,-2.6947751546,4.3804427167,2.5589572581,1.489822977,-3.3470689323,-6.0605379908,-5.1531952275,-0.6116793054,4.8435975405,-3.0410217991,-6.8143374574,-1.0149158895,3.6449516256,-1.8238721312,3.2089836476,-1.1931290079,-2.054427643,-4.5688963641,-2.2551204325,1.645980985,-11.0692035566,11.061557097,1.4719836558,3.4482439036,7.4783373724,5.2299175286,-7.9854281567,-5.9518554047,-0.4473404216,0.8239236158,0.5621500286,0.3355807783,-2.8778144269,3.9970468333,-1.894801343,6.8616537175,-1.121913205,2.3208230135,-0.1197252792,-0.7375373462,-0.600780067,-1.7660397732,-2.412631809,4.7904947121,-0.3387000859,1.5068776181,6.6726353001,-3.4433151027,-4.5313864587,-2.2612499765,3.7080563238,7.8297994798,5.6584287101,-10.21442983,8.0358923375,-3.9326769089,-1.4970234541,4.7201913802,-3.3616571037,4.2111984465,3.7787860567,-7.4904732458,15.4865786949,-4.496444521,5.0614209655,5.1437423946,-0.5977801464,-3.0498786731,-3.1757767396,-1.4945144333,1.6146110723,0.0386050796,-3.0131514997,-1.1109437372,-0.6148863803,11.1682703114,3.7493309522,2.318690214,0.8337921464,-1.4771586992,-7.8746441242,10.4417784194,0.680919419,-1.3343068693,-9.7742836474,9.392781642,-0.7159144811,0.5611600816,-4.1299374456,3.142460925,-0.336588971,14.9912006143,-4.8836673204,-8.8403069494,-4.5936978107,3.1019979482,-8.9811058989,-4.4429395085,0.4600201485,-7.658816017,-4.4716842055,-4.5057437198,6.2882283459,7.3943260911,-6.6200971516,9.6389614335,-0.4254466253,1.5924812226,6.5374984436,-3.3283662682,-3.9257813138,-2.1420078536,-4.9684361286,3.406492811,-0.3490057513,1.5945038819,-6.6518928327,-11.3970670307,3.1006682005,-1.5957593639,1.4607759469,-0.4480551884,-8.7601629229,0.720906144,-0.3345576275,-0.0992272394,-0.998418186,-0.1460683781,-0.5546584853,1.0965158084,0.7953135951,-21.5890810231,-0.3109970049,0.1604588151,0.0503507819,-3.2520059621,1.2137041932,-2.8775900409,0.8977641689,0.748782538,-8.3816191376
biasActivation=1,1,1,1,1,1
[BASIC:ACTIVATION]
"org.encog.engine.network.activation.ActivationSigmoid"
"org.encog.engine.network.activation.ActivationSigmoid"
"org.encog.engine.network.activation.ActivationSigmoid"
"org.encog.engine.network.activation.ActivationSigmoid"
"org.encog.engine.network.activation.ActivationSigmoid"
"org.encog.engine.network.activation.ActivationLinear"
