encog,BasicNetwork,java,3.4.0,1,1572768989272
[BASIC]
[BASIC:PARAMS]
[BASIC:NETWORK]
beginTraining=0
connectionLimit=0
contextTargetOffset=0,0,0,0,0,0
contextTargetSize=0,0,0,0,0,0
endTraining=5
hasContext=f
inputCount=2
layerCounts=3,8,8,8,8,3
layerFeedCounts=2,7,7,7,7,2
layerContextCount=0,0,0,0,0,0
layerIndex=0,3,11,19,27,35
output=0.6566998099,0.4218523406,1,1,0.2149379722,0.0000096004,0.0002994511,0.0264500631,0.9347935341,0.0000023212,1,0.9879418671,0.9979777078,0.9237036414,0.0000126832,0.9999999763,0.0001083036,1,1,0.5103709798,0.9939783923,0.9999371043,1,0.9826822278,0.3185549956,0.0006282409,1,0.9887968455,0,1,0.9803799009,1,0,0,1,8,30,1
outputCount=2
weightIndex=0,16,72,128,184,205
weights=9.2949686663,11.6709929214,1.6879416101,6.5269419213,-17.4528460936,-14.3167039904,9.9717905917,2.6879108808,-7.8835732543,-20.5685214922,8.4879335834,18.9525273559,-3.9327611077,11.9538382162,9.8651886237,0.9132269672,22.3694618004,3.4597042415,-5.0166622957,-8.0642308998,4.3640423592,5.7492426808,1.4374558736,0.2481448803,2.3037930134,-10.979304783,-7.5707732928,4.133499521,-1.5127775306,0.1613637723,13.730678273,2.1608547824,4.5461853864,-3.7210527674,-1.1562982805,6.2961721854,-1.8011765379,-4.8696163321,-7.557745232,-1.9040874366,-3.6943409344,-4.1537894988,7.3235324701,-0.4210980393,-8.5436838526,-0.2055830863,8.4571530386,-6.9962919143,-10.5436301503,-3.8653495466,-0.1496314512,2.4789250612,-4.6223089369,9.929945059,14.5062866383,0.9214661779,2.623439536,-13.6740031935,0.7685050233,6.8479047517,2.6176639331,7.2505049321,6.7379810744,3.6509237192,-17.1529241183,3.940699152,0.38397939,-0.6101233611,1.8784579583,15.5939866836,-7.9902393568,5.7953349234,-10.623505937,6.8899371213,-5.4433787739,6.30493587,5.0221954555,-15.0832605131,7.5205971246,1.9823665692,-0.8371680908,7.3123956667,-6.3655485965,10.062035849,3.4102518388,-20.0972745871,8.3687833478,-1.2908495475,-4.0705763649,-12.6111351578,-2.696652622,16.5992453341,4.9262493135,-3.3632906575,2.8217500644,-0.5676136975,5.7538448656,-0.4256383276,-3.5236136471,-13.5768790157,2.0951737818,-2.1593805478,0.28939107,1.9403399794,-1.0721296491,11.0875453349,-0.2025877071,7.3979311149,-2.1226591426,2.100513303,-9.6884541199,1.3131281898,-1.5683176522,-2.6265074097,9.6179025406,-14.0649194998,0.7341720202,6.0445856612,-5.617359885,-3.9151885415,5.351828631,2.4413387992,7.8545883407,27.4736278137,-5.7590690954,3.2795477812,-4.0243806932,-2.3153133865,9.7364904671,0.9111054793,1.4193717333,-7.12019371,-8.5954928104,-0.3632664087,-0.8098541122,4.5706946916,17.1767338394,-0.3968385914,-3.8366728209,8.9395678695,-15.932750084,-0.1063982089,0.0365388756,-0.8726888089,9.3641368302,0.8918389599,-0.9450774538,-0.493291871,2.8362414645,0.8792717939,0.1263887837,-0.9928095056,23.8521650593,-0.1112203633,-1.8518522864,18.9449206364,-3.0268351726,-0.7877172167,0.6215383275,-5.9734947276,-5.8062650162,0.4914836516,-2.5159168098,10.042180749,2.2852330012,-0.5031093459,-0.4244756423,0.1653007049,14.8280820156,-0.6629958598,-6.5246238609,-17.0383007286,7.5780679926,0.3429897624,0.7764411773,0.2281823084,-18.3458132764,-0.1499813916,7.4032761736,-6.3426708017,6.7571905838,-0.2906811528,-0.9235623782,2.8260840892,-1.3226245237,0.419938095,2.4631468431,-0.9264673289,-0.9299383265,-0.5433350423,-1.0067183517,3.7415819113,0.5521999502,-1.5459391733,0.2394960694,9.0940169532,-1.7730887321,2.5103852017,-3.3616773199,-0.8301733488,-0.7037701556,-0.3055979417,-0.2458196835,-0.7978359344,-1.0275297967
biasActivation=1,1,1,1,1,1
[BASIC:ACTIVATION]
"org.encog.engine.network.activation.ActivationSigmoid"
"org.encog.engine.network.activation.ActivationSigmoid"
"org.encog.engine.network.activation.ActivationSigmoid"
"org.encog.engine.network.activation.ActivationSigmoid"
"org.encog.engine.network.activation.ActivationSigmoid"
"org.encog.engine.network.activation.ActivationLinear"
