encog,BasicNetwork,java,3.4.0,1,1572769008919
[BASIC]
[BASIC:PARAMS]
[BASIC:NETWORK]
beginTraining=0
connectionLimit=0
contextTargetOffset=0,0,0,0,0,0
contextTargetSize=0,0,0,0,0,0
endTraining=5
hasContext=f
inputCount=2
layerCounts=3,8,8,8,8,3
layerFeedCounts=2,7,7,7,7,2
layerContextCount=0,0,0,0,0,0
layerIndex=0,3,11,19,27,35
output=0.8888906881,0.7058825553,1,0.1210593659,0.1068055644,0.0001317123,0.58704916,0.0000147961,0.9965022599,0.9999953648,1,0.0003719157,0.9553048345,0.9999943325,0.999384125,0.1338358022,0.9722775768,0.9999996004,1,0.0000000187,0.8797948543,0.0000094029,0.0002096251,0.0000039978,0.9857523172,0.0022640322,1,1,0.9864448873,1,0.8635635617,0,1,0,1,8,30,1
outputCount=2
weightIndex=0,16,72,128,184,205
weights=-14.5412054035,-3.7780385982,-20.5392928247,-20.6640437444,12.3646929992,11.6076153807,-5.2473575314,10.0569745113,17.0152778247,-21.6328380531,0.7725351467,-5.9840933661,16.0759717707,-5.9959655429,15.1368130556,-4.5230138656,9.9721149032,2.2133150824,-2.9698867853,-9.0533306241,14.5844193844,-4.4868273379,13.1038149049,-2.7761963554,2.9301551311,9.5505967827,0.4107889349,-16.1104107115,17.8191763578,-6.8117236579,5.5146310209,3.164500385,-5.1259265908,-12.3571670071,7.0705162615,-5.866475459,10.5940947396,0.0382058766,3.2802301904,-3.0708496015,7.4434683666,-0.1255146802,-5.2247825031,9.6346405545,-9.5406036898,3.6738034202,4.3468372956,-10.5769553778,-16.8220391096,6.0743445721,-5.4002417287,-4.9124081938,1.5535990763,3.5368360072,-6.4510012035,-3.8038469631,-1.7699210672,0.4237393086,5.0774606812,3.7843906269,2.2707320196,-0.3848968355,-1.8740938709,-1.6670849954,18.3375457878,-3.2743790043,0.3367632007,-3.0910416804,-10.0890333232,8.1432272117,10.996285368,0.5919352216,-15.3852868309,-13.8342440993,7.764518779,2.562613356,-6.8709517381,9.1038696939,-0.0212844392,-4.699869473,7.1626325918,9.9659695825,6.5882838984,-0.1878319976,-5.9231024374,-7.3125236933,5.5539097062,1.4899203041,-0.2712193198,4.9862163545,1.6432202854,-2.4896188987,-0.9759515899,3.2309849394,-6.9609186133,4.5252352796,1.1897980155,3.2891576677,2.3210091243,-0.9114660446,-6.4891674646,3.0127037975,-4.1761466517,1.5379368126,11.7170677643,18.7629820631,19.1435306872,8.0147757835,-3.0177662615,-20.9608168336,-1.158968722,2.2879135736,-2.0944036688,2.0053821749,-7.1207160542,-8.5762853459,11.4881469532,5.2544733855,-2.1262102843,-3.3799018052,-3.2424346968,23.3460634353,0.7729919848,-2.3604032424,17.2661042021,-1.2725212839,-17.4735308754,-4.5126929569,1.1628132998,-17.2502051263,-0.4079046171,-4.069759434,1.0063956847,0.8317677863,-16.4077775031,1.1506247798,-4.1029348307,28.322473221,-5.6347542809,-8.1853746552,0.4916259169,-4.7488979155,17.2011630772,-4.3928916561,0.7623733421,8.4716398606,0.4436814114,-26.1292794452,-0.19979176,0.830239309,-3.2662631106,0.5967110482,-0.8282179004,-1.4672028511,0.1180963009,-6.5105761957,-0.443535049,0.075845913,5.171358764,-0.7660932619,2.6281171163,-24.3364308312,2.1558160986,1.9995920921,-0.2907231421,1.9410037872,2.8928281255,3.125072457,5.2881951568,-7.7160224853,7.3016250978,-12.0219593548,-0.3862371073,5.0355872421,-21.1656799188,4.6045603118,0.238252212,2.9197511546,-0.0761893297,-12.6173393649,0.5010837959,0.2017411509,5.228756095,1.5635556019,1.1801613038,0.6345030428,0.1590649222,-1.4361270864,0.240571931,8.5592024197,1.4799616264,0.4403171335,-0.2654614936,-1.5132936583,0.1194278619,10.3687220621,-1.1593556867,-0.6843783091,-0.0390717667,2.9848077985,1.3978934049,1.4024232665,2.9929469272,-1.5428452837,-10.5513732276
biasActivation=1,1,1,1,1,1
[BASIC:ACTIVATION]
"org.encog.engine.network.activation.ActivationSigmoid"
"org.encog.engine.network.activation.ActivationSigmoid"
"org.encog.engine.network.activation.ActivationSigmoid"
"org.encog.engine.network.activation.ActivationSigmoid"
"org.encog.engine.network.activation.ActivationSigmoid"
"org.encog.engine.network.activation.ActivationLinear"
