encog,BasicNetwork,java,3.4.0,1,1572769018412
[BASIC]
[BASIC:PARAMS]
[BASIC:NETWORK]
beginTraining=0
connectionLimit=0
contextTargetOffset=0,0,0,0,0,0
contextTargetSize=0,0,0,0,0,0
endTraining=5
hasContext=f
inputCount=2
layerCounts=3,8,8,8,8,3
layerFeedCounts=2,7,7,7,7,2
layerContextCount=0,0,0,0,0,0
layerIndex=0,3,11,19,27,35
output=0.3999983621,0.2536193175,1,0.0000007701,0.1109472501,0.1928340788,0.000247802,0.1931377044,0.0036166606,0.1272419427,1,0.999943461,0.1279385704,0.0115333409,1,0.9999006588,0.8502683384,0.0000490683,1,0.9784657768,0.00000001,0.9999999933,0.8348325103,0.9938076614,0.0160234952,0.9999991637,1,0.5685846287,0.9919718125,1,0.0000007721,0,0,0.9999999993,1,8,30,1
outputCount=2
weightIndex=0,16,72,128,184,205
weights=4.7360417489,1.8348942277,7.3373495524,8.409530348,-0.901310554,-10.6541847176,-12.6669471358,-0.2016504057,5.7158267221,-14.9542733423,-9.9251649694,5.8652375914,10.1778968328,6.9372599255,-1.9310102492,0.7470665055,-0.0349169949,0.3875846487,0.6636902469,-9.6025562605,-6.0801849694,0.1684204206,3.4457497103,1.4397336815,-1.5005788565,2.9934483128,2.0515312199,-8.0633638057,0.9246319869,9.5384747107,-0.4066825569,-1.9586656126,0.3029134208,3.0670376375,-14.5862967986,-3.6827357759,1.0838106629,-1.404341855,13.7049711207,1.8336686183,-2.2559916956,5.8892645064,4.7427154928,-2.6691398675,-1.4716970351,-0.8547939756,3.2512532067,-1.9875966957,0.6765048967,-3.3038436831,5.9515985383,2.76859614,-0.1156042357,-7.2814649372,-5.7747454046,1.7863100494,1.2661681686,-1.1834489934,4.4884145206,-1.1314980255,-9.1944892393,3.819394262,6.9698588666,0.2921866827,9.3819373461,-0.0171452974,3.4893342709,-12.7040836968,-0.7016527498,-2.7652802399,-7.8274338673,4.4122559766,5.8269310332,2.0208181554,-3.1808195722,0.738151607,0.1787009739,-2.8346856431,4.759782371,1.7517062928,-18.116239611,-6.8736282907,15.3382170458,3.4043884234,-5.208277417,-0.6684342587,3.5778491896,-0.7646097275,10.1609739939,10.9586890271,0.9843564508,-11.6858411805,-4.0316512802,-3.2685212656,-4.1090967596,2.5464377846,-0.2483237328,-5.3791847352,13.14108154,0.7530770609,1.0466365332,-1.8242100676,10.5149291499,0.0612914264,2.2688731563,-4.0210392096,-1.9958597512,0.6343858172,-1.5752321023,1.0125235315,9.8385806139,0.1737713469,5.6945794656,3.1761871289,-1.426569646,2.9936842064,-6.5821751762,0.0093539885,1.9169522689,-0.2835836245,-6.0705941782,2.6801267854,6.3834801565,-2.1432296735,2.9642844452,1.5981534727,-16.9856354791,5.4374627285,0.4282667615,18.3840889099,-5.3438032625,1.4345970751,-0.5034417184,-0.051045029,-4.3878989908,-4.9319603888,3.0160517256,-21.251559123,-0.8395039321,1.595989799,1.3475837811,0.5737242401,2.5788376492,-0.7893256168,0.1688477509,19.7364140977,-1.2513032347,-0.4227895871,-1.3618387181,-0.0472087898,1.2520584773,-0.8466985104,-0.6513308706,10.6012274437,-3.2131434035,1.6473001271,-0.7563887022,-0.4410072308,-1.380998705,-3.9313701752,-8.3966452664,10.4331473989,-0.0917142252,-0.6429083773,-0.6166689834,-0.5982798249,0.7265083465,-1.1317474584,0.679594096,-4.50535595,1.2433562123,0.0817861077,-0.4251591997,0.6092318368,-2.8018047113,1.52368186,12.5590748141,16.8177280073,0.325642328,1.217398966,1.7421788057,0.1041815207,-10.2478992698,0.0928943192,1.520042767,0.1396551562,-16.0739180222,-1.9859411684,0.3097266182,11.4124667106,1.0538789625,0.7480579065,-0.6686236578,-1.5567096102,-0.03762328,-0.4918207606,-0.3987319357,-2.9218778718,-0.129029472,-0.8674082384,-0.977409468,0.6502845082,-0.884741018,0.7910682675,4.3936895137
biasActivation=1,1,1,1,1,1
[BASIC:ACTIVATION]
"org.encog.engine.network.activation.ActivationSigmoid"
"org.encog.engine.network.activation.ActivationSigmoid"
"org.encog.engine.network.activation.ActivationSigmoid"
"org.encog.engine.network.activation.ActivationSigmoid"
"org.encog.engine.network.activation.ActivationSigmoid"
"org.encog.engine.network.activation.ActivationLinear"
