encog,BasicNetwork,java,3.4.0,1,1572769032286
[BASIC]
[BASIC:PARAMS]
[BASIC:NETWORK]
beginTraining=0
connectionLimit=0
contextTargetOffset=0,0,0,0,0,0
contextTargetSize=0,0,0,0,0,0
endTraining=5
hasContext=f
inputCount=2
layerCounts=3,8,8,8,8,3
layerFeedCounts=2,7,7,7,7,2
layerContextCount=0,0,0,0,0,0
layerIndex=0,3,11,19,27,35
output=0.478286432,0.2916538049,1,0.2497800437,0.686529405,0.8288082593,0.0089151226,0.9062053773,0.9997299607,0.0803306385,1,0.9484779416,0.1067822075,0.1765430082,0.3956437949,0.9997880154,0.6858783567,0.2743194801,1,0.4344862214,0.9977757798,0.5331976094,0.9999998694,0.4217569206,0.3561679582,0.9931692767,1,1,0.0000000072,0.0076557944,0.0001043511,1,0.0000005692,0.0630509204,1,8,30,1
outputCount=2
weightIndex=0,16,72,128,184,205
weights=-10.1348551659,-2.7383242813,12.6766353663,-6.2784183032,-13.1271932586,3.8767520354,9.7328687791,1.1123689452,-2.6251267481,-3.5667321413,13.9330693878,17.8637362987,0.7417083659,-12.5620130517,-4.051942358,2.7218807531,0.3976650426,0.8286777657,2.1317781839,-1.6935767718,-4.496590031,-3.9116543179,-2.9369739221,6.7124773302,3.8904160523,7.1428596816,1.6549619836,-4.3884059822,1.2811187152,-0.6598619688,-2.5552683517,-2.351989216,0.1617138742,2.22236182,-5.1870943137,-7.9719774988,3.4328809828,3.7620196166,-5.1947084381,0.6688911593,-9.6034402017,7.0664318102,3.5391119284,-1.6302377076,3.7101131551,8.0053052468,-1.4370216827,-5.1425704333,8.0340204206,7.7617741937,8.9963314717,-10.6490595487,1.5599272568,-1.2095086225,-8.2815759238,-2.0139803715,6.3081578786,1.3031774461,-3.158745026,-16.1872345079,3.2199375931,7.7245752899,6.8019668439,-1.3268846205,-2.9581180986,13.1890679134,0.1818698815,-3.4019557027,-3.5682354258,2.9279774925,1.5013859494,1.420726881,-4.2821683953,3.8555182281,-1.8458878366,2.6599588398,-1.0806611624,-0.0328800148,0.006739018,-0.2884924071,-13.6997011454,-7.2977288883,-0.2398118913,10.1845031401,-0.3692181434,-1.6723271382,6.4498908005,-4.601329021,20.3633574739,-2.1230579897,-0.1838818874,-5.1048973733,-3.9691870089,0.6560313585,2.0866120499,-3.6982513558,9.026486282,-3.5196657833,4.8726368857,-10.8379337033,3.0763072865,-0.8282478728,6.9922995195,-0.5408377565,-8.5636799522,2.356900784,-1.9042269393,5.1565283728,3.540402198,-3.1126717037,4.3160222339,1.0156330356,-0.3552067441,8.9335790775,-1.6647443494,-2.93571696,0.1583669229,3.8018592274,-9.7299275245,4.0874701669,7.7408613346,-3.2315422793,-1.7311608314,1.2465019951,-0.8038810315,3.3328357457,-5.1596570688,2.8411955254,0.6861867641,-0.659606509,3.7082682879,-17.5956697402,-0.759111776,0.1074512703,-4.8608092786,0.089279414,1.7404185402,0.241285232,-4.3641015526,4.5051784076,3.1983477825,0.132118713,-8.0376255906,1.7070760128,0.2611501778,-0.7833489409,4.4484420461,-15.5348309087,-1.2219064428,0.7875853219,7.3518787383,0.5977639034,4.3363774132,-0.1591085244,6.4191525656,-12.5526756448,6.9562846562,-0.2218036463,-13.3108316494,5.349607485,0.4425257491,-0.639796257,-3.1325658636,6.2094132741,-0.2521103048,-0.4413362803,0.7598057328,-0.5305525205,-0.2817444214,0.9502750697,0.8692311031,-6.5791563278,-0.1383347705,-0.6618757905,-1.6665705819,-0.0728452167,2.910646225,-0.9128750512,-13.1500104218,0.5828843268,0.2415775535,-0.121598356,11.0612341458,1.2304388067,1.3498234178,0.5698892543,-2.1861714767,-1.1614464709,-0.3398120276,0.7396978678,2.9062650401,-0.4496332507,-14.6257300317,0.4580710806,-0.4721856676,1.3333561584,1.7187378677,1.5258053432,0.1193753794,-0.7907232598,-0.2630950508,-0.1603895417,1.2438769775,-0.1249277895,-8.901868411
biasActivation=1,1,1,1,1,1
[BASIC:ACTIVATION]
"org.encog.engine.network.activation.ActivationSigmoid"
"org.encog.engine.network.activation.ActivationSigmoid"
"org.encog.engine.network.activation.ActivationSigmoid"
"org.encog.engine.network.activation.ActivationSigmoid"
"org.encog.engine.network.activation.ActivationSigmoid"
"org.encog.engine.network.activation.ActivationLinear"
