encog,BasicNetwork,java,3.4.0,1,1572766346657
[BASIC]
[BASIC:PARAMS]
[BASIC:NETWORK]
beginTraining=0
connectionLimit=0
contextTargetOffset=0,0,0,0,0,0
contextTargetSize=0,0,0,0,0,0
endTraining=5
hasContext=f
inputCount=2
layerCounts=3,8,8,8,8,3
layerFeedCounts=2,7,7,7,7,2
layerContextCount=0,0,0,0,0,0
layerIndex=0,3,11,19,27,35
output=0.4516110033,0.1874948871,1,0.9828305409,0.2855849884,0.0037637699,0.9818862934,0.9986458534,0.1483898973,0.9861977324,1,0.0000068105,0.9990465581,0.0084445083,0.7207676097,0.23667256,0.0013302013,0.0000009569,1,0.9999987651,0.5479629463,0.9817229727,0.9544456615,0.9998347192,0.5379660961,0.3261111371,1,0,0,1,0.943621473,0,0,0.9818434743,1,8,30,1
outputCount=2
weightIndex=0,16,72,128,184,205
weights=7.5415808097,-1.197540716,2.6366779918,-10.1159753782,-7.0133025866,-11.8401507804,6.8108812746,4.7024423733,1.6276534634,-16.2397722771,11.3810884376,-10.6497147872,8.136839179,-8.0723328781,1.8568018561,3.2265883534,-0.5897791057,4.2002894061,0.9786736198,2.5676173089,-3.4942799825,2.6872027488,-2.0638318539,-1.1844682757,3.9872398492,3.6899078399,-5.0156342622,-11.8539725692,7.9464952821,-2.1857258412,-6.3665526377,2.1051689484,-2.5738025261,-3.885953899,9.639634351,-1.6207181944,3.2704508733,4.2782879288,1.192701823,-1.3892558214,-3.8269216161,1.5958896956,-3.8517600331,1.4123622738,-5.3116104301,10.4787032972,-1.6233307967,2.6561809927,-11.5015020253,-0.045940461,-5.9725047097,-1.0217506211,3.8643920117,-8.667075632,9.3764081153,6.5330077994,-2.7370373033,2.8664131682,17.2124584355,-1.7256692009,-4.5146160441,5.2591695723,-2.1215793041,-2.450999385,-0.6680251936,2.9276507272,-0.0778246024,0.8031095709,2.150134125,-1.999884899,-4.0991054031,0.2597573966,2.7895567091,3.4297693424,0.2804199344,-0.8024066479,-15.6232468714,4.1294325375,2.1595494464,-3.3805077091,6.5924302594,-4.7488027377,0.6184913447,3.1281926262,2.9013805336,-3.7028211901,-1.2036785814,-1.1450287433,-2.7633395132,-6.4277354458,-7.0553718392,-0.0176290506,14.6976159766,-10.2956971587,-9.9162467924,2.5403327307,-4.4145882361,1.0538165871,7.5849619697,-6.1839027914,1.9613348748,2.4499783199,0.8609664417,-0.3185162076,9.2842260374,0.3476426295,-3.0919108743,-7.3568480955,-0.5480643213,1.2321954599,0.1570890457,-0.7547418064,-4.5774569854,-10.9865461056,2.959135895,-2.7055389829,3.910690979,-3.0857541178,10.2188265323,-1.9286708337,-5.8802603876,8.3413957259,-0.5905098067,-2.1110212029,-10.4468003401,6.268554224,-1.6042481285,-2.3595063278,-1.0349112414,4.1448525542,-1.4799480572,12.6101468481,0.6051910036,-2.5112148235,4.0899931699,-0.8304554453,1.5276919107,1.9598496259,0.1644067148,-9.4994989421,0.4684336744,0.9241159618,9.8807962482,-0.7094273322,-0.2699275476,-3.7845393541,2.0450808438,-7.4565116408,-1.5621222008,-2.7664905734,7.1723653651,1.9325677579,0.365253426,-0.9092896604,-3.9483678136,5.956857226,-0.2594801209,-0.7878297004,5.5465148456,-4.0762351359,-2.6189177898,-0.4913226685,0.6809564458,18.1807568214,3.7243306282,3.632647144,-7.0789497272,-2.1785890649,2.8223033586,-2.6990573143,1.5741289244,-8.0520644455,-1.525974602,1.0166625094,8.1213741967,-1.7977890022,-0.3898514531,1.0749605013,4.8620427577,-17.2687703824,-0.7919356864,-2.6380159148,5.9666946999,4.8489525631,0.3749060149,-4.3806672461,-0.1319262149,3.5696853262,-5.3837745108,1.7995845177,-1.9263358577,4.5811537901,0.1130881895,0.3570412309,0.37443254,-11.2716693009,1.6035869558,-1.6782783997,-1.1172429709,0.5827200186,-1.1062454696,1.4713304893,-1.6862340224,0.2435159335,10.1747960361
biasActivation=1,1,1,1,1,1
[BASIC:ACTIVATION]
"org.encog.engine.network.activation.ActivationSigmoid"
"org.encog.engine.network.activation.ActivationSigmoid"
"org.encog.engine.network.activation.ActivationSigmoid"
"org.encog.engine.network.activation.ActivationSigmoid"
"org.encog.engine.network.activation.ActivationSigmoid"
"org.encog.engine.network.activation.ActivationLinear"
