encog,BasicNetwork,java,3.4.0,1,1572769064347
[BASIC]
[BASIC:PARAMS]
[BASIC:NETWORK]
beginTraining=0
connectionLimit=0
contextTargetOffset=0,0,0,0,0,0
contextTargetSize=0,0,0,0,0,0
endTraining=5
hasContext=f
inputCount=2
layerCounts=3,8,8,8,8,3
layerFeedCounts=2,7,7,7,7,2
layerContextCount=0,0,0,0,0,0
layerIndex=0,3,11,19,27,35
output=0.6046516715,0.4074073188,1,0.0000012115,0.160312708,0.9902836683,0.0000357757,0.0000412797,0.1536428528,0.9866634407,1,0.9490086878,0.0113542491,0.6157533117,0.9501231853,0.9470236849,0.8492388007,0.6422100882,1,0.9873728514,0.1577966462,0.8317722285,0.2561310278,0.6369528383,0.4925828757,0.0221004769,1,0.7025408616,0,1,0,0.0082543308,0.0000000067,0,1,8,30,1
outputCount=2
weightIndex=0,16,72,128,184,205
weights=-2.8646648864,5.2869430541,-0.0223850448,12.3377606806,4.8558969663,-13.6138540116,4.2742584034,-2.5267327979,6.3449166378,-10.2588575832,14.0121278824,0.5002307569,9.818711249,-3.0098921108,-7.6150363826,-4.6305544632,-8.079492106,8.3930470104,2.749949103,-16.1433016782,3.804380133,5.1486649347,-4.2158997056,2.3255997925,-8.6406228426,-2.8129063267,0.8362960048,1.576711968,6.3261953882,-0.1596178223,-3.7739059446,1.1311759847,8.8901261142,7.1236083169,-1.3501259572,4.5827256715,-3.2522583451,-4.1831547695,1.6261473249,-1.8281814373,-9.1280749493,4.2748337516,-1.8692170105,-1.6512248708,0.6294120252,0.6891094044,-2.5872936848,1.5760208833,-11.7037654631,-6.5244316475,1.6321021262,-5.0315139297,1.791270456,0.0773782717,2.9623337059,1.1970140773,-11.5823452033,-3.8874492105,0.5581097609,3.7200397804,2.5603690369,6.02973195,0.2008052661,-2.2229509651,-0.3540681052,-0.7476221979,-1.291261724,6.9993310818,-4.8118729713,-0.5961949927,6.7462239256,-0.4760292264,1.1143266292,4.7131640681,8.8566605435,0.1704077356,-3.5078783823,-3.5540922137,-3.7866688352,-2.2618604029,-7.9051670847,-2.903190291,3.7786685871,-2.8334808638,4.1965613115,-7.8866477252,0.1321909919,2.5883622946,-0.0652357196,0.8957024597,-0.0384876866,3.6543614278,-0.0101494487,0.5089201577,-0.5038144385,-0.742433669,-2.9249146477,2.4042814324,13.0293336723,-9.6909094056,-3.6331521481,-7.8227620641,0.6159353062,3.2542265799,3.2446485929,2.2387108035,2.8298914503,5.9289036366,-2.6606361102,-4.894725282,4.0495025396,-0.5295994749,1.0625291785,1.3598551456,-1.4432784988,10.7395357704,-1.4988902907,-0.9486934011,5.5631558475,0.2137850391,0.8101069891,-2.3467911896,0.3570246952,-8.3765333409,2.3228315761,1.5466358593,-4.8401706267,-0.1304759115,-1.4948841972,-4.8075175875,1.7931152525,-0.4678530496,-0.2030697171,-0.3464476454,-4.1676651079,3.6179767715,-6.2634523793,-1.6622556634,1.983192277,0.7538452585,-0.3652874141,-0.0883640911,0.6445218813,0.7454398143,-2.0421420225,-1.2493323736,1.4813616718,-1.3542908745,-12.2810069408,-7.1345024676,6.3991519895,1.6529378821,-15.3117542544,1.8045835315,4.2288352029,0.8110719391,4.6268962245,-3.5324620812,0.6518668329,5.4239301488,3.3118601607,1.9819679567,-0.0711142197,-0.9196668743,-0.2762307837,-5.5492303376,-0.2560579656,-1.6911598658,3.6256455259,-0.9584379306,-3.169661237,-0.9248144055,11.7595843649,-3.1510180319,-6.0526143178,0.4957589532,-1.1681362526,-7.0005897259,-1.6599056761,0.8787743269,6.8784051589,-2.6249704093,4.6447144345,-1.3660152289,-1.1041201551,-0.2511573196,17.2271075289,2.7539393873,-1.7848526407,0.4674823225,-0.3803082133,1.9326260568,-0.5635020231,-2.2390773191,-1.4793042035,-1.2119210235,0.958226808,-0.1840868305,-6.9319382281,0.6654453048,-0.8244462939,0.5913788248,4.1926204073,-2.4029017281,3.5170615621
biasActivation=1,1,1,1,1,1
[BASIC:ACTIVATION]
"org.encog.engine.network.activation.ActivationSigmoid"
"org.encog.engine.network.activation.ActivationSigmoid"
"org.encog.engine.network.activation.ActivationSigmoid"
"org.encog.engine.network.activation.ActivationSigmoid"
"org.encog.engine.network.activation.ActivationSigmoid"
"org.encog.engine.network.activation.ActivationLinear"
