encog,BasicNetwork,java,3.4.0,1,1572769078647
[BASIC]
[BASIC:PARAMS]
[BASIC:NETWORK]
beginTraining=0
connectionLimit=0
contextTargetOffset=0,0,0,0,0,0
contextTargetSize=0,0,0,0,0,0
endTraining=5
hasContext=f
inputCount=2
layerCounts=3,8,8,8,8,3
layerFeedCounts=2,7,7,7,7,2
layerContextCount=0,0,0,0,0,0
layerIndex=0,3,11,19,27,35
output=0.2843851711,0.2775930939,1,0.4447433054,0.7161426153,0.815415026,0.9983763039,0.9999990642,0.9971688389,0.0221806559,1,0.0507233948,0.9971010697,0.3442265435,0.3686099644,0.9252720818,0.5554540964,0.9103250435,1,0.0460411809,0.9963597074,0.9569136046,0.9850643888,0.9512409184,0.5988315485,0.2624413256,1,0,1,0.4424880582,0.0884853331,0,0.5624246614,1,1,8,30,1
outputCount=2
weightIndex=0,16,72,128,184,205
weights=7.2199109295,6.4707531557,-2.7842869374,-4.7312561631,4.2853702889,-6.5202176147,-5.8205154939,0.57161619,-8.6146879551,9.7382716437,7.0883797817,7.7225738829,-12.1703169957,-4.9894002669,15.2034247375,-0.7807467477,-3.0545228449,3.7905554617,-7.7703580186,12.5822582826,-6.3238384117,-6.1684710501,7.714833089,-3.555178799,4.0546500697,-4.962792711,-2.9462892411,-7.6518505632,2.8454597651,3.8392953821,7.1462059524,-1.7678600576,-2.8071382708,4.963320881,-0.0803399114,-16.004134957,0.8739788531,2.4406313907,-4.6393326241,4.6649548019,-5.3569710352,10.6014626428,-8.078946343,1.2530060598,-3.9231574363,4.3530752513,-1.9259413475,1.4068236693,-10.181119909,4.0359114879,2.1925425209,-1.8240417834,-4.4757573695,8.2289896099,4.9388178335,5.3662522981,0.4233445323,3.4264331566,0.4361106189,-1.7476589886,-2.8994527,8.1789450124,-0.8706422615,1.8526647958,1.0525467426,1.4171272942,-6.6279223973,10.4118252679,1.9526361907,-4.8285890061,1.4014733437,-7.209364481,-5.4478244384,-6.870495475,7.4912350216,0.0013810912,-5.6570503699,-1.2334103614,7.1427461586,1.2424420291,2.3300183829,2.5853280003,-3.7525507249,-0.8569603926,10.991007847,-3.0308556746,-2.9990867185,-0.2606952195,-4.7251446373,-7.4237226145,5.851668849,-0.1436016498,-2.9444713665,8.1297386489,-1.0437552794,-0.2818685378,2.1163554772,8.7165183089,11.216090605,-4.0892928754,-10.6369095455,-1.6263196751,5.9132906547,-6.484761461,-1.4304874223,-1.5832560729,4.605294964,5.4076898653,-12.953949896,4.2130986843,-0.6050001324,4.3839636726,0.7785446376,3.0434602748,-1.9783465948,-4.1859734547,3.6455462152,1.8151762441,7.6370227037,-3.3879813911,4.7623029273,1.8498049198,5.6851428002,-5.1296452204,-2.5506851538,6.5759789743,-0.2567223242,-1.5760956438,0.7081262203,-5.7602102963,-6.9400729278,10.443532737,1.5258928982,-0.3729448663,4.8358999724,0.249779363,-2.691866499,4.0767862595,-9.1486597189,9.5050109394,1.6577706,3.3019515074,1.3833681061,1.5019095618,1.1180305306,0.8373519617,6.3017398786,-16.9375263988,-3.2907182052,-8.4961095689,4.0318861239,1.7199673007,-0.3367231704,1.4770330885,3.2649562713,-3.5577494651,0.5183691356,-0.3205481033,0.0471982499,1.7151159393,-1.5012718222,1.0736907575,18.5871635525,16.2099286987,-7.5676534939,-8.0354418136,-3.801422803,0.5589997305,3.1497578353,2.336031034,-2.7874601481,-7.8159752518,1.2820162387,-1.94769241,2.0342067872,-0.9491916553,-3.6680454942,-2.1313067417,4.2262731354,-10.1950612101,-3.5831183469,6.0638476224,-0.9736036764,-2.3068271409,2.3403768582,-7.3154172225,0.6951376426,-3.8568487287,3.3354171391,-2.1822476232,-1.8635260119,-0.2987530866,23.6397302464,1.4043194803,0.2915852566,-22.3143844155,1.9581653861,-1.6550014592,5.4926595644,1.3957367968,0.0958313379,-13.7898262162,-1.1052017871,3.6798332234,-0.1384434415
biasActivation=1,1,1,1,1,1
[BASIC:ACTIVATION]
"org.encog.engine.network.activation.ActivationSigmoid"
"org.encog.engine.network.activation.ActivationSigmoid"
"org.encog.engine.network.activation.ActivationSigmoid"
"org.encog.engine.network.activation.ActivationSigmoid"
"org.encog.engine.network.activation.ActivationSigmoid"
"org.encog.engine.network.activation.ActivationLinear"
