encog,BasicNetwork,java,3.4.0,1,1572769091271
[BASIC]
[BASIC:PARAMS]
[BASIC:NETWORK]
beginTraining=0
connectionLimit=0
contextTargetOffset=0,0,0,0,0,0
contextTargetSize=0,0,0,0,0,0
endTraining=5
hasContext=f
inputCount=2
layerCounts=3,8,8,8,8,3
layerFeedCounts=2,7,7,7,7,2
layerContextCount=0,0,0,0,0,0
layerIndex=0,3,11,19,27,35
output=0.0003429599,0.5945814493,1,0.3066116907,0.0002789653,0.0000000071,0.9999620666,0.9905599098,0.6489435029,0.999947548,1,0.9999999959,0.0230530614,0.1512683948,0.9999999542,0.0001130977,0.0244788249,0.0000045115,1,0.6490267467,0.9999999868,0.9514089984,0.1262054515,0.999992177,0.0000007624,0.0000000007,1,0.0000003103,0.0000002676,0.0228043924,0.9320917659,1,1,0,1,8,30,1
outputCount=2
weightIndex=0,16,72,128,184,205
weights=9.0069144442,9.4304914612,11.373739033,-14.399395387,7.3120233521,19.3976166386,-1.9187701358,-14.2552460143,-4.1827500695,-6.3814586987,0.3166059845,-2.5928684964,10.7874242422,6.251856081,-11.3533989527,0.8700802088,4.0184940755,-2.3175327074,-0.4914490973,-2.0427082277,4.4385421961,18.1307447954,-6.6171329959,-3.108318525,-2.0780625828,7.2791833781,-1.4652877391,-4.9405272067,-8.4379173927,4.9287890599,8.680595326,-1.2314461671,-8.1298703883,5.2822164153,0.5239152716,-10.5379920626,-0.6546815241,-0.0416906307,1.2865717936,-0.2909645294,13.7528656194,-6.2269183771,12.1228870931,-4.6146794234,-3.6500274654,-1.1413636491,5.0152680411,-0.6204754691,2.2508958392,-0.4327200454,-7.4940666547,-0.1309727937,3.408318945,-2.9187280308,8.4677608359,3.7479960815,-1.5876533334,0.4897067093,10.4392489015,4.4728678308,-5.885956915,-0.6081161248,-4.6188301753,-3.8456609786,11.1821837526,-4.0654070745,-14.4130933371,3.7875624914,3.3092925244,1.587722266,3.2623224715,-2.87947612,3.782009314,16.4510283306,4.7151616665,-5.3462169309,-8.3968323835,-6.9912296184,-7.4554080572,5.0028984077,-0.4830363806,-3.8564965885,0.9755783677,5.908765426,-3.44547506,-5.7058921042,5.3929246039,2.1949263089,1.2907631336,-21.3050816903,6.2582421408,-6.6799219668,8.4289600492,-13.8056813673,5.7822436756,5.2026654074,5.465381904,9.1579228798,1.8377114534,-9.8499771837,2.8302613176,-2.4355048206,-5.7223937394,0.8591880905,-0.8211628365,-5.6095260326,-3.9047305361,11.1682701555,1.6531678109,-0.696520476,1.2161284438,-2.2923177197,9.2963260687,-2.1145279447,-5.4413035639,4.3023652594,-0.1116863566,-2.7437182481,-3.0517819093,-2.8585889609,-1.9607462363,-3.2341346208,-5.0320463935,2.0860314731,0.4600666704,9.2566670863,-3.3854585709,-3.7379736965,9.2912045254,0.9645672668,12.0183181224,-0.3770650886,-2.2602863885,4.8736827271,-2.150674457,-1.921246748,-15.9881838003,0.0141901304,-1.6312802036,4.7012909978,-0.1669583238,9.206571226,9.1886100544,4.7622067338,1.860979751,-0.7154985636,0.7347384602,0.1738472682,5.4053733329,-1.7870933961,-1.9443784231,-0.8225715129,-0.2176723692,-0.9362988104,-5.4639879824,-14.0973481307,9.7957369423,-1.796641961,-6.8132972367,3.3305962454,1.3364233276,0.0254920631,1.6879270247,1.4161371629,2.805477271,7.683858727,-7.1182006959,-0.089361761,-1.7760635215,-0.4091626566,20.2023892906,-12.6182191973,-5.0492610693,3.2650234944,-2.2751511815,-1.0019112479,0.2958386887,-0.4223696658,-5.1286518054,-7.6333492121,-0.8401265358,-10.8985021624,7.4942425062,-2.044994617,8.94849415,-2.2819864938,-18.114198959,-0.9944388722,-0.2265751992,-0.3809451308,2.0692757238,-0.1282156942,-16.4654686439,-0.7260314671,0.1620101681,3.56722067,-2.9831742622,7.3104533116,-0.4047051247,-4.6216160592,3.753905449,-5.9867639714,3.550868843,-1.721443718,-14.6857895547
biasActivation=1,1,1,1,1,1
[BASIC:ACTIVATION]
"org.encog.engine.network.activation.ActivationSigmoid"
"org.encog.engine.network.activation.ActivationSigmoid"
"org.encog.engine.network.activation.ActivationSigmoid"
"org.encog.engine.network.activation.ActivationSigmoid"
"org.encog.engine.network.activation.ActivationSigmoid"
"org.encog.engine.network.activation.ActivationLinear"
