encog,BasicNetwork,java,3.4.0,1,1572769100186
[BASIC]
[BASIC:PARAMS]
[BASIC:NETWORK]
beginTraining=0
connectionLimit=0
contextTargetOffset=0,0,0,0,0,0
contextTargetSize=0,0,0,0,0,0
endTraining=5
hasContext=f
inputCount=2
layerCounts=3,8,8,8,8,3
layerFeedCounts=2,7,7,7,7,2
layerContextCount=0,0,0,0,0,0
layerIndex=0,3,11,19,27,35
output=0.6190393286,0.5789592686,1,0.7577192065,0.9995946248,0.1390229064,0.9969061142,0.2214774868,0.4563045609,0.5984968131,1,0.9999485902,0.9195273447,0.424556921,0.9836799196,0.6974652502,0.0006186583,0.581780311,1,0.9136105792,0.9918435279,0.9246199236,0.9996761577,0.0925632916,0.4106424597,0.0000234921,1,0,0.9999930331,0.9084279756,0.9999999942,0.000011878,0.0120037821,1,1,8,29,1
outputCount=2
weightIndex=0,16,72,128,184,205
weights=7.1460811643,-5.4199473524,-0.8575894629,-2.4977195546,-7.8779425422,1.2059139249,10.0104797565,-1.6990009133,-10.9635815038,8.3790046056,6.0765640522,-10.2609353452,5.6412804611,11.6046149633,5.8909786001,-0.4357688227,5.556808669,1.7411848887,-2.3390747539,0.0071874341,-4.5388796415,-8.0598536363,-10.2225419977,4.086596432,-5.913805181,0.7612648965,2.3379709306,12.1398354623,-1.3018217898,-3.019215939,-0.6058351002,1.3517814351,1.7799824753,-2.2229380751,0.6995191104,-3.712086037,1.4409257389,-4.8953548846,2.8418055787,-0.8600226045,-2.1986435211,4.7459808009,2.859684332,5.6262823738,-0.3846986437,8.9815485249,-3.6277211964,-0.7655654573,0.8947510572,0.446359942,4.9144259397,-3.2750912729,-0.8433423448,-0.1984814312,2.1104652941,-2.0665366044,2.8206314256,4.0226325326,-2.6355163156,-6.9320949114,3.6036355482,-4.8924660032,-11.0144976374,5.1408875327,5.0106954759,-2.6268099685,-3.0643654253,-5.2247069213,5.7594112406,-1.9941054212,3.18256728,-1.622682232,-0.6145472353,-0.6515073457,4.1215057818,4.4290216363,-1.5633692009,7.253811913,-1.4650147204,0.0108877245,1.4821558451,-0.72446405,1.2214521314,2.3299749554,0.1345420736,-4.3915708008,5.8494574606,0.1325590358,-1.0996684139,-0.4029218574,-0.5254807162,3.0358089126,-4.8379501419,1.4994980327,-0.3045376989,-1.6166797627,3.2103734197,2.521626532,4.3883131994,-4.4838108831,-6.8574724228,-7.1776155127,-2.2809474278,2.6718887189,-6.1052121013,-1.9553224813,3.9463703462,3.565054169,-2.8397950852,8.5909907138,1.7424356756,-2.1253811552,0.8034066761,-2.9521269189,-5.7384509432,4.7316698947,3.6613437882,-3.3498115171,12.517951219,-3.5811682029,-8.9280507318,-2.3150933846,-3.9158928079,11.5502139785,8.2815746033,10.8517719766,1.1588525813,-2.3654983594,-0.7819808082,-0.1362899788,8.1995785456,-4.2780311166,-1.6165469563,3.1426202787,-0.0573423423,-0.6562290082,0.5402979326,1.1397630932,0.5869473254,0.4077640244,0.3806906806,1.1931100087,1.7725022179,0.9332065078,0.0740844855,1.8201684503,-0.4115446365,-4.0190829893,-1.3112727869,-2.9746385258,2.6901839917,2.4251641127,-0.2298895176,1.2390901054,-1.5619162419,3.8414638315,1.3485736476,-17.3568970025,1.8978524936,2.6837529852,-0.3090826256,-2.1177816673,5.3582753766,-1.9018113195,12.71831522,4.3747417668,-2.2790974834,-0.9043272401,-0.5469955878,-0.1621415649,-9.817135349,7.7220248219,-8.5223469474,9.083967005,1.7189665623,-0.8309413648,0.6558350202,-0.9145362922,0.8378639016,-11.9809663331,2.7735116988,8.5674254126,0.8682027979,0.5044563445,-0.7840443808,-0.6914091586,-0.9218532696,0.9135565039,0.1361187961,0.6184343688,1.0017585541,0.1980733738,-11.463606482,-1.1198803736,0.81079114,4.4052560923,5.3021492316,-1.2167365766,-18.4726408029,1.4242502923,-0.2907919809,-7.3714919897,-0.2094049682,2.735664004,-1.0698662025
biasActivation=1,1,1,1,1,1
[BASIC:ACTIVATION]
"org.encog.engine.network.activation.ActivationSigmoid"
"org.encog.engine.network.activation.ActivationSigmoid"
"org.encog.engine.network.activation.ActivationSigmoid"
"org.encog.engine.network.activation.ActivationSigmoid"
"org.encog.engine.network.activation.ActivationSigmoid"
"org.encog.engine.network.activation.ActivationLinear"
