encog,BasicNetwork,java,3.4.0,1,1572769135187
[BASIC]
[BASIC:PARAMS]
[BASIC:NETWORK]
beginTraining=0
connectionLimit=0
contextTargetOffset=0,0,0,0,0,0
contextTargetSize=0,0,0,0,0,0
endTraining=5
hasContext=f
inputCount=2
layerCounts=3,8,8,8,8,3
layerFeedCounts=2,7,7,7,7,2
layerContextCount=0,0,0,0,0,0
layerIndex=0,3,11,19,27,35
output=0.9997762701,0.9998711428,1,0.0000004978,0.0405413922,0.9995166788,0.7297523528,0.1061807272,0.8949241144,0.2426059075,1,0.0031435498,0.9842846072,0.0884350714,0.9911880789,0.9969502703,0.9994213182,0.8139869404,1,0.9999970871,0.6015201516,0.1917577483,0.9954132406,0.0074310803,0.0000064442,0.9942872964,1,0.9963443987,0.0001555945,0.0000009017,0.999999941,0.998777847,0,1,1,8,30,1
outputCount=2
weightIndex=0,16,72,128,184,205
weights=-9.774971254,-1.8262388649,-0.7499185451,-2.5393554459,-8.8730458785,7.6456487431,3.798882312,4.2597870018,0.1394793142,-10.4380343396,9.4441239117,14.5834351793,-4.2974385319,-12.4392440903,1.9788129404,0.4064065484,7.7888469632,-1.9126918269,2.2881590393,-3.3815341661,-6.9467024017,0.773188452,-3.8891813344,-0.1869946084,3.4745335219,-6.2023340553,-0.0637869941,-1.4949632459,0.7933813745,6.9202059149,-2.2266058223,-1.4774104002,-0.6485399989,-5.3729698029,-7.3914868515,9.4737686121,-2.6346888791,1.1958762019,3.905251064,2.4409422756,-4.5707880304,5.2411292285,-4.3110228458,-8.9031631455,5.4975567016,1.0964771659,-1.7740978314,-0.0776138815,2.5699372235,-3.7704529608,8.6029636107,-3.7922127591,1.9796308504,-0.7623261158,0.8077625351,2.701534786,8.5204778061,-3.937081843,-2.2983098815,5.5045572622,10.4011120735,-3.8429263526,-5.1304166385,-1.6149165425,-0.4430203954,2.3235175537,0.8798344149,-0.8189061228,-1.5605413344,-2.1972903537,1.4706495366,-0.1354620969,2.9518232931,-5.682430369,0.5914968659,-4.8765300303,9.2953210752,0.0021984166,2.5192742131,-3.1261905985,-2.9209967643,0.0599596462,5.8129870684,5.6939229535,5.6012873871,-3.3447828117,1.5466001973,-1.3396628567,3.4367860761,-7.8506551525,7.1637493981,-2.3212678482,5.0974351162,-2.4654122824,0.975479266,-1.118196892,4.0366486981,7.0385569322,-7.3842985958,0.8243044437,-7.5223218465,5.6889255684,-2.2186169029,-0.6903941127,-0.4213994593,2.4918672858,4.2272975033,-3.7525662892,-11.1533487779,-2.5193131943,5.6495597057,2.1024871086,3.1995368686,5.8598573335,-3.8119549366,1.1392934926,-4.5094395337,4.113040263,2.2144999695,-1.841632436,-2.005786684,1.3132333203,-4.5555770445,2.275450512,-3.1594739203,-0.1560099541,-2.0383790055,3.350739262,2.7250825173,-1.2503240062,-9.9456075079,1.1657118445,1.5667924698,-0.0877753567,6.1370399018,1.1638001824,7.0847423885,-14.0555347318,9.7156648258,-0.7355566376,4.0697722662,-1.5493735588,-9.6260346254,-0.3480692447,3.170461331,-5.8536624884,5.9405276242,4.9465385509,-4.3460357781,0.2576386462,-6.4688139396,1.2664050083,5.4240855184,4.4309966185,-9.1637629824,-0.4104197619,-0.1177103379,0.6923295434,0.5001254249,0.0029066058,-13.4287181522,-8.4635801374,1.2187360799,1.5757749181,-3.6653913585,-0.8972778157,3.6878755631,6.8835799985,-4.857456461,10.7023659612,-0.7387137257,-2.8631908052,-0.3515455369,0.9133312918,-2.5289144587,-1.3710702132,2.6177537356,-1.6173926153,-3.7868800184,3.1343060681,-0.4093870886,-0.6792555413,-0.6998715599,0.5258570344,-1.736022169,0.1212706884,15.8578890851,0.9282344331,-0.49603524,-1.3129198455,3.1457833205,-1.4017258701,2.9665135122,-8.2649878966,2.7741980894,-0.4597042352,-5.7129047461,1.7517311351,-0.1427777758,-0.6130535508,-1.7481284937,0.9881104906,-0.6790463882,1.5419843529,-0.3494851626
biasActivation=1,1,1,1,1,1
[BASIC:ACTIVATION]
"org.encog.engine.network.activation.ActivationSigmoid"
"org.encog.engine.network.activation.ActivationSigmoid"
"org.encog.engine.network.activation.ActivationSigmoid"
"org.encog.engine.network.activation.ActivationSigmoid"
"org.encog.engine.network.activation.ActivationSigmoid"
"org.encog.engine.network.activation.ActivationLinear"
