encog,BasicNetwork,java,3.4.0,1,1572769147393
[BASIC]
[BASIC:PARAMS]
[BASIC:NETWORK]
beginTraining=0
connectionLimit=0
contextTargetOffset=0,0,0,0,0,0
contextTargetSize=0,0,0,0,0,0
endTraining=5
hasContext=f
inputCount=2
layerCounts=3,8,8,8,8,3
layerFeedCounts=2,7,7,7,7,2
layerContextCount=0,0,0,0,0,0
layerIndex=0,3,11,19,27,35
output=0.7142694743,0.5357250732,1,0.9999999919,0.000195906,0.0159840722,0.9721626023,0.0000031822,0.3664714523,0.1091869376,1,0.0855309157,0.9032353514,0.999938714,0.7758541293,0.999985739,0.9938334025,0.9998287948,1,0.0015131086,0.9774818984,0.9998371743,0.5608701991,0.0000851881,0.9999999823,0.0002878409,1,0.2872747326,0,0.9999951026,0,0.0020617303,1,0,1,8,30,1
outputCount=2
weightIndex=0,16,72,128,184,205
weights=7.0101909977,11.8519257328,-15.3871229558,-4.8735215245,1.9753800674,10.8450278134,9.1728606325,-6.0884533356,-0.8762066127,-5.5048349853,25.2914461016,5.9120829581,11.4076167166,-8.9306267546,-31.2786359663,1.5566649251,-3.2117609743,-0.7991101784,6.2849179854,-1.2840000192,3.280601482,7.3972038936,2.7603023085,0.9515468449,4.6586943672,2.0536117334,6.0438845758,-7.5218633211,-6.6864423454,3.891053442,-9.7336276289,1.5525670521,-7.4373811656,-0.1823055975,-17.6636315447,0.6128282678,-4.8947538847,17.024223396,-1.8844457904,3.7273905895,-0.4318117856,-4.4744272005,-4.995234166,10.3983017879,1.2752837469,1.8052730739,4.872183427,-3.3818560754,-1.9660202844,2.4613380529,3.832207027,-11.2313108217,-4.5397173233,0.9066135373,-7.5483490424,1.3546298467,-19.8239436328,-17.6029574966,-8.4269306825,5.8041171658,4.8093290167,5.2242824505,6.6803434608,4.2905284902,-5.5975633599,-0.0203498428,-7.8033519643,3.4247233708,0.0214359726,1.1427438908,1.6311153923,0.7558913621,-11.8536583142,2.6822918314,0.0397980873,-1.9052934234,-1.9199784314,-2.4717647976,17.2006726217,-1.4776136516,6.7351390654,0.8562758583,-0.3168491206,-0.9661054725,23.2302701774,0.1015458712,-10.246321043,2.144598073,8.270779155,-4.4517280764,-4.4093082012,18.5735945858,4.7702429279,7.2339669225,-19.0194643772,0.8011833329,-9.2699724925,5.069182095,-1.1918309528,-3.8579404067,7.5162985906,-2.0211933879,11.5105020887,1.6733407696,-5.6511883073,-3.3992620855,7.7453313902,-7.0359865322,-1.6016213965,10.8802991268,9.3299667085,-0.1914082715,7.0737754803,-0.3763469098,4.6817247875,0.8104601987,-6.7125792143,0.4698271514,-2.6145451974,-0.1644369361,-15.9228266064,-4.4720906214,4.6497336113,-11.0734123556,-0.4507626637,13.3918261064,9.23386101,1.2352823488,-17.6688321911,0.4044295193,0.8929285303,-0.8178848189,6.4143282882,-1.0261188912,0.9879386615,-1.2962956782,-12.5564681905,1.2112363931,2.7401301237,-0.5080146893,-4.9921954794,2.2594681639,1.1111575948,2.388524006,3.6137786481,-1.4456847179,2.441751333,0.6212686005,-8.8914314895,1.7392336937,-4.2878172215,3.5218790444,-20.0675436492,-3.2940401306,2.8437340376,-0.332176953,-6.9805610026,1.1926788802,-1.4213339891,1.9875857403,13.8338673393,1.6854838537,-4.8242476189,0.5923996192,23.6364448658,-3.8001294695,0.5408076088,-4.7690624501,6.3921033887,-2.5772051115,6.4569857598,0.1818565253,-17.5525134825,4.8312373013,2.1314480498,4.7616468516,17.9509469712,-0.1317290464,-5.7723548845,0.0179859554,15.2067456939,-4.1943122932,-1.1625220179,-3.3743816756,1.5489764697,0.2358293672,-20.3753497867,1.039495087,-4.8498635843,-1.0378152345,4.2003973208,-0.79206753,2.3856534663,-0.3930955304,-1.5881885382,0.8257202439,-0.1056193633,-0.419943203,7.2611051775,0.7008375711,0.7824547005,0.8438110014,1.6771832304,-5.5653077535,0.2672929653
biasActivation=1,1,1,1,1,1
[BASIC:ACTIVATION]
"org.encog.engine.network.activation.ActivationSigmoid"
"org.encog.engine.network.activation.ActivationSigmoid"
"org.encog.engine.network.activation.ActivationSigmoid"
"org.encog.engine.network.activation.ActivationSigmoid"
"org.encog.engine.network.activation.ActivationSigmoid"
"org.encog.engine.network.activation.ActivationLinear"
