encog,BasicNetwork,java,3.4.0,1,1572769184912
[BASIC]
[BASIC:PARAMS]
[BASIC:NETWORK]
beginTraining=0
connectionLimit=0
contextTargetOffset=0,0,0,0,0,0
contextTargetSize=0,0,0,0,0,0
endTraining=5
hasContext=f
inputCount=2
layerCounts=3,8,8,8,8,3
layerFeedCounts=2,7,7,7,7,2
layerContextCount=0,0,0,0,0,0
layerIndex=0,3,11,19,27,35
output=0.4751783689,0.3461532047,1,0.000000011,0.0810464864,0.9952181927,0.8295058123,0.2533923547,0.314655354,0.1993884253,1,0.1230443223,0.9999999999,0.9999972555,0.0147975408,0.1212245046,0.5440737423,0.999999925,1,0.0274303269,0.9999999968,0.0000000364,0.9288026972,0.0000000009,0.3224050629,0.0373564922,1,1,0,1,0.9736093246,0.0000000913,0,0.0002268313,1,8,30,1
outputCount=2
weightIndex=0,16,72,128,184,205
weights=-8.6536659911,8.625780021,6.2977527574,-12.7767405944,-10.4487969311,6.6686549326,-20.4137429492,8.1518665336,-3.5447547367,-11.0085631339,7.4109876305,-1.6049003239,9.9164079663,-3.0951631286,14.3173839309,-10.1816147199,4.4148367901,-11.5951276268,-3.9495345839,-4.5901599903,-6.2356797641,0.446383782,-4.2374455559,1.4977769012,1.46450554,-9.9622305772,-6.8539496424,-4.0958217275,-4.9052452776,25.4641004087,-1.483040931,2.4916861078,3.9628151993,-1.0774373146,-4.7650721968,4.4636263985,-3.8727449252,2.2911626516,10.4282304484,-0.578332252,10.7999040537,1.3589242895,-3.9339862912,-11.2315692743,-4.3911409875,-6.6654785563,10.2312815982,-3.0779422332,-5.7672982789,-2.6555104659,0.8168599358,2.6637010853,6.0807615342,-2.4269476673,2.7746642215,-0.7630936735,-16.4230675762,-1.2073204293,2.5353093994,3.2414965669,8.6932385571,-1.0334619554,4.850680658,-5.4758612064,-0.8179486706,-3.8143421361,6.6312686472,-1.3488202216,-0.429089176,7.4887852727,-10.9842322129,2.8753698371,-9.3516180099,-4.7684684532,-3.2437081782,4.8450147125,16.7249022477,2.970522364,9.1322390125,-2.7378479363,1.0892689542,18.0361711671,0.7401018613,2.3174782115,-6.8960666768,3.3166910412,-8.050441713,1.7621659275,4.018484417,5.6242076709,2.7482149253,9.0583494737,-4.582974607,-2.4615473348,-17.4694595028,0.104260326,8.6049902547,0.0773048743,-11.8767125996,-0.0921382581,9.763650157,-7.0616666163,0.0593016476,-2.151648276,2.7809120432,1.9532072395,10.0957796966,0.8023693464,-17.2006541879,-12.4477753518,3.4506850011,-0.8712966354,-10.9790753123,5.7902409286,-0.7599031456,4.5907870758,11.0932536489,-1.3005608492,6.4353234777,-9.3973566826,3.666388312,13.4680078201,-0.8868108948,2.4064849786,-7.7112041462,0.4576680085,-31.7820055254,1.6414255861,0.5764187476,0.616987298,0.6377435357,-6.3984034088,0.9916790311,3.0329922298,2.6462742759,1.4464900945,0.8589961493,0.9262871244,0.1200275211,18.706215643,-0.5335361293,-2.7776718799,-3.2806736132,0.3673677842,0.3587578247,-0.1339904803,-0.1337330639,-18.3922692477,-0.3359342604,-0.2788662548,13.2613839973,0.5502880343,-2.8575179724,-0.3752102417,-1.1456416486,9.6134104562,0.3645860446,-1.5827109944,-8.4433640223,-2.7861898557,1.9608531188,0.0954276459,2.2575760846,-28.0042758032,1.3145699586,-5.5002043199,6.4530816913,2.2585619046,0.266095039,-3.8279972084,-0.0358055594,-0.6765169641,-0.903699594,-1.1759513201,0.4788769129,-0.314475754,8.5079105542,3.0212977007,9.1052879451,-28.8064193867,1.7662617496,-0.9983033442,-18.4716038571,7.1880133609,0.8988997588,0.8287641928,0.5235349946,1.9349584446,-5.3856459582,-0.3232368485,0.4939959383,3.4075619183,0.239885572,-1.6038529806,0.1212576541,12.8010935963,-1.152516954,-0.2475966499,0.4392864942,3.6381748981,-5.3627401208,0.5482436949,3.0953421745,-0.4986556781,-18.1941442413
biasActivation=1,1,1,1,1,1
[BASIC:ACTIVATION]
"org.encog.engine.network.activation.ActivationSigmoid"
"org.encog.engine.network.activation.ActivationSigmoid"
"org.encog.engine.network.activation.ActivationSigmoid"
"org.encog.engine.network.activation.ActivationSigmoid"
"org.encog.engine.network.activation.ActivationSigmoid"
"org.encog.engine.network.activation.ActivationLinear"
