encog,BasicNetwork,java,3.4.0,1,1572769199272
[BASIC]
[BASIC:PARAMS]
[BASIC:NETWORK]
beginTraining=0
connectionLimit=0
contextTargetOffset=0,0,0,0,0,0
contextTargetSize=0,0,0,0,0,0
endTraining=5
hasContext=f
inputCount=2
layerCounts=3,8,8,8,8,3
layerFeedCounts=2,7,7,7,7,2
layerContextCount=0,0,0,0,0,0
layerIndex=0,3,11,19,27,35
output=0.215695057,0.0005129493,1,0.9589583464,0.9956028059,0.7948887224,0.9320605533,0.9477264028,0.7618172857,0.0102724978,1,0.0000059966,0.9964919647,0.000059501,0.9377762227,0.1764067737,0.3441119335,0.0223918548,1,0.0042268749,0.0033366847,0.0000011705,0.2494925252,0.4133745096,0.0000002107,0.0001711887,1,1,0.8505412798,0.9850279636,0,0,1,1,1,8,30,1
outputCount=2
weightIndex=0,16,72,128,184,205
weights=10.967597466,-18.6181306916,9.7626009864,2.7207084952,-0.489370321,2.8271736759,-3.3816815802,-5.2234470129,0.6131684909,-5.0345675744,7.5613020351,-4.032702529,-15.2361712397,13.1881872393,10.4894367593,-1.1170847229,-8.1096629575,4.1339441298,-0.2241481918,1.7577767463,-5.4571438709,-3.365353309,-1.597756415,-0.4600091241,-0.6356667576,-6.3081706391,-9.5418034417,6.1328829579,-8.0145237661,11.461290252,-9.3405174095,3.6367239019,15.9933521585,-0.550047153,2.6260481904,3.2515951583,-15.849558044,2.2773880834,-7.2648272183,1.0282122066,-2.9150285365,2.902859792,-1.2881610439,0.0186841116,-1.3905417167,-1.8280139244,2.9692652696,0.516532146,-6.583237966,-0.8743539525,13.3292141558,3.3160836264,5.6276724729,8.765955669,-4.7618112978,-3.244240581,2.2232095283,11.9132201568,3.8693872942,-6.9899859697,2.0177562217,1.5171267936,1.4824757729,-5.065163108,0.2323504316,-1.362857876,3.3176485587,1.9783493633,-12.7652864367,-9.9675110852,1.8658022551,0.5747134241,3.1135086081,10.1048345732,14.5217404963,-2.0035688655,-13.436108633,-5.2795950867,7.236814037,-6.0184248422,-2.3171280258,9.6726280721,-1.354589932,-1.5799127852,9.4077391856,-14.9121397041,0.3705367767,2.1319027846,6.3240151217,5.5953367478,-4.074637595,-1.1332807262,-13.4871337306,5.0497083634,-4.7910444133,-3.9160517133,-6.2525136698,-0.2931047404,-0.8925492004,3.6516129537,7.8177998744,0.8540213843,3.2172768,-1.4030984769,2.991679327,-2.9305920216,10.8746897263,-11.3081570169,9.5063707285,2.5880221313,1.0877995247,-2.6523413823,6.1326699484,3.3988121716,7.2972046072,-3.2944765166,-1.7131837531,-15.8780918457,7.482676839,0.8465616683,-3.4317304143,14.780462201,-8.1873657042,-1.2916687606,2.4831517772,6.6285745833,-7.3499599882,-4.5141674281,0.1224919034,-6.1226161811,-7.0801693945,-0.6970806829,0.6695567373,4.892222927,1.1678186194,0.5371126824,4.1321092729,-12.5858712151,-10.167930714,-0.7169033468,-0.482078087,4.5938128154,2.808536328,3.4866053783,0.9836213686,-14.0521141202,-3.3171372029,0.6333084752,0.7699432697,-3.4797689764,5.3127750497,-1.2553554096,1.8241127458,-11.7677512712,1.7136178476,-0.7532577667,0.3201257545,0.4789174095,2.5454394154,2.3712065023,0.68497543,9.557519043,-11.4816820419,-0.0004655317,0.3243745724,0.0626731601,1.4187717819,0.6642604046,3.4451428377,-12.6712065347,-20.2252439926,-0.3374019246,-0.5073366158,4.2972994098,2.740079623,4.844282421,0.3194334235,-12.8421105642,-6.1547879416,-0.4062015609,-0.262179229,3.8783008056,4.0125539982,0.1025222715,0.272396058,3.1281311651,1.2535576818,-1.0359689688,0.1188221947,6.46193862,-0.3276549346,0.2536964074,-0.8031669352,-0.9581955256,-0.9974366711,0.1310534727,-1.4360485632,-0.6050992934,-0.8504349207,-2.238641947,7.47842648,-0.514433599,-0.8081382263,5.2937453991,0.1047935375
biasActivation=1,1,1,1,1,1
[BASIC:ACTIVATION]
"org.encog.engine.network.activation.ActivationSigmoid"
"org.encog.engine.network.activation.ActivationSigmoid"
"org.encog.engine.network.activation.ActivationSigmoid"
"org.encog.engine.network.activation.ActivationSigmoid"
"org.encog.engine.network.activation.ActivationSigmoid"
"org.encog.engine.network.activation.ActivationLinear"
