encog,BasicNetwork,java,3.4.0,1,1572769230163
[BASIC]
[BASIC:PARAMS]
[BASIC:NETWORK]
beginTraining=0
connectionLimit=0
contextTargetOffset=0,0,0,0,0,0
contextTargetSize=0,0,0,0,0,0
endTraining=5
hasContext=f
inputCount=2
layerCounts=3,8,8,8,8,3
layerFeedCounts=2,7,7,7,7,2
layerContextCount=0,0,0,0,0,0
layerIndex=0,3,11,19,27,35
output=0.4193566827,0.2580636778,1,0.0290456673,0.000000111,0.0269529337,0.9933970159,0.8570312766,0.3247918748,0.9984240663,1,0.9984048225,0.9668762094,0.9993004839,0.9959331627,0.0009236942,0.4421331995,0.0872431667,1,0.3369368772,0.9037817602,0.0005587058,0.0113233305,0.9801517148,0.5765647358,0.9028965603,1,0.9999954594,0.7757574678,0.004099061,0,0.999826913,0.000793934,0.0028015988,1,8,30,1
outputCount=2
weightIndex=0,16,72,128,184,205
weights=4.9546112116,-0.0291963664,-9.1809017886,-9.0293426435,6.1976648823,6.6566391391,4.5616557647,-3.2802323879,-9.6378288872,11.4825884685,4.4938857094,-0.132619214,3.6615836246,-11.145189406,1.2383796932,-1.5201538442,4.4529260352,-11.2506270688,3.9695778398,-0.4398028167,2.4976383499,-2.9679436518,-3.3817236232,0.9988955167,-3.2506495328,-4.9139463258,-8.296179975,-3.1791059022,6.7205804298,-2.9375951118,7.9686888447,4.0370866608,-2.6595546037,-6.2872641744,4.3469797662,-4.9374522598,4.5920329906,4.8586197742,-7.9722365035,4.2645358694,1.2689215781,-4.7695591503,3.0187785841,3.4408774342,0.4390527194,4.7155739298,-0.187994959,-0.1541823474,-3.4564802649,9.1272569996,-2.2657130542,-3.3390248274,-1.3669574762,1.5113722586,7.1292529981,0.7175173381,6.5907285117,3.4599293726,-4.3544641869,-2.564477695,8.5186053792,0.1365742871,0.8334138444,-3.8928706369,-0.4170565602,6.4917856629,-0.8777615326,0.2286806666,-1.211891139,1.4113211147,4.8910105451,0.1907854787,-4.1454881666,3.3169595678,-2.9512788327,-3.445584385,3.6001807992,2.5437291371,1.8396127021,-1.7775294042,14.2962638504,-3.9209820919,-8.0394017747,1.3127333889,-1.1289349738,5.2743363031,-1.0631375776,1.1156539414,-5.0237728389,1.0800112987,2.2683668548,-6.2638876744,8.5218625246,-1.8775021084,0.748059625,0.1050453721,2.116661786,2.9214309912,-6.1415994578,-8.9111737052,0.7457870272,1.5806843127,0.538581652,0.1229978079,-5.6450278459,3.8084045909,8.3202068932,4.0707356838,-2.217908477,-0.7556411117,-5.3746960974,-1.1145393579,10.378502188,-1.1412369478,-1.0426952047,-3.4105760932,-0.1085961564,1.1854706743,-3.8809623129,0.2682692746,5.5629018392,-2.1050635361,-8.4778141199,7.3874767521,-3.7304596405,0.5516621868,-0.2714260772,1.1849038722,8.865397663,1.7921288267,-14.1166619852,0.9004731519,-10.5772599144,9.6473717231,0.0203111651,-0.307011412,1.5034213527,0.9183584924,-7.4499057152,-0.5406122131,-0.5377928994,-1.1662662359,-0.9025387937,0.5958229102,-8.3694848522,4.6110602054,-1.0791472575,-0.3409811272,-6.4351108428,-10.1777018716,3.3167764852,3.7402625217,0.1586051646,-1.974342646,-1.4245936595,-0.1347671019,-1.186316636,9.4065422941,-2.4165764994,-1.9052425995,-6.2613071346,-0.4156762926,1.9698659164,0.3784387917,8.8697247148,4.1125722098,-0.1463213504,1.604213187,5.3268650358,-1.5428673568,0.4869433319,-0.7851919939,-2.7038506045,-0.7678833496,0.6363231798,-1.1210494745,2.0298123384,-1.4551578636,5.523171133,-0.3290162799,2.9273468101,-1.118476914,-3.1537864645,-1.6108786437,-1.8683328183,0.4672899802,13.2304111401,2.7317944766,-0.668861306,-0.5474049028,2.2567621505,-0.3502308978,-13.0400601478,-0.775669703,-1.4071953107,0.4785401302,-3.2699876982,0.9546589605,6.1816760343,0.4917145729,-0.3922023032,0.6946365817,3.4498602419,-1.1147644176,-0.0307089052
biasActivation=1,1,1,1,1,1
[BASIC:ACTIVATION]
"org.encog.engine.network.activation.ActivationSigmoid"
"org.encog.engine.network.activation.ActivationSigmoid"
"org.encog.engine.network.activation.ActivationSigmoid"
"org.encog.engine.network.activation.ActivationSigmoid"
"org.encog.engine.network.activation.ActivationSigmoid"
"org.encog.engine.network.activation.ActivationLinear"
