encog,BasicNetwork,java,3.4.0,1,1572769243939
[BASIC]
[BASIC:PARAMS]
[BASIC:NETWORK]
beginTraining=0
connectionLimit=0
contextTargetOffset=0,0,0,0,0,0
contextTargetSize=0,0,0,0,0,0
endTraining=5
hasContext=f
inputCount=2
layerCounts=3,8,8,8,8,3
layerFeedCounts=2,7,7,7,7,2
layerContextCount=0,0,0,0,0,0
layerIndex=0,3,11,19,27,35
output=0.9995222787,0.9994818148,1,0.000000116,0.0147738454,0.9877394412,0.0000722871,0.0000376502,0.2050204411,0.0000079205,1,0.0000044536,0.9999995532,0.7707397002,0.1092608389,0.0094457612,0.8326245551,0.9921698094,1,0.9998509949,0.3875650898,0.8216541803,0.9934485207,0.0060610154,0.9988735346,0.163829528,1,0.275768561,0,0.0000000126,0.0055320903,1,0.0000221003,0.0000000307,1,8,30,1
outputCount=2
weightIndex=0,16,72,128,184,205
weights=-6.7391044133,-11.450754772,2.2313887429,8.1376139853,10.5757108023,-14.515686571,-6.8691709662,8.586227361,7.818746544,-2.6813722579,10.4676739144,-6.9823392321,4.8023266815,12.0449451998,13.0314223641,-5.2043008112,10.0103248863,2.3354198119,-10.2109888582,-1.0089042377,-6.2952021701,-4.4327275621,-0.9016333424,-5.6802680237,5.0974963627,1.2312200265,-4.6145851144,6.3509632871,3.9834259541,-9.4622965717,1.3013304534,3.9812505904,4.2392377237,-2.8975159747,5.6542443636,3.3932595951,-6.7139048282,5.3895676825,3.9438930158,-5.7792537948,0.8173539069,-1.092666709,-9.4713901389,0.044188548,7.455225583,-9.6219164358,1.885837173,4.9229717352,-7.8632208663,-8.3409969814,-4.540800196,-7.8618248819,11.947683223,-1.0869645662,1.7889455655,1.5298991941,-11.3924982692,-8.1874111875,-2.9804830121,-0.1907994446,4.9852718075,3.9145318031,3.9946338553,1.8804949432,3.7910389472,-15.0101493186,-2.8181258569,5.7668641185,4.3828415958,-1.5523787596,9.272462003,-3.142678892,-5.6727674253,3.1080080946,-3.2216963558,-13.9691018529,4.258969894,3.5904496539,-3.1841382775,5.5797171771,-0.6535280104,-10.104614239,1.9284100595,11.0571758319,7.1194154592,8.9734056182,-10.1790180788,-0.7173487314,-6.6115621386,2.0856448512,10.3565126259,2.9108333263,-9.7139480244,-1.2414930789,-5.9930948769,-2.1056715674,-4.7830894357,8.6348340387,-6.5089433187,1.0898150734,2.1461179413,1.423981937,3.6710852706,1.5661105291,2.5144595277,6.2165403441,-6.5797381264,-2.1438797525,10.1018259226,-0.5558250687,13.4626293451,-3.7515984837,-8.0040961615,-1.3898479043,9.8187974415,2.9839043341,-9.7490608788,1.2401504763,4.1110808041,-2.7392886157,-7.3612688281,-8.911575585,3.3663864276,1.6777192052,-3.7301005818,5.3219600594,1.3239509544,5.7129027151,11.9872065178,-2.7393256359,0.7862773696,1.3579305225,2.3421078848,-7.9830305675,3.8749236755,3.1562428466,16.3880693467,-0.5786870729,-0.1868322431,3.4636949414,-2.7355327734,-6.3108223234,-0.4086459999,-2.2603623738,-10.0054006961,-1.6325147043,0.4838952194,-11.377285612,2.0966094084,7.1050289661,2.0410812933,2.2529437516,-10.3507779592,-2.2241032337,0.685079237,-7.9159388098,3.8778189634,-9.9468462795,11.0751730223,4.0421027147,15.7644637173,-3.5235226165,-0.5775554767,7.0870422551,-5.1263676736,1.0156274029,-6.1954384463,-4.3600026792,5.3748110312,0.0178021604,0.9273266937,-8.7029150028,3.0269425383,1.2432234656,-1.7679174478,2.3265148678,17.9388035194,1.294710805,0.5113175869,-8.4827866412,-2.6438063874,12.0910185381,-1.0036212403,-3.8864973762,0.9370080928,0.1710123736,-13.5919849928,1.3482750188,-6.2703498444,0.7665212905,-0.6877752875,-0.4045522774,-0.5500635816,0.8921770143,-0.3756400723,-1.0598560325,1.0819428514,0.9722953139,-0.6883769391,1.4361538125,-0.907966705,5.0298739968,0.2170974758,-0.6692787952,1.0420285813
biasActivation=1,1,1,1,1,1
[BASIC:ACTIVATION]
"org.encog.engine.network.activation.ActivationSigmoid"
"org.encog.engine.network.activation.ActivationSigmoid"
"org.encog.engine.network.activation.ActivationSigmoid"
"org.encog.engine.network.activation.ActivationSigmoid"
"org.encog.engine.network.activation.ActivationSigmoid"
"org.encog.engine.network.activation.ActivationLinear"
