encog,BasicNetwork,java,3.4.0,1,1572766357740
[BASIC]
[BASIC:PARAMS]
[BASIC:NETWORK]
beginTraining=0
connectionLimit=0
contextTargetOffset=0,0,0,0,0,0
contextTargetSize=0,0,0,0,0,0
endTraining=5
hasContext=f
inputCount=2
layerCounts=3,8,8,8,8,3
layerFeedCounts=2,7,7,7,7,2
layerContextCount=0,0,0,0,0,0
layerIndex=0,3,11,19,27,35
output=0.0714274936,0.0004166078,1,0.9999999073,0.4482736106,0.9995795548,0.0000001749,0.3254665459,0.0000002053,0.9999999944,1,0.000935372,0.9993585085,0.9999984775,0.9998105266,0.99999996,0.1113914745,0.8442860572,1,0.0000225889,0.9953615195,0.0003053532,0.0003557209,0.9817590811,0.9218539141,0.0002656779,1,0.9885516393,1,0.0000000381,1,0.0000000017,1,0.0000020254,1,8,30,1
outputCount=2
weightIndex=0,16,72,128,184,205
weights=4.6981200655,7.8353631106,-17.6869028626,-6.3642845198,5.3101074671,18.0351449811,7.5671885303,-2.3914586736,6.5826135257,6.7043079809,9.3538970608,12.0383425099,-11.8493226048,-7.1709685149,-21.2475145127,-1.6168182488,1.0765031258,5.9519186871,9.1363675957,-8.6318460164,9.1850001292,0.9080752948,-0.1712595293,0.5972558101,3.3638821381,6.7597847894,-0.1895840327,1.4993422696,-1.4308749122,4.0750344397,-8.4715230203,-0.1463783044,-0.8277805605,1.8211639917,4.6747870793,3.5899879996,-0.449087831,-3.3914023912,-1.1655050206,-0.49865248,6.6968809573,-1.4301137668,0.5325029041,-3.4896794902,0.7776236405,11.3163932223,-15.7283211299,0.0614597044,-14.9971634699,4.3268349511,5.7570536536,-18.6719530995,6.2655195631,-14.9257805688,2.3738175498,1.2654817133,-0.7639385617,-0.7644323592,-12.4528119406,8.186466392,-6.8634280908,0.3243881476,-0.9415032255,-2.743958728,0.8296722349,11.8765387316,3.7919778645,7.6822556091,6.3732724467,-0.7654509353,-7.467053686,-4.3241792071,11.2318240324,-0.1831215783,-3.6295200217,0.3407674315,-0.3336235356,-6.2183210405,1.9749271721,-0.7312281312,-3.6473273972,3.6635698092,-5.3386731728,-7.8005805525,-1.0466650016,2.4761395156,4.2521563899,2.452788215,-8.3374000976,4.6724185492,-1.8638530726,-5.5225915475,2.626662222,1.7135522063,4.4880936608,4.58754572,12.0676134099,-10.0638960678,-2.8913579103,0.2836216143,9.3816516118,17.3322030713,11.5746670462,-6.6025594988,-10.9464165997,6.7900531981,1.3233411354,-3.975308782,1.5184221113,1.2780623327,-4.0917958772,7.6092165047,10.9897341235,-4.9809329753,-3.8948745646,-3.0719414909,6.0781176474,-5.1178285406,0.6516725073,1.6337267849,-1.4822816249,1.939188173,-3.0645975881,12.0701862689,-2.1561720136,6.5286971955,-2.5229444711,-4.1440402109,-14.0109745129,2.737773351,0.4931522062,-0.8422780991,3.2974494835,-1.8624543213,-8.0387088094,3.1195165684,2.0132400791,-2.646689041,-0.0040281131,5.1321407068,1.6485005344,-0.2186181728,-5.9423776819,1.1117059327,-3.9796088248,-4.9721976383,-0.3695697689,0.9157063999,-1.6588898175,2.6682391128,8.0183037526,-2.7714513749,-11.4880447334,0.7564252492,-1.0143215546,4.8096897289,2.358250747,-4.5071110533,-3.6798621711,2.3565206238,6.5447730618,0.127474878,0.1247934182,-0.5063596562,-2.6307896115,-1.3643602291,12.1270702468,-0.7409471136,13.0389529214,-0.0358716504,-0.5641742028,-1.012357897,-7.2474069693,-7.2246203216,-1.8019166519,-2.1490179372,-9.749222294,1.2246601377,-0.4442901892,-0.0907662305,3.9187740015,0.0485506043,-20.0064367038,0.2222454202,-2.6168937248,0.1295329508,21.5075556047,-1.2405941709,5.1305736833,-0.8859268615,-0.0841330913,-0.5671750997,0.6065111726,-0.5399298421,4.6583023195,0.9299646293,2.8951662197,-1.577644326,3.9701241404,-2.4911652644,5.7376494771,-0.3206111956,1.6839351256,-0.5877804515,-8.9478147722
biasActivation=1,1,1,1,1,1
[BASIC:ACTIVATION]
"org.encog.engine.network.activation.ActivationSigmoid"
"org.encog.engine.network.activation.ActivationSigmoid"
"org.encog.engine.network.activation.ActivationSigmoid"
"org.encog.engine.network.activation.ActivationSigmoid"
"org.encog.engine.network.activation.ActivationSigmoid"
"org.encog.engine.network.activation.ActivationLinear"
