encog,BasicNetwork,java,3.4.0,1,1572769263288
[BASIC]
[BASIC:PARAMS]
[BASIC:NETWORK]
beginTraining=0
connectionLimit=0
contextTargetOffset=0,0,0,0,0,0
contextTargetSize=0,0,0,0,0,0
endTraining=5
hasContext=f
inputCount=2
layerCounts=3,8,8,8,8,3
layerFeedCounts=2,7,7,7,7,2
layerContextCount=0,0,0,0,0,0
layerIndex=0,3,11,19,27,35
output=0.2047629672,0.1847341937,1,0.0000000088,0.0481460972,0.9999999993,0.9872428194,0.2970436066,0.0457103862,0.0001438228,1,0.9999997524,0.8254021021,0.4295646596,0.0150275747,0.9635129644,0.0085820349,0.0000423315,1,1,0.0049607661,0.1896409548,0.3892970276,0.1264895705,0.000000041,0.0000000018,1,0.9999999999,0.7478117216,1,0,0.0000008576,0,1,1,8,30,1
outputCount=2
weightIndex=0,16,72,128,184,205
weights=7.8504543398,-7.653533016,7.6976478035,-11.3037654183,-7.8553831424,0.7290190792,12.5149695313,4.7718816057,-17.1916021275,6.3189396674,-18.9880803275,1.0699893881,-18.7576232613,-31.2025160224,14.0282871844,23.1390061742,-1.6935326101,-1.5656970091,-19.7582339093,13.0831090489,-4.8167004198,4.9354921761,-3.0547354358,-2.671096678,-4.4906861896,11.4670896696,-6.5002808853,2.7639699833,-3.4842567102,0.5183677697,-1.6587218105,-1.8549430625,7.3753188162,6.5140229987,8.2367614964,-10.0481390031,0.4518830144,-21.8330362741,-10.2265002376,4.674531466,6.6641929433,-13.3945331477,6.1934835428,3.0756853338,4.3865629043,1.0465659622,-5.1956998874,1.7985125648,-2.1428051584,-8.6722522004,-11.3678803736,3.5614198414,10.2852001405,7.5908992932,15.1596411324,3.2934933054,-13.9983572003,3.0616257947,0.2763446654,-1.4554148315,6.3776392961,8.6857400775,-9.5895142868,2.116729627,3.7092214248,-1.2536604661,-20.960625588,4.5679764425,-5.9115564547,-6.1827867017,9.0629380575,3.162605788,10.0901753712,-6.6797347157,-1.6777848147,3.659048235,13.0754063187,5.4986786023,-12.2650474402,2.3940557005,7.0978532742,1.7871256294,14.2417602454,-10.0883814542,6.200395999,-5.4841669464,-0.5261906325,-5.1110630246,10.3653488026,0.1009802431,-7.056413652,8.1482104628,1.6884205101,5.0793357532,27.0256441224,-12.6969342232,-7.3494290521,-0.3812523649,2.8087271609,1.6205091985,3.0973009197,-12.2042006159,1.7238790683,1.6133086579,-0.0519151545,-3.3123535592,-6.4003467567,2.4241898084,-12.1493980484,9.6158791193,-5.0030397633,5.1487856387,-3.2506628092,13.4500235778,6.5684547785,-9.8421058164,11.9770158536,-10.2079868025,-26.0502378287,-0.4946373919,-4.9950310375,3.7990575689,-1.096845975,-1.4093615438,-5.6217748795,2.1523768004,12.7448592248,-3.625988511,32.5278738939,2.4988673781,0.3960701043,0.6367728097,-1.2065712735,1.174420036,-0.6577126067,-0.456494688,8.2715743563,-9.686236902,-1.1668630097,1.739976613,10.1944070402,0.5845802302,-3.8877240664,-1.2747365121,-1.3089522248,4.3102180236,-1.3047247337,0.5244470303,18.8427105045,-0.2153814064,0.0820136304,-2.1439292336,-15.8493600322,7.3094838382,0.4051086563,-2.8957945035,-4.1746313292,-0.1864500694,8.33819828,1.1896708939,18.538257545,-11.8014324752,-0.07045027,2.2097445525,-0.3958108927,-0.5149718721,-10.7320525903,-0.842865019,-15.5686607681,2.2104802799,1.0356151584,-3.7691865322,1.3392290172,0.8041393964,-4.3345449937,0.2057192999,7.8268390106,-14.941750982,-9.7884612993,0.1700712558,19.0507638904,-0.8869928399,1.1546532537,-8.1575488809,-2.974630466,1.3641360722,6.4378993949,0.2795021899,0.1280826839,-4.9915227446,-0.3868284661,4.8594413256,0.2056790905,2.0686832485,-5.915851159,-0.5442738695,4.9355645634,-1.5746299202,-6.2148032764,-1.2670469818,-0.5472693727,0.1476621916,-2.5876791365,3.2090696581,-1.4773675751
biasActivation=1,1,1,1,1,1
[BASIC:ACTIVATION]
"org.encog.engine.network.activation.ActivationSigmoid"
"org.encog.engine.network.activation.ActivationSigmoid"
"org.encog.engine.network.activation.ActivationSigmoid"
"org.encog.engine.network.activation.ActivationSigmoid"
"org.encog.engine.network.activation.ActivationSigmoid"
"org.encog.engine.network.activation.ActivationLinear"
