encog,BasicNetwork,java,3.4.0,1,1572769271797
[BASIC]
[BASIC:PARAMS]
[BASIC:NETWORK]
beginTraining=0
connectionLimit=0
contextTargetOffset=0,0,0,0,0,0
contextTargetSize=0,0,0,0,0,0
endTraining=5
hasContext=f
inputCount=2
layerCounts=3,8,8,8,8,3
layerFeedCounts=2,7,7,7,7,2
layerContextCount=0,0,0,0,0,0
layerIndex=0,3,11,19,27,35
output=0.7307807261,0.4901959506,1,0.4954187326,0.8177011725,0.9922375687,0.7100621934,0.8716066036,0.6501173734,0.0043825648,1,0.5732432416,0.1186225696,0.630372817,0.5206494123,0.0000017361,0.2559403849,0.7444541122,1,0.1560334706,0.0885022538,0.9765633312,0.9997277806,0.0014678264,0.9816323656,0.5811797355,1,1,0,1,0.0000206655,0.0010901095,0.8050809019,0,1,8,30,1
outputCount=2
weightIndex=0,16,72,128,184,205
weights=9.7786242159,-14.5250755216,-1.9825576766,-1.9280299517,9.2713264897,6.1513807014,-2.9856097243,-0.6995499164,-10.0908149115,-3.1672772769,4.6966626072,4.8630942411,-4.6839877939,10.6434702378,-3.4451868005,-3.3852720646,0.9875843921,-3.3932381553,-12.2178361071,-0.6738614905,4.9630686843,-4.7980302044,3.2979860282,6.6435021417,-9.110141633,-2.8350050395,-5.1784844984,13.3881142617,-0.4968007813,-3.0866597994,9.2973471474,-2.7781121099,8.5986449321,-1.8514538196,1.6758857288,3.8253416102,1.1818587416,-4.0708968108,-1.9411860406,-0.4198898172,-3.9071210491,-1.6433890606,2.5852501175,3.7829852078,2.3697365647,-0.0722920681,0.511114615,-0.6309235647,-1.0791484297,6.5944802894,-0.43229894,1.2968013413,-1.2259515149,-6.8089179865,3.4816640423,0.4996703153,4.2379914783,-1.6008724346,-3.0984492273,9.9588393047,-3.0069137968,-7.1126412853,-0.4209160714,-2.7180607907,-2.6913773214,1.2891572048,3.2052099492,-1.7673759814,-4.5907957125,-1.3514452777,-3.4983633093,-2.1858638609,-2.3401122512,-9.7173371664,-5.9303732882,-2.641749058,-2.5980980694,4.4910768915,5.5812799199,2.3041533619,-1.3633121959,4.3702018679,0.0310722088,-2.7707749521,-6.3741670829,2.9840047409,-4.1551358074,0.0551284223,-1.9565464662,3.5021209556,5.2751845029,-7.6723780907,-6.8097533367,2.2415111037,-0.2093197615,0.9792035324,-0.116032882,-10.4568558867,-10.4972567428,1.8973887623,-6.7014109938,7.7827593053,1.5077623573,0.8743158926,-1.0700231738,4.7137366969,1.9188468871,-8.7735281055,3.1766692647,-5.9520699691,-0.8919496206,-0.2603524271,3.5547009032,9.3105123335,6.5877831444,-2.3473032715,5.0900590423,-3.9993432427,-3.4582635165,-0.6042672998,2.6289959998,-2.4684367382,-1.3639206634,-2.1687498791,8.2047010262,4.0179288752,-0.2649715151,0.5754384477,0.7833295775,0.8909403515,0.4157393447,1.6323573947,-2.4243736095,-3.389279563,2.601023866,-0.1558578733,-3.8467409414,0.5931769341,5.5234185664,-6.1922575389,3.6364192015,-12.2082422813,0.3366076903,5.8160478498,3.5946957108,0.5584506447,4.8019376235,7.1433723998,-5.7446524398,-11.2072555345,1.2311300134,4.3619665011,1.7458924439,0.4595809743,2.4506371615,0.6455960431,-10.5531612802,2.5200651279,2.5927047444,1.9947346275,2.4005556382,0.607659674,1.3264463873,6.2571173544,5.1649867107,-14.3876696498,-0.7709124854,1.3279726106,2.0063168721,-0.5235518601,-1.8827936224,3.3620490455,-4.9646876233,8.6351383282,0.1872964755,-3.0915388818,4.2521217239,0.0095169156,-3.3600923105,-0.8713356721,2.2577976274,3.5693485093,-0.0130011259,-3.440468771,-6.7238579782,5.8042400797,3.4642419502,-1.607019555,-0.9705666218,0.803768336,1.0559783895,1.8713351243,-0.3638166467,0.742583237,-0.5228739123,-1.041472274,1.6490489913,-0.6809512282,0.4157584871,-0.909273404,-0.1140189551,12.1131140665,0.9282339265,-3.0864081972,-0.6387026011
biasActivation=1,1,1,1,1,1
[BASIC:ACTIVATION]
"org.encog.engine.network.activation.ActivationSigmoid"
"org.encog.engine.network.activation.ActivationSigmoid"
"org.encog.engine.network.activation.ActivationSigmoid"
"org.encog.engine.network.activation.ActivationSigmoid"
"org.encog.engine.network.activation.ActivationSigmoid"
"org.encog.engine.network.activation.ActivationLinear"
