encog,BasicNetwork,java,3.4.0,1,1572769398069
[BASIC]
[BASIC:PARAMS]
[BASIC:NETWORK]
beginTraining=0
connectionLimit=0
contextTargetOffset=0,0,0,0,0,0
contextTargetSize=0,0,0,0,0,0
endTraining=5
hasContext=f
inputCount=2
layerCounts=3,8,8,8,8,3
layerFeedCounts=2,7,7,7,7,2
layerContextCount=0,0,0,0,0,0
layerIndex=0,3,11,19,27,35
output=0.0909101729,0.0002679181,1,0.0190925425,0.9990491098,0.9999769234,0.3243813777,0.0090359651,0.9952714907,0.4572393197,1,0.0013639466,0.8691451917,0.0000238115,0.0000316528,0.0701244381,0.4988793075,0.0269907796,1,0.0000203219,0.9999999482,0.9221625772,0.0890108648,0.9624147314,0.0099650079,0.1831725366,1,0.9999669262,0,1,0,0,1,0.7347351849,1,8,30,1
outputCount=2
weightIndex=0,16,72,128,184,205
weights=-11.7138991911,-3.9687820621,22.2809378362,18.1464318778,11.8273637752,-20.2103804365,-15.5979086622,0.8592170269,20.7528341386,-3.3573079465,-10.2372754726,-16.1283380158,-17.4684303158,5.7478548938,15.4404990495,-2.4207335851,3.4215946775,-6.0189923931,22.8938856418,-2.5479846711,5.7113713174,-2.6890378372,0.7039261132,2.2090657478,8.4535468623,14.5059385931,-3.1786792502,3.952535105,1.5459560999,-5.0535673602,-5.4990138144,-3.1010521932,5.3173399982,-1.680315618,-27.8211471871,3.3612872069,5.2571588033,7.125778793,4.1802730056,8.094020909,-7.4984560492,-3.5878200708,7.0324098504,7.2349300342,-1.0656059033,5.8691350304,-9.921083871,-0.1910284508,-5.1564118006,-4.6966630851,3.795881325,-10.203086611,-6.8299182144,2.1963712266,9.0218886919,-1.4684055114,-0.591205837,10.0262029817,-5.7125505318,18.5909978147,-11.6242387768,-7.3058807223,7.080867003,0.9043111889,7.8859781048,-3.9437403247,-3.0620760344,-4.874957928,-11.7160838943,5.9866647068,10.0667377034,0.8089441064,-1.3453234022,-6.4764657719,0.0469550433,-9.8048118231,2.0484433121,5.0222297611,3.8312063592,-2.0133509969,-10.77577664,0.8485550733,3.0724929137,-14.5449530547,2.0006883583,5.9746797381,2.5262334896,-2.9413596397,10.9398414038,-4.8430945016,-8.8862361823,3.0780770468,0.9672819055,0.8250721889,7.4552556718,-0.1866215533,8.7887232679,-0.2768009215,-14.1509150484,-7.9862884783,0.3825621465,11.8927263305,0.2033772927,3.1523341486,-0.6638095085,-4.5907906262,1.7683805189,2.0607835518,-0.1125532112,2.5200558145,5.3285613699,-0.7009776176,15.3805571562,15.5574142879,-9.3022610902,2.126548446,-3.5185772853,-5.9574349922,-2.0025410412,-3.3607906545,10.7463978903,-1.1102967901,-6.8427595489,10.9098403024,8.4484341147,4.5325913076,-7.5708635874,-3.9250679094,-14.5078905964,0.4055256605,7.175548105,-4.1976850047,0.87092584,1.0594414566,-17.6708235101,8.4520056057,15.6339625951,0.9510221279,-1.5905921119,-2.0745901489,0.6589710538,-6.6600125759,17.2044902674,-3.2483493114,-18.652441421,-3.6725231893,2.5197807645,-0.3239428162,6.0394354138,4.7083966622,17.4286995973,1.090267477,-2.595253935,0.9617284048,7.4957597383,1.3971746747,1.6094205656,-1.041297852,-19.8278648577,8.3831636351,-2.3000772079,1.1049623712,0.0210179719,0.5525459997,3.6109212792,7.3304487583,-3.5540203707,0.8026315089,-6.6942552998,-0.0293596982,-1.5783204771,0.1558405178,2.7327793324,1.2030625926,5.7761891293,-1.7733381463,-4.9309440919,-4.7449603292,-1.3624115347,0.3686722175,-5.9477387733,-1.0110154565,10.6070709191,-1.9841795728,-2.7453669107,0.7995175352,8.2941467279,1.7131887555,-7.0734962042,-1.1522898746,1.2174897782,0.6136866871,-0.7446125347,-0.1639527494,-5.4104844102,0.918745532,4.8075382207,-9.0577692744,0.8126300174,-8.0653029067,8.6131302368,4.3212704171,-1.2484478088,-0.1367142409,15.1077912089
biasActivation=1,1,1,1,1,1
[BASIC:ACTIVATION]
"org.encog.engine.network.activation.ActivationSigmoid"
"org.encog.engine.network.activation.ActivationSigmoid"
"org.encog.engine.network.activation.ActivationSigmoid"
"org.encog.engine.network.activation.ActivationSigmoid"
"org.encog.engine.network.activation.ActivationSigmoid"
"org.encog.engine.network.activation.ActivationLinear"
