encog,BasicNetwork,java,3.4.0,1,1572769407272
[BASIC]
[BASIC:PARAMS]
[BASIC:NETWORK]
beginTraining=0
connectionLimit=0
contextTargetOffset=0,0,0,0,0,0
contextTargetSize=0,0,0,0,0,0
endTraining=5
hasContext=f
inputCount=2
layerCounts=3,8,8,8,8,3
layerFeedCounts=2,7,7,7,7,2
layerContextCount=0,0,0,0,0,0
layerIndex=0,3,11,19,27,35
output=0.6136362435,0.4750026335,1,0.9999948347,0.9903199561,0.1755452052,0.9803916254,0.8403627651,0.0000107293,0.9993364567,1,0.6149297957,0.6935008932,0.1718199972,0.0069940971,0.9935298553,0.9993712248,0.9968701526,1,0.9997246112,0.6045512981,0.0000155982,0.0146511422,0.8930618304,0.0217900638,0.9982079725,1,0.9119077492,0,0.1408973291,1,1,1,0.9999829662,1,8,30,1
outputCount=2
weightIndex=0,16,72,128,184,205
weights=9.3399443344,3.9244874638,5.0586991161,-2.4648842385,-8.5758580302,1.675087965,-8.7320783985,4.6978482427,-5.0710033969,6.4708949783,-11.8305932003,3.0193107952,1.2199278093,13.1571883723,-3.4623080921,0.114032394,-5.0597490612,0.8576132388,1.9892703835,-6.7822564314,-0.9990327805,-0.2136139356,18.9851039606,-3.323814499,0.0170604891,0.2600953938,1.0675102134,-2.31451386,-0.3454019605,-0.1045410473,3.9895980009,0.7403938911,1.3477150088,7.5452122616,-2.8788033809,-3.1123695844,6.7011729696,-4.098316804,-4.6352428716,-5.033123336,-1.6330451794,-2.0240612947,-1.9287458474,1.4609236269,0.4741102377,7.4327047231,-1.0912623252,-0.1701559775,14.2297533241,-3.3100327686,-6.1873461834,4.1311777547,0.6993824838,-3.6880401843,-1.5601259323,0.7864638593,2.573302007,0.638700146,-0.1960661365,-1.2771970851,-3.0655218922,-15.6740146331,1.4494837023,3.8396582119,-0.7781957341,-0.9543122201,4.0583447062,1.7574109792,0.0326372326,11.4098625486,-3.4811916121,-0.2168098622,-7.3566409125,-0.5093333414,-11.0778705041,9.2493490275,3.4280137434,-5.8644023459,1.5280261993,3.5363443562,-3.5094951271,-0.3685468498,3.1687458966,-0.1455964678,-2.854478708,1.005071215,2.0595254318,5.0214462503,0.7446096921,-1.7734248653,-3.057623744,3.5957788714,1.1973685305,-4.1491032801,-3.0554491775,0.773362793,-4.1593854028,-7.7612435439,-0.1147213712,0.706467284,0.419030368,-0.4223946352,1.3024465278,2.2191624286,3.0400696055,-12.4559502954,3.5859833443,4.2384466785,6.5434780004,-0.1371867402,3.1277307318,0.5000732463,-5.4437101062,-18.472352723,1.2904317931,5.6718204591,11.2265405933,5.7164810131,6.3697392119,7.388802912,3.869616563,11.745287599,-11.1985777074,0.5752579456,2.4837883634,11.4085017795,-4.9888424097,-2.7006633188,0.4948180712,1.8312398732,-18.5822651119,-1.0138730257,0.2166932737,-0.6817906058,12.2305802311,-0.3873873898,0.0357473979,-6.1382823955,-21.7459989263,1.1480732308,2.9583256277,0.5111231886,-2.5706617243,1.408916179,1.6370074023,-1.0322631868,16.7023005613,0.6631722454,-0.8671827986,1.0676435334,-15.9631319767,0.1847806514,1.5007668588,0.7632564469,0.1451126033,1.8675659665,1.645450057,1.0445224829,-11.8728337153,1.7176086102,-0.6100488968,3.8303675733,9.2846789422,-0.3994212153,0.0410987333,-0.2617090054,2.3215064246,-0.3309085369,-0.5100508356,-1.7301660109,8.0198365656,-1.5089715123,-1.8911088345,-0.6684299069,1.5167795928,-1.9173679731,1.2113387953,0.2822075748,1.0935723929,0.267142317,-0.3293304668,-0.2731531144,5.5710582795,-0.1717188212,-2.1051130779,0.6390423478,0.006788454,2.0112009946,-5.3122534041,0.259329543,1.8711555508,0.25115151,-24.3116466812,0.7585948092,0.832046197,0.3407251119,2.3171402204,1.3695603531,-0.1937683491,-2.0099210655,3.3222187283,0.0915031242,-1.1695394395,0.5925222141,2.5609416343
biasActivation=1,1,1,1,1,1
[BASIC:ACTIVATION]
"org.encog.engine.network.activation.ActivationSigmoid"
"org.encog.engine.network.activation.ActivationSigmoid"
"org.encog.engine.network.activation.ActivationSigmoid"
"org.encog.engine.network.activation.ActivationSigmoid"
"org.encog.engine.network.activation.ActivationSigmoid"
"org.encog.engine.network.activation.ActivationLinear"
