encog,BasicNetwork,java,3.4.0,1,1572769417584
[BASIC]
[BASIC:PARAMS]
[BASIC:NETWORK]
beginTraining=0
connectionLimit=0
contextTargetOffset=0,0,0,0,0,0
contextTargetSize=0,0,0,0,0,0
endTraining=5
hasContext=f
inputCount=2
layerCounts=3,8,8,8,8,3
layerFeedCounts=2,7,7,7,7,2
layerContextCount=0,0,0,0,0,0
layerIndex=0,3,11,19,27,35
output=0.2929348484,0.2525956913,1,0.6092297604,0.9994623377,0.0010437312,0.0044472164,0.217907545,0.9999896042,0.0009190483,1,0.3963851779,0.5425072223,0.9981576616,0.9962370165,0.0850494077,0.4159243976,0.1501891202,1,0.8630451466,0.0628248761,0.0007814634,0.6906230312,0.0000195443,0.2390564473,0.2837188578,1,1,0.0000000008,0.9975532359,1,1,0.9917189386,0.9885831925,1,8,30,1
outputCount=2
weightIndex=0,16,72,128,184,205
weights=1.623727733,4.9701261579,-5.3844624447,-5.0108178171,-1.4092508312,-11.0024789592,7.1082374637,4.4929725208,-4.2271613958,0.7171105481,0.5742568588,-7.3397380192,-9.292257661,-4.1970174653,12.2949011106,7.0163407236,0.4033663304,3.9073151234,-0.2762655265,-0.9328962004,-0.957977892,-2.5043739289,0.2686844922,0.4523350598,1.8774252414,3.4064941401,1.4346653035,1.4644349702,-1.2319506039,-0.4015366443,-2.1518751549,2.6395382661,-4.9066533782,-5.9920001423,2.4805854527,-0.8394089596,4.0924719377,-6.4484401668,1.5493862545,-1.2067458153,-4.4856655604,-7.1454564695,0.0793592135,2.3366829362,7.6122002308,-3.4404759181,-0.8535510218,-1.2518509146,3.2610260622,-2.4067261716,-2.2745985487,-1.972566152,1.7220224706,5.9147081805,-3.6344591371,0.9100210173,0.6029205825,8.0140874893,9.9632308113,-2.1073441725,-7.3776529837,-4.018433022,3.281603154,0.8479163949,-0.5664354988,2.8275286126,-3.936764037,-7.0696235827,1.1732292,11.0466911001,2.7486488116,-2.435336508,-1.0816046739,3.9610270573,0.623958792,4.5211302607,0.417993809,-3.5612322982,0.1352989323,-2.0458710152,-0.6199774552,-9.8368015605,-3.1308575093,2.244692615,5.392483673,-4.5163810828,-2.2368148463,1.4899060828,-0.0151853437,-7.5534777886,-0.1382983171,5.1673724461,-0.265473863,-1.7353864179,5.0077695191,2.2079910323,3.9391674833,-3.0590040355,-1.4898557745,-0.3782918243,-3.7089634341,0.7552808016,-1.8497568738,2.9780252018,0.887498397,4.3568222867,0.8843316736,-7.450447764,0.2087475916,7.383568796,-3.2757335746,0.893747614,2.6976518149,13.1690601045,-2.3471045542,4.1937613207,2.0984131717,-9.1882137903,-12.4003392486,-0.6748699567,-1.9863756229,-1.9820576778,9.8520022713,-1.8041754164,-1.1365107842,1.0058824258,3.6077226287,0.0800225451,-0.0726955791,-1.54964294,1.9467582049,-0.6855327297,2.3166536538,-1.5557866211,1.6722642417,-1.769873888,-2.6632964629,-4.7771452342,4.8876184341,0.9853772154,5.5210035264,-8.0814126434,-3.9716602953,0.5195436711,-2.7727579179,-1.4570761191,0.8796629623,0.1890889594,-2.3430915524,6.9282090631,-9.1344992533,-0.9449343478,3.1966181806,-4.4085374462,-10.3923640823,-0.8028843317,-0.8496439782,3.6270457775,6.5345753748,-0.4311011856,-0.8517096379,3.6927447192,-0.9037678172,-0.9939962784,-3.0452383882,-4.5080759806,-0.3476299153,-0.235902538,-5.9626254506,0.6166544196,13.846089699,-1.0233373137,0.0433240831,-1.277808729,-6.5989313081,-0.2366126819,-8.079788563,-0.1982593491,-9.9909075287,-3.1722507298,5.2685072143,8.1312899653,6.7282490501,0.3085170979,-4.5421729477,2.955353828,-1.7945570688,0.9488605085,-0.8106837469,-4.2045414028,-0.7244632497,0.6600514519,-7.995298422,-0.3577354997,2.7984028092,0.2475927124,-3.0513505432,2.9074312635,0.0593006006,0.0934902468,0.3101277204,-5.2662849993,-1.9675458765,1.1823872557,-15.2700644736
biasActivation=1,1,1,1,1,1
[BASIC:ACTIVATION]
"org.encog.engine.network.activation.ActivationSigmoid"
"org.encog.engine.network.activation.ActivationSigmoid"
"org.encog.engine.network.activation.ActivationSigmoid"
"org.encog.engine.network.activation.ActivationSigmoid"
"org.encog.engine.network.activation.ActivationSigmoid"
"org.encog.engine.network.activation.ActivationLinear"
