encog,BasicNetwork,java,3.4.0,1,1572769430046
[BASIC]
[BASIC:PARAMS]
[BASIC:NETWORK]
beginTraining=0
connectionLimit=0
contextTargetOffset=0,0,0,0,0,0
contextTargetSize=0,0,0,0,0,0
endTraining=5
hasContext=f
inputCount=2
layerCounts=3,8,8,8,8,3
layerFeedCounts=2,7,7,7,7,2
layerContextCount=0,0,0,0,0,0
layerIndex=0,3,11,19,27,35
output=0.000117707,0.0001313209,1,0.000001132,0.2840853579,0.0796872809,0.0000001343,0.9999999999,0.9914527117,0.0000029808,1,0.0000002422,0.000001728,0.9999999863,0.0028617018,0.9526934589,0.9999999816,0.0640350997,1,0.4346739919,0.0000010899,0.9999999878,0.0648977425,0.9999734917,0.0328657447,0.0001420745,1,0,0,0.0002203731,1,0.9298812784,1,1,1,8,30,1
outputCount=2
weightIndex=0,16,72,128,184,205
weights=2.9080176608,9.1535080967,34.1935176371,12.075810186,10.1306453256,-12.3426913766,-7.8269443134,-12.2657923633,7.2857564448,12.6260659648,-2.286704539,-8.9834957502,-6.7383838203,-4.1278222884,0.4639345515,-1.511478805,5.3597030987,-1.5525520351,-6.0635362911,-0.9616780414,-3.5226316914,-3.2251920417,-4.7988409818,-0.7367529388,0.5901239488,9.200021234,-0.1445155098,18.0916733064,0.3952806761,3.7269042817,21.3524988234,-6.3023546214,9.4413092798,-17.2805651945,-8.5713819984,-1.3057546128,-8.7553809531,15.326841181,0.434791235,-0.8849460379,-12.4194195584,2.059754248,-21.6770050539,12.3256088835,19.1724803883,-10.4289590395,3.5268354686,-2.2440976935,-3.9186540723,-0.709652348,20.8643604572,-7.003582597,6.5895318406,-0.8942146944,-8.2494658028,-2.8057093751,20.6169945759,0.326035796,6.6837091625,6.4353299389,1.333940503,2.8168825933,-11.3344967234,-5.3104867465,-0.4549567638,1.009380787,-10.6164111228,-0.5375024057,-5.9263929568,2.5318851908,0.3739617386,0.984843851,1.2966629008,-1.6056943452,-2.0683989001,-2.2995078405,-11.2407530888,11.1628009841,-4.1563478281,-2.7053626706,3.4416552453,-0.5519150728,-4.8500357333,-7.9830349736,-5.6435522525,15.8476129616,-3.6679545334,-4.2733413792,-8.1012251097,0.5964546653,9.1879179368,4.6172393083,11.134127942,-11.1406389001,-7.0867631307,1.3759929461,5.6496333965,-5.3899272029,1.9605159611,-9.2551723425,-5.8199986043,15.6735100202,0.0017062604,-4.364369458,-0.9302937613,-0.2778096816,4.3773313335,3.7795475346,2.0913520247,-1.3459375725,-5.4089805966,-3.2618888281,11.829379363,0.2002363104,2.3110407241,-16.77983626,7.7938762088,-12.0325682787,-2.3550757221,4.0471705494,-7.5399081265,-10.228713804,5.7050871674,-16.8863279126,-4.1341535695,14.2446466699,1.0846875904,-0.3482070829,3.7021486465,5.0637291726,-9.1904370058,2.0070223475,-8.4752831416,1.9957910925,1.7013840692,1.9160286743,0.0535013941,0.0764752427,14.558994571,-3.7210314701,-2.7373968313,-0.3460117629,-3.8775364959,-3.2426317042,1.1509168883,-0.2678520143,-17.9159516924,-3.1045870382,28.9948716292,-0.1281542017,-3.734049095,-1.7692263515,-2.9631211339,-0.5799792159,9.4941117361,-5.2171605173,15.0770083333,-4.1429866309,-1.5354129422,-5.794202991,-0.2450167615,-0.0560774645,-13.0975707828,-0.5704638549,10.1636452274,0.4956779317,1.3902855985,-0.2255687146,1.9351075726,0.6330223582,13.5680624877,4.7981219516,-24.0354148878,5.1954714669,4.2596775411,4.7119149242,0.3322473798,-2.0033185495,13.8529503848,-0.8044208577,0.4610304098,-4.8787524583,-1.1059843242,-2.5016153447,0.9014761712,-4.2684685467,0.1382568248,2.0219413532,-3.9567148331,0.9152060971,0.7105013169,-0.5654114152,2.8583637925,0.7862703858,0.7078311287,-0.1264654616,-2.2164051863,-0.2024463778,26.3894999171,-1.1437892296,3.4704818515,-0.9147912091,0.1675227527,3.7469120581,0.0480632633
biasActivation=1,1,1,1,1,1
[BASIC:ACTIVATION]
"org.encog.engine.network.activation.ActivationSigmoid"
"org.encog.engine.network.activation.ActivationSigmoid"
"org.encog.engine.network.activation.ActivationSigmoid"
"org.encog.engine.network.activation.ActivationSigmoid"
"org.encog.engine.network.activation.ActivationSigmoid"
"org.encog.engine.network.activation.ActivationLinear"
