encog,BasicNetwork,java,3.4.0,1,1572769450303
[BASIC]
[BASIC:PARAMS]
[BASIC:NETWORK]
beginTraining=0
connectionLimit=0
contextTargetOffset=0,0,0,0,0,0
contextTargetSize=0,0,0,0,0,0
endTraining=5
hasContext=f
inputCount=2
layerCounts=3,8,8,8,8,3
layerFeedCounts=2,7,7,7,7,2
layerContextCount=0,0,0,0,0,0
layerIndex=0,3,11,19,27,35
output=0.7352934682,0.5909087236,1,0.9721307518,0.2783143978,0.9999855308,0.0000396497,0.7483292912,0.6634206911,0.0000000057,1,0.6750980299,0.9856615225,0.991530211,0.0098983905,0.9957500152,0.899193972,0.0161126,1,0.0016999239,0.944171757,0.9999999153,0.0019605301,0.0361497039,0.6857020602,0.8468357498,1,0.3378626985,0.0000006076,0.0009155474,0,0.0000387123,0.999993148,1,1,8,30,1
outputCount=2
weightIndex=0,16,72,128,184,205
weights=-9.2088651934,13.7146792031,2.4683039558,-10.6092220875,9.1854623962,-0.0974033623,2.3814469449,-3.1201024888,7.3737356781,0.0087645195,-7.2086802038,4.924997446,-3.8473826554,7.5577596135,-10.9900564156,-1.7294355225,-6.1080944175,9.2079431004,-5.6571987429,-4.0676453716,6.2186526782,-4.4239603402,-0.2581655056,2.0390950325,0.332806179,13.3497466881,-16.8644325492,-2.56566317,3.6217363867,-4.3598422484,-4.9692933376,2.8052117125,8.126425911,0.9829591267,2.0934788981,-4.4584557945,-2.09259191,1.7052684369,-2.905541863,3.2540026137,3.0744012855,-3.0139765924,-1.6690292541,4.4437709363,-2.2934903421,-6.0987840376,5.104275429,0.0562476399,4.2191217491,1.6114848919,-0.9653287891,-2.6629428661,-8.8092275278,2.2490862601,-6.2836657884,4.4872034919,-6.6527359981,0.6134333296,-1.2712481562,-3.1625987407,3.1575825188,-3.4175439677,11.6914809396,5.5974643703,-2.3026685443,-9.4021962674,-3.7628545732,1.8150669102,-2.7607252294,-5.7801111036,12.7046296267,3.2946274518,-2.2018920131,6.8713571058,-0.2801525143,3.3899949561,-2.9394653066,-9.8887274865,3.5337406449,-1.5846738538,3.453598021,-5.2634964205,6.7241892831,-3.9056067763,-2.0402762067,11.7072998354,-1.5255785145,-4.1844412971,-6.190425052,7.7258839763,-3.7158659285,5.1333305408,1.7219137607,-10.8708950413,5.3730320265,4.026380043,-7.5961780781,-3.2080552943,0.3682465238,-3.9801332476,-1.9681018352,-4.3154606202,-2.8217776272,3.4958381059,12.9331652587,3.6736471384,-1.1635200644,-4.3620574004,0.5941974116,-0.2046389574,5.960800073,-1.7908638301,-8.9023859051,5.9433652329,-2.1352034211,3.3956921425,1.908560442,2.862581213,-3.7357014621,-0.1479238939,7.2568596628,0.6300375606,-7.4677463045,1.364935478,1.2638209674,-12.2382168613,4.4568056778,7.3178613908,9.3132941013,0.033755071,0.4193073235,0.2067748091,0.3057935014,-9.9526891342,1.6351415997,-1.2050015171,-7.667035885,0.0662059747,3.1599561125,-4.516121868,-6.9968526156,-5.501804264,4.018250813,6.8993271278,4.6993247174,-1.1780618648,-0.7855009355,1.0607214153,-5.9642734323,12.2270506045,3.7494353039,-1.2793240037,4.2653054682,-1.0171886323,-1.2448702254,-0.1128448135,6.451603012,-5.1167280184,-2.0920897016,-0.4639922978,-0.863380735,0.7464815766,2.1474188651,0.5698547205,-5.0843123416,-1.6109158476,-1.157669288,-0.2247586786,20.5105601279,-0.7187744873,-2.4782376303,-1.9943011753,-6.3887282573,2.1263302068,1.6682386232,-9.9416889201,-3.9451821543,0.7965847245,3.042114021,3.6347097151,-7.8007773458,-0.9269294647,0.3261688695,3.6411963147,0.0983604134,-0.0897421956,1.2325492172,-0.9879876802,-0.1772245246,-1.0931287079,7.4841680185,-2.1984367567,-0.9153138607,1.628636304,-8.4458475053,0.1031494695,2.6487996941,-0.8294057,-6.4675402284,-2.291182562,0.4455411585,16.8541872658,-1.0997155684,5.7533044789,1.1593667521
biasActivation=1,1,1,1,1,1
[BASIC:ACTIVATION]
"org.encog.engine.network.activation.ActivationSigmoid"
"org.encog.engine.network.activation.ActivationSigmoid"
"org.encog.engine.network.activation.ActivationSigmoid"
"org.encog.engine.network.activation.ActivationSigmoid"
"org.encog.engine.network.activation.ActivationSigmoid"
"org.encog.engine.network.activation.ActivationLinear"
