encog,BasicNetwork,java,3.4.0,1,1572769462131
[BASIC]
[BASIC:PARAMS]
[BASIC:NETWORK]
beginTraining=0
connectionLimit=0
contextTargetOffset=0,0,0,0,0,0
contextTargetSize=0,0,0,0,0,0
endTraining=5
hasContext=f
inputCount=2
layerCounts=3,8,8,8,8,3
layerFeedCounts=2,7,7,7,7,2
layerContextCount=0,0,0,0,0,0
layerIndex=0,3,11,19,27,35
output=0.0298561585,0.0153076297,1,0.8216111717,0.3782613714,0.719908146,0.9992848615,0.0123542924,0.0005084507,0.0000020002,1,0.6243892368,0,0,0.9554243399,0.5433556439,0.0000006356,0.9936694234,1,0.999597357,0.0036369351,0.9659608778,0.446588462,0.0153042979,0.9993655032,0.0073666508,1,0.0000000047,0,0.0052580463,0,0,0.9005724626,0,1,8,30,1
outputCount=2
weightIndex=0,16,72,128,184,205
weights=-15.9871031634,-9.6458880595,10.667655988,2.1511208163,0.8970545794,5.4522643685,-6.651558535,3.4596398994,-1.4549917219,-19.0616433101,-10.4330676625,11.890839287,-1.6446120428,14.6298135783,-1.397594227,-0.1168601252,-15.5215621186,-3.2455045557,12.8225616852,5.2769401402,5.2365392009,-2.6512804459,-2.6873992536,6.0021659569,1.2054661971,-4.6838531539,-7.2773861048,1.1145732885,10.1450510504,5.5066459896,-7.8847235444,0.0079295077,2.2760379624,-2.4709710051,9.282686297,-8.2424811329,4.2932205335,-3.0096349052,0.7433110677,4.3265903439,3.1146304572,-4.8339531205,-9.1787151981,4.5469584173,-4.7322360353,-3.8123192081,2.1890616143,1.3493884967,-1.3067844731,0.1420934301,-0.5424346453,-0.6454345681,-1.7084269094,0.0354101918,-1.9042399661,-0.1282460043,2.7084069157,4.0846527574,4.8977584551,-12.6279825325,-1.5542789647,2.6459544498,-7.6039122847,11.190647781,-3.7256114911,7.9742453309,1.6602537636,-4.4189994815,-0.0036973057,0.8968408584,-3.2248784811,-3.3675606557,2.0489429918,7.4532831512,-8.2274812801,0.2874204517,-8.7669697239,4.3876898883,-6.2526547345,2.0473893505,-12.1562297694,-1.2728780817,-8.7788171563,-4.7675633151,5.6976081236,-1.1678153074,0.5430624564,-0.1348087554,-9.1965137641,1.5750217195,-2.3917520057,-0.8969634571,-0.6361298456,-10.0412469502,8.0149554373,-2.0148154558,0.6115392024,2.8340823663,-0.1989313811,14.4352758269,-9.61308604,-2.0235428393,1.8569833786,-1.6553997454,-2.752422425,-2.8771445828,8.3527881086,-0.8222531424,0.8157794313,-0.843653208,4.2642105036,-3.9664003729,-5.2314838448,0.8779165791,-8.8361620547,2.4491266595,1.0525706871,-5.2440267818,3.377081548,3.5988322345,3.6652555546,3.4265236428,12.8038954821,-6.0011590791,-15.9337167135,-0.9478305647,3.6912594199,-7.1443509661,0.5810601353,0.2369233497,-8.8468416741,-3.8935298891,0.8780313792,12.5942904767,1.1592805398,-3.4784965557,-0.5258539236,-0.7007771047,11.4379140968,1.9636451733,0.7822690956,-1.3658247059,-5.2845807181,-4.4430873665,-0.8012963349,-0.6274288634,-4.9134368368,-1.5619198951,1.1835261635,11.5267034894,0.8512921406,-7.0091838484,0.6018418492,0.2261268036,12.232657353,0.47967702,-0.4665907335,1.9342012473,0.6240173063,-2.0206726749,0.4076426107,0.463153948,-5.5642392495,-0.7431767544,-2.1779759698,-17.9384172915,0.8537026784,12.0199026958,0.3914063417,0.7160687709,-12.4455680778,-0.2298241325,-0.5491323029,-0.4258758996,5.6569936731,7.8110151149,0.0203734301,-0.3382528563,9.4692896735,0.5092448742,-0.3402323671,7.9028694478,-1.1019023239,-12.0702947589,-0.7639340103,-0.4352109904,-0.0071643374,-0.6851727715,-0.6829225162,0.1229904775,-0.1575126353,-0.3988358012,7.9824512924,0.720228758,-3.9338114363,0.6241310327,-1.0274977042,-0.9226906185,0.03049376,-1.9113306879,-0.228161835,24.3391020737,1.4614066337,-2.5347250342,-2.3029348824
biasActivation=1,1,1,1,1,1
[BASIC:ACTIVATION]
"org.encog.engine.network.activation.ActivationSigmoid"
"org.encog.engine.network.activation.ActivationSigmoid"
"org.encog.engine.network.activation.ActivationSigmoid"
"org.encog.engine.network.activation.ActivationSigmoid"
"org.encog.engine.network.activation.ActivationSigmoid"
"org.encog.engine.network.activation.ActivationLinear"
