encog,BasicNetwork,java,3.4.0,1,1572769476694
[BASIC]
[BASIC:PARAMS]
[BASIC:NETWORK]
beginTraining=0
connectionLimit=0
contextTargetOffset=0,0,0,0,0,0
contextTargetSize=0,0,0,0,0,0
endTraining=5
hasContext=f
inputCount=2
layerCounts=3,8,8,8,8,3
layerFeedCounts=2,7,7,7,7,2
layerContextCount=0,0,0,0,0,0
layerIndex=0,3,11,19,27,35
output=0.7698338799,0.6209749054,1,0.9999068356,0.0064647976,0.9989534845,0.9999999436,0.0000000616,0.9073828524,0.0121518003,1,0.1235056554,0.7363429153,0.0000000001,0.9999886716,0.9999503948,0.7487137473,0.0000621279,1,0.0125269871,0.005107358,0.999995315,0.0000030906,0.0000045348,0.5461033289,0.9211137002,1,0,0,1,0.9631872764,0.9999999963,0.9758236996,0,1,8,30,1
outputCount=2
weightIndex=0,16,72,128,184,205
weights=1.151156707,-16.1351041494,-6.9881510124,-7.8888782038,12.0731590486,9.3224364864,-12.3751295155,6.7217100753,-16.3964993638,6.8418696225,0.9813240829,5.0640380048,1.180229901,13.4969781002,11.0118765158,-1.580646767,7.288000243,0.0512110045,-6.9653629783,2.9382858513,-5.2128435236,11.1488186267,2.4211891276,2.2701419349,8.1736712592,0.4159890183,-5.8483222862,0.1699595452,-4.7145357791,-0.9528410632,-2.9089580563,-1.0927727617,-10.9354364613,-4.1877435342,1.1606866104,10.5621376143,6.4881615658,-3.0937479969,0.9667168557,-3.438140398,-13.6369298439,12.9155225455,0.7528594811,2.9919712414,8.4158522012,-3.9148348963,3.8720362966,0.3876799642,1.896382814,15.2551356398,-12.824255139,-16.7663637687,-22.6865752703,5.9729167768,11.6494976315,6.908418259,2.2835661127,1.8770448282,-10.2615476073,5.366256824,-2.6939333329,-2.8856383039,0.1253684155,0.1060211215,-4.8249429818,-1.3321795586,20.7606381537,-7.5057076662,3.4365627055,7.9969183215,-0.9392999815,-4.7393169118,-1.0475028122,0.5483218657,6.8340619024,-10.131807838,9.4130895939,-0.6007566066,-4.1132721802,-4.6664964436,7.4381777625,-7.2663725801,0.840426378,3.3040876046,-8.6616648844,-11.910526894,4.2860021078,2.6870703509,10.9154286353,-2.1287726927,-0.9101930462,-0.2285710983,10.5611273138,-1.6450331029,-21.6446351673,-2.0499523737,-5.79678734,4.8608119112,1.3235816386,-5.356305458,-6.1497735819,-3.5373201489,16.013189855,-2.7057811133,2.7729015065,-4.3921532199,1.5458161771,0.163921141,-10.3021886139,-3.8878921004,11.6435712901,-0.2485631198,4.762650914,2.0421314875,5.6701131739,-5.8168448555,9.344603278,4.6536903828,-7.0108520366,-0.7320425271,-0.0961479855,-0.8297271368,-8.4248159316,6.7079568393,-2.9558106922,-3.9622989643,0.3267666757,0.6067926729,-0.5752775219,0.8511352475,4.2733531225,-8.2936707082,4.2234357299,-7.5841943326,0.4378136417,2.5251419557,6.8375092837,0.4964279913,-1.3391197446,-1.5482931848,-1.2611067767,-0.5077279233,-0.7322645102,-0.6849768354,2.4121129308,0.8395307038,-0.7965992313,5.808732466,-0.4288102561,9.4914251262,0.7505426088,-1.3603037577,-2.0066307463,-1.0980895322,0.4889017557,-5.9789992378,0.8928333116,-9.3048859591,0.1362179327,0.7699442292,3.8564848306,-2.7173891372,0.1496828376,-22.8271425129,-0.5404282292,10.3955163336,0.5504997551,-0.0703624524,7.9327412575,0.3149765222,-3.1696131008,-3.2268071762,-3.9506146021,13.6609090451,0.5756098586,-2.9174528709,2.8277281709,-0.6546378737,-0.1868010533,21.5215718347,-0.4497844865,-16.9356504195,-0.6971708113,-1.1089336646,5.4566688912,-5.0400291249,0.0353597536,2.865082926,-6.3293275136,0.0676725053,0.8174551861,0.9105999238,-0.2696033085,-1.0248758235,0.2398585302,4.2676550093,0.9966161954,0.3875086042,-0.1935984958,0.8591805255,0.4818566668,-17.6312351059,-1.6662617812,-0.9379825003,-0.8215416153
biasActivation=1,1,1,1,1,1
[BASIC:ACTIVATION]
"org.encog.engine.network.activation.ActivationSigmoid"
"org.encog.engine.network.activation.ActivationSigmoid"
"org.encog.engine.network.activation.ActivationSigmoid"
"org.encog.engine.network.activation.ActivationSigmoid"
"org.encog.engine.network.activation.ActivationSigmoid"
"org.encog.engine.network.activation.ActivationLinear"
