encog,BasicNetwork,java,3.4.0,1,1572766372968
[BASIC]
[BASIC:PARAMS]
[BASIC:NETWORK]
beginTraining=0
connectionLimit=0
contextTargetOffset=0,0,0,0,0,0
contextTargetSize=0,0,0,0,0,0
endTraining=5
hasContext=f
inputCount=2
layerCounts=3,8,8,8,8,3
layerFeedCounts=2,7,7,7,7,2
layerContextCount=0,0,0,0,0,0
layerIndex=0,3,11,19,27,35
output=0.0227291622,0.0000057986,1,0.3894498821,0.9998933027,0.9980803593,0.9898180247,0.9369202629,0.0794369088,0.9038707355,1,0.9993158258,0.308862371,0.0000002685,0.0002554069,0.0000141974,0.9999928813,0.0000059494,1,0.0030495397,1,0.0000000029,1,0.0000000145,0.9968258169,0.1598579742,1,0.9381120123,0.9599950517,1,0,0,0.991161328,0.0000000134,1,8,30,1
outputCount=2
weightIndex=0,16,72,128,184,205
weights=22.9391725383,-11.8581594429,4.7143904515,10.1390167095,1.8111071566,-15.6828950906,-11.5877539509,-5.5562314904,-8.7234452118,10.2636489142,-19.3061288324,-10.0935219666,12.2110347899,-2.3325883013,-9.400326563,7.5779230582,9.298527232,2.0270518699,2.7881426131,-3.4836147956,-5.533531458,-6.7131320063,2.0098806058,-3.6538308526,4.2899730473,1.7102438526,-2.4745633176,-17.4950192775,3.740507137,0.2905931505,1.8575888799,4.043953598,5.5591289071,-12.9727718811,-14.3867569434,0.6519619742,19.3275644928,2.7690837255,2.5599858292,1.935655064,1.6308922436,4.039635132,0.2239058457,-0.6429411952,1.7606176636,3.6250900509,-9.0937336883,-1.9254366217,-0.4525192979,0.6413154921,-14.5801696681,10.7462332837,5.1156042356,1.6678880144,0.6022077979,1.2816369587,-0.9449559086,-12.4423902688,-1.8744686358,4.9927969619,8.1999872674,-0.6806095508,-6.2547472085,3.0165239291,-5.3128579656,0.9184351111,3.0580621394,-2.6027574676,-15.7835675334,1.4046774892,1.6906128088,5.8627560457,-1.2383610236,-1.838341924,-3.9496993956,2.8001815608,-2.8958585347,6.5002203919,3.8655364961,-0.7689738743,8.4300698102,-5.2280864127,-0.8744163025,8.3933464203,-7.2917682569,-9.2437889991,3.5823838437,4.6453639637,-8.6295265175,-15.3207894907,2.3524844936,3.478793815,-1.1591737366,-0.1715946089,19.989296525,-6.2864490611,10.9847248303,1.3689790661,9.476238776,1.2719435251,2.2060962803,-10.7796914909,-5.1156227888,0.6164298823,-11.3073951185,7.8095638114,-1.0385340297,-13.5419210024,13.5138652146,-15.5805665334,-7.1811123436,11.2834729307,-1.1021414998,7.1235615909,-10.5066762962,-2.1278930865,3.0947696571,7.9479027295,1.5187322936,-1.3049838009,0.7354370065,-10.8849654703,1.4096026325,-6.4822662754,3.6624261851,3.7434113673,1.6051325006,1.3446485368,10.7268761419,-10.790288908,0.0985398631,-0.7949229449,0.4042095775,-3.9958237758,0.1281267529,-1.632131686,26.3270863256,2.8689265719,-3.2497698652,0.5944853653,0.5996918946,4.7031792839,-0.5938457815,0.4524577811,-6.932112018,-7.0655706729,4.3992957986,-0.5342733898,0.5283394431,-12.3247294521,-0.8033543293,1.4583908957,22.6635968856,11.2396261889,-1.349997993,-0.6107425982,0.5987680868,4.9141821772,0.2149635997,0.7727124559,-5.0201116089,-5.7687264052,2.8247776615,1.2363772581,0.591528292,-9.4599779725,-0.1645279317,-1.2484556383,-1.6838033438,20.6829791875,-0.4919400906,-0.331433727,-0.6336734064,-12.6430611064,-0.7037595263,0.4968175466,-23.5331914249,7.0337090202,0.5048958343,0.9870313655,-0.4220499667,14.098844791,-0.7384747822,-0.8139670386,-0.7917236449,0.2005497416,3.0358401676,-2.2311721149,0.165866876,16.0512956146,-0.8298909549,8.2537155574,1.2455370987,-0.8745918942,-0.9290990641,-0.7148861831,-0.7691541094,-1.0501908775,-0.3214813005,-0.015621068,0.3685130545,-6.2106824198,-1.0027988039,-0.3161465128,-0.619677169
biasActivation=1,1,1,1,1,1
[BASIC:ACTIVATION]
"org.encog.engine.network.activation.ActivationSigmoid"
"org.encog.engine.network.activation.ActivationSigmoid"
"org.encog.engine.network.activation.ActivationSigmoid"
"org.encog.engine.network.activation.ActivationSigmoid"
"org.encog.engine.network.activation.ActivationSigmoid"
"org.encog.engine.network.activation.ActivationLinear"
