encog,BasicNetwork,java,3.4.0,1,1572769488034
[BASIC]
[BASIC:PARAMS]
[BASIC:NETWORK]
beginTraining=0
connectionLimit=0
contextTargetOffset=0,0,0,0,0,0
contextTargetSize=0,0,0,0,0,0
endTraining=5
hasContext=f
inputCount=2
layerCounts=3,8,8,8,8,3
layerFeedCounts=2,7,7,7,7,2
layerContextCount=0,0,0,0,0,0
layerIndex=0,3,11,19,27,35
output=0.081815548,0.0002996928,1,0.9982586461,0.0000813556,0.4244867091,0.9596496452,0.0000000622,0.1632565301,0.9430925419,1,0.0000000001,0.0398550174,0.0000130429,0.4057065643,0.9999992784,0.0002958923,0.0000135746,1,0.0025696748,0.9665847083,0.7338213646,0.0506207799,0.8182981366,0.1445586463,0.9939178917,1,0.0000417448,1,0,0,0.0017991797,0.2427327394,0.029886309,1,8,30,1
outputCount=2
weightIndex=0,16,72,128,184,205
weights=-17.6556789272,-17.7498860485,-0.7077240071,16.465623091,-8.8089935977,7.5681440506,-4.3859681734,2.6084627571,0.3561364611,16.5020138141,7.8114388263,-1.7798201704,-5.2535133475,-6.0526433408,-8.7759254223,-0.8125163431,5.1526951029,-5.8468695597,-17.9174669503,-2.8570573555,6.6637037287,0.3126735351,8.6052533388,1.0798289371,-9.5982593175,6.6450151453,6.0377541717,-3.6703783529,-5.4627411552,3.4553908589,2.4332336786,-2.7307367205,-0.6115651571,6.8197669563,3.4317308134,7.2737969327,-0.5308771867,-17.8379764052,1.1038873721,-2.9911155426,11.653504707,-5.3580006907,-4.707153711,-6.597661334,0.178409615,3.5042498951,-9.8480017378,5.8799745103,8.9307435354,1.2266687027,1.2766324918,-2.351660276,-8.3792752366,-4.7896824538,6.7743889239,-7.3070247198,3.3790272355,8.0357243082,1.0474864865,-13.0437199187,2.6711733966,6.2035537438,9.716462225,0.6643114817,-0.5567349699,-4.1420925674,-1.9406338439,3.0562358956,0.0391736112,-5.4631843589,-4.029501086,1.6954091548,-2.6274472407,-4.0545657864,-16.4291580618,8.7901019842,0.0425244534,5.1037769739,-10.4092027819,1.4259086594,2.4777602894,0.9234301454,-3.5922553821,14.7866333881,-0.1705400679,-3.6874578439,0.410454924,-1.9285656131,7.9864700361,3.2185011657,-14.8073215681,-7.1880204612,-3.9133682127,9.286313915,-3.5543985902,2.2437253499,0.7500331971,-3.3381659698,13.9425666437,8.8577600765,-4.5398205408,2.6809122613,-2.4940048575,-2.0305765202,-6.4792645678,5.9626885432,2.2133848809,-5.1495596768,1.7499109065,-3.4779582727,6.7886560541,-0.6450951609,4.4407941053,0.6051276648,-17.9151037371,-1.9400452802,1.3098362583,4.8839634664,-0.620327791,3.3618538561,-4.801713391,0.0633248395,-6.1117124148,-0.5265719602,-1.3138339643,9.0775813364,-8.9243986952,1.8883819363,1.4031550631,-4.2670023711,-5.9945493651,1.2553373556,-6.3932980918,5.0612597889,10.6202438414,-3.2288898085,-0.257595257,2.1365289459,-5.9085410288,-0.3550726355,-0.3150072182,0.4693227091,-3.900988681,1.2314700355,-5.5052759,-0.4647550172,2.5246232887,-0.6348633308,11.5915038345,8.2739388772,-12.9547298258,-0.1629591738,-1.2774198097,1.132032569,3.4289015713,0.3709543363,-5.2472247103,-24.1048568473,-2.9483110156,1.8851673698,-3.2162601685,0.7934183729,2.02718112,-1.781371229,-2.2919354243,0.1430852257,-2.9774503367,0.7699525344,2.3609374391,-1.4273926007,2.9863325202,-0.3576371101,-0.1728570988,1.1616614222,12.9254241719,-1.0185936923,2.3918829109,2.6093476608,7.9762512618,7.1457640906,3.4757996816,3.5019952704,-18.1354003506,2.1725533871,-0.1733752746,-0.4979563621,6.2417990896,1.1610801125,0.8851228205,0.0770473659,12.7917592765,-7.1323786092,3.9204622247,7.2233005925,-7.99073827,1.3767726532,0.995931995,-0.2574153154,-6.5636201213,-2.0594500744,-0.2782901398,23.6865495465,0.139988886,-0.3193329148,4.9800635664
biasActivation=1,1,1,1,1,1
[BASIC:ACTIVATION]
"org.encog.engine.network.activation.ActivationSigmoid"
"org.encog.engine.network.activation.ActivationSigmoid"
"org.encog.engine.network.activation.ActivationSigmoid"
"org.encog.engine.network.activation.ActivationSigmoid"
"org.encog.engine.network.activation.ActivationSigmoid"
"org.encog.engine.network.activation.ActivationLinear"
