encog,BasicNetwork,java,3.4.0,1,1572769520365
[BASIC]
[BASIC:PARAMS]
[BASIC:NETWORK]
beginTraining=0
connectionLimit=0
contextTargetOffset=0,0,0,0,0,0
contextTargetSize=0,0,0,0,0,0
endTraining=5
hasContext=f
inputCount=2
layerCounts=3,8,8,8,8,3
layerFeedCounts=2,7,7,7,7,2
layerContextCount=0,0,0,0,0,0
layerIndex=0,3,11,19,27,35
output=0.5214368311,0.2486501946,1,0.0031051801,0.9784987812,0.9939627057,0.0798864653,0.6120363615,0.00000569,0.0189312974,1,0.4566850637,0.2660725532,0.9993516813,0.0044938132,0.5976156525,0.9999999877,0.9825832193,1,0.032506151,0.9999999837,0.9999850294,0.5005529952,0.4843632651,0.9995183446,0.5324757076,1,0.9436706327,1,1,0,0.9998263967,0.9999846771,0,1,8,30,1
outputCount=2
weightIndex=0,16,72,128,184,205
weights=13.3312400644,-5.8001406363,3.6884018863,-3.4482545119,14.6544942584,-9.3243094516,-19.9623129487,-6.2619482976,-0.7895561205,4.0649627699,-14.2802007506,-6.8080922838,5.7340566619,4.8415637228,-1.6163811144,6.1780492065,-2.2892575059,3.9785660958,-2.2242580613,-5.7866013668,-0.3493416473,2.317588806,-8.9926814561,3.1913700158,1.7726209957,1.7470298994,1.6532827945,1.1396134925,-3.5230764514,0.7162134921,-1.3523491139,3.6042392276,1.0553998792,-0.7549898154,-0.1228639461,11.689671606,3.4295329427,-8.4825277953,4.5482429618,6.8568514407,8.7291733268,5.5505608108,-0.3273212417,2.8339802813,-5.4172628236,-13.4592834733,5.3567305991,3.8404388326,-11.3907796872,-10.0288467784,1.321918051,2.7680595541,-4.4305372795,10.318899965,0.9138403612,-1.5762858944,-5.1147035871,0.185151522,-0.4106518376,2.4962552304,-0.9570830296,-12.0932085575,-1.7596134041,5.0030629442,-9.8155111734,-3.9248298261,-5.4454592345,-5.9833408256,-8.2931071508,9.503424901,3.6866579443,-1.1219046705,0.7602414059,-2.6784244841,-1.8303149663,-2.9121202021,17.4997787866,2.5332384047,-3.6553265428,-3.2939208182,-3.3179416456,2.2054135039,-3.6681431643,-3.4283685155,10.0942848527,0.8524150431,-4.1503088553,-1.2593993244,-2.4014006507,8.1216051357,6.9473101858,-4.7101325764,7.0932767456,-5.7387585692,-2.3967630923,-1.7161104182,2.2622737115,-9.1444956241,2.8233825363,0.7464449143,1.2768203242,-0.2966130597,1.2012105219,-0.4881576589,-4.1735509511,1.6659250171,5.4148722206,-4.3391743406,-10.0554949438,0.5721793505,-3.508110507,1.7890689798,-3.8452982884,16.1064506563,2.9978552823,-2.9612150448,-2.2000940624,2.1807683708,-2.4029321798,0.8803561032,-3.8252394005,2.9073161347,5.4234740658,-5.8885935873,3.3031714528,0.6697235597,-8.8160427738,1.1989316202,-3.2034888914,1.7656502145,1.6201653715,1.0666154171,1.1702421136,-6.0458484437,0.2253534747,1.1196599173,11.7476887087,-0.1890519629,0.5318600228,-1.7913558539,-3.4994843385,9.7083825562,0.0171734577,0.2917205138,1.3533428685,-0.8272605987,-2.0770142078,-0.1764581074,1.6822866878,11.7514290082,-0.5550954121,-0.6966709832,-2.4604147028,2.7169520531,1.5558077468,1.0436147692,2.5041616474,-7.1783946399,0.4711304671,2.7258310104,11.749869098,-0.2696216445,-0.035541025,-11.1406952036,-3.5903772974,-7.7387293786,0.3709116138,0.482953716,4.009267963,-2.8065272574,-1.511366175,3.532124671,11.8805008513,-1.1109166416,-0.6599870153,-2.595273847,-4.0317499771,3.7449076531,3.805825621,1.4850626691,3.3825035189,-9.1649106851,0.0019632028,2.1668506918,-0.0217417439,0.2362020298,-4.0935657654,1.3418398694,1.1414454812,-0.1272988061,0.2570937406,0.7666457461,-0.9263032242,0.991345279,-4.0887813365,-0.7650196501,0.6163608608,0.4398063928,-9.4665143584,-3.6478790112,0.8407621263,15.0463141428,-0.8218076955,-2.0959197328,0.6499459643
biasActivation=1,1,1,1,1,1
[BASIC:ACTIVATION]
"org.encog.engine.network.activation.ActivationSigmoid"
"org.encog.engine.network.activation.ActivationSigmoid"
"org.encog.engine.network.activation.ActivationSigmoid"
"org.encog.engine.network.activation.ActivationSigmoid"
"org.encog.engine.network.activation.ActivationSigmoid"
"org.encog.engine.network.activation.ActivationLinear"
