encog,BasicNetwork,java,3.4.0,1,1572769533459
[BASIC]
[BASIC:PARAMS]
[BASIC:NETWORK]
beginTraining=0
connectionLimit=0
contextTargetOffset=0,0,0,0,0,0
contextTargetSize=0,0,0,0,0,0
endTraining=5
hasContext=f
inputCount=2
layerCounts=3,8,8,8,8,3
layerFeedCounts=2,7,7,7,7,2
layerContextCount=0,0,0,0,0,0
layerIndex=0,3,11,19,27,35
output=0.7322836145,0.8080002976,1,0.9999989293,0.9969645519,0.2186535586,0.9692196444,0.0166540762,0.0000000395,0.9901796693,1,0.9498063828,0.0026208094,0.003350545,0.9999937906,0.0145587092,0.0069550746,0.9748456067,1,0.0003904971,0.0027105856,0.0000634431,0.0009625211,0.9920020145,0.6510393987,0.7656893285,1,0.0033658578,0.9976080485,0,0,0.000000139,0.0000029815,0.5010506981,1,8,30,1
outputCount=2
weightIndex=0,16,72,128,184,205
weights=-15.1520758756,-8.0861162943,-3.9043383193,11.2913590587,-9.7361858487,-15.3546382256,12.3557835074,2.0574633094,-7.8931756318,5.6453198016,16.7917823258,2.2369342273,-2.8060552993,2.1171881112,-1.6150841033,-0.49165588,1.2284770835,-3.3442466621,-6.3219393355,1.936977571,-2.1668529408,-2.3172444318,11.768416058,-0.7513846301,0.2797840224,-6.5458406655,2.8308011074,1.1900028334,0.218404959,-13.0849830934,5.9077767255,-1.3250521244,-7.9533925591,-5.9638485329,-1.0384238227,2.1495346206,-6.6857420311,-0.290775118,1.8079175457,2.4871587152,-3.3217006543,-0.525232089,-3.129350025,3.4496645775,-13.6628460342,3.3965073048,5.4761900223,-1.9963438806,4.1631203252,-2.0725726555,1.7572390094,-6.3589572056,5.5462793068,1.950820197,0.4824419459,-2.2386235706,-9.5704906459,1.5562545464,4.5804080354,6.5311933817,0.201097692,5.1535155009,-12.070307746,-2.7790791056,-11.1303033864,-0.145037963,1.9625312017,6.8677059734,-3.3708412985,-2.6435237644,6.3012247333,2.2359458018,3.2434674849,-15.7055796021,8.3767021509,5.585048026,4.2274893051,0.1389762829,-0.5975863002,-0.8508236213,-1.2186764276,8.2574958135,4.8332665926,3.2318795521,-3.3811235369,2.9847913799,-4.9498840288,-0.7660340341,6.8731781356,6.0418974096,-6.4265865845,-0.0229948479,0.6275480656,-0.3988079218,-3.608318837,-3.3139453111,-3.2133015831,-3.8518606754,-1.9891614915,-1.4593028158,1.6808898493,0.7756477071,7.7711228069,3.8799770918,10.7570704173,-3.4382819586,3.7827212242,4.0938982615,3.6243399279,3.4666444279,-9.8094365507,-2.5552551942,-6.8285116824,-0.8330098388,15.1303550116,-0.1736937998,-4.9188937904,-1.5068939035,0.6964204197,0.3701855342,-0.1343850827,2.7820192191,-6.8192510525,2.0703967718,4.8119432096,-4.3200997565,2.016593405,0.1432116896,12.0681588134,-4.7987532981,0.684605375,0.7326362109,-6.8824887406,0.3470074173,-0.3318658494,-2.9347626333,12.7438704062,-6.347820557,-0.6075953126,0.8959607316,-9.0821597122,-0.9774736202,14.3105751274,-6.788452979,-4.4238050519,-1.5896251034,0.9257417935,0.6615992361,13.8634444783,0.2069513925,-11.139834741,-2.4829719994,3.9623026492,-5.1797189422,0.5514575047,-0.6576765813,-5.6825658308,0.7781420111,-2.3588329774,-0.609105433,5.3365368243,10.7784311229,0.9428988953,-0.5076185671,1.1770239907,-0.2487601575,3.7148691473,-7.8114134292,-2.7433802202,-0.3024711913,-0.7601421016,0.6161814932,-4.2383290721,0.2597015688,-2.1322194765,2.0029425298,-3.3781273422,1.6132614039,0.3516104892,-0.154869698,9.2943940491,-0.1724791908,3.2505524937,-2.042596018,1.5269147414,-0.2222774826,-11.2376943388,-3.2257214277,0.8111576194,7.5042937557,-0.9576998428,-0.866929493,-0.2507073681,-0.8524369019,-0.6324692645,-0.6109405831,1.8442459968,-0.8576831265,-4.8124891839,-0.9173556895,-0.1610347882,-0.5532035462,-1.1341531874,-0.0717922349,11.2311953457
biasActivation=1,1,1,1,1,1
[BASIC:ACTIVATION]
"org.encog.engine.network.activation.ActivationSigmoid"
"org.encog.engine.network.activation.ActivationSigmoid"
"org.encog.engine.network.activation.ActivationSigmoid"
"org.encog.engine.network.activation.ActivationSigmoid"
"org.encog.engine.network.activation.ActivationSigmoid"
"org.encog.engine.network.activation.ActivationLinear"
