encog,BasicNetwork,java,3.4.0,1,1572769544816
[BASIC]
[BASIC:PARAMS]
[BASIC:NETWORK]
beginTraining=0
connectionLimit=0
contextTargetOffset=0,0,0,0,0,0
contextTargetSize=0,0,0,0,0,0
endTraining=5
hasContext=f
inputCount=2
layerCounts=3,8,8,8,8,3
layerFeedCounts=2,7,7,7,7,2
layerContextCount=0,0,0,0,0,0
layerIndex=0,3,11,19,27,35
output=0.0645189721,0.0004257928,1,0.4161584071,0.7876241806,0.0066814853,0.9887939681,0.8543032941,0.9771854626,0.0000000366,1,0.0009795913,0.9910393726,0.9484286866,0.9995373493,0.7419638112,0.9946410115,0.0039652376,1,0.0082498925,0.9777163893,0.0003196757,0.0090804909,0.0000908626,0.0003158074,0.0000000001,1,0,0.3867910968,0,0.0000001964,0.9999493454,0,0,1,8,30,1
outputCount=2
weightIndex=0,16,72,128,184,205
weights=16.7453194052,-2.563249701,0.2387096545,-5.716087941,-1.7457554539,5.7112511431,14.4219788658,-6.0630386898,-6.6985875243,-6.3029974741,10.3640895523,8.4083681888,-6.0186785613,-3.9336495472,-0.1445125201,0.5932257613,-6.8364300571,-5.1592012811,3.8989403859,-5.6091312843,-5.1827288346,4.4660219093,-9.6207977497,6.131231526,5.2141046672,-4.6952255032,9.4016031121,1.8552638342,-8.4411202779,0.5636106928,-1.1892705074,0.894684871,10.3004542366,2.0224169878,-3.1796434778,-4.8591284903,2.4782597863,-1.1297771198,2.433498856,0.1317435277,1.1182369253,-0.311683851,9.5311468583,2.0511583763,-2.2178605273,-2.6318018988,5.1369507919,-2.0590920396,-4.9269718777,-1.6253112039,7.8061079156,-4.4965440347,-3.4274545636,1.2420003707,-0.0407890297,1.7831244979,4.4513925327,0.0110523202,3.596444899,-1.1356098925,1.0691292427,-0.1897250783,-8.1424721972,0.8938176596,6.1546435396,-6.4512277196,-10.8007566718,-7.5035081087,11.9388056455,-2.5146193107,1.6375701696,0.6435564291,-0.1200636626,-4.8826382188,-5.7235862216,7.9306308929,4.7563787503,2.5283021675,-16.2898649125,-2.2239840645,-1.2893466872,2.0969355066,7.5361177595,-6.2678451553,-7.2741435946,1.5094763679,-0.9297940559,2.7210330161,-2.1032970155,4.9678711773,-8.5815718347,-10.457687955,-1.4807051948,16.1283597827,0.4821924111,-1.8352307253,4.0184321845,1.8916539061,-10.1683969291,-6.8042985133,-7.5441370018,3.405250214,4.1023545302,5.8600698696,-2.2419232642,1.9598891823,3.1819430823,0.8924406271,0.9851070099,-19.5282559198,-3.6108914505,-0.8445628511,0.334050946,2.3210267752,-0.5653904131,-1.246869319,1.761788365,4.0289538564,2.0151758093,2.9616153119,1.1050838469,-3.1294899992,1.1552900925,-4.4208952102,-0.3293815735,4.9523722636,8.4834569419,-2.4373390214,-0.8265039653,-4.0501133421,1.1191622759,0.0632825609,-2.521166091,-0.9584705876,2.8218133794,-0.7016848432,-1.5952550308,8.5333351025,-0.5999410115,-3.4992866778,0.5181030318,-1.9945388739,2.4919133261,-0.0373259662,-3.0243051896,12.1037557862,1.6609267696,-1.1914124138,-14.9631310693,-3.6832062542,-0.9419218129,2.2328646673,0.1584316026,15.9538841348,-0.1041564347,2.2173323444,-9.1957363409,1.0557974604,-1.9439763184,-1.6680552941,-0.0112907663,-9.4179194863,0.098029305,3.2266078197,-6.0992908561,0.0828202663,2.2496680465,0.4356770719,-0.911709299,15.4683228089,-0.3218246476,0.335068267,-19.195445423,-3.9730991587,-2.9036559433,5.1514012877,-1.6373504889,-3.5029763019,4.4485986186,0.1400009115,-22.0341858524,-3.2456856967,-0.1966049579,0.5757258205,1.9560762488,-5.1328803785,1.1586701113,1.649063922,0.2684574318,-21.7070552488,2.4515326402,-2.499739431,-1.7947605102,8.5511088258,-2.8154326368,0.6109627314,-0.949632756,0.6854017432,-3.0745609281,2.7117750337,-3.5387274815,-0.6006213505,1.6070932862,-4.449522396,-0.1246686057
biasActivation=1,1,1,1,1,1
[BASIC:ACTIVATION]
"org.encog.engine.network.activation.ActivationSigmoid"
"org.encog.engine.network.activation.ActivationSigmoid"
"org.encog.engine.network.activation.ActivationSigmoid"
"org.encog.engine.network.activation.ActivationSigmoid"
"org.encog.engine.network.activation.ActivationSigmoid"
"org.encog.engine.network.activation.ActivationLinear"
