encog,BasicNetwork,java,3.4.0,1,1572769560003
[BASIC]
[BASIC:PARAMS]
[BASIC:NETWORK]
beginTraining=0
connectionLimit=0
contextTargetOffset=0,0,0,0,0,0
contextTargetSize=0,0,0,0,0,0
endTraining=5
hasContext=f
inputCount=2
layerCounts=3,8,8,8,8,3
layerFeedCounts=2,7,7,7,7,2
layerContextCount=0,0,0,0,0,0
layerIndex=0,3,11,19,27,35
output=0.4193580972,0.4166589011,1,0.0015453762,0.997715317,0.9531889971,0.9979141793,0.0000002361,0.0661894624,0.4234606128,1,0.9998616561,0.1894897232,0.8139757615,0.8923655823,0.9999355893,0.9377555184,0.9997740774,1,0.000445562,0.9796669895,0.191879464,0.96981349,0.3016273399,0.1450953077,0.1356743855,1,0.9499604217,0,1,0.0009081025,1,1,0.2307654061,1,8,30,1
outputCount=2
weightIndex=0,16,72,128,184,205
weights=-0.6850945155,6.2381511626,12.387210201,-13.9082895944,3.6125690842,-2.0114343473,-14.9731085591,1.9973343045,-2.6938418223,-9.1846407863,10.3030344334,-6.3717767208,-5.6555189143,-2.8275984848,15.2375830751,-0.8962948233,-1.2350155375,-2.6823337029,1.0636258132,-1.9027601997,-0.0291365779,-1.9527229662,-0.885527258,-1.1499912359,-5.5339194759,-1.7360051548,6.2606476328,-5.8163239471,1.6996053918,0.7053049049,8.7594964393,0.9172046558,1.3469272412,2.2612110671,-13.0922851039,13.7725295312,-10.8463503423,6.7684209058,1.2828970021,2.8210696624,2.6148482609,-2.2320777565,-4.0596569842,1.8296761231,-0.6942347096,0.0396809283,4.70088817,1.6078493819,-6.9325956028,1.9626345745,-3.4514718008,1.4739169334,-5.8400993935,-0.0940674412,-2.4110993937,1.1335661041,1.1946802681,-1.161231501,0.1606137577,-1.0381936304,1.1891680927,-2.3575184276,0.0529064615,-1.8567233846,10.1723186552,-9.7032869803,-6.0485230256,-5.5688274225,-4.2838007425,8.864249043,-8.1026049001,5.3237603972,-1.7638609699,2.3191594544,-7.3046821369,5.0322521568,1.3123738253,0.948537046,5.9277588287,1.7979628983,14.4900297826,0.3660822654,-0.2005511656,-3.1033360081,3.9811144821,-3.9453334258,1.8621827941,0.3487005184,-1.8453765779,9.6160364813,3.1808313673,-5.7726136916,-5.7234422649,9.1119733518,-14.9875284412,-0.5179494599,-0.642821121,0.8253267295,-5.3792154468,2.7622778902,-0.078695388,-10.167838637,4.9238256184,0.4911484513,-7.7889316902,8.3966344847,0.5925949471,0.1178962057,-0.059849691,2.6757216416,-8.6389309045,2.001586145,-1.2330242242,-1.0650458889,-2.6444788647,3.0265604843,3.6099093984,5.0589540513,1.1801284496,-0.6544099857,-8.0494558536,-2.2522556258,2.1303487112,9.5370928407,0.3946556343,-7.2766744787,3.0021905923,1.476619888,-6.6768382228,-0.7475225422,-0.8730301973,8.6108802775,-0.7210127929,-0.9865439762,5.4009075202,-0.0465716138,-5.4464997432,5.205580516,-3.572641196,-5.1580067489,4.3817256333,2.3142014381,-1.9970559883,6.3911757611,-6.9308564691,9.8024027524,3.1561241592,4.6202183288,3.5842503516,1.7655674164,-1.6569873041,-2.9815667196,-2.6665755959,-8.8859886444,0.9031422968,-5.0065427395,3.3362232952,2.8171774012,6.006701,-2.4352854173,-2.1532057669,-10.0383358435,-0.101509177,5.6365773969,-0.4826713036,-0.8102266026,1.6392158951,2.2169138537,-7.289138035,-1.7006966479,0.3855798455,-1.4078833403,4.6713907602,-5.131898016,-3.2553160075,5.978213704,9.725622121,1.8394129145,5.1769966895,2.4404510297,-3.6265101769,-9.5178533119,-0.0014255855,-3.1251682714,0.5564913999,0.3335376848,-11.5144556791,1.2971049765,-1.729875405,0.1000695086,-6.4927996729,4.2190745113,-2.0713821555,2.315985862,-0.7743239286,-2.3014137943,-7.9783606056,4.7860867288,0.9417708975,-2.3703780134,1.2329614263,11.1255171409,-0.5908586448,-0.2110428691,9.8541608818
biasActivation=1,1,1,1,1,1
[BASIC:ACTIVATION]
"org.encog.engine.network.activation.ActivationSigmoid"
"org.encog.engine.network.activation.ActivationSigmoid"
"org.encog.engine.network.activation.ActivationSigmoid"
"org.encog.engine.network.activation.ActivationSigmoid"
"org.encog.engine.network.activation.ActivationSigmoid"
"org.encog.engine.network.activation.ActivationLinear"
