encog,BasicNetwork,java,3.4.0,1,1572769570662
[BASIC]
[BASIC:PARAMS]
[BASIC:NETWORK]
beginTraining=0
connectionLimit=0
contextTargetOffset=0,0,0,0,0,0
contextTargetSize=0,0,0,0,0,0
endTraining=5
hasContext=f
inputCount=2
layerCounts=3,8,8,8,8,3
layerFeedCounts=2,7,7,7,7,2
layerContextCount=0,0,0,0,0,0
layerIndex=0,3,11,19,27,35
output=0.5600001198,0.2307729086,1,0.9988786673,0.8593816507,0.2361006647,0.999509812,0.9007302902,0.206368673,0.9999999528,1,0.9997894046,0.9315821689,0.9931855797,0.9999918671,0.9995161433,0.5784486266,0.9925783209,1,0.9852255661,0.9999988634,0.1668163099,0.0012895473,0.9594094331,0.6400900444,0.9885756336,1,0.4351476985,0.9999999849,0.000079533,0.0050700376,0.0000216686,0.9999140404,0,1,8,30,1
outputCount=2
weightIndex=0,16,72,128,184,205
weights=7.6525216753,13.0891811189,6.1479770508,-8.1646305259,-12.3078582469,2.1709759348,5.0335625311,-6.337816319,-4.9645855515,3.7857913389,-4.8315543121,0.1589524824,6.6883483841,10.1151338386,-7.356130743,0.7277711896,1.4170030243,-0.5731420109,-2.8131911947,11.0893003452,-0.5587314147,-1.9334261831,-1.7920976161,1.0697965293,-4.8002187775,-6.7579809826,3.392254964,-0.8452917728,3.4849442252,5.8515339189,7.6766008556,-4.1065650758,5.2900706552,0.0802388268,0.6264229238,-10.8093287919,-0.3105387458,0.5656140213,2.0322328889,1.6152627816,0.597222909,3.2114799265,-0.8044652037,1.5221746426,0.7558855476,1.06081114,0.4752577955,1.4673226129,-6.5645185081,0.3705471998,-4.9026556931,1.0870852541,11.859985829,-1.5667823293,5.6497276278,-4.3502645796,2.5585649858,0.3107045362,4.3340907662,-3.6296349898,-2.1472694508,0.1011921831,0.7490050958,-3.5251289545,3.2894271994,-1.372100834,-2.7000697427,1.03436803,17.3276647658,-2.8992673936,0.5127219976,0.3540895949,1.3715957238,0.9698436996,-5.2714192847,-9.3217944338,7.5145517133,3.2617038088,-1.8271681197,-0.4554548262,-3.3647349833,1.8994774462,5.5403917821,-0.1793250367,6.3835489805,-0.1267312131,-1.3150501661,-1.640489075,1.6539666931,7.8529690222,-2.0250117686,3.7687371704,2.8870436765,-5.7520075818,-3.5340022205,0.2379055353,-4.0849890355,16.5379793358,-3.3129822859,10.1905671995,2.3657639854,-4.3285480078,2.3753359166,-2.1014919893,-3.6272782594,3.5918135031,-12.3741235167,7.415303594,-8.0443977591,4.7113617351,13.1746305964,1.3478153908,2.201762491,-4.600423296,3.418548228,-4.3714915299,0.6800930711,-1.8283356559,2.7754193042,-0.0429390528,2.7183623897,1.5615722645,0.6464758596,5.8258230709,10.2891828868,-4.3676575715,-7.0323434155,0.4169329404,-3.5043878561,-0.1568566847,-0.6862761505,-1.0066684435,-0.8019180475,5.505889976,0.833842,0.3815144713,3.2172472987,2.8683437519,-13.0636315284,-0.4356164145,-0.1288059765,7.4018518793,0.516921332,2.0211462723,-10.6015758271,1.597043859,2.6821193951,6.1077886554,-0.5368189848,1.4301748927,0.7762503605,-0.05337374,10.651000786,-1.6309308786,-3.6743940123,7.3112714575,-0.5412111948,-8.169886047,0.7646138087,-1.5235819978,-7.5505380057,-1.8735933846,-8.8223937031,5.1915864941,-0.8427747339,10.6350313945,0.0318864503,-2.3377440012,4.1064451645,-0.6153826087,5.6473847726,-4.430264975,0.2221711163,1.7863791495,-0.884319077,-2.3599905293,6.7362363579,3.2505015499,1.2892901307,-8.3427958993,0.8751028313,-5.1735102209,0.6378830277,3.4939997168,1.5302894169,0.1796132304,-17.8915910224,0.9664239757,0.3619553526,-0.5812715033,1.0795282475,-0.8168112032,6.4288506128,1.6176691387,-0.8462685379,7.1673789248,-0.9228911402,-0.1171683066,0.1585515119,-0.4339846691,0.4226035484,0.1553181285,-0.7226691438,-0.9366868945,-0.7058191228
biasActivation=1,1,1,1,1,1
[BASIC:ACTIVATION]
"org.encog.engine.network.activation.ActivationSigmoid"
"org.encog.engine.network.activation.ActivationSigmoid"
"org.encog.engine.network.activation.ActivationSigmoid"
"org.encog.engine.network.activation.ActivationSigmoid"
"org.encog.engine.network.activation.ActivationSigmoid"
"org.encog.engine.network.activation.ActivationLinear"
