encog,BasicNetwork,java,3.4.0,1,1572769604518
[BASIC]
[BASIC:PARAMS]
[BASIC:NETWORK]
beginTraining=0
connectionLimit=0
contextTargetOffset=0,0,0,0,0,0
contextTargetSize=0,0,0,0,0,0
endTraining=5
hasContext=f
inputCount=2
layerCounts=3,8,8,8,8,3
layerFeedCounts=2,7,7,7,7,2
layerContextCount=0,0,0,0,0,0
layerIndex=0,3,11,19,27,35
output=0.0001074957,0.0001432103,1,0.0000536113,0.0009459518,0.999998585,0.9999438302,0.2277716819,0.9999972427,0.8383955671,1,0.8345743493,0.9999938896,0.915699711,0.5779671141,0.7923397563,0.9613286999,0.1610045871,1,0.5498242489,0.3124207203,0.5606714909,0.9971614673,0.9843761869,0.9668579422,0.0761894375,1,0.0000000272,0.15417553,0,0.004320507,0.0000000012,0.3049807839,1,1,8,30,1
outputCount=2
weightIndex=0,16,72,128,184,205
weights=0.9960828931,15.8919655549,7.9289513833,6.4402939124,13.2229122043,-12.5030069673,-6.3381203858,-8.7168917725,10.2295965971,-3.3810480405,-1.054117803,8.4565445804,2.8541954063,-5.3702584809,-17.4261927098,3.0798249819,2.8321458164,-13.7879048303,9.5387253126,-7.4614457278,0.0000519602,-6.5071263398,5.8322050927,2.4847835584,10.2446206714,-8.0905949197,-0.960299363,-12.9202649692,0.7860474104,3.5980325072,-7.1906553242,-1.9988706524,-10.7493431959,6.7784604162,-2.9430824635,18.9625273893,6.8699901823,1.6218309081,-0.5539769533,0.483095555,6.6685376919,-4.273726563,8.0349826967,-6.1454900859,-1.2983289802,5.4072076333,4.4177515156,-0.1910201987,-7.5453306392,-2.6021195884,6.2678013567,-7.6667315198,4.9243140966,-2.1872204936,7.01566233,3.4413555596,-2.6580163441,6.7028351486,4.3548856906,5.6356985246,2.1782557932,1.9922366553,-3.0757015648,-2.0741469259,1.1148456529,-10.5748274706,-2.27155929,-3.9991096467,8.4750458401,8.0324194229,-0.1774999239,1.2737669902,5.0801215483,1.2443075025,9.0654319854,-2.9980300651,3.9107410066,-10.5241375582,-6.712434158,3.1803915577,11.9994897221,-6.4872310204,-7.7868355601,9.7992587283,-4.1556589837,9.4100256113,-10.3245773899,-2.1917463512,-3.1055141866,5.9675934125,0.660162302,-10.2220127191,4.3672163214,5.3674985909,0.6877502564,2.5102616864,-4.6920252194,-1.0830330663,-17.1232832641,9.5481126604,-7.5743279601,12.1693645232,5.3509411573,-1.4056321922,-0.664718965,-2.0925681446,-9.988068075,2.7541551428,-1.0556745529,2.3595524993,1.9482202418,3.8214098853,4.7803397934,-3.5856941538,7.4225890974,-1.782631498,3.3335323083,-1.528682078,-3.781075693,-2.1942989601,3.5934083959,2.980926744,3.7684332786,-4.6219450928,4.0949110897,-4.3989945624,3.8511538373,-2.1329936684,-6.9521642785,0.0107810091,-0.6593369672,12.3118288418,0.4699788794,-14.2332235706,1.7015844624,2.7843805129,0.3585024213,0.203029864,2.3718871,-3.0950840513,-0.7232647284,-8.032696839,0.6741164806,0.9689453881,-2.638968027,10.3390780671,5.4362930271,-13.3380316979,0.1793994385,-14.3227578826,1.4904235217,1.5852244067,8.3161279149,-5.4809524377,-2.1395438096,6.0238654583,-0.8136794483,9.0830333644,1.7011996139,2.2092775558,-7.9259344444,2.1876518105,-3.8853157801,1.4106827805,0.9486762861,-1.5149873341,2.2086266316,2.0532502606,7.5464054673,-6.4099521188,0.8129654135,1.6809460612,0.4802840743,19.8675428802,-1.3714730639,-0.3335022425,14.8597207128,-1.0094241231,0.174607094,1.6059918201,0.2935905965,3.9488983016,-1.6448480548,-1.9060848436,1.1335582838,-1.0552988456,5.1707437052,2.5321888256,-0.5093098316,-6.6804357549,1.4955782878,-7.5904022182,-0.4645220658,0.2144731786,-0.2304276671,-0.2430080655,-0.9979377607,-0.4341328892,0.466160902,1.6081075168,0.1868299194,-19.2934484398,1.0485709879,1.551121804,-0.4875968412
biasActivation=1,1,1,1,1,1
[BASIC:ACTIVATION]
"org.encog.engine.network.activation.ActivationSigmoid"
"org.encog.engine.network.activation.ActivationSigmoid"
"org.encog.engine.network.activation.ActivationSigmoid"
"org.encog.engine.network.activation.ActivationSigmoid"
"org.encog.engine.network.activation.ActivationSigmoid"
"org.encog.engine.network.activation.ActivationLinear"
