encog,BasicNetwork,java,3.4.0,1,1572769614866
[BASIC]
[BASIC:PARAMS]
[BASIC:NETWORK]
beginTraining=0
connectionLimit=0
contextTargetOffset=0,0,0,0,0,0
contextTargetSize=0,0,0,0,0,0
endTraining=5
hasContext=f
inputCount=2
layerCounts=3,8,8,8,8,3
layerFeedCounts=2,7,7,7,7,2
layerContextCount=0,0,0,0,0,0
layerIndex=0,3,11,19,27,35
output=0.8611106978,0.5882355602,1,0.1467060243,0.6573323831,0.4211123621,0.7913838546,0.3712322689,0.7834164221,0.6194858391,1,0.140443601,0.0283898945,0.8390980708,0.1279240762,0.004046307,0.6969431677,0.947515568,1,0.0009947121,0.8588801014,0.0088822989,0.1066499043,0.7903138171,0.1939654872,0.0002497057,1,0.9999992714,1,0.0030301364,0,0.9997524598,0.9790898774,0.9999701844,1,8,30,1
outputCount=2
weightIndex=0,16,72,128,184,205
weights=-0.2724708677,8.9693203636,-2.7025975005,12.5319991172,5.3919628727,-9.6737918246,1.1051373595,-7.9185105019,-8.8230407027,-8.9868097001,-2.9431392315,0.2539308224,6.1053969062,8.3841231924,-5.792939185,3.3506895163,-2.0896975474,-2.0930898721,-4.728465823,5.0184467695,-0.1556474711,4.4513118737,-1.9722068651,0.6849153637,0.522621144,-6.3489630481,-1.7070271696,0.0887445771,5.2519312814,10.928043709,-4.0700952009,-1.6017106572,-3.5365334169,-0.7121702143,-1.6964964202,-2.361022883,0.9896303295,-0.8926510006,1.5162555407,1.1056987029,-0.7785702933,-3.1629380631,4.5200750495,12.9892117216,-8.6202057658,-0.3696264726,-1.406526229,-2.2967971386,4.6759422264,-0.4939242392,2.9453917929,-3.4291082409,4.3836254526,-1.1056152007,-0.7129930511,-1.7740392863,-4.4784043212,4.9178124606,3.3091707419,-3.0715911982,-5.4582466695,-5.1827471038,0.9228112271,2.151034525,3.6391981541,-1.9297194222,-6.9963317457,-5.3187165888,-1.1850131656,2.0581846342,5.4999202807,-0.0588536174,-3.4552112362,1.2760076114,-0.9616452735,3.9287748367,-3.8653196244,-0.318010444,0.0701851181,-0.1980918633,2.5699708404,0.6527097605,12.9707442323,3.010795329,-4.1269104431,1.9484702278,-3.5298365525,-1.6478884232,-2.0650322157,-4.2823622377,-2.2887215822,1.616152799,8.6785945154,-0.7060488252,1.4298972097,-1.5426321681,-0.1259249134,-5.8882178921,-3.405996323,8.5317063543,9.6471311413,-4.5239615776,4.0741032825,-4.4894796558,-5.2345813549,1.7202996259,6.7587829729,-6.5714274581,-5.7588934955,4.1597314364,4.8297653899,-2.5941290353,-8.569905314,2.2153069211,7.2607441744,-0.0686352418,-0.8286737337,-1.9326945384,-0.9816838915,-0.0885136151,0.3067788026,2.1552598136,-1.0851710522,-0.2908452773,-2.7743446167,2.0408870013,-5.1744599655,2.8806026199,0.6975219531,-1.1978065251,2.6349224286,-5.583338656,-0.1127977632,-0.7864260799,-4.7345057359,-0.8026448715,-1.7328705727,-1.908837601,-3.5724774977,0.6566447969,10.5565188441,-3.977768704,0.763731913,-1.9644702862,-2.639247887,-0.9071741014,16.4127395312,-2.5743061991,1.439256557,-2.3103196196,3.180210141,-3.5750907157,-2.728384359,-2.0136563186,1.1564255577,-4.9248950525,10.5878136588,2.0912856914,-8.9740508144,-1.0458585925,0.3150272948,0.8928415628,-4.7474906622,1.9666466211,-11.7083954084,11.124776797,-1.8086185026,2.7552403108,-1.2594925543,1.7574892657,-4.2226311953,-1.105542875,-1.6084566384,2.8036813957,-4.1866786052,1.1399073839,11.1824867989,-0.2790418323,-2.3823188904,-1.9875045639,-4.3861720394,-3.4708488743,-10.0078261941,-1.4003089036,-0.4057456257,0.6910495482,-3.3533489611,-0.9736290305,3.5603217186,0.2515241008,2.0591964723,-0.1622012864,-17.4036460884,4.6448758217,-6.1042723328,1.1835530804,-2.1959554081,0.4789270158,11.5035229769,-1.6014557282,0.7735668256,-6.5489688725,-5.6863133664,1.4267381588,13.1088100085
biasActivation=1,1,1,1,1,1
[BASIC:ACTIVATION]
"org.encog.engine.network.activation.ActivationSigmoid"
"org.encog.engine.network.activation.ActivationSigmoid"
"org.encog.engine.network.activation.ActivationSigmoid"
"org.encog.engine.network.activation.ActivationSigmoid"
"org.encog.engine.network.activation.ActivationSigmoid"
"org.encog.engine.network.activation.ActivationLinear"
