encog,BasicNetwork,java,3.4.0,1,1572769627597
[BASIC]
[BASIC:PARAMS]
[BASIC:NETWORK]
beginTraining=0
connectionLimit=0
contextTargetOffset=0,0,0,0,0,0
contextTargetSize=0,0,0,0,0,0
endTraining=5
hasContext=f
inputCount=2
layerCounts=3,8,8,8,8,3
layerFeedCounts=2,7,7,7,7,2
layerContextCount=0,0,0,0,0,0
layerIndex=0,3,11,19,27,35
output=0.500006117,0.2916515034,1,0.9998875949,0.0177562778,0.0088138012,0.1612400915,0.0314714416,0.425071672,0.022052109,1,0.999080199,0.1727628046,0.2004086734,0.3895911132,0.9999913452,0.9486571389,0.999475777,1,0.9169367702,0.2155112801,0.9972222643,0.6018821338,0.0052444681,0.9995853909,0.1269386016,1,1,0.0000001161,1,0.8017611487,0,0.0000381499,0.4285726268,1,8,30,1
outputCount=2
weightIndex=0,16,72,128,184,205
weights=-4.6720497422,-17.4672330578,-2.301015816,12.4208447823,-3.5311755271,5.1265649136,10.1338163271,0.7077462796,6.281060691,4.4439360447,6.6588965043,7.7119725699,0.4253442068,-16.6357767714,-3.5724617965,-1.4120168066,1.7955598384,-5.4772841776,-4.3933490496,1.7138723438,2.5911252751,-2.0495689316,3.3627267506,4.4506787918,-1.7623012066,10.1743366046,4.2754253652,8.3842224562,-4.1752451769,-5.9709777535,2.9564301152,-1.2486784825,-7.5066814745,-0.6221963471,2.5583255292,2.4648349939,1.9060408599,-0.7698887395,-0.1103214655,0.3462968974,2.2879333157,8.5819418279,-7.1564812344,-5.7564412461,10.798223223,-4.3425808338,-7.7065453236,-0.7166240257,-0.8707695844,-0.1573396068,1.5201267084,0.0069836173,-0.3777761195,-2.0059234013,-0.3029982989,-0.2533678371,5.7866217927,7.1117194639,0.5079692576,6.6900587085,-4.5293836168,-3.4523025868,-4.75195334,2.5337418585,2.7302450583,4.590505181,8.8787817215,-6.166129135,-7.9747897715,1.1696238871,1.4716765034,-1.295722536,1.9255244757,2.5557399758,8.0003699157,-9.877836979,-2.5955026276,3.6557013809,-0.0935630921,-0.9874923484,-6.5016393535,-0.7202528555,3.7265478173,11.6144265127,-3.7334028399,-9.113136788,6.5207856957,2.1451293478,-1.5565385203,0.2658124833,-4.2090347078,4.5051132269,1.534441286,3.3934539194,-0.219896151,-1.9001653131,-5.3785278287,5.1488113196,-3.7009118534,8.6367033453,-2.7090688969,-0.3277773677,-2.1076794537,2.474860976,2.2984346044,3.857035045,0.9111332176,-6.7906973124,1.5688960854,13.5146826444,-4.7865142145,-1.0124872605,3.7905398666,-0.6922759081,-2.5678607936,-5.3660729385,0.6294844802,3.6671633896,2.6881933885,1.3703210436,0.0938675606,1.964056434,2.3192493857,-6.1139613703,-3.6237555411,9.354073274,-9.5012374832,0.2856825035,-1.9072570863,2.8715099738,-0.751080413,7.5609643366,-1.3216159637,3.3948588328,-0.2912492891,-0.8776219325,-3.79615209,3.8537494096,0.9428471719,0.7358977565,-0.6765611517,-4.2448299186,-2.9920864963,2.2537596079,1.6218941308,-2.1644038455,1.7916329048,-0.728607096,0.2582769842,-11.0925362596,1.152835392,2.5603291379,2.3085333281,-2.7207237331,-2.009496542,-12.3541181287,0.9008895474,-0.777285092,16.3807912691,2.9989999089,-0.2440331495,0.5247186557,-6.166099703,-0.0886211049,0.1373890806,1.2751791713,1.4075640098,0.6325705197,3.7581429069,1.0876958411,-0.5639183427,8.31889855,-0.8514837449,-6.8103182118,-13.3397699137,3.6410854685,5.1937978218,-2.2112827286,-5.7568214217,-5.911623897,0.057446902,2.4845779431,5.2592768173,1.1203549894,-0.1996941516,1.1688556974,-0.6870237365,1.3965388677,-0.9701070937,1.9623784581,-1.7923945164,1.670179697,-0.3122046402,-0.9213183226,0.1354741745,4.7036594652,-0.6370406616,-0.7608310558,-0.6815096312,1.7611126149,-0.8604789729,1.5515195176,0.6843933398,0.5574491261,-22.4862976799
biasActivation=1,1,1,1,1,1
[BASIC:ACTIVATION]
"org.encog.engine.network.activation.ActivationSigmoid"
"org.encog.engine.network.activation.ActivationSigmoid"
"org.encog.engine.network.activation.ActivationSigmoid"
"org.encog.engine.network.activation.ActivationSigmoid"
"org.encog.engine.network.activation.ActivationSigmoid"
"org.encog.engine.network.activation.ActivationLinear"
