encog,BasicNetwork,java,3.4.0,1,1572769640600
[BASIC]
[BASIC:PARAMS]
[BASIC:NETWORK]
beginTraining=0
connectionLimit=0
contextTargetOffset=0,0,0,0,0,0
contextTargetSize=0,0,0,0,0,0
endTraining=5
hasContext=f
inputCount=2
layerCounts=3,8,8,8,8,3
layerFeedCounts=2,7,7,7,7,2
layerContextCount=0,0,0,0,0,0
layerIndex=0,3,11,19,27,35
output=0.6794716459,0.6849250676,1,0.9999464922,0.9999818916,0.9403197415,0.9883944801,0.9999997726,0.1209808336,0.0339211729,1,0.9999999926,0.979088923,0.0275075788,0.3184310338,0.9999282587,0.9534962501,0.0100176079,1,0.9977347956,0.0000001001,0.0000120395,0.9928061004,0.9966179941,0.3729668152,0.0042800356,1,0.0000014907,0.9999851843,1,0.6944033166,0.850570474,1,0,1,8,30,1
outputCount=2
weightIndex=0,16,72,128,184,205
weights=-1.1165475881,-12.6149626466,6.8515539112,-4.5558165114,6.6506289068,-10.3258482587,-4.0591658722,7.2791533106,-7.5506416364,-1.3962449752,-13.0305101604,22.7196720534,-4.9154293428,-7.6417105582,21.7800762292,4.6209267652,-5.0643763641,3.164292056,1.2912581892,-2.7492579114,9.7280737803,-1.8073951177,0.4439852023,4.6333326977,-1.2772778574,12.1950330615,0.1008822279,3.230423966,-4.6409155819,4.4166899899,3.2711380172,-0.3785548228,8.46423198,0.413227208,-10.0372509872,-1.9388806359,-11.5740799283,4.40725979,-2.5262980186,2.1781521885,-5.8853038013,0.8432668182,7.6690563376,-1.5627621573,10.3281491852,3.7569349702,-7.5684841128,-4.0428671237,-0.7007101172,10.3727253877,0.9575904134,4.3741470822,-3.7696089867,5.477100248,3.578167488,2.9331548115,1.7698656256,-1.6700168263,1.9578885793,7.4787540586,-2.444296918,-3.6484975016,-5.3375583015,1.4231504471,15.620798654,10.2607768635,6.3974152497,-11.9670448427,-19.9437378592,-2.8711465618,-4.3668512335,-2.6578365397,3.6158157925,-20.3439077004,-1.8692034883,2.0384498407,8.7031906463,1.2697413058,-5.6628740763,3.9723038928,8.4598062942,3.2214211646,0.9542858878,-3.8421826937,2.0186643774,-17.586704777,4.4549249,3.7485837403,1.455332552,-1.7900427223,0.8835047345,-4.9584729515,-4.9946372785,2.1553132053,-0.548999465,4.0815899085,7.660313482,0.3713439456,5.1194022256,-4.1195795104,-4.1581857242,-1.2355276443,-3.9967149181,0.3079687723,-4.5587063177,-5.7715563741,-4.9106995031,-3.8195476952,10.83613425,6.9987009595,-13.2165966367,4.5296804317,3.0711596772,2.0761976617,-1.3497545557,-0.7299156698,1.5442885609,-9.6099655637,-1.5734791069,2.7329474673,2.9440302727,3.0244158325,-0.3496288163,-7.9822838332,1.9630008314,-4.7260973995,-3.2575345379,0.214417635,-0.8927412859,2.8110645806,6.3610023822,-6.0453531579,0.9729909883,-0.7194685438,1.5309630754,1.0055829528,0.975093954,-1.913629025,0.0612354866,-24.5965973808,7.43173292,-2.6684108781,0.7403351789,-0.837153723,-0.0679128141,-10.453681256,-1.2368580807,-1.0749925068,-1.219953171,1.2126426494,0.3151969008,0.9345671411,-0.2861675596,-4.9877783243,1.0157663012,15.6258770861,-6.2727185216,1.2319405331,0.0231742042,2.1520282973,-0.5658146656,7.5303322972,3.7036381012,7.1177458897,-2.7494042458,-3.7216419335,-0.3404373454,-4.4303417866,-0.7541527757,8.8840619322,-0.0699433227,21.0591305171,-3.4126702804,-9.9501968942,1.4114262248,-11.104112483,-0.2851034486,-8.6059961877,-1.1733635369,-12.8721036912,6.9028734537,2.780260232,2.5054292232,4.6165188325,-0.8322552283,-0.2024964842,-0.6833454747,-1.439248296,0.5119370756,7.2756827273,-2.1801075387,1.9203745041,-0.6476220366,-2.2913344066,-0.1870009701,24.7614910906,-0.2614719401,0.0946514468,0.9913145033,1.2771810591,2.2218116342,-0.5347888483,1.0566678294,-4.1391176971,0.2320408475
biasActivation=1,1,1,1,1,1
[BASIC:ACTIVATION]
"org.encog.engine.network.activation.ActivationSigmoid"
"org.encog.engine.network.activation.ActivationSigmoid"
"org.encog.engine.network.activation.ActivationSigmoid"
"org.encog.engine.network.activation.ActivationSigmoid"
"org.encog.engine.network.activation.ActivationSigmoid"
"org.encog.engine.network.activation.ActivationLinear"
