encog,BasicNetwork,java,3.4.0,1,1572766382928
[BASIC]
[BASIC:PARAMS]
[BASIC:NETWORK]
beginTraining=0
connectionLimit=0
contextTargetOffset=0,0,0,0,0,0
contextTargetSize=0,0,0,0,0,0
endTraining=5
hasContext=f
inputCount=2
layerCounts=3,8,8,8,8,3
layerFeedCounts=2,7,7,7,7,2
layerContextCount=0,0,0,0,0,0
layerIndex=0,3,11,19,27,35
output=0.6000007239,0.3499920374,1,0.2518943099,0.2045631045,0.0168714092,0.5184127977,0.9999980775,0.000001148,0.7867551074,1,0.9989624371,0.9379235471,0.0036570543,0.6434849773,0.000132534,0.00157758,0.3943862253,1,0.9993021398,0.000141386,0.0143186178,0.0000787679,0.5876034727,0.3903316025,0.9473533189,1,1,0,0.9999999815,0.9999999914,1,0.9989517643,0.4894089518,1,8,30,1
outputCount=2
weightIndex=0,16,72,128,184,205
weights=-6.609506532,-12.4339237933,13.6384760999,11.2141827859,-2.1879686339,17.0710380332,6.2462051774,-4.1560779156,3.0217454561,-2.8963088877,-4.4875729366,-7.2591475683,-13.5392532076,-0.4828292203,16.7436605557,3.4172571959,2.0814137772,0.8269418615,2.6915407534,-4.4523772146,-16.7979427413,11.9177668038,-1.003040155,-0.7091920646,4.4204896593,-7.1465290461,8.8278320828,7.9704795067,8.2076420602,-2.6742578324,-7.4981019661,-1.271908751,-7.3794883959,-0.6073268844,13.6884871492,13.160912658,-1.9552541432,0.2807567609,-6.317521917,-2.1512108787,-8.2523621682,5.0622953018,0.3537111419,-0.0062489736,-7.557959319,4.0830351945,1.6206790177,2.9275528402,2.2638687451,9.3841368981,-2.359286436,-3.7843573832,-4.9093018531,-7.8386258552,-1.5885126913,5.1820780481,-3.2378402629,-1.3682024927,-5.7419391487,-6.0422583626,8.6716269393,12.9468610813,-8.5331652166,-1.9068888111,6.5752342877,-4.2750464953,10.2505210601,2.376738291,-12.1155392027,2.2648863839,6.2332828546,-5.2804398152,-1.2121134201,-2.4962839674,2.1926561923,0.6230174507,-2.7142833356,13.2488301659,6.7895543035,-1.9586034478,-1.1154926026,-2.7981065201,5.1019143398,-6.1107639938,2.5437755989,-4.551515663,4.1928661059,0.0675838375,3.0806351805,-1.9522383423,9.3820028736,-0.2665051012,13.2465725824,7.7249883485,-21.0421216281,0.3153254537,0.6484576178,2.1399705436,6.4359981205,-7.4420215543,-8.5493697363,4.3235812728,3.1188459009,0.2320061758,-1.2995437754,-1.6874866415,-4.7398869937,-0.5729361568,1.1577245312,16.7792328945,-16.117621628,0.4775851482,-3.9493939255,6.3683637141,2.3411075679,-9.205503983,-6.4504530759,13.9257328688,0.7438813483,-4.8874068192,4.7053714958,-0.8942902579,-4.1538164681,-2.2278919398,-5.3378166161,0.6297439402,-7.0746787468,4.5217102916,-0.2024958505,0.6738329362,0.8824769028,1.5196598825,1.930716499,-0.1918382844,2.1506536117,2.2755243852,1.1936726775,-1.8373655486,0.3512278131,1.0743647579,-1.4712475532,-6.0971187861,-10.3181414118,1.1286251075,-0.6211575713,-0.3954218058,-0.3382630944,-0.7389025157,8.3349360164,-7.3072697539,-5.2942537239,-0.9777201947,0.5363513034,0.6277729012,1.9134950088,1.9853038853,-2.9306465325,-13.9519738159,4.7141116043,0.6767907084,-1.5621584789,0.6508706692,-0.569447132,0.023447761,6.6985892985,-10.2886769079,10.3870579401,0.9580083753,3.3642024453,-0.0945801914,2.3694500319,3.6731132805,3.4146197711,-14.4462806235,-1.6798015568,1.9859434242,1.1408981418,2.1360504394,0.1357458325,0.1371773947,-2.7411353467,10.6493474847,-14.3271078715,0.5910132848,0.3941838091,2.3721362938,-0.4240680645,0.9826959526,-5.287360926,0.6219510754,0.7964415889,0.387899231,-0.203784918,0.8368108577,0.4204801243,-0.7358776659,-1.4096937927,1.993284312,2.2044527285,-0.6000345509,0.3679995066,0.6198892515,0.5745984142,0.1177242183,-8.1708843931
biasActivation=1,1,1,1,1,1
[BASIC:ACTIVATION]
"org.encog.engine.network.activation.ActivationSigmoid"
"org.encog.engine.network.activation.ActivationSigmoid"
"org.encog.engine.network.activation.ActivationSigmoid"
"org.encog.engine.network.activation.ActivationSigmoid"
"org.encog.engine.network.activation.ActivationSigmoid"
"org.encog.engine.network.activation.ActivationLinear"
