encog,BasicNetwork,java,3.4.0,1,1572769652626
[BASIC]
[BASIC:PARAMS]
[BASIC:NETWORK]
beginTraining=0
connectionLimit=0
contextTargetOffset=0,0,0,0,0,0
contextTargetSize=0,0,0,0,0,0
endTraining=5
hasContext=f
inputCount=2
layerCounts=3,8,8,8,8,3
layerFeedCounts=2,7,7,7,7,2
layerContextCount=0,0,0,0,0,0
layerIndex=0,3,11,19,27,35
output=0.554219952,0.3720918314,1,0.2560595583,0.0001027278,0.6139335436,0.0007098063,0.0038940813,0.4419791849,0.0415013767,1,0.9980115316,0.9131527806,0.0287799521,0.9916086715,0.9999998307,0.0000495507,0.7262287017,1,0.9965585162,0.134514319,0.7665765971,0.9970384879,0.2421550995,0.999999176,0.7546621224,1,1,0,0.3316005865,0,0.0000000234,0.0000000014,0.9983797356,1,8,30,1
outputCount=2
weightIndex=0,16,72,128,184,205
weights=16.0723240738,-10.8441315441,-0.4212062692,2.3329869465,2.4962181525,-13.2044565808,8.0091306115,1.8542989811,-0.539727971,9.2830208288,6.2668335412,15.1000246222,-10.1477029193,10.5064460055,-3.4555590353,-8.7048457833,-3.6066465377,-2.7702759875,-2.8782301966,2.3846595316,-3.2780339374,-2.6769385917,5.380275028,2.1516512783,-6.4296323665,-8.3131853745,7.009897897,-1.9197148824,4.3994020485,-5.6111304924,-1.407595798,3.1497050052,8.2916238852,-7.0531376785,-5.6899414842,-1.5509671816,5.4781521157,1.5710078848,-11.0170276664,2.8536946109,4.952002408,-4.3251471658,-11.4460827097,-6.7106953736,6.8189597765,-8.6261662237,-9.6739948143,-1.0516407585,-5.4274331354,-1.5201977572,1.3702634313,8.2682353035,-12.6240824134,-5.5795217186,4.0568136887,2.7003101248,-6.7956045823,7.6826633037,9.3583429649,4.7760572207,-3.1841316407,-3.2517744628,-1.0628995811,-1.5155991036,-7.800252587,-5.4113973242,6.4505573764,-3.3784049844,10.0755499415,-11.8497960603,3.8545532514,-0.1233063098,-5.4094549758,9.3238803641,0.9876951502,9.5310293966,0.8147913739,-3.5715029656,8.7278506003,-3.1172881052,-0.5898393505,-0.4045418791,-5.1972611837,7.5374520355,-1.4859849305,1.3034969708,-6.339239561,3.3042747577,4.0355703792,5.3091678476,2.4916631915,-8.17534666,1.3686309752,4.1329925834,-11.3302937818,2.0725028348,4.754916405,3.5539890573,-2.824413195,1.3615491616,0.4464212374,5.1175661792,-4.6929799424,-1.3209239553,-1.3119530358,-13.0960470296,1.2108851099,16.2184994287,-3.7289568305,-3.3073704243,8.0989736586,-0.3396663827,-8.3153867549,-2.5741521155,6.0208008142,-7.6406021232,-0.5389883256,6.0093192862,-10.8216748656,4.0110464442,7.1078531434,-1.494915164,2.300705227,-10.6790101001,1.7897448815,7.0093245699,-8.688329345,2.0910235327,4.8741114947,-0.6303290077,-10.1007771001,-1.7350651242,-0.0177355427,-9.8757059829,-0.7318961082,4.8744275104,5.7866138067,-2.1055039458,-13.1000811394,3.1480700858,0.766698185,-12.1723059384,-10.972561806,7.6505439614,4.1898960445,-6.9468105013,-4.1616655925,-2.8489452775,-0.2611055793,-0.2940825253,-6.0159232464,4.3853712137,-1.3286297147,1.1158528398,-13.9965820301,-1.1264599922,-0.4435583453,-5.6381431044,14.9824633254,-3.1691938267,-0.5365046379,0.2967549318,1.9832248678,0.5539518927,-0.6536711698,-2.4388625965,-2.0706759277,0.8052866924,0.0983082621,0.669337145,1.4149012586,-3.1799563333,-0.4347996523,-4.8133708496,11.8373431534,1.6234629857,2.4204232416,-1.1961467358,-18.1872788897,-0.154623979,0.2999129355,1.1679637139,6.8029038736,-2.0577584982,-0.1962072022,3.6131244339,1.1406375457,0.8587899189,-1.4119709994,-0.0065362872,0.8719495434,0.1845986079,-13.2145093111,1.149440223,-5.6297936105,-0.503727037,-1.5877012364,-0.1338254622,-0.853420233,1.9500083975,-1.3474563565,4.4440665501,-0.9667910077,0.3844689779,2.6238031049
biasActivation=1,1,1,1,1,1
[BASIC:ACTIVATION]
"org.encog.engine.network.activation.ActivationSigmoid"
"org.encog.engine.network.activation.ActivationSigmoid"
"org.encog.engine.network.activation.ActivationSigmoid"
"org.encog.engine.network.activation.ActivationSigmoid"
"org.encog.engine.network.activation.ActivationSigmoid"
"org.encog.engine.network.activation.ActivationLinear"
