encog,BasicNetwork,java,3.4.0,1,1572769667659
[BASIC]
[BASIC:PARAMS]
[BASIC:NETWORK]
beginTraining=0
connectionLimit=0
contextTargetOffset=0,0,0,0,0,0
contextTargetSize=0,0,0,0,0,0
endTraining=5
hasContext=f
inputCount=2
layerCounts=3,8,8,8,8,3
layerFeedCounts=2,7,7,7,7,2
layerContextCount=0,0,0,0,0,0
layerIndex=0,3,11,19,27,35
output=0.9998332653,0.8484840821,1,0.1171880557,0.9987292164,0.112126669,0.3005996988,0.9937725484,0.9795825621,0.7466147439,1,0.5717102382,0.9998764053,0.9912219256,0.2053108312,0.5960224787,0.4338116836,0.7834528929,1,0.0007465246,0.5459002371,0.000095864,0.9858482663,0.9922107934,0.5072423469,0.0017868443,1,0.0680773631,0.001312584,0,0.9999999996,1,0.9999999823,0,1,8,30,1
outputCount=2
weightIndex=0,16,72,128,184,205
weights=-4.4903942483,4.4516529505,-9.2340545078,-7.3736528398,0.4883247722,15.3294429723,-6.0033406255,-2.9884899111,-2.7526026576,8.801858384,3.8106441106,5.213785332,-20.1197086933,1.6974882777,12.1945314964,0.4870897852,-0.2948955278,-2.1477475037,-2.5950480673,-1.5047602647,3.4400366014,-0.7257489113,-1.3205049035,2.4770093243,-6.4959452475,6.045972456,8.1153384353,1.5649988218,-5.2413522381,0.1621622525,2.7248705261,-3.1111812755,-1.2409655556,-1.5478379421,3.775655774,1.8536760343,-2.8205206891,1.8456530338,-5.6789683901,1.3944590111,3.6713097165,-1.729346856,3.061408007,1.4115000796,-3.9646031476,0.6081282842,-1.6576234448,-1.1407176854,2.3580544794,-10.3673939699,15.4433240889,-3.1040230017,4.3732130949,6.0808966598,-8.6707472414,0.9686826637,11.4009888157,-0.012065228,1.3553616918,-15.052228704,-4.4643058018,1.8400683458,4.4837990413,-2.538601611,8.3132202147,-1.4942281089,6.7054354176,-10.5893361814,-1.1139850401,-1.5766424129,-6.4309101343,-0.2642994663,-1.8067827718,-2.8453727093,2.5418054868,0.4933926178,10.0400902575,-4.1084447973,-1.9632485967,-6.5175838937,0.4419075352,-1.1664216643,-5.6629181279,0.6106087523,10.2207755715,7.0526211068,2.2355070996,-4.6891722421,8.9430875449,-8.359196342,3.2287066215,13.6859965282,-0.2651620138,3.7730556738,-4.4679928356,-5.8521064485,9.948282139,-4.3650459664,0.4117792268,4.7117698741,-3.2391675315,10.8987487931,-0.6041129726,-5.9363930938,-5.8371642874,1.1635029119,2.9465748285,1.3065235572,-0.7912375099,-0.3653929742,-3.1663077114,-0.5541213509,2.6552065967,0.4583221917,-0.8899427825,-5.2461422923,3.0286982143,-1.6609483023,-5.2120459157,2.5001983922,-3.9312853794,-7.849116588,-3.1499410907,4.3682476574,0.3967475684,1.1223577791,10.0936972769,0.2865443423,0.5762498873,1.0611567151,0.4672423662,-2.9312618074,8.0482964912,-11.0586047415,-0.1142100222,-1.2983877814,1.744560671,1.4887503244,1.4576249179,-0.6943143042,-2.4050223813,3.6637001446,-0.5099418608,-0.5009632674,-0.5756353103,8.6059995205,0.0367183754,-1.508277747,-1.6497070717,-5.3746437452,-0.2635612519,-0.6919639686,-0.0079694603,-8.3104454467,-1.0652567843,0.1022429384,8.485133998,-3.4941350745,8.3905926262,-0.8381259099,-11.7201998567,4.7290245244,-1.4589428733,3.0452545338,5.5384298922,-3.5626335437,8.0387547757,0.6178186906,1.0835896913,-17.287887595,0.6663286964,-0.7774112637,-0.5851828095,2.1783881602,-1.9591691504,-0.8378987595,8.4129253622,0.3228016472,0.3144110456,-3.2388952767,0.6021945607,-1.1337986134,-1.5279191574,-3.1281699037,1.8904564194,-0.14945274,-13.256674207,1.8376863856,-0.7633362984,1.5641537397,0.9009863724,-4.9266444919,0.2587811719,0.0690619251,0.6763141826,0.8150157714,-0.7207265452,1.2516392432,-2.5602694012,-1.2624329729,1.1188754784,-5.6184480969,5.1959700791,-6.8436994998,1.206803827
biasActivation=1,1,1,1,1,1
[BASIC:ACTIVATION]
"org.encog.engine.network.activation.ActivationSigmoid"
"org.encog.engine.network.activation.ActivationSigmoid"
"org.encog.engine.network.activation.ActivationSigmoid"
"org.encog.engine.network.activation.ActivationSigmoid"
"org.encog.engine.network.activation.ActivationSigmoid"
"org.encog.engine.network.activation.ActivationLinear"
