encog,BasicNetwork,java,3.4.0,1,1572769682662
[BASIC]
[BASIC:PARAMS]
[BASIC:NETWORK]
beginTraining=0
connectionLimit=0
contextTargetOffset=0,0,0,0,0,0
contextTargetSize=0,0,0,0,0,0
endTraining=5
hasContext=f
inputCount=2
layerCounts=3,8,8,8,8,3
layerFeedCounts=2,7,7,7,7,2
layerContextCount=0,0,0,0,0,0
layerIndex=0,3,11,19,27,35
output=0.5667412972,0.5188681091,1,0.2969134753,0.9998493971,0.0218924946,0.8436176692,0.4666601201,0.9999445863,0.0333723042,1,0.0000000069,0.9998809334,0,0.6371273975,0.9928227237,1,0.1793306228,1,0.9999994371,0.0000000007,0.9455381438,0.1406672669,0.9999999989,0.0016695998,0.9994762702,1,1,0.9479071558,0,0.0098053351,0,0.0000000009,0.0759932346,1,8,30,1
outputCount=2
weightIndex=0,16,72,128,184,205
weights=-24.9523734703,7.8393537408,-0.0227993213,6.3384415189,-11.4964028103,-5.0031066348,10.280502196,4.5170266678,-7.5966589469,-12.7500454314,1.0651295999,10.3808032119,5.6298966796,9.4042766726,-0.1468189129,-5.7276675384,5.6219451999,6.1989585671,12.129053201,-1.3511026289,13.3264718982,-9.5636470585,-4.0252076951,-9.1447692779,-11.4399940964,9.6679534505,3.7333204258,0.1449500017,0.3933669817,-3.1933920476,2.5137662806,1.3936124793,0.3679239913,-1.0707345424,-1.164849336,0.6886479434,-1.0837604437,-1.2125537121,-1.0413081055,-0.6923510054,7.0357297524,-5.2492887328,-6.7435441563,-15.9372096305,10.4200316045,0.6536819504,8.6142211417,4.5443723594,-9.8399868095,-3.8440520942,-0.8333020703,-3.8074111861,4.6716121278,2.9972628388,10.6044767345,-3.401210185,-7.3378812078,7.939708441,-2.5278453689,-1.6254904029,-4.2611220268,5.0419998179,0.2761392405,2.0365281757,-2.3913911587,-10.569154365,-9.9967001927,-8.8281531824,6.0826030179,6.4240474794,1.2259891476,0.1436157682,0.6115723213,16.0087729954,-0.8726407213,-13.0225038991,-4.8232691097,-1.4482061099,-8.8595621305,-3.0699941377,-2.8241273129,-5.3956996021,3.6459271375,13.7082778963,2.4260759543,-1.6862566639,4.8719448032,-0.8084884209,-16.5078030714,7.1220761917,-4.7224338868,8.3634255141,6.6163020296,-4.0377830422,-8.5357476351,-4.6630872683,1.148024698,3.177965314,7.7840117232,-3.0347499692,-2.2597949935,-6.5474789406,-1.2773708733,-3.9708677135,-7.2813573864,2.6124157363,2.3136280907,-10.0352067664,10.1706501693,-5.0011897881,0.2352698151,1.0375401752,5.1532179135,-1.0198927771,2.5367442459,-9.0849023477,11.5075829429,-1.8006810754,6.3671336247,0.8516806362,15.0939134287,9.3498343716,-11.276867359,19.1939170388,-8.7842695774,-9.9802405555,4.1443602795,-3.9932989017,-4.2031019751,25.1611348769,-2.5513550784,-12.3518244374,0.2810530161,0.4332860041,-5.962354745,-4.6829723977,-6.4067332889,-10.6791014893,0.6063062132,17.7486307586,-0.1323165689,-0.4148604343,-4.3898568956,-4.4120854465,-5.4738208653,15.1419506895,-2.4438070506,-6.8812749851,1.6401868314,-0.022258616,9.7045830624,-6.6950983373,8.7838665606,-17.3651145119,2.8502314719,-11.2315631883,-3.5190431562,-0.0360163544,-4.6626082629,6.3313467677,-1.02289332,21.4436448066,-3.9126202383,-2.8714515488,-2.8111391881,-0.0573189419,1.2240914116,1.2974992828,1.6363825651,-6.9266922545,-4.3068457538,2.322031233,3.1867468714,-0.4570085251,1.1617778092,-1.5750773124,3.0322982673,7.353549825,3.1212495524,-0.785618173,-0.545352509,-0.6267596216,-1.3106227839,-2.3414683057,-1.5648499321,3.2946086216,0.6632168758,-1.2546087484,0.2300010609,6.0380671279,1.4484732548,-6.2987909648,-0.0374554569,-0.7173599901,-0.4209968254,13.7538097655,3.4964003307,-7.1840534434,-0.2008901737,-0.9818395053,-0.4580390632,0.7842705926,10.1885138498,-2.7841945652,-0.4803489182
biasActivation=1,1,1,1,1,1
[BASIC:ACTIVATION]
"org.encog.engine.network.activation.ActivationSigmoid"
"org.encog.engine.network.activation.ActivationSigmoid"
"org.encog.engine.network.activation.ActivationSigmoid"
"org.encog.engine.network.activation.ActivationSigmoid"
"org.encog.engine.network.activation.ActivationSigmoid"
"org.encog.engine.network.activation.ActivationLinear"
