encog,BasicNetwork,java,3.4.0,1,1572769692055
[BASIC]
[BASIC:PARAMS]
[BASIC:NETWORK]
beginTraining=0
connectionLimit=0
contextTargetOffset=0,0,0,0,0,0
contextTargetSize=0,0,0,0,0,0
endTraining=5
hasContext=f
inputCount=2
layerCounts=3,8,8,8,8,3
layerFeedCounts=2,7,7,7,7,2
layerContextCount=0,0,0,0,0,0
layerIndex=0,3,11,19,27,35
output=0.8145710482,0.7377038737,1,0.9984664105,0.9911407514,0.421425297,0.039192576,0.9900619923,0.1742649167,0.4270806219,1,0.2896517708,0.4884226952,0.0007248451,0.0875364217,0.3141373731,0.1017059717,0.4444331747,1,0.9078981338,0.4914067348,0.6326816628,0.5156100168,0.9961623363,0.0062486373,0.9999945056,1,0.9999919382,0.0000000011,0.0000088686,0.0000068497,0.9894016495,0.515456218,1,1,8,30,1
outputCount=2
weightIndex=0,16,72,128,184,205
weights=3.0142254063,-2.142344125,8.8924312501,-7.4867409003,-7.1969299741,2.8180662315,0.0774607064,3.7409155637,7.4925622135,-10.7727016188,2.0642136134,4.9321178263,3.3432703633,-7.8532023369,-11.3572413221,6.0759964317,3.3513049383,6.6190273932,0.8725961238,-5.1865853819,3.1392057851,-2.755567715,-0.0005492927,2.0227573902,-0.369311037,0.1301704678,-9.5421895018,-5.7355273209,2.2881501828,4.696368966,1.1878613843,3.5454048733,3.948373437,4.5949773274,0.436775432,-3.0004065074,-1.3859051363,0.3412402706,-4.2707881729,-1.1438030819,2.0696286855,1.2097064417,-1.8148574897,0.4787651473,-6.8918315609,10.5610293547,-2.7295079847,-2.1262542385,2.4757124384,2.8631287044,-7.1259835018,-3.6193104424,2.074175437,6.6501322579,-0.9413257033,1.8982983676,1.8356550632,6.0914854658,0.8454734735,6.6396375486,-0.8862322004,-0.588987774,-6.2144685157,-2.5442225856,1.0744374023,0.5592260561,1.3957670195,-8.1220548882,3.2300762941,8.7533669134,-2.5394401027,-0.9445056299,1.7499997817,2.1449475644,0.3511694122,-1.7909252444,0.4839949957,-1.7409970165,-5.8460903674,2.5361009504,-0.9060042143,-6.2404856095,-4.873698264,1.7149609622,9.190515042,0.7436175989,-3.9487486155,0.8309425524,-1.289743185,4.9023467681,3.7031822099,-2.5977547768,-0.9605068521,1.5271289854,-8.916086373,0.3928903394,-0.3803744323,-0.8362336961,10.5467911009,1.2957013175,-5.0656621234,-1.5689064049,-2.4758266304,-1.3968206479,0.294109148,1.4952845444,2.5131057717,-4.6802350022,-2.5916739733,-4.5461595468,2.537832852,-0.8871645093,9.7120052625,-3.9821106595,-5.7690955355,4.9925363438,-3.5405825547,-2.3388342563,-9.3045924501,4.8828631744,-1.3217322008,-4.0819643649,0.6925873405,0.2984888814,0.6410500723,-0.3274052567,3.4720191084,-1.7179215151,0.6497969482,-2.547589737,3.1714814902,1.2735655352,-1.6092869301,6.5293351139,0.5288825241,-0.6638293422,2.9071381046,-1.6459127372,-1.8214414296,-0.4045996933,-6.0384962366,-5.491384044,4.672081905,1.191512096,1.66624839,-8.3529631207,7.1670559148,-0.9398036082,-0.8757339718,-10.9112206853,2.330319096,3.0378365331,-0.1021273184,4.4854387721,2.0711086642,0.5747833574,-1.1658404608,3.1387608748,-0.033759751,-0.2660850328,-0.3585640732,4.0454703041,-3.2954083033,-1.0848881862,10.4125965589,-4.1620818894,-2.1726946927,-0.06653023,-0.845407904,4.6667366875,-1.2925360269,-0.740544758,-0.565802098,-2.4948762228,-0.9610975878,-1.4168034285,0.1808177219,-0.0823083098,-1.4973375939,-0.3461157225,13.6641534604,-5.0726526719,0.5000288074,0.5263425719,0.8638567704,0.1521596863,0.2527247453,1.9496986714,-1.1643898549,-1.2981571773,0.3920258713,-0.4958761343,0.1070947346,-1.0461802477,-0.1081286223,-0.2779995761,-1.6590476898,0.4741362304,3.5846965946,1.0081918512,0.1752556891,-13.2613609052,-1.3006186374,4.0768597776,0.1951696778
biasActivation=1,1,1,1,1,1
[BASIC:ACTIVATION]
"org.encog.engine.network.activation.ActivationSigmoid"
"org.encog.engine.network.activation.ActivationSigmoid"
"org.encog.engine.network.activation.ActivationSigmoid"
"org.encog.engine.network.activation.ActivationSigmoid"
"org.encog.engine.network.activation.ActivationSigmoid"
"org.encog.engine.network.activation.ActivationLinear"
