encog,BasicNetwork,java,3.4.0,1,1572769728157
[BASIC]
[BASIC:PARAMS]
[BASIC:NETWORK]
beginTraining=0
connectionLimit=0
contextTargetOffset=0,0,0,0,0,0
contextTargetSize=0,0,0,0,0,0
endTraining=5
hasContext=f
inputCount=2
layerCounts=3,8,8,8,8,3
layerFeedCounts=2,7,7,7,7,2
layerContextCount=0,0,0,0,0,0
layerIndex=0,3,11,19,27,35
output=0.2216080255,0.2894148482,1,0.3360191558,0.9999354023,0.0000002608,0.4846099931,0.579141069,0.1742770721,0.0033797574,1,0.0027238744,0.032788081,0.481335641,0.9792589264,0.6944345768,0.3213974786,0.0555590504,1,0.0261388746,0.5251831536,0.7409970821,0.0007456039,0.0006592119,0.4123311125,0.1854497845,1,0.0000000116,0.0366440788,0,0.0119578963,1,0.9858024336,0.9999999991,1,8,30,1
outputCount=2
weightIndex=0,16,72,128,184,205
weights=-3.6267334842,0.1597738616,-8.5898238523,-1.3250363809,-11.2652168534,-8.5371834619,13.8425071199,8.4098971976,-5.8512081021,-1.0246390109,10.3761037989,-7.9574387758,7.458839302,-7.846009491,-7.4606482303,3.02158938,-2.8048382517,-4.0873202229,-6.9765291166,2.5572953462,0.3265759434,-3.9866867406,-2.0890140033,1.484957176,-1.1724959461,-0.3569362806,-0.4317852594,5.2723609581,2.2547222099,-3.8902541054,1.7894792524,4.2921297112,0.7855769404,1.8708853702,-6.4163132638,-10.9597652421,-3.2223505021,12.254874819,2.2217606067,-3.2266017453,-6.6641787216,-1.036789972,-2.0658779802,6.6791684587,-2.9273254635,-4.0481066686,-9.9256620122,-1.6703397199,-7.6415641367,-4.2387238106,3.1798984972,-3.0030382345,-4.8776170822,6.9264746909,7.6051481527,2.6276958338,-5.5807377786,5.5357650674,-2.5381955846,-2.5749485911,0.8563202248,-0.9590806471,1.1878256888,1.6689398909,4.1666702894,-4.7767266573,1.756417757,-6.6640062088,3.3567178047,10.4078113078,-3.0057586198,-5.3700026903,-0.8343073405,0.4407494434,-9.4349013668,-0.3100244957,2.2850943742,-8.1499910027,4.2372657894,3.4520152876,0.134834384,-0.8376894109,-3.974471838,2.482031941,0.9179823983,-0.6780786637,2.0521779013,-0.1063033535,-4.8057091259,-0.5052860988,-6.4584221194,10.834080967,1.0607682514,1.5630010182,2.7794316324,3.9332672294,-6.4088382402,-4.617736941,12.0802501174,4.7869916553,5.4752921025,-0.4030310099,-2.351166249,-1.9090455784,-1.4686726321,-0.1806546916,-2.9854361328,-4.5508839057,3.3616338884,-1.0776954707,3.4121043854,2.9791702402,4.1767111017,5.3446659368,-6.7011323812,-16.8309595444,3.4363620754,-2.1349546502,5.9516412033,1.0889211286,1.2643419932,-2.6207362595,-7.5473708464,-0.2867504554,-0.2751121001,5.0641935892,0.9359349623,1.8414527392,8.9602228334,4.0954000472,0.9533476202,0.8529520227,-0.9311284352,-1.2849288034,-0.1165858451,-1.4637166119,-0.9864877025,0.3339405977,11.3044090701,-2.7464684859,0.2888442614,-1.3537854737,0.727833702,0.4393100252,11.123841734,-9.8420892602,12.3405297116,-3.1201803119,-3.7610304838,13.3613930739,-3.6422197141,-4.3193212952,-9.7157367932,21.6287675983,6.4146195966,3.9575647827,-4.5206835373,6.2470771509,-4.434608613,-5.2435521916,-0.4945938031,-0.2239718752,-5.230470001,6.5063650051,0.8676352978,-9.2708114518,1.195528421,-0.3173765851,-2.5218256892,0.3632115128,-5.1109954535,7.9958961991,0.0065180313,-0.1109788909,-0.1796959643,-0.1806794009,-1.0698663192,4.7196377639,-1.9805902477,-2.8013376575,-0.2151654297,-1.9680954389,-0.1061516986,0.6421698043,5.7328453675,-2.2188392249,2.4299424848,1.5935661619,-0.2564701858,-8.3235948052,1.2287345459,-1.541232634,-1.0847714762,-0.6267958416,-0.2452363727,7.9571244361,1.0012263348,0.570590766,-0.7541120576,0.3560541193,0.2647456344,-6.5504165956,0.9085512782,0.4409092509,0.3773886597
biasActivation=1,1,1,1,1,1
[BASIC:ACTIVATION]
"org.encog.engine.network.activation.ActivationSigmoid"
"org.encog.engine.network.activation.ActivationSigmoid"
"org.encog.engine.network.activation.ActivationSigmoid"
"org.encog.engine.network.activation.ActivationSigmoid"
"org.encog.engine.network.activation.ActivationSigmoid"
"org.encog.engine.network.activation.ActivationLinear"
