encog,BasicNetwork,java,3.4.0,1,1572769739006
[BASIC]
[BASIC:PARAMS]
[BASIC:NETWORK]
beginTraining=0
connectionLimit=0
contextTargetOffset=0,0,0,0,0,0
contextTargetSize=0,0,0,0,0,0
endTraining=5
hasContext=f
inputCount=2
layerCounts=3,8,8,8,8,3
layerFeedCounts=2,7,7,7,7,2
layerContextCount=0,0,0,0,0,0
layerIndex=0,3,11,19,27,35
output=0.4678486685,0.3578557697,1,0.9989350893,0.9998853397,0.62583706,0.0029982172,0.3724389159,0.9999992995,0.0001622075,1,0.3008794159,0.4683047308,0.9996056042,0.0009027502,0.9957021836,0.0000243208,0.0000373919,1,0.7811458343,0.9993461905,0.0001286126,0.735176391,0.8530787303,0.5529810363,0.5071115814,1,0.0004088025,1,0.6741856242,0.000000003,0.0000000009,0.0171439462,1,1,8,30,1
outputCount=2
weightIndex=0,16,72,128,184,205
weights=-4.1406972476,6.8792635449,5.207762905,-11.1374161724,-8.900619625,-5.3817452653,2.0804710008,2.599552505,-12.6636967477,8.5591451523,-4.7894392174,11.148087248,-3.9324499871,5.4559558219,-11.3052265103,2.4818277483,-0.256084648,10.1890993057,-2.6986873113,-9.949006917,6.8968752903,2.4665078847,-1.3149222542,-2.0113941618,0.8024541429,-0.0942784016,8.7787105244,4.4913849283,0.4755542373,-0.7268601452,-2.4054420999,-0.3765741489,0.8319237434,0.9189089519,-0.0229300031,-5.2997514422,-3.9128390928,-2.9456751094,7.3835994793,3.7572838335,-2.5478335091,-4.8645080723,-5.8454216346,7.2901903545,4.0503961631,8.8199381741,2.1437277338,-0.9588198877,5.2645783277,-4.3048678207,-5.1137610291,-6.7919617225,3.1248480883,3.409737961,-4.154762731,1.9167487329,2.189245587,-1.1793580946,6.172480094,3.410751394,5.3101521985,-3.6254228327,-7.184706605,2.6050095432,0.0999829576,8.9477470623,-11.2872972903,10.3393468467,-6.1059456218,0.1452408973,-6.097743446,4.4066126581,-1.468328432,0.4892337349,0.6255147484,-1.4081378943,0.8854714806,3.9793814138,-1.7494868004,-1.2186139357,1.596384931,-3.8892907502,7.7956490031,7.9092328673,-2.2776632527,0.0617104555,-4.6509804189,0.9645706573,9.4583266941,-2.3234615385,5.3080670221,-1.6589611518,-1.2007496408,10.9939301187,-3.7087164263,0.8159495741,11.0298068291,-4.9190949626,5.7249251046,-9.2229038448,-6.1915617704,6.5276239648,-7.6973128486,1.6461884062,6.7351178115,7.8509474147,-7.7379820578,-2.6096922854,-8.0263111508,6.4033073804,-3.5100074458,-0.65586994,-8.4262639737,0.7695041096,1.1877077794,-2.825372401,-4.5930943073,-7.5999385766,7.6073574162,1.5290952071,2.4232851876,-4.4945301208,12.3356387289,-7.6093001327,-2.2288302794,0.9276585556,-2.6291062409,0.7188661362,-15.1338008213,4.072316338,-7.8528850086,-0.2568411421,0.8951874889,-1.522189067,-0.1032622569,2.6298874255,-8.2127184509,0.6234162924,7.8601544936,0.675092045,0.2083941532,-7.1318669384,0.7302073386,0.8048394881,-2.3251581697,-1.7532299041,-10.517095618,0.50485732,-0.91890683,5.7117972281,2.1485090056,-2.3603538639,3.9005220928,-2.5871464342,2.118929645,-0.013007563,0.6700977413,-6.8575419512,4.3239417663,-2.0283299707,-7.6018161823,-1.1640702841,6.0884329087,0.6004408369,0.5629772836,-5.3136384048,-1.2829073691,0.1954030608,-5.7067941491,3.4445257672,-11.4910740483,-0.7306357363,-0.3372098923,-6.6278342765,3.7640979723,0.8671760694,11.2678372966,-3.7106694887,7.1032968639,-0.1342172384,0.8517500388,-0.1882523692,3.9393928767,-4.990594706,2.305771795,-0.2547528907,-18.605457134,3.8539923333,1.7693234872,-0.1872801411,0.2581867599,0.2279479792,-8.1767557957,-1.104733492,-0.3695793225,0.2853174933,-0.8963321708,-0.4306514842,-0.785740893,0.2412191238,-0.2130232235,0.4121261611,-2.2395806953,6.7856355422,0.0670585685
biasActivation=1,1,1,1,1,1
[BASIC:ACTIVATION]
"org.encog.engine.network.activation.ActivationSigmoid"
"org.encog.engine.network.activation.ActivationSigmoid"
"org.encog.engine.network.activation.ActivationSigmoid"
"org.encog.engine.network.activation.ActivationSigmoid"
"org.encog.engine.network.activation.ActivationSigmoid"
"org.encog.engine.network.activation.ActivationLinear"
