encog,BasicNetwork,java,3.4.0,1,1572769774050
[BASIC]
[BASIC:PARAMS]
[BASIC:NETWORK]
beginTraining=0
connectionLimit=0
contextTargetOffset=0,0,0,0,0,0
contextTargetSize=0,0,0,0,0,0
endTraining=5
hasContext=f
inputCount=2
layerCounts=3,8,8,8,8,3
layerFeedCounts=2,7,7,7,7,2
layerContextCount=0,0,0,0,0,0
layerIndex=0,3,11,19,27,35
output=0.0721502918,0.728222146,1,0.9929081023,0.6360928717,0.0001920575,0.0000068673,0.9964546656,0.9276249534,0.9982708722,1,0.9997866838,0.8670248352,0.9896666582,0.7168327059,0.0002805114,0.0489495539,0.0211547693,1,0.0000073656,0.8342100595,0.0001495484,0.4721672037,0.0001990047,0.987326707,0.6118840397,1,0.9999931063,0,1,0,0.0000000114,0.0604822741,0.9889046146,1,8,30,1
outputCount=2
weightIndex=0,16,72,128,184,205
weights=-8.020136223,-19.4532586636,-16.4354892141,11.7974575968,-10.1800575049,14.7400890015,12.9854309157,1.2940084854,4.7346340887,9.0574294847,5.3022926515,0.5168842769,7.3218246818,5.3876706709,-14.6147736159,-7.1819249616,-4.5980508071,-2.7163996916,10.7027119243,-0.0351608388,2.9172444677,3.0379623797,2.9995031093,1.1140493849,10.4238449318,0.9595759085,-9.4397770074,-5.2754759376,8.6547373339,-3.743058207,13.679404966,2.3201232607,-0.4849735676,-5.5225352039,0.5318748678,-4.7203855867,-6.4426860215,10.909997018,-7.4461839731,-0.8018406222,-0.1533530425,2.3052182604,-12.2644585861,-2.1570020516,-2.9901662277,-3.4871376442,-1.6842140325,0.1570063368,12.1246562514,4.2546246414,3.2790759045,-9.8479934098,3.5475410946,-5.0890383497,-6.7570944787,-5.9671364507,6.3465946796,12.9398660773,-3.8822677309,-8.9684124301,6.9917615057,3.4549428988,-0.2410811901,-4.9086370585,14.6934222676,-6.3520567903,0.8794304796,-7.2298515222,13.4762432388,8.2560725873,-2.8497264817,1.1401355953,-6.3685721267,9.2033794195,5.188907552,-1.1038946249,-18.4702246163,-0.7587353823,7.2489143414,-2.3872359702,-1.0209773372,0.6278736737,-1.3210102948,-2.9790470856,6.1164392347,9.6785324576,-15.8718566989,2.9125851273,2.998780126,5.3391010301,13.0240566062,-3.6357134727,-10.4374038015,-0.0768881752,7.9598032744,-2.9697302413,3.0117251746,-1.2757670297,3.2418359372,-17.799493478,2.4630216891,7.1004996398,-3.1543390476,5.3159790158,-12.3802268552,-0.1714961649,9.2693584666,-9.3932559845,2.6163512213,-6.7841407852,-0.50055672,3.4022657813,1.7828305245,-7.1700702279,-4.2483348099,-0.0230609048,3.2709545926,-3.7196358129,5.770222266,3.1672165975,-2.7142426281,-1.9439178917,3.5109726759,-5.7942371672,0.1328001653,-3.9131026828,3.5017405332,2.2432966064,-6.1629313843,-7.1159517545,-2.6101712517,-0.2891030172,0.4421113712,15.7028821725,0.2279359545,-4.2207787583,-2.6154694519,-0.9389755212,-2.8140235425,0.8370443877,-0.0955426297,-8.5242648816,9.7918068084,-2.1223573754,-0.7119763538,0.5720819444,-3.4383414023,-0.6563934271,-0.1370877083,27.3459750399,-5.367657259,-1.0032735201,-5.8068273836,-0.9153779465,-11.3117241221,-0.153131364,0.5957937621,16.5925525925,22.4944950299,-6.241400176,3.0766954098,-4.5232296968,2.0956588931,-0.7990820956,-0.7508851259,12.6113502363,-4.9253294569,-9.586398276,10.0350860685,7.8019963321,2.8836155611,0.9344049368,0.7095627263,-7.3074574228,-3.3354697999,-4.8226952084,3.6571986109,-0.2919349967,-0.3317533917,-0.0065075203,0.3885783152,-18.5609521914,-5.4735819175,3.6652776278,-0.1810267452,0.5423588563,-2.9376540209,2.7227884954,-1.4127421806,-12.851389821,-0.4961736797,2.334810804,1.2345486645,-0.9249076053,-0.9477431299,-0.626192975,-1.8520075666,-0.1338389962,0.5374933992,0.2433167675,-0.3281447004,5.1547905182,-1.0752587114,0.2367835718,5.9886311269
biasActivation=1,1,1,1,1,1
[BASIC:ACTIVATION]
"org.encog.engine.network.activation.ActivationSigmoid"
"org.encog.engine.network.activation.ActivationSigmoid"
"org.encog.engine.network.activation.ActivationSigmoid"
"org.encog.engine.network.activation.ActivationSigmoid"
"org.encog.engine.network.activation.ActivationSigmoid"
"org.encog.engine.network.activation.ActivationLinear"
