encog,BasicNetwork,java,3.4.0,1,1572769810257
[BASIC]
[BASIC:PARAMS]
[BASIC:NETWORK]
beginTraining=0
connectionLimit=0
contextTargetOffset=0,0,0,0,0,0
contextTargetSize=0,0,0,0,0,0
endTraining=5
hasContext=f
inputCount=2
layerCounts=3,8,8,8,8,3
layerFeedCounts=2,7,7,7,7,2
layerContextCount=0,0,0,0,0,0
layerIndex=0,3,11,19,27,35
output=0.6774449199,0.4264405407,1,0.001032382,0.9633440554,0.9999979445,0.2745718379,0.0050527466,0.0000000331,0.686197469,1,0.9989216649,0.0000028095,0.0000017081,0,0.1146866324,0.0000000317,0.2342759252,1,0.9995967302,0.000000025,0.977789289,0.0061029222,1,0.1971484674,0.4643020313,1,0,0.963547344,1,0.0963779298,0,1,1,1,8,30,1
outputCount=2
weightIndex=0,16,72,128,184,205
weights=21.2162677847,3.1866578805,3.855659018,17.0287294779,-6.4704874793,-13.511830404,14.5477520084,-20.8308939511,-1.193818891,-12.533213992,18.2783197133,-18.8974301081,6.7189971251,9.1225969538,-4.2316865849,1.5588839144,2.7486598583,-14.9603996985,-3.9993279699,-2.7195701451,-6.5060579872,19.5406269724,-5.639898339,-7.5530509372,-1.0566953642,-11.3007938981,7.3263299359,3.3481423186,-4.8411791645,-23.0305444661,-7.4081491902,6.6151804062,2.8835970199,-2.8481457562,2.2612669218,0.1920607175,2.4676426752,-2.7604988913,-14.3659701701,13.2970945388,0.5699473362,4.0249969713,3.5584436455,1.7378017533,-2.5311667681,3.6360460044,21.1115411321,-6.196534199,-9.366840831,-3.4492107036,-1.4449833817,-4.0200135193,-4.811243058,6.7919117906,2.1910749508,4.1124635933,-10.7165532692,8.297640381,4.3326894378,12.2309476191,-12.1354543163,24.4854367855,-12.0491477021,-2.3040285933,6.709727236,-8.4505626237,5.6987215103,19.4040357112,5.0395829942,3.5399695864,-22.9657006172,-1.1177385142,-7.5036005783,-9.0142943811,9.5838757635,2.8870759281,2.8706481446,-6.1557821934,-7.9571123603,6.9806605654,-5.2351614699,7.4548121431,8.0057488012,-0.6569965446,-15.1138343554,15.277864661,-8.2408541088,0.5546952989,-6.4403299861,14.1021821634,-1.3783418133,0.7695595959,-5.4574291328,8.5836742519,0.8031087469,-2.1070485651,-0.8934870067,-0.0652954504,-3.9876726517,4.785087588,-18.8788807027,17.2996925937,-1.172145726,-3.0572603513,-4.5344847182,5.2297000775,-2.604262438,1.1862765269,3.8283933713,-0.7163151858,-1.0943031146,1.8490121631,-2.8541687973,-8.5138909858,9.6712029483,0.6345242481,-12.356829387,33.6925889147,-16.8265856749,-10.3484743278,0.6869296625,-1.6805670614,-3.4649601572,-3.092006779,0.2668476417,13.8037229353,-1.658684087,-0.6822037705,-0.0805260495,15.8391246276,-1.5706540024,-3.1343192465,-0.1109387704,-2.2052821895,-1.81467448,-1.553555171,-1.013407227,-16.4556499022,-0.1819099011,14.0809618857,-0.1691335509,-1.1495822158,-0.8560272495,-0.8176428458,-0.0159232189,16.2255589268,-0.2455378184,-6.6791180157,-0.7215103707,-2.4175255579,-4.0486117178,-4.4939800036,0.1320193241,-0.9134122625,-3.5031352974,-0.3113781793,-0.2888183696,-2.8378716201,0.9585463056,1.1997206007,-0.6673958542,23.6799910536,3.4145302168,-20.9042295851,0.8274756758,5.8921108783,1.555894531,2.1919344014,0.1052106587,-22.9818255714,0.3378480824,-20.8124396365,1.1755714118,1.0251030714,10.6257442284,10.7570287337,-0.7997602948,12.9141905479,-2.6442742472,-26.6474722908,0.9738075303,-3.1978039001,-2.7749958556,-1.4011670275,-1.7943473617,-1.9340840914,0.428749878,-0.5785453678,0.1868150376,2.2985191173,-2.4623360028,5.2829198222,0.7386623261,-1.3800126707,-0.3855484977,20.3684223185,-1.852809484,-1.0913093994,0.3855250942,-1.0570027483,5.6213659813,-0.1217127231,1.0555916701,1.5233141115,0.278303668
biasActivation=1,1,1,1,1,1
[BASIC:ACTIVATION]
"org.encog.engine.network.activation.ActivationSigmoid"
"org.encog.engine.network.activation.ActivationSigmoid"
"org.encog.engine.network.activation.ActivationSigmoid"
"org.encog.engine.network.activation.ActivationSigmoid"
"org.encog.engine.network.activation.ActivationSigmoid"
"org.encog.engine.network.activation.ActivationLinear"
