encog,BasicNetwork,java,3.4.0,1,1572769846310
[BASIC]
[BASIC:PARAMS]
[BASIC:NETWORK]
beginTraining=0
connectionLimit=0
contextTargetOffset=0,0,0,0,0,0
contextTargetSize=0,0,0,0,0,0
endTraining=5
hasContext=f
inputCount=2
layerCounts=3,8,8,8,8,3
layerFeedCounts=2,7,7,7,7,2
layerContextCount=0,0,0,0,0,0
layerIndex=0,3,11,19,27,35
output=0.0517822114,0.0002461128,1,0.9631586032,0.0952382874,0.0000001223,0.0000017934,0.6900789988,0.8266036915,0.6487833645,1,0.747220391,0.011172262,0.2261426958,0.9556397491,0.0000023087,0.9999999601,0.9959913659,1,0.1287210537,0.9999882333,0.0082273199,0.2064884365,0.9942119609,0.9568820952,0.0088633809,1,1,0.0269750507,0,0.999999074,0,0.3247774858,0.9999999966,1,8,30,1
outputCount=2
weightIndex=0,16,72,128,184,205
weights=-11.1009162086,-6.2734017996,10.9944067167,3.8237012629,-1.7603839325,-2.647685849,11.2740020431,4.4708711649,4.580122208,-8.4896158801,3.4171843848,11.4107986286,3.2183493463,-14.555984008,-12.8067726566,6.2075929161,12.7741697028,3.6924747654,-6.6900005341,-0.2060436546,7.327256356,-3.2680287065,-1.2272262893,-0.1226606945,-1.1008698486,2.5046813434,-6.9809803275,-0.1073508989,1.8536322602,-2.9003288303,0.4473045067,2.6794193795,-2.4853827455,4.2742851872,2.601768814,-3.2493512034,3.5529611494,-5.3492761023,-1.8729370036,-4.3762355244,-2.5369421158,0.5131701806,-10.5323210269,-5.2162931855,9.6437078534,3.0499640052,-7.625921054,0.5705896692,-1.285047471,0.3192795852,-2.4802362298,0.3260213457,-4.532939194,2.1362769068,0.1088938404,-0.2382600811,6.1299263395,-9.0915550791,19.2125488707,0.1519847768,-5.4337303689,-1.9680992519,-1.5678811848,-3.8773995758,5.1357368985,8.5640969881,-8.5138505318,-0.319677153,-6.5103927092,-8.3343775816,6.5992080893,0.6729672711,-3.4018469822,1.1305402236,8.0683093302,-7.6554798293,-0.4828880654,1.6871333165,-4.0045752327,0.8067915867,3.4769737208,-4.5820444019,0.0819429497,6.0110932572,-10.3297343535,9.1263335237,3.4044082264,-0.0836049566,-8.9266821302,7.914593939,1.6624375372,0.1403265147,-15.4338962504,2.8355963845,3.9077871122,4.5582732535,-6.1695423559,4.9971821633,0.8903304756,1.8037750883,0.3564759859,-1.7613858753,1.2902459812,-0.1931299326,2.3227582992,-12.3426956332,9.1901553587,4.747415557,-3.5242285478,-0.6222546411,4.3166291374,2.0698168033,-6.9090472925,0.74098668,-8.2790483501,-0.9878824355,12.3629198326,1.3848650653,0.5215649295,3.8371482472,-7.8389938669,5.7914815394,1.42542014,-4.5962735042,0.3421010323,1.8427676748,1.7411927202,-0.4485970524,-0.9162195561,9.3411008342,0.2879688412,-1.6752381338,0.7778970305,13.8086952823,-2.5837936437,-1.473794729,6.9400367187,-4.8208185482,0.5166644666,2.81947323,-0.4366117159,-21.7960825216,6.8230569628,1.9765784029,-1.0402865624,4.221634934,-0.2006139426,0.7306085703,-0.7302172906,-13.7414115255,-0.0304943793,-0.1028382951,-2.5437139222,4.2631437482,1.4848166485,-4.1989440508,-0.3163528822,-0.8088854592,9.862262091,-4.3181224049,1.708941485,-11.1062949039,-2.796278795,6.3424591794,-0.6447512384,-13.505944634,-4.4997871924,6.28056885,-2.8705008369,-3.0077364882,1.5240738133,-1.4631136134,0.3144282906,1.6967538233,7.9423791728,-0.9789578012,1.1909316672,-1.1289476546,-0.5614893332,-2.8910337638,-0.8047261321,-8.8694892821,1.5422054561,-1.6479662855,-3.3595239721,5.9227920022,0.2105616817,-0.5350784092,-0.3055725275,9.8623057664,2.5113475815,-5.7463997931,-0.4237637772,1.6491348722,0.0085402441,0.4430676676,-0.8860181636,-0.8833421346,0.2915084672,1.3183844939,0.2048004959,-17.4229928261,-0.3980621312,0.7654722205,-0.2901551846
biasActivation=1,1,1,1,1,1
[BASIC:ACTIVATION]
"org.encog.engine.network.activation.ActivationSigmoid"
"org.encog.engine.network.activation.ActivationSigmoid"
"org.encog.engine.network.activation.ActivationSigmoid"
"org.encog.engine.network.activation.ActivationSigmoid"
"org.encog.engine.network.activation.ActivationSigmoid"
"org.encog.engine.network.activation.ActivationLinear"
