encog,BasicNetwork,java,3.4.0,1,1572769880710
[BASIC]
[BASIC:PARAMS]
[BASIC:NETWORK]
beginTraining=0
connectionLimit=0
contextTargetOffset=0,0,0,0,0,0
contextTargetSize=0,0,0,0,0,0
endTraining=5
hasContext=f
inputCount=2
layerCounts=3,8,8,8,8,3
layerFeedCounts=2,7,7,7,7,2
layerContextCount=0,0,0,0,0,0
layerIndex=0,3,11,19,27,35
output=0.3620682617,0.1525403902,1,0.8852996714,0.0580635446,0.9999991376,0.9965448383,0.0010753085,0.9990254898,0.9999999975,1,0,0.000046077,0.8743309449,0.9990535241,0.9799074911,0.9999972534,0.0035581598,1,0.9882297929,0.0000675049,0.9999978683,0.7602303522,0.3287228337,0.9999858962,0.0000060365,1,0.0000000033,0,0.0000011366,1,1,0.9923319287,0.9978317046,1,8,30,1
outputCount=2
weightIndex=0,16,72,128,184,205
weights=-5.5151385355,-1.6496719658,-14.6495193416,8.6906313909,-15.5747846528,-0.5350478848,3.2269425831,7.7251720647,14.9220496183,-13.2838019692,13.5538252167,-16.560553706,10.9271227612,-18.7316421069,7.49443038,0.0027335679,-2.936116644,-1.7561580693,9.8022555918,5.8127588794,-9.1422989993,-7.2387870477,5.5838301178,3.8435178737,8.3403232714,3.0236069393,-1.608037513,-1.3241885202,-2.4612022364,4.7655795837,-6.3774257918,-2.3887710461,-16.4268921032,-0.5511465593,3.8949208845,-20.9042479875,13.8542064212,12.3997356699,-5.6574165552,5.4871696269,2.2407351639,3.2497858994,8.6819963308,-7.7801162696,-3.1791884314,9.9242587699,2.1300499563,-0.9704103534,6.4004792156,-5.5300594025,-14.6342715056,-2.1340347843,12.0970926252,-6.2987637866,-10.2761749549,2.5746734658,-7.0510517385,-1.645171088,3.9541666861,-1.7351948634,5.400366418,1.0429815092,0.9391190107,-1.1292010561,-5.2870575455,-1.5157686238,1.1622972353,-5.8310180837,14.6164745186,13.0541390768,-9.3808553836,-2.7390070728,-16.7529673101,3.022340617,-6.3934306748,-2.1716448069,8.1051110783,-12.3253594385,1.0725356857,-3.7819623015,-7.5691667018,5.6474352941,7.8426607117,-2.5474659231,-9.3988294861,-8.8825663257,1.3459916559,3.5606034501,-2.3391486171,-0.4956930888,2.2034929178,11.6298777538,-11.3038162576,-0.6246277328,-0.2066545987,-2.4529747285,14.6778560605,15.4506645717,3.5112957959,3.5505958033,-8.0864362014,2.3472534069,1.219316881,-13.4439099841,3.7742067011,4.8887213124,2.0702858505,2.8331178191,-4.4890716606,-0.7798161345,-1.5174806206,-1.8116313423,-0.2256326192,-0.9246232775,13.9099606006,2.4333247261,-18.4909915849,-1.1193308571,-4.757825345,4.4661290165,3.8542208356,-1.7708715966,-7.0612708073,-14.8576633907,11.8884911951,6.2510266377,0.1305995936,-1.2461389412,-0.98611718,-4.1424554709,0.877013892,-1.9981909327,-4.8326731509,15.1122621533,-1.758597492,-1.9803890886,0.3880070439,2.8088732484,-0.1141920914,1.2667326761,10.7976020936,-17.9967893901,-6.4252237389,2.602502712,-0.0785406957,3.7405855228,-0.6820704037,-0.0055131639,-5.2143546366,-3.0325384972,22.6990218209,-1.3620493482,-0.0876181371,-0.3583075261,-0.3408357657,-3.8484934266,-3.6626075044,-1.7189387537,15.734170281,-5.3292520038,-0.0626425805,1.600508743,0.7810265852,0.0955638547,-1.3739233759,15.703688148,-13.9802469506,-1.0689460398,-0.1047319613,-3.0313381175,-0.6469117561,-0.3567228583,-2.0287386484,6.9882767197,6.9756877602,-0.3407359571,0.7142594892,5.3760612611,0.891547363,-0.4097846118,-6.6303219271,-1.291717574,-2.4990845263,-1.2021018212,-0.6399372463,-0.459221364,-0.6372619633,1.901358605,-5.797590893,0.2965053011,-1.2222380372,-0.1226450239,-0.2302168976,1.0622290203,1.1899796054,0.1882241387,-4.0798081667,6.5887300395,-2.4123002991,-0.6639283939,0.2943465394,1.344023508,-2.8572130144,0.2801359747,20.5852681803
biasActivation=1,1,1,1,1,1
[BASIC:ACTIVATION]
"org.encog.engine.network.activation.ActivationSigmoid"
"org.encog.engine.network.activation.ActivationSigmoid"
"org.encog.engine.network.activation.ActivationSigmoid"
"org.encog.engine.network.activation.ActivationSigmoid"
"org.encog.engine.network.activation.ActivationSigmoid"
"org.encog.engine.network.activation.ActivationLinear"
