encog,BasicNetwork,java,3.4.0,1,1572766414817
[BASIC]
[BASIC:PARAMS]
[BASIC:NETWORK]
beginTraining=0
connectionLimit=0
contextTargetOffset=0,0,0,0,0,0
contextTargetSize=0,0,0,0,0,0
endTraining=5
hasContext=f
inputCount=2
layerCounts=3,8,8,8,8,3
layerFeedCounts=2,7,7,7,7,2
layerContextCount=0,0,0,0,0,0
layerIndex=0,3,11,19,27,35
output=0.4909085609,0.0943361695,1,0.0019522398,0.0011551319,0.9975326157,0.0002363779,0.0000078086,0.0000090826,0.6746683436,1,0.6552448388,0.9286896353,0.4172813807,0.0058818382,0.9428909539,0.8120235742,0.8513508249,1,0.2202155933,0.6590510327,0.5021503386,0.4366213163,0.4101557627,0.0097691322,0.0000042212,1,0.8707576847,0,0.0000000017,1,1,1,0.9992514392,1,8,30,1
outputCount=2
weightIndex=0,16,72,128,184,205
weights=-9.4931311173,-11.4527738418,-8.8196841757,4.5871822467,11.8379277498,2.2845810401,12.9723288564,0.0400980753,-0.2064878397,19.6681360296,3.1394837427,-9.6872440235,3.8064941154,7.2464309426,4.5651198272,-8.4936046435,-4.4096551174,-1.9689295651,-2.3416003345,6.845217022,4.8849214203,-9.4339308407,1.9819165555,0.7852679307,-4.367907181,-7.3639951941,15.5914767689,4.421202644,-4.7723950878,2.0706315257,-3.2464523101,1.9888083402,-5.1769144316,0.0808808238,-3.1942792429,5.2928821004,6.4247827487,-4.6435969069,10.3514744887,-0.4789548359,-2.8627689618,-0.1227761652,-6.658493776,7.0930909935,1.0746902502,-6.8160329199,3.3819036285,-1.9809846116,-5.0674084211,-2.151253605,-7.6443998991,6.1339131103,0.1889249038,-1.6276094796,0.6313731269,-2.6822492297,-6.7966624682,-4.871670397,-4.3522624366,3.8535582717,5.3612624105,-3.4231503587,-0.8693816499,-2.3732020339,-3.5787786991,8.5961333971,-1.9034305528,1.1726782995,-8.2735440526,0.5937044128,4.962682131,-1.0274546703,-3.5821440765,-6.2478405251,-2.7122267892,3.2774359999,9.6577476839,-1.3667917259,-0.5107655933,1.5317850494,-9.4784255602,-1.5048153787,5.6338474225,-0.3499661455,-3.2212751005,-0.7379546161,-2.135540333,4.2979871776,-1.7800186698,6.4060632491,-11.7025012114,-5.6097538129,10.3459979368,0.1343362338,1.5821525557,-0.0829150535,7.9259550268,2.0011477883,-0.4140266185,2.4918689738,-12.7459361953,-1.357397954,0.625491213,-3.8332865141,2.7969853387,11.2383184083,6.1689135176,-5.2594517903,-14.9109748217,-2.9543012234,-2.7923800276,0.1247847203,-1.606056663,-4.4251671557,4.207106772,-1.6064411144,5.7284287172,-2.1519345537,0.0876829652,0.9935829736,11.5014002828,-0.0184722772,-0.6870851956,2.3970982465,-9.1802079816,-1.8916640952,-5.7191111613,2.3068369162,10.8021408556,1.9205467791,6.0911767902,-2.5402114283,3.1674242961,-8.6926469028,0.5696658775,-3.1742630276,8.5175068719,1.7062569803,-1.6106948576,2.8346747185,-1.975806997,-8.6822473912,-0.7832643988,1.8484413483,-5.2634035306,-0.4708819845,-1.6306997053,1.9176397719,-5.5055956451,-5.0848586831,11.6519364951,1.6213507256,0.5647664535,-0.4680719028,8.2757907679,0.995874873,0.091329408,-1.5428563211,-0.3057809053,0.0145435528,-15.3877568076,-0.0042236589,-0.29600552,0.9218352829,-0.3414220002,-2.9280762692,15.5947473556,-0.1997247636,-4.0385695026,0.2024900024,2.8116844582,-0.2758449151,1.1298308256,-3.2346266912,0.2437993429,1.0349288877,-3.6185620826,2.2481048322,0.7172168248,0.0471468947,-7.9652325344,0.7220579083,-0.5926041022,-1.436303706,1.3158041742,0.3108443235,-17.944088421,0.896528749,-5.1531267066,-0.3806366308,7.4220527927,-2.6129953782,-1.1618003717,0.7529788706,0.8220413157,0.0763233428,-2.1114525858,1.6021674442,2.5695184458,-4.2052764648,3.4837097343,-4.2814065306,-0.514918198,0.3712410508,0.1787233928
biasActivation=1,1,1,1,1,1
[BASIC:ACTIVATION]
"org.encog.engine.network.activation.ActivationSigmoid"
"org.encog.engine.network.activation.ActivationSigmoid"
"org.encog.engine.network.activation.ActivationSigmoid"
"org.encog.engine.network.activation.ActivationSigmoid"
"org.encog.engine.network.activation.ActivationSigmoid"
"org.encog.engine.network.activation.ActivationLinear"
