encog,BasicNetwork,java,3.4.0,1,1572769892736
[BASIC]
[BASIC:PARAMS]
[BASIC:NETWORK]
beginTraining=0
connectionLimit=0
contextTargetOffset=0,0,0,0,0,0
contextTargetSize=0,0,0,0,0,0
endTraining=5
hasContext=f
inputCount=2
layerCounts=3,8,8,8,8,3
layerFeedCounts=2,7,7,7,7,2
layerContextCount=0,0,0,0,0,0
layerIndex=0,3,11,19,27,35
output=0.0992898109,0.0001296369,1,0.9994172347,0.7877735681,0.9999026762,0.0000000198,0.9998329024,0.3472669306,0.0367902231,1,0.9999999629,0,0.0171207178,0.0005191252,0.9957915879,0.0001673363,0.4657722104,1,0.1192876397,0.0124052379,0.0010710432,0.9999892903,0.7886998138,0.9999998703,0.0035181916,1,0.0000000154,0.9982531977,0,0.0029836427,1,0.0000000864,0.9999995757,1,8,30,1
outputCount=2
weightIndex=0,16,72,128,184,205
weights=10.5142876288,-8.0043546147,2.7896443772,14.417279649,-5.2088715612,-9.958511306,-7.0256110395,-0.2723184077,-1.5180777978,-19.0296878542,-11.7685483954,-11.1625514352,15.6043561451,-5.1135236353,16.3327372572,4.8981620939,8.2631852568,-1.5011223687,4.0541681151,-10.5442730207,-3.9594773944,-1.4366954023,2.7615831899,1.7768076893,4.0631508387,-10.9539557603,-13.3630264984,2.8792401906,-3.7884120614,7.9529653778,3.6706697252,-0.4628617588,-1.9315697003,-3.8495470915,-3.1774366811,12.3343234809,5.7752270685,-1.4464329638,13.1041348092,-0.6372858548,-8.9420123099,17.4334797792,-3.0026380247,-0.9147637992,-2.0557889714,0.8124470888,-3.8407779765,-4.9070388551,-5.7175161889,-1.6239395617,-4.8271951676,0.6340360139,8.6216031532,3.0275450079,-0.7813841766,6.2747178585,-3.1503274541,18.4500083728,6.3987869483,14.6380683528,1.3126395732,-5.0913349181,2.187465503,0.0769778656,-2.7870382596,1.1166266158,-7.2381265516,11.5860648912,0.778216754,0.3662643769,-6.7696344854,2.0180109991,4.1457002117,-1.0154670061,-2.5049522246,16.4819952625,-2.2762504325,0.0580157357,-1.0369167115,1.8908106788,5.3345188288,2.7533844499,12.7394122489,-12.5627461322,-8.5274852004,-2.4487690372,0.0804832263,-3.5367903079,2.9378381882,-3.347466422,-0.1188080201,-3.1637576207,-4.5587171439,7.7475180531,7.1029851601,-5.3723150368,-3.0686406892,17.7584975371,0.1072458956,-4.4677824123,-10.678003123,0.2603549298,-9.0655996493,5.2438047152,-4.7097160311,-0.8306354881,-9.6105418722,-0.1859835517,15.453156004,-3.6225230705,-7.5173739019,-2.3040885092,7.4013472034,2.2704062486,9.4794304456,-6.9539849618,-4.0183059783,-0.5773965541,6.8666908255,1.059841092,-3.4158880977,9.5961352521,3.6895410058,6.8119640509,7.0099930896,-9.7494886281,-1.6562962793,-2.4380032041,-0.7885227986,-0.1670814202,-0.621020728,16.0365332657,-2.7439869576,-13.7630604051,0.1415450186,0.7221921126,0.3815936756,10.2187985132,0.5458359599,6.5009150804,-15.415766661,-1.0772234702,0.7630898526,0.0551788607,0.4586254725,-0.2178226058,0.4937769457,15.1815176901,-8.012971276,-3.0539265255,0.5577215888,0.7893455253,-0.3165206621,-7.3603442972,-0.4341552985,-12.348419455,1.5102889562,-6.0968919907,8.3313775543,8.9870155915,0.7253238382,-0.2686937123,-0.5311780231,-25.4476613423,1.4703593695,1.0773212852,0.5921159897,-0.4012181467,0.4407934084,9.8532196596,0.9551319953,-1.9411283066,7.4969772251,0.3353301078,-0.4752147481,-0.9936166965,-0.655582267,6.3663694571,0.1734385038,10.9673263851,0.7131353835,0.9540994601,-6.1204145489,-6.6269785425,-0.8625672384,-0.3389684399,-0.921127188,-0.0331139072,0.2551805456,-1.0422850425,-1.0851916611,-0.8493407727,0.6171958258,2.7880285332,-0.1782511344,-22.7683164684,-1.5746967126,3.2254503529,-13.6600681725,1.1032007036,-0.9933742314,4.7108693886,1.5267080219,0.0597223602,0.6676062449
biasActivation=1,1,1,1,1,1
[BASIC:ACTIVATION]
"org.encog.engine.network.activation.ActivationSigmoid"
"org.encog.engine.network.activation.ActivationSigmoid"
"org.encog.engine.network.activation.ActivationSigmoid"
"org.encog.engine.network.activation.ActivationSigmoid"
"org.encog.engine.network.activation.ActivationSigmoid"
"org.encog.engine.network.activation.ActivationLinear"
