encog,BasicNetwork,java,3.4.0,1,1572769909311
[BASIC]
[BASIC:PARAMS]
[BASIC:NETWORK]
beginTraining=0
connectionLimit=0
contextTargetOffset=0,0,0,0,0,0
contextTargetSize=0,0,0,0,0,0
endTraining=5
hasContext=f
inputCount=2
layerCounts=3,8,8,8,8,3
layerFeedCounts=2,7,7,7,7,2
layerContextCount=0,0,0,0,0,0
layerIndex=0,3,11,19,27,35
output=0.0784311464,0.1076920089,1,0,0.9976908011,0.9999999987,0.2482401523,0.9565267981,0.9999999998,0.9875462112,1,0.9961151377,0.000002266,0.9999641005,0.9997163932,0.9999999996,0.0000000008,0.9999298471,1,0.9999948806,0.0784010457,0.9651580723,0.9932074668,0.0000000024,0.0108714361,0.9999999979,1,0.9987330831,0,0.9803629082,0.0000017448,0,0,0.0000000639,1,8,30,1
outputCount=2
weightIndex=0,16,72,128,184,205
weights=-0.5001896269,26.5459801611,3.0683018153,15.2277011897,-3.5467034443,-13.3461532367,-25.4553829379,6.0800718401,-15.0419725055,0.0447339499,-8.6904348295,-15.5187484698,-9.9095135517,13.2434763183,8.8495067931,-2.1204132695,-9.3436580817,5.8450536937,-7.1841008889,-16.2348090121,-0.6370609319,7.2211135996,2.1723947855,0.0208597347,10.2104008557,-11.6129125273,-2.913584546,-14.2216982923,6.8281266281,12.1037287504,6.6967592072,-0.4954369602,-12.003340251,-2.1222179292,13.8320139059,1.9658272334,15.4722138355,0.5061831752,1.7840907094,-0.5972455518,9.2940476702,2.8152516865,-3.8521192008,9.9776284207,-7.0899566107,-11.3138987653,-5.6553615874,-3.7438645636,4.8917714699,-3.2801277781,-7.5073219152,1.686854531,2.5560574353,-9.681118637,2.7190823079,-1.2358687767,2.2539573493,33.8773115683,-0.8131669868,7.8179036803,1.2420710478,-8.2580694482,10.6949966376,0.9333619616,9.612929344,-3.6420955099,16.7718591301,-26.8578360139,-8.2372202559,-3.0428305468,6.9091328845,6.2051561941,-0.2764389955,3.9269699011,10.2355082412,11.1421970602,6.6929418125,-4.5319681479,-12.992980712,-2.3878126952,11.2998455284,-3.4106365614,-5.7190243037,-5.2736443467,1.6561408194,12.7034208467,-11.5891765351,-1.8212077289,-4.1624702493,15.7736808172,11.0956145895,2.3133317916,-22.4100883737,2.7860889847,5.2159439334,-5.0923446555,9.793619974,-17.8679765272,8.2194688561,3.7842087433,-0.2015661154,10.0748423927,-9.5460498546,-2.4801330146,2.1479232761,-0.8989689562,7.9456490111,2.7223421206,-12.8889434925,-3.125154396,9.8329918347,-0.5900190699,-2.9576900838,2.4842901292,-11.1301148155,-15.4721510127,-4.8089272855,10.0603846697,14.0347142126,-6.2780350158,0.8803163635,-3.971398894,-0.2484456741,7.3465368301,-2.6412207935,-15.1008961309,1.999415098,0.1037209933,-12.0960734943,1.1046712759,18.030585208,-0.347486239,0.8523177863,-0.71713744,-0.9562439806,6.5867050806,-5.5025125256,3.1392396231,0.3846255713,0.5439424404,1.4700611349,0.1014075917,-0.918481357,2.6541948747,-13.1838817996,1.9732673268,19.8808634753,0.6442243208,-1.8672527876,-0.4652471123,-1.1197548494,-3.0018128579,-2.6505131356,-0.5886705854,18.829391964,-0.6923044777,-0.5024089289,-0.6827729965,0.3792310282,-10.8273655108,-25.2842884599,4.7195778003,-0.8600323777,0.0395977457,-5.6517141985,-0.4885769757,-0.6355386817,6.2655344019,-3.9344594336,-1.0517864079,-6.9274816606,0.3559136532,0.6508625519,0.6117212244,0.7009056845,6.2102346974,8.3116596454,-0.5352535728,13.8525406676,0.3115940523,-2.0480650831,-0.4173394144,0.375165065,-1.9013064673,-1.5016207358,0.4012558183,6.6451925541,0.7157034544,-4.5114750616,1.4459839985,-2.4507819032,0.1233527643,19.8161748953,-1.2381170772,-0.1314958132,0.5909238058,2.0933526754,-4.3994741941,0.2881389513,-0.622150139,-0.8887751337,-0.7993115163,-2.6194668703,0.133645111,0.3803134986
biasActivation=1,1,1,1,1,1
[BASIC:ACTIVATION]
"org.encog.engine.network.activation.ActivationSigmoid"
"org.encog.engine.network.activation.ActivationSigmoid"
"org.encog.engine.network.activation.ActivationSigmoid"
"org.encog.engine.network.activation.ActivationSigmoid"
"org.encog.engine.network.activation.ActivationSigmoid"
"org.encog.engine.network.activation.ActivationLinear"
