encog,BasicNetwork,java,3.4.0,1,1572769942241
[BASIC]
[BASIC:PARAMS]
[BASIC:NETWORK]
beginTraining=0
connectionLimit=0
contextTargetOffset=0,0,0,0,0,0
contextTargetSize=0,0,0,0,0,0
endTraining=5
hasContext=f
inputCount=2
layerCounts=3,8,8,8,8,3
layerFeedCounts=2,7,7,7,7,2
layerContextCount=0,0,0,0,0,0
layerIndex=0,3,11,19,27,35
output=0.2857262424,0.1458358415,1,0.1497872555,0.0825761826,0.0000224711,0.9996088157,0.2587355503,0.0522838785,0.9439539631,1,0.9999750069,0.2017150972,0.2153272857,0.9973807644,0.0000003029,0.0000050068,0.0213273874,1,0.9999997376,0.1499722072,0.0000000001,0.999999651,0.9960403302,0.0301341507,0.0062072917,1,1,0.9930680502,0,0.000000072,0,0.410669747,0,1,8,30,1
outputCount=2
weightIndex=0,16,72,128,184,205
weights=-16.4820025091,15.5669068977,1.9019542699,-13.3390700317,-15.738040646,10.6505068372,22.4355513259,-4.0620715005,-3.4358684693,-14.5823285504,14.7006954587,3.1774581118,15.7605949654,9.2525609936,-3.431083558,-4.548185993,-10.8479357503,-8.9516938755,-2.0475623404,8.1137894981,8.3920349259,9.2991286884,3.0350525597,3.2006654379,-3.62822296,23.830865389,0.7248780283,-3.0928989638,-3.1363655749,0.1887011527,-0.2585079388,-0.6525360808,-7.9320706369,10.1491254489,-8.1246561749,0.8744327421,12.6002297149,6.7978061266,3.3620584394,-4.0130423217,-1.0901355984,-0.2747271236,0.8202933876,4.6643570221,-6.3039275125,1.992863896,-5.5615738489,4.2812997335,-7.5424665222,9.1172661383,11.6941089976,4.15971406,4.8744367094,-8.878693504,-8.8885714106,-1.8266297127,3.6116571624,-15.9899487208,-2.3256995805,-5.6411315375,5.6762622693,-1.0180525845,5.8978592463,2.7178403421,15.4110433378,-13.5570692366,18.2657516514,-9.6650593608,7.8988876495,11.5854139358,9.5018439047,-4.3481690102,6.6545468817,8.4850126018,-12.0890128484,2.1057996954,-0.9871285263,-1.1302521865,0.9138541297,1.575633143,-8.6837827309,11.2951256917,9.0240131411,-2.1728643488,0.6843088156,4.9231794189,-16.4799429893,7.0594206534,-5.5294893933,-8.2245963588,1.6201137134,-1.8216998867,9.076628065,14.2092643142,-7.6401667296,-2.1299064975,-1.7476265139,13.3514306273,2.5013421213,10.4586454394,-3.2157164391,5.4039958101,-3.8023066911,-1.7073686889,4.469342372,-8.3323700689,-18.2655027944,-25.6727150697,3.6593804478,-8.9053394767,8.2198600464,4.0155654331,-6.4479994484,12.2293124341,-1.9598779599,-0.6241373457,-4.3214217861,-0.6040006398,1.7114677818,-2.6547367364,2.7810976051,8.5005840637,-7.5508225034,-15.1494127163,5.0787380814,-1.2362094688,-7.9913127899,2.2954826399,-1.0862016711,16.8874161917,0.985498259,-0.4857906138,0.2204923286,3.1904335996,0.0758905474,-1.8408214792,-0.8991686866,-8.6410469986,-0.3396024308,0.4779257838,-0.8915046846,22.8633839003,0.5644927998,-1.6438027899,-0.3455382116,-25.7661509892,-0.3578680737,0.0839391983,0.9109227744,5.6799497807,-0.1888859931,-0.0607360174,-6.3401544336,16.3648581163,-0.1328243884,0.8412198968,-0.1236593564,20.3320181804,-0.8763075313,-3.3928751337,9.2835289161,-1.8342049002,0.0534439854,0.2957821959,0.9578439089,-28.3226719011,0.0828031998,9.6968529746,0.85267727,-12.7833571356,-0.8938973328,0.6193926292,-0.8567982,21.3045789104,0.7342033086,-0.3785784585,5.6640062926,-13.5265257443,0.1145305655,0.010441887,0.8352341111,-1.809911815,0.7122054749,3.4362263282,-2.1202632284,6.6559180506,0.3581653501,-0.4681705216,0.3883498557,-2.9404734364,-0.9476400207,-0.7952783558,-0.9586440782,-1.0582767053,-0.2383907006,-0.828664042,-0.6080047185,-1.2122177979,-0.3033331665,0.4932162814,0.1195460685,-7.8933096782,-0.7739731549,-1.2926189466,0.0746758098
biasActivation=1,1,1,1,1,1
[BASIC:ACTIVATION]
"org.encog.engine.network.activation.ActivationSigmoid"
"org.encog.engine.network.activation.ActivationSigmoid"
"org.encog.engine.network.activation.ActivationSigmoid"
"org.encog.engine.network.activation.ActivationSigmoid"
"org.encog.engine.network.activation.ActivationSigmoid"
"org.encog.engine.network.activation.ActivationLinear"
