encog,BasicNetwork,java,3.4.0,1,1572770001365
[BASIC]
[BASIC:PARAMS]
[BASIC:NETWORK]
beginTraining=0
connectionLimit=0
contextTargetOffset=0,0,0,0,0,0
contextTargetSize=0,0,0,0,0,0
endTraining=5
hasContext=f
inputCount=2
layerCounts=3,8,8,8,8,3
layerFeedCounts=2,7,7,7,7,2
layerContextCount=0,0,0,0,0,0
layerIndex=0,3,11,19,27,35
output=0.0137888082,0.0109906216,1,0.0411496987,0.7509148265,0.5515408552,0.7088589099,0.6574886543,0.9999999319,0.9100135474,1,0.0064200359,0.7851625439,0.3075420231,0.4452841481,0.000098185,0.0119177794,0.8961553372,1,0.0000075998,0.1126097343,0.9713836569,0.1482002208,0.0208238181,0.5107927778,0.9999998262,1,0.0000000001,0,0.0000000656,1,0.0013744061,0.9990361173,0.0032452779,1,8,30,1
outputCount=2
weightIndex=0,16,72,128,184,205
weights=-2.5006530746,10.5561513362,7.2669982869,6.2732579602,-5.0549399246,-14.1389387283,-10.9293013615,6.8595317782,15.981605498,-12.6154033372,6.3543068322,-5.0874040629,-7.452404149,-0.5707300413,5.6856456076,4.7139721906,-6.3952730969,-6.0025436468,-2.0074403676,-7.8459765643,0.4351525439,8.7860117344,6.2915953998,-0.0264260468,-13.6435446504,1.6756281921,-7.3907981532,6.6305698043,7.8250109831,8.5427998422,-0.1637155897,-0.759922629,-0.3447769077,5.3007185051,2.4755453878,-9.5746111961,1.052137079,3.2058364745,0.0438178933,-0.5283028562,-2.3537017535,-0.9310182344,5.2338277789,3.1316563977,-10.5677976462,0.0977083365,-3.8876002044,2.1156278779,0.6648495439,-7.5328802203,-1.5418427358,14.9284249723,-3.3809323661,-0.0446543489,-1.7235097801,1.9345768274,-10.9198614487,6.2641535286,-1.1584130959,4.4113280033,-6.8193980535,-9.5447167606,8.3342906263,2.6919109545,-0.8284755654,-6.638355457,-1.2091015417,13.1320859167,-3.89036792,-4.6261624333,3.4642869092,-0.9933765449,6.8141763918,-4.5248857458,-12.3713283879,5.1993303809,-2.4922053829,-2.2784029648,11.5128011753,-3.5827423042,0.5521043233,-1.6508173464,0.6922167784,-0.0046161087,0.3679468235,8.2286146741,-6.7954546427,3.3948534416,0.1784382284,0.3230052592,-2.1244556453,-5.2164171164,5.4610056971,-3.0543801883,1.0154068651,2.4197546177,-7.7061804549,13.3596948821,-2.1701548053,-15.3028894387,-9.2597418335,-4.915565439,11.338753608,-5.9832651453,10.7540154962,-4.0633211753,-7.4928316338,1.4284831004,3.8913750457,-2.229028154,1.5384108166,-2.1852303523,0.4035657054,-1.2305664724,-7.4198870009,17.6916358103,6.6515928415,-3.1017461465,3.8149100001,-2.0625825944,2.0204778903,4.3520885628,2.5172089603,-2.3904145315,-4.4177349796,4.9262844831,-1.6130711193,-1.2370465526,-0.8202933506,5.6178983871,-4.5385075619,-1.0490650866,6.4040215826,-13.6146909135,6.225918318,2.8342404826,0.9772120024,-0.5300951452,10.1841605374,1.889623616,11.9365068438,-2.5630648672,3.9597090478,-1.4226425823,0.9967069542,2.4283269351,8.6928889065,4.8900651784,-3.5210309479,-1.3092594786,-10.0055382797,-0.0200146511,-0.8215281059,3.055017416,-9.4120123815,-4.7564467076,9.2759721418,5.6212098371,3.1082215224,-2.6309676161,-0.4505454234,-3.4824449506,4.0795492945,-4.2946896414,0.2833269332,4.0025586372,1.3631788507,-3.5594387217,0.5507728199,-1.3000837718,3.5863893396,1.132509699,-8.4770399814,-0.4686772122,1.3496823423,-0.613835853,-0.8666669581,10.3799703548,-0.5120434608,2.0802431777,-2.717151932,15.1117064189,-1.8348482343,-1.6021614448,-1.0334078118,-0.4778973656,-0.6025207549,2.5443333312,-4.9834252927,-0.7080043936,4.7111478028,-1.1954274139,-18.3661294223,-1.4434801913,7.7372913766,1.1207917002,0.8730201143,-0.634627423,5.4663035501,-0.590360512,0.3022811392,2.5980265183,3.1529592515,-0.4795353122,-16.5649183853
biasActivation=1,1,1,1,1,1
[BASIC:ACTIVATION]
"org.encog.engine.network.activation.ActivationSigmoid"
"org.encog.engine.network.activation.ActivationSigmoid"
"org.encog.engine.network.activation.ActivationSigmoid"
"org.encog.engine.network.activation.ActivationSigmoid"
"org.encog.engine.network.activation.ActivationSigmoid"
"org.encog.engine.network.activation.ActivationLinear"
