encog,BasicNetwork,java,3.4.0,1,1572770037002
[BASIC]
[BASIC:PARAMS]
[BASIC:NETWORK]
beginTraining=0
connectionLimit=0
contextTargetOffset=0,0,0,0,0,0
contextTargetSize=0,0,0,0,0,0
endTraining=5
hasContext=f
inputCount=2
layerCounts=3,8,8,8,8,3
layerFeedCounts=2,7,7,7,7,2
layerContextCount=0,0,0,0,0,0
layerIndex=0,3,11,19,27,35
output=0.7066608834,0.7313402088,1,0.7926105747,0.5074187709,0.9512654424,0.0741740031,0.7991118211,0.9449870755,0.5018578667,1,0.0000001587,0.1103914968,0.000019321,0.3818303932,0.0004478695,0.174756199,0.1240811091,1,0.9978175029,0.9329652378,0.0032341175,0.9866411875,0.0001213457,0.0001925672,0.0666192335,1,1,0.7187890143,1,0.979476015,0.997414171,1,0.0037039196,1,8,30,1
outputCount=2
weightIndex=0,16,72,128,184,205
weights=-7.2451273875,-6.7723906617,-15.0845099587,-5.2860788951,9.3159567128,16.3850088811,-4.2801853151,4.0196188736,0.3212570162,11.0060043079,3.358774452,-0.0437592355,-9.7169466736,5.019875071,-4.9479000604,-2.5253398049,0.0967498696,-2.9593081224,0.3062777883,2.1214762916,-2.2890085087,0.8809788398,-1.0081815782,0.8295310607,-10.5768033852,3.1431498031,-5.2764514763,-9.3582046064,4.5084793116,10.8737181562,1.6881792029,1.1443108072,4.7332589832,-14.3680732005,0.8835973012,5.7778589682,6.4297841207,-6.5382429731,6.0340559658,2.742344314,0.2058909442,2.9492884141,6.0633048174,-2.1057817057,3.5451994208,-1.4339444115,0.7724119112,-1.8927535082,10.1913668945,-1.3621944509,5.544343089,-3.8486389729,-4.4286277586,4.2107839168,0.6641061038,2.1842655678,-7.1112207625,-13.7546740536,-1.1172401127,4.5719251153,-1.1163968357,8.9483903615,-4.3726704726,1.5956040246,2.0294789025,-5.8048365931,-2.3562295508,-1.0498310804,-2.099187664,0.4689496124,-1.4485695427,1.1478671438,-5.4164044209,-2.634321619,6.8871360447,-7.1732300465,3.9903954334,-7.0453304488,10.2319327343,-1.4193347771,1.3190726399,-9.1927116038,6.0221812957,-1.3843541208,2.5417636671,-12.0488509511,6.3826524943,6.0967269435,-1.3716035329,-7.5328790359,0.2642287315,-1.480188143,5.1850765675,2.0449659209,9.7681331832,-1.6499847112,-4.165839271,3.2763894844,10.8864991116,6.4614806123,1.3682561827,2.2272432327,3.2494176422,-6.0092362667,1.4109605258,-4.2704215863,3.7633938566,-7.3650573724,9.4918347738,0.5098284638,0.2849652791,2.0999766514,2.6706482647,-2.5194899209,4.0162682461,1.6636768056,-7.0285133002,5.8395101784,-2.0067538515,-3.3875344313,3.3031513078,-2.0141745822,4.9653996328,-1.791680232,0.487081908,-1.8890630833,-1.9729998419,-1.487694131,-1.5447796159,-2.2734455629,0.7251510019,0.0870469221,5.9171096851,1.5729696011,0.2316898476,1.0179598222,-0.2545042126,9.4394157422,-1.6873019338,-4.0670959944,3.7726109232,0.1480836519,-0.8852660464,-2.1340228901,1.6451758135,1.0895673377,1.9615936895,2.694843837,-14.684786151,0.6933497488,3.0409036676,1.1819675218,-0.2537529818,11.787662456,-0.1770771555,0.1898600605,-5.0989497379,0.5466563315,2.1682423567,0.6052320366,1.4772684919,-9.1787624916,2.3737813907,-2.8075737813,-5.0647199609,-1.9895252857,5.8952637832,3.4990627935,-0.8291218958,11.9471827909,-0.0398294243,-0.9272338367,-17.0566146901,1.042141862,0.3435352694,0.6038731229,2.3793326425,-7.5266328717,3.4080315788,3.6341190794,-11.3266518684,1.5788977858,-0.5571777477,3.1438734662,-0.7020839493,1.2734324342,0.9588743023,-1.144672944,-0.1795673625,15.4828670725,0.9695861837,0.9287067056,0.0434270771,0.6014925358,0.1102878626,-4.2551526151,-0.6004549374,0.3386826944,0.5982786329,-1.2151549374,3.7339313505,-2.0203126811,2.6402935013,-0.8668800954,-0.7105980201
biasActivation=1,1,1,1,1,1
[BASIC:ACTIVATION]
"org.encog.engine.network.activation.ActivationSigmoid"
"org.encog.engine.network.activation.ActivationSigmoid"
"org.encog.engine.network.activation.ActivationSigmoid"
"org.encog.engine.network.activation.ActivationSigmoid"
"org.encog.engine.network.activation.ActivationSigmoid"
"org.encog.engine.network.activation.ActivationLinear"
