encog,BasicNetwork,java,3.4.0,1,1572770048438
[BASIC]
[BASIC:PARAMS]
[BASIC:NETWORK]
beginTraining=0
connectionLimit=0
contextTargetOffset=0,0,0,0,0,0
contextTargetSize=0,0,0,0,0,0
endTraining=5
hasContext=f
inputCount=2
layerCounts=3,8,8,8,8,3
layerFeedCounts=2,7,7,7,7,2
layerContextCount=0,0,0,0,0,0
layerIndex=0,3,11,19,27,35
output=0.2558126899,0.1363628785,1,0.1401007073,0.1071509638,0.9999999288,0.9995219112,0.633441186,0.0004602924,0.8998427564,1,0.0062916436,0.5441123485,0.9852015491,0.1589927916,0.5894776687,0.9386407304,0.9997525975,1,0.1900227785,0.9940698083,0.9852964289,0.613677621,0.0000000129,0.7265876238,0.0038042189,1,0.9503941856,0.162176231,0,0,0.9997608651,0.9980130956,1,1,8,30,1
outputCount=2
weightIndex=0,16,72,128,184,205
weights=-8.3025692744,11.1503666165,-10.615714001,11.3369825144,1.927754887,-7.8160464395,-7.9140973918,4.0886483814,4.1420740241,1.7030381845,-14.9272316406,0.6489661627,5.7608906734,6.8273910247,9.8085664938,-0.8085436584,-1.8578201313,-0.6293904653,8.6245456254,-0.9176923396,6.3053026977,-9.5378029364,-5.9450290821,1.3679782905,2.8850994079,2.4252852458,-6.449471814,9.2447477567,2.0209634508,3.8618960129,-3.354400711,-0.0364519912,-8.9971133171,-4.9432228809,10.0275672607,-5.5158759738,4.2029098436,4.725642324,2.7358609774,0.5530232806,6.9328991671,4.3283164201,-6.0763055887,-2.2397694449,0.9401390891,7.4120342137,2.4729214004,1.605281278,-4.1121152448,-0.2340245284,-2.4012114689,-5.9808814118,1.016989382,2.0881144714,2.6058390924,-1.1478661609,-2.3152919256,-4.3866254175,1.292587096,10.4512214513,-3.7560417792,-0.3000460381,-4.3722561265,-1.3500192319,0.0439256462,-0.3825029545,-5.9872702263,1.5756238714,2.5727527719,3.4680305253,6.2632060426,-2.9819895945,-0.0130941647,-3.6832867008,-4.7768427371,5.5916609407,-5.6372909484,-1.5420095822,-3.9854229369,1.0124063539,2.9522073746,3.3011338477,-2.8543249314,-1.3713826064,1.4377530709,-0.6056307034,-3.7898422476,0.4427693308,-6.9175789538,2.2041133191,3.712460356,12.7309642196,0.6747243493,-8.5266725875,6.5783695862,-1.9784537597,5.615971397,-4.0896787791,-5.1849483272,3.2122034051,-8.468977373,7.3936550775,-1.8336144359,-0.8951866211,2.8237123821,-6.160209242,0.9175753959,-0.6230856901,2.0481411788,2.5523743002,-3.4842868195,3.5859362267,1.9258842688,1.2391894953,4.2903042836,-4.3925789469,-9.3614936663,4.0063475667,5.3913597512,-3.333182643,0.7236901024,4.1941990946,3.2264929313,-6.1653075055,-5.9431320907,-0.7821070645,-0.1707479702,5.1707805844,0.9714972309,8.2205062733,1.0068029047,0.4560884318,-0.5842080544,5.7256672142,-3.2216639511,-5.6148967775,9.0609160823,-4.1642192743,-1.3347296349,0.8695284294,-4.2192096579,-1.5212395673,5.0019640633,-2.0799000353,8.187040995,-6.9331083891,-1.2197501429,-0.4540987082,-1.0189317986,0.3606015555,-0.7110818786,-1.081793685,3.2524870012,-8.1265462122,0.1550110838,-0.3520534974,-9.0463358372,7.5266745692,-5.8216744982,6.0437126995,1.3695660108,1.4614830252,0.1740698931,-0.4444206839,-2.3502315015,-16.8368943246,-1.2182923018,0.6630620074,0.791079746,1.3623975768,1.8052534474,-0.266766033,-0.8230042536,8.2435527288,-3.4613471197,-3.9384272127,1.0200482074,-1.4161823171,-3.2986128551,1.4559279782,-6.1939389738,-4.8610392129,1.1267794399,3.6094492501,-2.0153342805,0.2794971346,10.6905289845,-1.1365903159,-0.2690613733,15.5224395384,0.8798523031,-8.4859658455,-1.3815060119,0.7701751861,-4.845993591,1.2111211572,-2.2529715826,1.1533999383,-8.2399817446,-0.6162747312,0.3221777532,1.4840537788,-3.8420727177,2.2813935751,2.2583615027
biasActivation=1,1,1,1,1,1
[BASIC:ACTIVATION]
"org.encog.engine.network.activation.ActivationSigmoid"
"org.encog.engine.network.activation.ActivationSigmoid"
"org.encog.engine.network.activation.ActivationSigmoid"
"org.encog.engine.network.activation.ActivationSigmoid"
"org.encog.engine.network.activation.ActivationSigmoid"
"org.encog.engine.network.activation.ActivationLinear"
