encog,BasicNetwork,java,3.4.0,1,1572770087615
[BASIC]
[BASIC:PARAMS]
[BASIC:NETWORK]
beginTraining=0
connectionLimit=0
contextTargetOffset=0,0,0,0,0,0
contextTargetSize=0,0,0,0,0,0
endTraining=5
hasContext=f
inputCount=2
layerCounts=3,8,8,8,8,3
layerFeedCounts=2,7,7,7,7,2
layerContextCount=0,0,0,0,0,0
layerIndex=0,3,11,19,27,35
output=0.9994202339,0.9372420385,1,0.0080946132,0.0000000414,0.9999997845,0.0037861705,0.0000000457,0.9999999908,0.7031554484,1,0.7233424949,0.6540732558,0.9999130422,0.6987450339,0.9999999695,0.9999041245,0.0000051359,1,0.2361375964,0.6555351143,0.0000004101,0.9957072843,0.0001449263,0.9771783389,0.999892416,1,0.0000000001,1,0.9415976034,0,0.9233726403,0,1,1,8,30,1
outputCount=2
weightIndex=0,16,72,128,184,205
weights=8.380159108,5.932077195,11.7866153789,0.9730827739,-13.4689618542,1.3945264658,-5.3839496753,-2.0145979611,-8.7194829721,9.2691114968,-29.2821445902,-24.7496574988,-7.1310703545,13.1446950505,13.2617540728,9.68031204,-0.8601430331,-2.2408553866,1.7887904949,0.698590306,-8.1139420203,-2.5059665539,-4.3888802043,5.6223518196,-7.7511668689,1.5159284036,4.084590812,-1.5826286835,-8.5346066852,-11.3262290152,2.0986796978,4.497323461,-16.9529376714,-3.9808808839,-10.7679163977,33.3274493625,4.1875801707,9.0165938038,-19.5685172584,4.4932622098,-4.7547663289,-8.2003234426,11.0698480112,-11.2380492807,0.2780622321,-7.763994038,4.1419984785,7.4991418405,-4.8433325129,-6.5712000022,1.3148267133,-0.5516703082,-5.9125289481,-7.24558054,5.4490836939,3.1274244152,10.3383292361,2.14486118,0.9602706933,1.6353906629,0.6957565938,8.8478649993,3.0363620307,-2.0269209246,4.6334104487,-8.1009934836,-2.4488174863,-11.8599630314,6.6982536131,4.4766374444,-16.6085898163,2.370788352,-13.3082247461,-2.0282620668,-4.9085603068,8.9365855655,-2.6473592667,-2.9784160509,-8.6239364678,8.0688863949,4.9346880318,7.7731302673,5.5589736861,-4.9852114634,-11.5991829463,6.5036817614,-2.0682947746,-4.9455274491,15.4933646022,-1.2357949038,-9.5289163944,-5.4827027101,-4.1980232293,-5.1672224746,16.6340938419,0.3783149287,3.3394458617,0.115251847,-2.0732347498,5.7533471678,-1.5551188823,-2.3549845735,3.7163236766,-7.1658988065,-0.6251316296,1.0306971287,-0.0976933081,11.4648737962,-8.7227495966,0.8393252603,1.9977852782,2.5454070263,-0.9013747827,0.9084655901,0.6352216919,7.9048573661,-8.8766465226,-0.1493299571,0.1926261737,0.9533601574,8.7677361684,-4.2396593399,-0.3634881795,-1.879595712,1.4047157192,1.2924557253,-8.0362818374,-2.8266076615,0.794390022,-2.1530792874,-7.2473761433,-2.2298236336,18.2742842877,-0.0719659281,-1.0931271814,-7.9776286576,-0.558917632,12.8058440619,-6.3185421359,-0.5254230296,-19.3878486969,1.1363119136,5.7000927224,5.989256102,0.4173405085,-0.8156404894,-19.1469009498,-1.5106001013,-0.7040168186,1.60082645,0.295106184,4.4924823846,-0.7994371169,-2.5215960157,6.226826889,-5.4538696775,10.2353645896,0.7155413671,-1.8356170531,-5.5104740605,-0.219952172,-4.7347071316,14.668969444,8.3338567509,-15.0975468914,2.3914236223,-3.6155825547,-0.3604555004,-0.1741289267,0.7997522324,6.1389915186,4.4446528132,0.7906527398,0.0279393847,-0.0633301924,-3.4899898113,-0.3585121102,3.9545267678,2.9491889579,-0.1896283985,-6.1991771508,0.7654980099,9.3823444991,-1.2525390724,-0.9352453625,-0.553898986,0.7772284238,-1.8121339271,2.375241181,1.1362103722,1.8096256002,0.2998517027,-20.6923347976,1.2377010151,-6.4658683423,0.0441412103,-2.7005395251,-0.2566308878,31.7923215256,2.5015873392,-6.3190924771,0.4473763064,-15.0971724224,4.7763855663,2.9800702888
biasActivation=1,1,1,1,1,1
[BASIC:ACTIVATION]
"org.encog.engine.network.activation.ActivationSigmoid"
"org.encog.engine.network.activation.ActivationSigmoid"
"org.encog.engine.network.activation.ActivationSigmoid"
"org.encog.engine.network.activation.ActivationSigmoid"
"org.encog.engine.network.activation.ActivationSigmoid"
"org.encog.engine.network.activation.ActivationLinear"
