encog,BasicNetwork,java,3.4.0,1,1572770102219
[BASIC]
[BASIC:PARAMS]
[BASIC:NETWORK]
beginTraining=0
connectionLimit=0
contextTargetOffset=0,0,0,0,0,0
contextTargetSize=0,0,0,0,0,0
endTraining=5
hasContext=f
inputCount=2
layerCounts=3,8,8,8,8,3
layerFeedCounts=2,7,7,7,7,2
layerContextCount=0,0,0,0,0,0
layerIndex=0,3,11,19,27,35
output=0.0512827771,0.0002852415,1,0.6210677292,0.999989335,0.0348199107,0.9879691209,0.998972699,0.9999729911,0.9129567174,1,0.0000000011,0.0044908,0.8332288919,0.9991809475,0.9999968993,0.2432236788,0.0001116939,1,0.9039219023,0.9981826771,0.371823554,0.9999999985,0.9361505233,0.1194647367,0.0090813313,1,0.984606545,1,0,0,0,0,0.0000001831,1,8,30,1
outputCount=2
weightIndex=0,16,72,128,184,205
weights=-13.1796656516,-11.6913280981,13.5033696163,9.8601834493,15.8886295657,-12.4271194508,-3.280657568,6.2967447265,12.9943150481,3.1568989091,-0.1859209961,2.5382569174,-14.446178726,2.009408059,-6.0963874707,-3.902627352,9.3730321709,7.1006588769,-6.5160680587,9.6703829692,-3.2219577956,1.6784876465,-9.6897406794,-0.9561090921,-22.2603723996,-3.2518609479,2.3992072762,0.093602629,3.1334699059,1.0095998311,-1.8876109719,5.9917162506,1.9234999577,1.5385564342,-2.953271596,1.1936859915,-5.5713857515,5.3448809185,-4.2868529385,2.2108539243,7.7479597792,0.5884863098,2.4683699142,-4.5851361108,10.9096432124,-5.5578541363,-2.164409585,-2.6273703316,14.1872172479,0.8882331293,0.6062731674,5.8874905784,6.2999780424,-2.7005855017,-7.0325420635,-5.1543558168,6.9445650113,4.1615261822,-0.387360234,2.604436018,15.3359808735,-6.2371709354,4.8206202956,-5.598360486,2.2030593015,-8.6918666951,6.5393747655,-5.1927945911,-5.6395926648,0.9386715817,-4.8039595817,7.5408664345,-5.5304168862,-2.7036055742,-6.7221924583,-14.6434096123,2.6071480473,5.9138958199,1.5618880106,1.0716351963,4.0594609194,-2.4653104658,1.3205298813,-1.7416751568,-3.9593738436,3.862899173,0.1733976876,-2.1156429257,-0.0046615422,1.5918706834,4.0658543297,-1.1297897926,3.3380826681,-9.9363845218,-3.5914194441,-2.2633539701,0.4182519285,10.2986169561,-1.7960912789,0.6734284427,-0.3310786116,-11.456457268,-2.5247355455,-1.8555145041,5.4015403296,0.0102786901,2.3708893396,8.9857870873,1.7391051094,-11.6127636592,5.1048067742,-2.3634047888,-4.1997700311,3.2884439591,-1.9930906449,2.2720688522,-1.5178309401,4.8281041078,1.1208145597,-1.3183291461,3.9907910992,-8.79246462,3.4034665555,-7.6489856463,2.9515906062,6.0787340963,-6.6401033155,-0.9760442871,4.1596388341,-6.7477562981,0.4275847132,2.4061885642,-1.5555804506,-5.5965993246,0.1010153045,4.8937302453,14.0327647026,-5.4516945884,-0.2455944478,1.0614188204,-3.1426160343,2.473906765,-0.6206364999,-2.0564854584,6.7872769717,-8.0330639557,0.30060701,1.4601818745,-0.4635597412,2.1707621716,-0.7760898594,0.8258651017,16.2327138451,7.1385605114,0.1093803604,1.4183631614,1.9160950682,2.4636864714,-6.4078164852,-2.806261697,2.6867107265,0.5273195499,-0.4812706607,1.9908563267,0.6754111389,5.2486834167,-0.8257647324,-0.4874244723,-12.6377861784,6.4686244615,-0.9130090909,-1.3284469735,-1.3088255925,-0.3248643295,0.4643910905,3.9771136993,-6.9487911455,-0.7331489936,-0.9670051256,-1.023647892,-1.9581839912,1.5889695466,-1.6876934314,2.8825628833,-2.396974283,0.1175818291,19.8066390832,-2.7495759522,2.0842887431,-5.173903369,-0.694377231,-0.8212734018,-0.5375506784,1.8249715255,-4.7358024019,0.0488524916,1.0701609553,-4.0037161331,-0.123037175,2.1998382894,-2.3377668509,1.3857755273,6.1306510511,-2.1167680887,-1.0555841767
biasActivation=1,1,1,1,1,1
[BASIC:ACTIVATION]
"org.encog.engine.network.activation.ActivationSigmoid"
"org.encog.engine.network.activation.ActivationSigmoid"
"org.encog.engine.network.activation.ActivationSigmoid"
"org.encog.engine.network.activation.ActivationSigmoid"
"org.encog.engine.network.activation.ActivationSigmoid"
"org.encog.engine.network.activation.ActivationLinear"
