encog,BasicNetwork,java,3.4.0,1,1572770112176
[BASIC]
[BASIC:PARAMS]
[BASIC:NETWORK]
beginTraining=0
connectionLimit=0
contextTargetOffset=0,0,0,0,0,0
contextTargetSize=0,0,0,0,0,0
endTraining=5
hasContext=f
inputCount=2
layerCounts=3,8,8,8,8,3
layerFeedCounts=2,7,7,7,7,2
layerContextCount=0,0,0,0,0,0
layerIndex=0,3,11,19,27,35
output=0.3925944158,0.2467554763,1,0.1301099101,0.0000382389,0.5829500344,0.4314272817,0.8538212916,0.000022149,0.0198172853,1,0.9992557989,0.0689164301,0.9991469286,0.5528228375,0.9655961044,0.2160002339,0.9999993042,1,0.6843213309,0.9027157856,0.9800648487,0.999173253,0.9998943557,0.0015784923,0.5153923758,1,1,0,0.9999743516,0.0000000065,0.473877093,1,0.9999778717,1,8,30,1
outputCount=2
weightIndex=0,16,72,128,184,205
weights=11.0487446264,9.6827782675,1.2414686148,2.1793361359,0.220793453,-8.803915602,-7.2770413081,-3.5823923038,-1.1374665798,13.565937077,-10.3660603059,8.5411895188,8.4161198763,6.0893695459,-9.3077837385,-5.6120642836,1.2950372211,-1.6280523578,-2.3408696404,2.4882379893,1.5802379559,-2.1924788847,-3.4835670877,0.3127257171,-8.6520911386,8.0845418416,0.2611523548,-13.9546057057,4.764404443,-1.4216172958,3.1180548507,-2.041102448,3.4140548716,-4.5813544143,-5.7221523287,-7.3131045836,6.1160996424,0.5132640029,0.2910177039,0.6916694212,0.5788560048,-0.193598644,4.1120160313,-6.9083339397,-0.995972738,-5.4071584296,1.8856694328,-0.8865499946,6.6743625447,-2.2594742341,2.7217321562,0.1963626248,-5.3307852089,-5.7486822959,-4.6218475588,3.4341938563,0.6745246837,-7.4137863456,-5.0957692227,-0.2141724704,-2.930215416,-3.2465580358,-4.6916817187,2.5513726909,6.3350496427,-3.8306715703,0.9562958242,4.2292219497,-1.6449485172,-6.6910879444,-11.411942448,1.1845531092,-5.2106037113,0.0264784758,-4.5059464149,3.6681608807,10.0124562817,-7.1539326673,7.6537434553,-2.4495161706,2.7007133545,2.920952021,-3.583718996,-5.5198794697,-0.1412743145,-7.7727959157,-1.395448081,2.8119252514,-1.4741873142,-0.255947122,1.813961681,5.2392433747,-0.3598866706,-8.270670885,-0.7976218737,2.0769593944,-3.4791989146,0.7821418623,5.2503902052,2.8826224393,-1.6336930639,7.2602393564,-9.4762942217,0.3670288698,-8.8311641457,0.9396906102,-5.6743359863,8.998197511,4.3629702113,-9.1745091248,0.133608569,0.6832270129,-1.8747801609,0.0757869761,-3.9836442127,-2.4114450963,3.0755594722,-10.2134217875,1.6225918987,2.3437055843,4.5578822004,2.4418961413,-4.2417291349,-0.2251844701,3.9187243276,-16.0323498184,6.7580742743,5.860940871,3.1407839603,0.2283644946,-10.11456392,-0.1411216527,-6.6369274769,3.7911799073,2.8388759046,4.2623182081,0.4571719333,-1.7976907162,-0.3689170909,-0.593031182,-0.3535934913,0.6525602275,0.501428724,1.1530887192,-0.128368198,3.4258367202,3.284816667,1.0075961194,8.0609012128,-1.4216667964,-1.74609512,0.0866167878,-3.3212575526,-0.0043704999,3.5882279087,0.3463178893,7.5559715878,-2.4703619632,8.8392174858,-3.1189553445,-0.4449510689,1.2513196515,-0.5620520855,0.3351258929,1.4201195274,-1.4747813613,11.4836509025,-0.5192615299,1.9526679889,-1.9958445217,-11.8658399763,0.0298393321,21.6781472187,0.3064505774,-7.783970273,0.6677323101,-0.5452588224,-0.8310966872,-1.2399542136,-0.8346247254,-9.2603614066,0.9975923408,5.0055055221,0.2320562468,1.063322066,0.9113915359,-0.125895361,1.2412135494,-2.4137037642,0.8081672755,-3.0874295008,0.9551631399,6.6155450462,-1.0498835209,-0.3265642156,-0.6540763829,0.5905178717,0.1644988224,-9.7636945051,1.6245629725,0.5628547421,0.7308629609,-1.967763806,0.4641981283,12.5347985
biasActivation=1,1,1,1,1,1
[BASIC:ACTIVATION]
"org.encog.engine.network.activation.ActivationSigmoid"
"org.encog.engine.network.activation.ActivationSigmoid"
"org.encog.engine.network.activation.ActivationSigmoid"
"org.encog.engine.network.activation.ActivationSigmoid"
"org.encog.engine.network.activation.ActivationSigmoid"
"org.encog.engine.network.activation.ActivationLinear"
