encog,BasicNetwork,java,3.4.0,1,1572766423891
[BASIC]
[BASIC:PARAMS]
[BASIC:NETWORK]
beginTraining=0
connectionLimit=0
contextTargetOffset=0,0,0,0,0,0
contextTargetSize=0,0,0,0,0,0
endTraining=5
hasContext=f
inputCount=2
layerCounts=3,8,8,8,8,3
layerFeedCounts=2,7,7,7,7,2
layerContextCount=0,0,0,0,0,0
layerIndex=0,3,11,19,27,35
output=0.2264164168,0.0754710924,1,0.0000183653,0.2008004144,0.000006668,0.017433856,0.129782255,0.000007844,0.0196989213,1,0.000016001,0.0827377883,0.6908560776,0.968408656,0.5821582043,0.6114373493,0.9848924341,1,0.9919742742,0.8237799865,0.0031175825,0.7434068779,0.9945862104,0.1679589947,0.0006951561,1,0.4670246602,1,0,1,0.9999552055,0.0000069109,0.9999580869,1,8,30,1
outputCount=2
weightIndex=0,16,72,128,184,205
weights=-6.2308932281,-11.1078587586,12.7626233517,-0.9464508693,11.6598227552,-13.4503974424,11.8864535661,-0.7289485056,-6.7361886201,2.9265092102,1.5478020775,17.3488316046,2.9963258665,10.8757487721,-13.035724356,-3.5276880485,2.6621710128,6.1945855194,-0.5038420148,-7.7750318519,-0.675127019,-4.1174489372,1.5176797215,-2.1242654439,-2.4712755968,1.2171159286,5.1262878596,-2.5417457808,4.0293617914,3.6121971543,-5.6198582393,-1.5814421197,10.5393417633,-0.0121659522,1.7801314695,-4.9739381369,-3.2960016391,1.3813245588,-4.6894133589,-2.6375854084,-3.0932003712,6.9962027206,-10.3305890104,3.078705483,-6.8833834452,-1.0147364474,3.6147443487,0.6124822669,-13.311301322,0.4412513605,1.5141807205,0.707651748,-1.7121893848,5.3952258732,-5.487888644,-0.5676550809,22.764267509,7.1562247942,0.1241789284,-3.1897961713,-1.3571239525,-2.382887529,-1.8861331805,-5.2402887612,6.6030583474,2.3528329241,-2.2400013607,-3.2599874945,6.5382153258,-7.6960312545,-0.8535849607,2.3425035735,-8.3768934554,-7.121219994,-1.7822333655,1.7409437909,1.4918679328,-6.0918541902,16.0689600557,1.3726830873,-4.6076813444,-1.5004231828,-2.3441394957,-4.2049735374,5.3517777963,-10.4238189525,2.5216384175,2.9605341189,-6.6018956209,-2.5309286984,0.5154099253,2.8365529009,5.0859865507,-9.7189628399,0.9517864592,3.900917339,5.6999024482,3.8848536596,-0.4722743021,-2.3237211698,-3.0010208862,5.6506284311,2.1454787139,-1.6684989528,-0.024816184,1.480066531,1.7316348493,5.0011722712,-4.6087853837,-2.5505891784,14.730765219,0.4156914104,-1.2049932892,1.3739901041,-2.5129885269,3.3073082626,-5.6720326764,-5.2594963321,13.2142660407,4.5814928323,6.2336207668,-3.2877586024,0.8366844245,-2.032081201,4.9125856903,-0.7576250236,0.5554889035,-2.5489364262,-17.1567705657,-0.6359547908,-0.1339098488,-0.8976979114,13.8149349649,3.6981584406,1.7063057354,-1.1572431973,-0.0376911331,1.1855416063,-0.68650133,-1.3927690047,7.7718305103,-2.839536795,-6.5412553749,0.5365187429,-3.0363503236,-1.7200148531,-1.1821493927,1.1695427092,-0.9014030489,3.1279818461,-0.1647824658,-2.7329357391,-2.0432731437,-2.2630736058,-1.8177307664,2.9395112802,4.023094708,0.3786612652,-0.560425939,-2.1209415297,0.5819091129,3.6140655112,0.2458349462,2.3406300595,-12.0719738998,-0.5142395288,7.0876393803,3.9710103616,-12.4210989081,0.7273402498,1.6279286925,-0.587311549,10.6039020648,-2.2246303716,-7.372938481,0.8299867052,16.3203133827,-0.5130310917,2.1245477858,-2.9337309207,1.9239420899,-0.3003416701,-14.1018696297,0.7315192581,1.3595438939,0.3423820872,-21.2799068625,0.1444509272,1.8640164576,0.0810652495,0.3753204373,-3.2516333218,-0.6232329529,-3.9290743294,8.2051769017,-0.6278763639,-0.7612059353,0.7283109,-5.7462987562,0.4819633615,-0.5230167045,-0.0476144967,-4.5924915287,1.5627659194,-0.0631753905
biasActivation=1,1,1,1,1,1
[BASIC:ACTIVATION]
"org.encog.engine.network.activation.ActivationSigmoid"
"org.encog.engine.network.activation.ActivationSigmoid"
"org.encog.engine.network.activation.ActivationSigmoid"
"org.encog.engine.network.activation.ActivationSigmoid"
"org.encog.engine.network.activation.ActivationSigmoid"
"org.encog.engine.network.activation.ActivationLinear"
