encog,BasicNetwork,java,3.4.0,1,1572770125006
[BASIC]
[BASIC:PARAMS]
[BASIC:NETWORK]
beginTraining=0
connectionLimit=0
contextTargetOffset=0,0,0,0,0,0
contextTargetSize=0,0,0,0,0,0
endTraining=5
hasContext=f
inputCount=2
layerCounts=3,8,8,8,8,3
layerFeedCounts=2,7,7,7,7,2
layerContextCount=0,0,0,0,0,0
layerIndex=0,3,11,19,27,35
output=0.8421068506,0.5438624923,1,0.9999999996,0.8010235782,0.0000130167,0.0000015388,0.1612891625,0.2800587731,0.0000376762,1,0.9277819925,0.9958080137,0.3731194844,0.0115993458,0.9999823836,0.8059803889,0.0079418404,1,0.7658503779,0.0000011456,0.6747114497,0.0568969079,0.9387672672,0.993030288,0.9836013871,1,0.0000000001,1,1,1,0.0008777092,0,1,1,8,30,1
outputCount=2
weightIndex=0,16,72,128,184,205
weights=0.5813281342,-2.7371080617,-10.9752283013,-20.1653051827,-10.4850214963,20.2297264907,23.1861264237,-0.689943386,-1.7938482482,-1.859003659,-7.9836793148,2.4725034132,20.2156647877,0.7384520476,-10.057680145,-0.0080424283,0.9276091577,11.2668657059,-0.0777020737,-11.1658990168,5.311808725,2.6836655156,-6.1139584223,2.3399619523,-4.2807947654,1.6902546197,-0.6092746853,0.2643003852,0.0006389846,1.5146578577,1.9584904306,2.6684682736,-23.3264082714,2.0453450478,9.1755162471,-4.4285398749,-4.9825362966,-0.853688144,-1.5402608264,10.6663241529,-10.5016366089,-5.9269593064,6.6611580671,6.0072234945,8.1732105786,-14.0517403207,-1.2427892708,2.8680027131,-4.1545494397,-15.0926766021,8.6147508599,-6.3588950982,-6.2766787288,10.1996649038,-10.8323853199,12.2365522343,-5.1080331225,10.0297648718,-1.9359642216,1.8712380985,2.3660225317,-8.3245001028,-23.5062657643,-0.9620223563,-7.0184009761,-4.2910552006,-5.4388327042,6.7906958475,-2.628371746,2.9817396074,-0.6195667953,2.7787575619,8.030925166,-0.557706234,-2.6336930075,-6.2996859739,4.1522363362,-5.4410074974,0.2277073368,-0.1808351654,10.4545551176,0.3007654834,-6.2509743713,-8.2883866986,-6.6939638989,-0.6690509454,8.6903818632,0.5535324198,9.5006165115,-2.4182759929,-11.3502432655,-4.7734872427,-2.3079958513,-0.6523840784,2.933311142,0.0641297213,-0.4880792042,-6.3947242318,-1.8546139788,14.5492666111,-0.5808154716,0.3818768742,-2.7921671544,-0.7354007285,1.9167440513,1.977880767,-1.2260228215,-8.4873338506,1.6920568245,1.0868615159,6.3401244134,1.8849482991,-10.3661933927,1.0415659943,19.7351712324,-0.6620622034,4.259439648,0.2694639104,-5.0346422968,-3.2289517944,-10.3898266529,-9.3412023563,3.677578348,19.3675300659,3.2519009772,-2.9796687332,1.0860797892,-1.6159766013,-0.7168857934,7.9691804731,-7.8809536086,7.9617153001,-24.7129204434,3.7213539874,-15.1094989567,8.2662740503,-0.6872287248,1.5146369223,-8.8290524836,-0.1910079337,9.7821766002,2.9794556891,-6.4610515314,0.2783211352,-0.4190572558,-0.9545335799,-0.7358310668,-0.96460931,21.9372641092,1.4785280388,5.6089063959,-2.2436144964,-0.4040065776,-6.5106424516,-0.0492269647,-7.1373911501,22.5730656416,0.6908983747,17.5793552065,-6.7098418316,-1.0020205378,-0.7051501224,-2.0956806803,-0.4528019877,-4.1704790038,5.6572633083,6.2717821702,-0.2846032105,0.6168770903,1.6444688926,-3.4769687018,1.9731896065,-4.2649963312,-0.4455771711,2.6795575544,2.1426833316,0.5746690165,2.9874182441,6.2637515821,1.3369724138,-5.2832411996,-0.156487587,-7.8077143585,1.3182332358,-0.0224499795,-0.7516649465,-0.1987150643,1.0047484864,0.6779248698,0.2118989063,-1.4226150869,1.727830849,-1.6477221897,0.1384399848,4.7240014618,-0.542431673,3.1500455986,-0.2419005591,-24.9806651066,3.7830861377,-5.8150066514,-3.1723978608,-17.3615456192,6.6510863393,5.0280387462
biasActivation=1,1,1,1,1,1
[BASIC:ACTIVATION]
"org.encog.engine.network.activation.ActivationSigmoid"
"org.encog.engine.network.activation.ActivationSigmoid"
"org.encog.engine.network.activation.ActivationSigmoid"
"org.encog.engine.network.activation.ActivationSigmoid"
"org.encog.engine.network.activation.ActivationSigmoid"
"org.encog.engine.network.activation.ActivationLinear"
