encog,BasicNetwork,java,3.4.0,1,1572770137393
[BASIC]
[BASIC:PARAMS]
[BASIC:NETWORK]
beginTraining=0
connectionLimit=0
contextTargetOffset=0,0,0,0,0,0
contextTargetSize=0,0,0,0,0,0
endTraining=5
hasContext=f
inputCount=2
layerCounts=3,8,8,8,8,3
layerFeedCounts=2,7,7,7,7,2
layerContextCount=0,0,0,0,0,0
layerIndex=0,3,11,19,27,35
output=0.9998279482,0.9811339041,1,0.1996751176,0.0348837756,0.1294519634,0.9999985662,0.0000000057,0.9993880947,1,1,0.9695249038,0.7117987789,0.9105896762,0.4112448012,0.9994402874,0.9997745289,0.9999999986,1,0.9984222042,0.9990301037,0.4492869602,0.999985638,0.0007003314,0.4107018189,0.0845638871,1,0.000000001,1,0.0000578623,0.0000023866,0.9983727687,0.1422649832,1,1,8,30,1
outputCount=2
weightIndex=0,16,72,128,184,205
weights=-7.8400188097,-10.5244308777,-0.3346716373,-3.8577980448,7.3408295018,12.6447074365,9.4078638406,-7.5435858546,-10.004035188,0.8671644482,13.3676617109,7.5775981018,-4.4046975949,4.1789959116,-11.5099645339,3.9441179452,-1.9502864683,8.9268467963,-6.0402693794,1.4785081467,9.4516362906,-6.0208473616,-3.7068299716,-0.679441604,-3.73905632,-2.5120969166,0.0898036154,7.9238431662,7.2408078843,-5.5025587194,0.1881444061,-3.1710059783,-0.8514639443,9.8619058696,-0.5982706243,-3.1123044015,-5.8228337595,1.7113253089,5.1117264866,-7.2783833528,13.3750888518,-2.455140281,9.8195527257,-5.9975177698,-3.4395840662,-1.7389801505,2.1231101022,-1.186705732,2.2338384061,-0.8145222553,2.5893499479,-0.8119479499,-21.7691716932,-0.4784822294,-1.1953312529,0.837865136,3.6474187757,8.6884583408,-2.0824292371,-4.6887051724,6.1646059852,-1.8129124889,-3.3480895064,0.501505378,5.8937858847,-7.3406729757,2.6861134655,-1.1410653202,1.3355173357,12.0246811286,13.2198108943,-2.7373927072,-8.7720747399,1.2242606719,7.7888148285,2.6247375196,-8.2895534511,7.0789363306,-8.3997435163,2.6797328696,3.6091773127,-4.2018216029,10.2130577173,3.3562890209,6.19365359,-17.2108329007,4.6357914987,0.2257275845,0.9075526602,0.4560003842,-4.3342818732,-2.1907111789,-0.1336291047,11.5573768241,-2.2104497636,0.5375755621,3.6030154259,5.430407691,-0.3487719877,-5.370622112,0.7362475707,-6.8877924784,-1.0218941762,-0.9393208664,3.8893613734,-0.6739073148,1.2846199206,11.8624775777,-1.342614771,-17.4228212979,-0.2001717221,-0.9884619458,6.1645604202,-0.2055723284,-1.1424549446,-2.7343030688,-4.8112221564,9.1693050107,-1.4507631146,2.0553871967,5.0148091913,9.3219732901,-0.6312053775,4.3596148781,-13.6958075676,4.8632247143,-4.6914796782,0.3853494035,0.6140960487,0.0131033704,-12.2229082981,-0.5204208046,8.3874350997,-1.7581407465,-0.3094568375,-1.3764555524,-0.7638855915,3.5014972852,-0.7632410697,0.3536780296,-3.7560158987,-11.424436719,4.2934667747,4.5176316283,-0.5178114535,-1.3433432833,4.1043222649,-0.0339091851,4.046457946,13.7702793982,-3.4632980236,-1.3960501691,0.0513781684,5.5483767887,-12.7395965389,0.7496203829,0.7657240102,2.5035371186,2.2360571664,2.2465693089,-1.0122805757,2.5524543875,10.8451418426,0.8504097698,1.697053808,12.6786348829,-6.6997280598,-6.6146303682,0.6519694182,0.4122884292,-2.8083066896,-0.6569960143,0.7572014466,-19.4707662673,1.9010257628,-0.6601760537,-0.0157319285,3.2796425935,2.9217521895,0.8379568882,-8.7486026561,2.9299151282,1.587003478,1.0688319301,0.2066707689,-0.7772439275,0.9873065108,-0.7148426608,1.3454396557,-0.8829076263,0.0244452313,-0.6000059642,8.0472309944,-1.1439989964,-0.1248009345,-0.0496122841,-1.6985285702,0.5477842944,3.5739464565,1.6488872192,0.2353217272,-22.0473533862,-0.1285631878,1.5693077701,0.4147090203
biasActivation=1,1,1,1,1,1
[BASIC:ACTIVATION]
"org.encog.engine.network.activation.ActivationSigmoid"
"org.encog.engine.network.activation.ActivationSigmoid"
"org.encog.engine.network.activation.ActivationSigmoid"
"org.encog.engine.network.activation.ActivationSigmoid"
"org.encog.engine.network.activation.ActivationSigmoid"
"org.encog.engine.network.activation.ActivationLinear"
