encog,BasicNetwork,java,3.4.0,1,1572770152506
[BASIC]
[BASIC:PARAMS]
[BASIC:NETWORK]
beginTraining=0
connectionLimit=0
contextTargetOffset=0,0,0,0,0,0
contextTargetSize=0,0,0,0,0,0
endTraining=5
hasContext=f
inputCount=2
layerCounts=3,8,8,8,8,3
layerFeedCounts=2,7,7,7,7,2
layerContextCount=0,0,0,0,0,0
layerIndex=0,3,11,19,27,35
output=0.6268635113,0.3606449374,1,0.0000052801,0.1642070642,0.9830466417,0.3932097705,0.0001716963,0.0000000061,0.0000051078,1,0.3201892647,0.9876917922,0.9926626115,0.997825115,0.032076894,0.8709485556,0.8892081038,1,0.6789030702,0.2069796971,0.0000995469,0.9846144316,0.249396075,0.98775257,0.357654744,1,1,1,0.0000012166,0.9992054421,0.9358113195,0.076093781,0,1,8,30,1
outputCount=2
weightIndex=0,16,72,128,184,205
weights=-4.7403571613,-11.2533569205,6.3505635084,-2.4694568684,6.8894815324,-4.111702898,-5.7322740729,-2.9063488661,0.1895130628,24.2381480556,-15.9410203544,25.9798136678,-10.8277551046,-12.9380357262,-3.0701316715,0.9044826337,-4.3406949436,4.1399955083,0.4317134099,-3.1887998191,-1.1267464886,-3.7602891419,-6.0127782704,-3.4396588515,3.7502100938,4.7789489732,-2.0027451435,-1.0014888538,-6.6620498584,-4.6950134467,-2.1387576779,1.643816293,9.4651301999,11.2379179961,3.1196884451,-5.9265374014,3.4369402731,-1.5260512915,1.4764811245,-7.3472252175,-8.6443885774,-5.7581154387,-2.3850457465,-5.4864313687,-0.8818571173,16.3169525511,-1.5958782056,3.0994174369,1.264263035,-12.709013691,-9.5600348389,-0.1667361623,0.0634862718,-0.3262915586,8.9171223259,5.4874053003,2.1526504943,2.3839892582,-1.4215581371,-16.7015323463,4.0961536385,-3.0877249965,1.6906506522,-2.8306993755,-1.6823643029,4.4476443705,2.3025108989,-8.5855227792,1.4152975539,-3.5755968356,-6.0146156744,-1.3407315729,0.9481848144,8.8399438237,1.7646508092,-3.850992548,-13.4542409306,1.3213163111,0.8985137927,2.2941941187,1.2002293401,4.3767993714,2.9735798861,1.185709791,-16.2596498129,5.0896847418,-14.3821717673,5.6681890035,2.4851561444,-5.9498382176,3.3801424305,6.0337437878,3.776170216,1.1843953413,-9.3674552328,-0.2508610294,-2.1256136222,-2.0849130831,-1.397048377,4.3095636481,-14.476043971,2.2409740456,6.4504571353,2.8498071253,-3.9580316333,-0.392788261,-10.585232362,-4.4988413517,7.2954578409,0.3224760514,1.5262850346,1.108211999,-4.8879785445,-10.1546013437,-1.6209855159,4.4448721562,0.9554781063,-0.8263899056,9.8830330108,-0.0034295421,-0.2194579092,5.062718373,-1.3421102707,-0.1300011793,0.9140899034,-0.67555189,7.4459900464,-0.9118629459,-1.0190265023,-0.8478831812,-7.5020453277,3.9977214469,0.752826411,0.5591798269,-2.4812959118,-2.1259444761,-0.0606103705,-5.5389562947,-2.0841800546,6.8563081503,2.4155514866,12.388578753,-0.7507273628,-5.7977135559,1.6392893407,-3.1459507925,-6.1348930012,-13.4012589912,6.6713539475,3.4556843725,4.0635614293,-0.8235867021,-0.1261077713,-0.1450255398,2.035569852,1.8174762255,4.9092533782,-11.0207600354,-1.7625339392,-1.1416047096,-2.1972220632,4.6313039057,-19.146023407,5.4796230322,-13.568495277,3.7145012453,10.5938192278,3.4037374986,0.7362543184,0.8466479251,0.7010510241,0.1470670138,1.7301423977,1.7710104678,0.4231158816,0.9064131348,4.6269281151,5.7039119283,-3.0209171039,-4.025385211,-9.3418568579,-5.39184564,-5.6091449684,2.2582939328,-1.0463507732,6.8121440054,-1.0298502764,0.8279926036,2.3341615872,-0.039321657,0.5818141118,-0.6481245284,1.1697427221,-2.52477502,0.957092828,-1.37765481,0.8055751966,0.2627594488,-11.647798041,-0.12634172,-0.3911690005,10.2491597442,5.0105742248,-4.788622089,1.8277392611
biasActivation=1,1,1,1,1,1
[BASIC:ACTIVATION]
"org.encog.engine.network.activation.ActivationSigmoid"
"org.encog.engine.network.activation.ActivationSigmoid"
"org.encog.engine.network.activation.ActivationSigmoid"
"org.encog.engine.network.activation.ActivationSigmoid"
"org.encog.engine.network.activation.ActivationSigmoid"
"org.encog.engine.network.activation.ActivationLinear"
