encog,BasicNetwork,java,3.4.0,1,1572770161381
[BASIC]
[BASIC:PARAMS]
[BASIC:NETWORK]
beginTraining=0
connectionLimit=0
contextTargetOffset=0,0,0,0,0,0
contextTargetSize=0,0,0,0,0,0
endTraining=5
hasContext=f
inputCount=2
layerCounts=3,8,8,8,8,3
layerFeedCounts=2,7,7,7,7,2
layerContextCount=0,0,0,0,0,0
layerIndex=0,3,11,19,27,35
output=0.5866679292,0.3657732332,1,0.0127871018,0.0034546878,0.0007500387,0.2212941496,0.9999768631,0.4463721683,0.0102739185,1,0.9939467862,0.5447381915,0.0017143326,0.9692933444,0.8033545539,0.0276573668,0.0054739525,1,0.7729118831,0.9976977492,0.999941282,0.4263702706,0.9980503457,0.9999210144,0.8793148982,1,1,1,0.9999999996,0.0007327066,1,0.9999999989,0.7668096781,1,8,30,1
outputCount=2
weightIndex=0,16,72,128,184,205
weights=-6.9838049784,5.330713747,3.3081619773,0.0073560191,6.7415958652,-2.620354044,7.8952156285,-5.2359163558,10.5883711128,-11.7951652285,-5.0833492522,-10.7467511324,0.4932026345,-5.8553082903,8.8395526634,3.7666054793,4.1286231041,5.6267552641,3.5393767197,2.0082912897,-13.5613839689,6.5261643325,3.0515134085,-2.7704807219,3.8595207729,-3.2528687728,-8.2359319346,-6.343437568,-1.2978783438,4.8500866042,3.7589326444,-0.678048349,-7.9725569603,3.8492225695,-4.4827363379,0.9371823777,-3.4908503373,-5.2644001676,6.8974615833,0.6443572107,-1.0706233381,9.150494374,7.9134962353,0.0616680325,-8.0308893025,1.3567663132,-3.2143401554,1.179759581,10.1242806701,-1.1997764106,1.6538292816,4.8859185406,0.3419099572,-11.1940290817,-3.2000760801,-3.4216580133,0.8887148947,-9.0720249722,-0.2966078375,1.8233864566,3.7880971901,-1.2419144759,-3.090996318,-0.9156014017,0.9616301246,-6.5048749298,3.3576846579,2.4473685256,-4.5070500154,5.5042205894,-5.9106557349,-0.8572677394,0.3322690794,-0.3758056258,-0.0847512933,-0.7159406277,-3.371893304,-0.4273018272,12.6494468129,-1.7210375262,-10.2794235484,2.6102031505,5.0081379822,2.6822992986,1.9353350996,-2.3316330245,-4.2349997077,3.4926161817,-0.4097872562,1.8263279781,-4.4054376939,6.5135346472,-0.445872457,-8.6581330842,1.056413975,1.9291238428,-0.7501646236,-4.1935626679,2.0083701225,-6.659557644,3.0002000008,7.188811953,3.5664259027,-4.2716139629,7.2989977135,1.3909899884,12.5056471013,-1.4530328918,-8.0640254094,-4.9969200795,-8.6967165592,3.1847225749,-2.6764760737,2.8300864928,-6.9856376495,-6.1837773147,-0.1734403961,1.7228250034,1.2931155467,2.6204569453,-8.0157984983,7.014759835,-4.9249665841,6.9945314815,1.4108605266,-8.574901775,-3.7148478564,6.3696832846,4.2490152996,2.076070437,0.6079516013,-6.4185621884,7.5457562509,-5.7164901415,-10.8983031057,0.8241506916,0.9729734708,1.4317207142,0.9011467853,2.3754069597,0.5218141561,1.5238770379,0.4432227839,0.3784229547,0.3988258617,-2.7810294542,-1.69417812,-1.534680355,5.6048869959,3.9484016042,9.2294995477,-2.8103464001,-3.7889589286,-0.9235469847,-0.7579669254,0.1621987145,1.3798052671,-2.7211108938,10.4458012549,-1.494957848,1.1612677126,0.0043997264,-0.6583819529,-9.7034344865,0.5198307811,0.6525893279,6.1440411178,-0.1457543659,6.2211347273,2.3809638706,3.0091582174,-13.0788576751,-0.2254423235,8.4318640595,-14.9941509688,1.1357306555,4.2194024712,0.182970296,1.8017136967,15.3989450812,-0.3131222856,4.3149854278,-12.1671804802,1.0986376286,-0.4704762258,2.3311398003,0.1567300473,0.8307484624,0.8526478606,-0.6270237664,0.6118971956,0.5584510282,-0.075742672,1.858996495,-0.6860554397,-1.5083410446,-1.6575364539,1.1414192832,2.9937716022,-0.7699376606,0.9029696033,-0.3089434261,0.8072052165,0.2220125155,-11.9276335185
biasActivation=1,1,1,1,1,1
[BASIC:ACTIVATION]
"org.encog.engine.network.activation.ActivationSigmoid"
"org.encog.engine.network.activation.ActivationSigmoid"
"org.encog.engine.network.activation.ActivationSigmoid"
"org.encog.engine.network.activation.ActivationSigmoid"
"org.encog.engine.network.activation.ActivationSigmoid"
"org.encog.engine.network.activation.ActivationLinear"
