encog,BasicNetwork,java,3.4.0,1,1572770191162
[BASIC]
[BASIC:PARAMS]
[BASIC:NETWORK]
beginTraining=0
connectionLimit=0
contextTargetOffset=0,0,0,0,0,0
contextTargetSize=0,0,0,0,0,0
endTraining=5
hasContext=f
inputCount=2
layerCounts=3,8,8,8,8,3
layerFeedCounts=2,7,7,7,7,2
layerContextCount=0,0,0,0,0,0
layerIndex=0,3,11,19,27,35
output=0.4666665812,0.3125004674,1,0.9997146458,0.0436313406,0.0246967455,0.9801177996,0.9077108908,0.0000564509,0.4011034165,1,0.5985965019,0.9356978804,0.9999992752,0.9213058207,0.731874833,0.0000000924,0.9999260721,1,0.9919956701,0.0000690503,0.9999997632,0.9772969226,0.0008126665,0.92025953,0.9999437134,1,0.9995726874,0.9999980041,1,0.376794283,0.9999998762,0,1,1,8,30,1
outputCount=2
weightIndex=0,16,72,128,184,205
weights=14.6807140605,15.9577026109,-5.9565076519,-6.0557427747,-10.1004483695,0.8056030628,0.4924756039,-0.4531570517,-7.4804278507,3.268774069,9.2917944845,-7.5044734054,9.60309754,-11.1613305096,3.8384413589,3.4171898792,-0.2746811556,-1.3809460743,6.7776172165,8.878542253,-0.5578239685,-14.1343378737,-4.5586355374,-0.3728422998,0.3511252916,5.872808751,6.2211515144,2.8351358087,-8.1733265344,5.3559830235,-5.5535621039,-6.0908959136,9.2752648716,4.294854788,0.0870061339,-3.2243617218,-1.3094456513,-5.6516765237,-7.2221078266,-2.1833627059,-1.4768852647,-2.230596091,-3.6870062561,2.5431223054,-7.7778693649,7.9582895887,8.1644730976,5.7416370684,-6.2494021191,7.5983212393,0.2563467261,-2.3299893819,4.3188490689,-1.7950406173,-1.0402379667,-1.313272517,-14.7716837674,1.2940184564,-0.1127813636,2.7348280289,-5.5419068972,2.9364849342,3.8915382301,-4.3927151304,-0.3034719239,0.5098229406,1.3187406091,0.1089292237,-3.2766453779,0.0671241286,0.2518991907,0.0308642762,-2.038602155,-3.7413397386,-6.2918096131,0.2786141756,-3.5908978928,14.8071488508,-4.5721407014,-0.6099354901,-0.2153737771,1.9790948407,4.3152955656,6.325010527,-0.6431986565,0.9907804008,-7.2169979119,-1.3001553274,-0.3155589998,-7.1870139036,5.4580309425,0.0631733186,-3.5976481394,4.1388328623,6.4355404902,-1.309867011,0.7730188413,0.142859457,-8.3432593178,-0.1973747745,0.9038050919,10.9405872073,0.5982355846,-0.4375833096,0.0014258435,-0.2749875283,1.5034524526,-9.7664786956,-4.3078335144,7.1657318234,3.6723789845,-1.2189468181,-1.5566511317,6.8451934788,1.9796171474,-5.1974986881,7.255558988,-1.7793790499,-8.3147852579,-1.6071006794,-0.7902428806,1.7279499268,13.5273756823,0.3866633272,-1.0030615534,-3.974553682,-0.368245199,0.4175480633,0.0591539568,0.2734552492,1.2406766403,0.3156134951,1.3073433954,-0.2724064224,0.4762590135,1.3439524817,-7.7498980846,-7.3047066986,1.8115905624,-6.1259477997,1.4142613936,-0.3783538497,2.2226813263,2.3303611896,15.9580494174,-2.7447335067,0.5794804436,-4.9884739743,0.8987425478,-0.1432155579,0.683576672,1.7674562228,9.9090551535,-2.5126266837,-1.2965837388,6.6687355229,-2.3548632599,-0.3668081193,-0.7391030586,-1.7521008383,-13.2077555919,5.775880577,0.8731820943,-5.3460410709,-0.842392525,0.3164246848,1.3763652754,0.9190686981,1.9615207573,11.0757588415,-4.4817724088,17.1720972835,-4.3045011235,-0.2132652292,-3.3143050003,-4.9603109023,14.4536245704,1.2800783393,-0.2909461798,-7.4083723111,-1.36847739,-1.0111134109,-1.4377261991,-0.0539450344,-2.802668154,0.5037194042,15.0673303949,-1.2662971936,0.558562773,6.49791871,0.9023266525,0.8947891477,0.9898231316,-1.5883853162,-0.2519412879,19.7621438696,1.1104430508,0.2508781857,-0.5056348935,-0.3578736454,-1.834173653,-0.86891904,0.9976962181,0.6556114014,-0.6401139442
biasActivation=1,1,1,1,1,1
[BASIC:ACTIVATION]
"org.encog.engine.network.activation.ActivationSigmoid"
"org.encog.engine.network.activation.ActivationSigmoid"
"org.encog.engine.network.activation.ActivationSigmoid"
"org.encog.engine.network.activation.ActivationSigmoid"
"org.encog.engine.network.activation.ActivationSigmoid"
"org.encog.engine.network.activation.ActivationLinear"
