encog,BasicNetwork,java,3.4.0,1,1572770200287
[BASIC]
[BASIC:PARAMS]
[BASIC:NETWORK]
beginTraining=0
connectionLimit=0
contextTargetOffset=0,0,0,0,0,0
contextTargetSize=0,0,0,0,0,0
endTraining=5
hasContext=f
inputCount=2
layerCounts=3,8,8,8,8,3
layerFeedCounts=2,7,7,7,7,2
layerContextCount=0,0,0,0,0,0
layerIndex=0,3,11,19,27,35
output=0.608692331,0.5909190812,1,0.9594454276,0.9323389384,0.0000319381,0.9999764546,0.9971588295,0.248872026,0.9998412413,1,0.7722446577,0.4774236249,0.3228274713,0.9983247894,0.9998487816,0.0039209979,0.9894149007,1,0.9744702537,0.9548673348,0.0002027516,0.5167493794,0.0048971388,0.0925384424,0.7203675139,1,0.0121435978,0,0.4053913064,0,1,0.9999800232,0,1,8,30,1
outputCount=2
weightIndex=0,16,72,128,184,205
weights=1.8391317832,-8.8772136114,-13.2990917825,-8.4166059878,7.1982252846,-5.5269142269,8.4001158528,1.1696148863,-8.6550637337,0.4231700804,-3.0060057934,5.0625455176,-2.7156534253,15.0068278517,3.8490912146,-1.6603628219,0.540773579,-4.2146954485,-0.3111129643,1.0471278313,-1.1101198237,4.6315993786,6.8148061308,-1.8375245536,8.8660598274,-4.3771123772,-3.4950153058,-3.180738646,0.7489918254,-2.2439903982,2.7945751639,-1.3352219147,-6.9388192946,9.9062953135,-3.7470403796,-6.6050547708,5.7059222,-0.254181738,-4.4017893056,-3.2679422462,1.6444273876,-4.8818907994,3.7071977949,10.4333459014,0.0446575945,-6.4376244755,3.9325822305,-3.8056299208,0.6427283728,-0.1986252122,1.7549063291,4.5636421661,-0.206718318,-0.0589118408,3.1835734925,-2.6063072992,3.9631381183,0.9572284081,11.8333698487,-0.9136433594,1.0586528159,-1.5036175988,-9.5511880181,0.8673137214,0.3089186076,0.6520910361,4.9021698398,6.2740089752,-1.013982373,-4.3351886258,1.5014423037,-0.1026940566,4.5847838132,2.0184728613,2.3747553486,-1.3620156098,-4.3894507551,1.4379801262,-7.0200608368,0.4747104903,-1.9805422586,3.8603581113,3.3366972513,-13.464193142,3.1285405503,-6.9521918877,0.6996520441,5.2344371474,2.3394067898,-0.24710783,2.4007205777,-10.0918164522,-3.3407501645,-2.6968161113,5.7244472386,-1.427868588,10.3850069611,0.08085954,-2.0826101041,-6.3853357483,-1.0846771503,-0.0611305829,-0.5887324384,-0.0718377137,2.2266034088,8.7291856555,-3.583099755,-0.7215223328,-2.3327884909,-1.0985124956,-2.4463125357,0.5405564636,0.1816415655,-3.5868018008,1.5153291653,-3.611456717,0.6666452152,4.2976836068,-1.7423985553,0.4305476718,9.5130345369,-4.306114342,-5.5430833528,-5.7127196096,4.096689048,2.2130184221,-0.8298494168,2.7053786271,-6.1592986724,-0.1877563662,12.3223625891,-6.0124816785,-3.5166966455,4.4206104023,0.8604745282,-2.1823583677,-3.3703203224,0.4488879992,10.406462554,-3.3892188207,-2.3991393409,3.9110622457,-0.5444878659,-2.6376402629,1.8435345914,-2.5886243188,-6.8221113673,2.4725610983,2.5299912353,-9.8749318277,0.363037427,1.5846547509,0.6704938898,12.6454606298,-19.104460272,0.3780309481,0.5802710279,3.7238449595,-0.7045920769,3.4996208982,0.2721569547,1.1040926469,-0.6768813322,0.2795407759,0.048288224,-5.6347342535,-0.1637004815,0.5432353068,0.0914808063,-2.2835094541,-9.4788294919,0.5717713501,1.3206589574,-0.6596239579,0.4218093977,0.8974489358,-1.8897283519,3.8945517131,0.1565883764,6.1886589965,0.7088834194,1.4636711434,-0.7102582326,-1.2667714621,1.3169792044,-0.5241420401,0.789692324,1.8516270719,-1.3375642914,-3.4461356233,-1.4384316565,-0.2778474094,19.4598247912,2.6827012207,-5.5403413829,0.8442087983,-0.2380009368,1.5376095245,0.3889048987,-4.5560784126,1.7277251387,-4.5622082059,-1.0835368373,-0.764617513,0.3789287817
biasActivation=1,1,1,1,1,1
[BASIC:ACTIVATION]
"org.encog.engine.network.activation.ActivationSigmoid"
"org.encog.engine.network.activation.ActivationSigmoid"
"org.encog.engine.network.activation.ActivationSigmoid"
"org.encog.engine.network.activation.ActivationSigmoid"
"org.encog.engine.network.activation.ActivationSigmoid"
"org.encog.engine.network.activation.ActivationLinear"
