encog,BasicNetwork,java,3.4.0,1,1572770212131
[BASIC]
[BASIC:PARAMS]
[BASIC:NETWORK]
beginTraining=0
connectionLimit=0
contextTargetOffset=0,0,0,0,0,0
contextTargetSize=0,0,0,0,0,0
endTraining=5
hasContext=f
inputCount=2
layerCounts=3,8,8,8,8,3
layerFeedCounts=2,7,7,7,7,2
layerContextCount=0,0,0,0,0,0
layerIndex=0,3,11,19,27,35
output=0.9047608213,0.7499997178,1,0.8692778492,0.5763553833,0.9999999803,0.9950668826,0.4841104745,0.9508140899,0.7358872746,1,0.3199811033,0.3760400628,0.0000036357,0.6421348672,0.9999946111,0.0029354969,0.9999308981,1,0.9196865541,0.0022669541,0.9610180806,0.1949430479,0.54604305,0.146714874,0.0000065937,1,0.0009772532,0.9999826475,0.4611184005,1,0.5300720132,0,1,1,8,30,1
outputCount=2
weightIndex=0,16,72,128,184,205
weights=-13.4790475887,0.3003491315,2.545162586,4.1685810484,6.8761924458,1.9302987231,7.0345881837,-3.2388265396,6.5285221363,-7.1790638458,8.4661141257,-8.6541121875,-5.0205109783,5.7669327281,-1.7127897254,-2.0858691039,-0.1045943042,4.9679518454,-4.5419262275,5.5316988356,-3.5208610183,-3.0013997817,-1.6236544414,1.6610227046,12.2931816148,-10.5623996661,0.3343327244,5.894438792,-2.209594657,10.5149723205,0.0480312468,-1.3082085953,-3.0682573841,0.964069974,-8.6489508006,5.9463939179,15.4417431178,0.0559291923,2.0552531869,-2.9516663202,-8.0331574411,-0.767865802,5.5274968651,-0.7209784585,-2.9281795725,2.9006782118,10.1632960103,1.3860461886,-6.633616816,3.6093280399,-0.7904734139,-7.3720706514,5.2000248272,-7.0639546636,-1.0977466184,1.3540772307,-2.1354735688,3.1458130168,-0.3983481533,-2.3359633511,0.3326927132,0.1576815212,3.944904589,-0.3157100015,-4.9079308983,-5.5498762078,0.5195498652,10.87741226,-1.8304543309,0.7251026614,2.7880825759,-3.2622196641,3.8093276524,7.5303079476,-6.4560338791,12.0410391183,-2.7484024719,-4.7614465445,-3.8335093496,1.7820778664,0.850263785,-0.215632527,4.8492265743,2.542522984,1.8631042994,4.3533700739,-2.7308158756,-8.0997407014,-7.2751234547,1.5504315877,-3.0233870829,5.9334239909,-5.5416949485,5.7770597895,3.7956783642,-1.9101368165,4.6991538002,-0.7093324103,-5.9053120409,-2.1378465167,-2.6302907995,-0.4558172794,-2.3635297255,3.8595143504,3.0672777587,-3.3373711734,7.3810844041,-7.7301832367,4.9236344067,-2.6252505733,-10.5289103376,1.4280988777,-4.036946078,2.0321669534,-8.4526096656,4.9469881047,-1.9181751654,1.5311005004,-13.2250382762,5.8617674373,2.5913240105,-5.1479489646,5.6748142611,-6.4558999284,0.2163728996,-6.6153785484,4.8431483324,3.8656512861,-8.2188303617,0.4652711941,9.3941098287,-0.1162305742,0.0772913244,0.1307706202,-2.6267223983,0.3510507212,-1.0200714632,0.0581841664,-3.4302405242,-0.0730209331,0.093618085,8.1737473941,-3.1364652063,-1.4026260984,-1.7291281736,5.0535984424,12.3858917735,-3.7392531193,-2.0789814199,2.0437172669,-0.4888098174,-2.2282154649,12.3971489244,4.7237184768,-10.2648022261,1.9390755252,-1.6759736917,-4.804779417,-3.8204522872,1.3490954637,5.5219855229,-1.6415462904,6.8816559981,-0.6957709098,0.8189667763,0.8130663585,-0.5183881049,-0.5723936827,2.3595528108,1.4350381381,-5.3817409141,0.0352239223,-0.4455902423,11.5079131373,0.4704566117,-0.985787656,10.7164528053,-12.4354117569,3.1387837591,-0.0203716563,0.04725535,-3.6015705305,-0.5655470101,-0.3911544733,1.6174314264,-0.5778588961,-2.5334716032,-0.6801731352,0.3844806609,4.8687223472,-0.6397967305,-0.1168778951,8.4688696609,1.0305499495,3.249275456,-0.5016339829,2.1304963564,-0.5246560476,-1.1838560164,2.519022777,-2.4435201368,5.0570387358,-1.018262021,5.7180411418,0.092721162
biasActivation=1,1,1,1,1,1
[BASIC:ACTIVATION]
"org.encog.engine.network.activation.ActivationSigmoid"
"org.encog.engine.network.activation.ActivationSigmoid"
"org.encog.engine.network.activation.ActivationSigmoid"
"org.encog.engine.network.activation.ActivationSigmoid"
"org.encog.engine.network.activation.ActivationSigmoid"
"org.encog.engine.network.activation.ActivationLinear"
