encog,BasicNetwork,java,3.4.0,1,1572770224846
[BASIC]
[BASIC:PARAMS]
[BASIC:NETWORK]
beginTraining=0
connectionLimit=0
contextTargetOffset=0,0,0,0,0,0
contextTargetSize=0,0,0,0,0,0
endTraining=5
hasContext=f
inputCount=2
layerCounts=3,8,8,8,8,3
layerFeedCounts=2,7,7,7,7,2
layerContextCount=0,0,0,0,0,0
layerIndex=0,3,11,19,27,35
output=0.9016389759,0.4745778093,1,0.1127457882,0.0000049519,0.4108219063,0.0000443537,0.0196811512,0.0000321287,0.9962202748,1,0.0147708043,0.3646945308,0.9921827351,0.0000816787,0.9844470722,0.0437611783,0.9873668595,1,0.3133220157,0.9999956827,0.0001393192,0.9109914256,0.0192573269,0.0182275446,0.0798936927,1,0,0.9407713676,1,0.999999979,0.6086466379,0.303558504,0.99999993,1,8,30,1
outputCount=2
weightIndex=0,16,72,128,184,205
weights=20.0026569272,0.6358538855,22.6666639508,-9.7575122231,1.4156907351,-4.474441269,-5.0796844754,-4.3184122215,0.3417412174,16.1802608797,-16.0043363709,-8.5197243575,-9.6289551181,12.8206026161,4.5922456269,2.0491321391,-1.6514285395,14.3357797123,-6.7322305704,4.2025542473,-4.211414465,-3.8210065921,7.495390647,-3.6750976956,-0.9669653382,-6.4686479501,-7.5261795352,6.6645766491,1.0171074542,2.6909206488,-1.0906068035,-2.4177915721,-2.7584080738,-15.5867975002,3.0022032621,15.3051662875,3.7655244561,-7.9670316422,-5.8842824407,4.8362432951,-2.0033221867,11.5490571586,-4.06017375,7.2765438784,-5.662733091,5.9828236,-6.0890172342,1.1472225741,-4.9588868403,0.6287923183,-2.5885570611,0.1582216883,4.3646847032,3.9609339522,-5.4679467175,-0.5672449958,-4.1217888609,-19.898277334,-4.3831811758,4.1461356373,1.3365950995,11.6308845084,-2.8905737598,2.349793819,1.0749511053,3.4099292976,-1.2375183572,1.9345594237,3.2774450022,2.6678506719,1.2633905196,0.9518936079,1.9278239195,0.4091971226,-0.4540881686,-6.1633370403,-1.3311686784,0.3919883533,5.2607312433,-0.0004458055,-9.8699209656,8.5392218177,18.6003844582,-9.6586575959,-6.2434586328,-0.0789680789,-4.6318843825,3.2863256739,0.8786847759,7.4883222206,0.6505590957,-6.3780339507,-6.1655067067,7.4509875787,-8.027145306,3.5144512416,1.2208077606,-13.9988577195,-7.309966179,3.9480730387,4.2453468953,1.1068198321,-3.3280079305,0.7719713526,-12.3802014631,1.0664395669,3.9125914922,5.2032647878,5.7001944882,-0.2068915021,-2.9570737413,2.3499633994,2.0691170229,-0.806891495,-0.8897495234,-2.1395921824,9.6499285399,2.2087512687,-6.2740033075,-0.7012370736,-1.8879497746,2.0077071608,-2.6152219031,2.7777081103,-8.7739410062,7.9514346724,-8.7426441302,1.1349615645,-1.3600851869,8.629392316,-4.2122568832,-3.4700338276,14.6847526046,-6.8532917783,-4.227279448,-3.8507997118,-0.3136696082,17.4888571767,1.9217626932,-2.8614821747,-2.6761687454,3.5368977666,-0.5324606586,-2.072779104,0.0071927422,4.5837287881,-2.145736541,-2.8611244186,-18.7717596974,11.8519379807,1.9139681372,-2.2703398079,-0.8099263015,-8.801797265,3.5412848297,4.0512154285,-1.3051991359,-5.1791728562,1.7954437023,3.5849229097,-1.0259618343,-13.3228066832,-0.1111342344,-0.0166906793,9.0293876729,2.110924573,2.5964259662,-0.0017998697,-0.258523267,-4.49943374,0.8393842714,-0.7049387214,7.3390440669,2.8668183938,-4.9942941306,-0.2307706281,-0.8733464676,-0.613265917,-0.5152752614,-1.0793320487,13.6012347732,1.3128360353,-8.2088681269,-0.7402428092,-2.3994064056,-1.6010799965,-0.5327462635,0.0923119374,0.3434291234,-8.276074139,-0.6035979603,3.5926663882,-0.299952316,1.0944190933,0.275735731,0.651729382,1.2615076511,0.1761419935,-14.9346940383,2.3794173903,0.0299505368,-20.7642646635,-0.3383656564,0.6650358741,-0.770029766
biasActivation=1,1,1,1,1,1
[BASIC:ACTIVATION]
"org.encog.engine.network.activation.ActivationSigmoid"
"org.encog.engine.network.activation.ActivationSigmoid"
"org.encog.engine.network.activation.ActivationSigmoid"
"org.encog.engine.network.activation.ActivationSigmoid"
"org.encog.engine.network.activation.ActivationSigmoid"
"org.encog.engine.network.activation.ActivationLinear"
