encog,BasicNetwork,java,3.4.0,1,1572770635594
[BASIC]
[BASIC:PARAMS]
[BASIC:NETWORK]
beginTraining=0
connectionLimit=0
contextTargetOffset=0,0,0,0,0,0
contextTargetSize=0,0,0,0,0,0
endTraining=5
hasContext=f
inputCount=2
layerCounts=3,8,8,8,8,3
layerFeedCounts=2,7,7,7,7,2
layerContextCount=0,0,0,0,0,0
layerIndex=0,3,11,19,27,35
output=0.0149991175,0.0000351815,1,0.7564847618,0.4650334133,0.001082811,0.9990089923,0.9999838875,0.2135195835,0.0063211021,1,0.152944056,0.9935556001,0.9304551511,0.0325622393,0.9530808094,0.1674302367,0.7959130363,1,0.0839142731,0.9999907297,0.0210902973,0.2981769395,0.8301168592,0.3399462872,0.19337773,1,0.9999702632,0.0000509764,0,1,0.67513228,0.0000237864,0,1,8,30,1
outputCount=2
weightIndex=0,16,72,128,184,205
weights=-1.4673186178,7.5131819972,6.5518979265,-12.4464504994,9.4339496651,-9.4495383889,14.8776932544,-1.6516857358,-8.8259178675,1.1054939979,3.9277723002,1.7549690539,-7.7304972489,7.7369684918,-2.6204909127,0.2450842556,1.5703461056,-0.3059489827,3.6748936977,-5.1408021105,-2.4134208942,-3.9008532523,1.5227900989,-0.3133252187,11.6798559777,-2.762196019,-0.743405657,-3.7369151337,7.3103991425,-3.5781139133,-2.2479908557,-2.9477877507,8.0376236818,-3.3733953072,-0.5498498033,-2.7168883291,2.2770495717,0.0630836319,-7.118933286,-0.6194063833,-5.4833593535,1.6491212166,9.1046537104,6.6338541745,-4.3331554413,-1.9223197001,5.8497745863,-2.7757448341,-9.8610840643,4.6601495764,3.2334993054,-3.2722789376,4.648255959,-0.9859176703,2.7929128002,-1.4761068665,4.2872431325,-1.5067289065,-1.1778351286,5.3041629636,6.5083968889,2.1551598414,-6.2348247132,-1.1408101691,3.7861596761,-2.7376998845,4.3192704126,1.3834681369,-4.9117571799,0.6334500278,0.2899915132,-2.6360355282,7.8405941212,8.7244781605,7.0426726129,-1.1665300504,-3.2097496755,1.3852192508,-7.5562595053,-7.2399497827,5.1284342717,-0.1866800647,-8.2733011746,-3.4256831038,2.4000224675,2.1823168428,1.4255339647,2.9805179507,4.7900498242,-1.6612852846,-4.4613835817,-0.3791167854,1.4035288445,-0.5039655233,8.3510481594,1.4514756635,-0.3556822939,-2.7402439039,-2.1793513734,0.5716355837,-1.6704671848,6.367995719,1.9624292451,-1.9035014801,-1.5561734992,0.4457598368,5.1966836975,-6.3755725702,8.8544522993,-4.5398331217,-0.134938209,-1.2932851758,0.6696054041,-3.052348018,-0.0290257282,0.1827343736,0.7521935602,3.0332136652,-1.7611591855,0.023335691,-1.3795435456,-0.3371527886,-5.5984784403,-1.0869262826,-0.5869686718,-1.3260266162,7.2610515922,1.7899314579,-2.3082990877,9.6348812452,-0.2358471783,1.251395281,-6.4528254582,-1.129399871,1.283525561,3.0225674128,2.520987628,-6.9270595601,-1.540493824,0.3350793321,14.9196308799,0.6255672282,5.2761528663,-1.3396961044,-5.0453113767,-10.3786992661,0.7000389539,-1.010866445,6.4226746197,0.6321610194,10.6842147019,-2.1172394518,-5.7243706414,-10.1363515787,-0.2003844619,2.2614936707,2.6952522257,-0.3475056351,1.4899378489,0.7875856916,-0.2652984474,-1.7326283393,-1.2809079693,-0.4956436879,-2.9842120948,-0.1338059802,7.4796534136,4.3622193592,-4.5838572598,6.4166249933,-3.1783028618,3.5144336476,2.7606318078,0.3237657113,-2.6083505172,-1.4583727292,-4.8435433753,8.7517978391,-1.3265683935,-0.1350820088,-6.4310304232,-0.4458583422,-1.1563881423,7.8916319902,-3.4603135712,1.0669242061,6.0978788032,0.7036940561,-0.5953981247,2.3482936962,7.3760003491,-7.920361699,0.7047488865,-10.3094103117,3.6472944262,-2.0697495444,1.58496238,0.1162894487,-15.4368919433,-1.2821285141,-0.0080881323,-0.1467005019,2.6981608794,-3.6435834269,1.1983684795
biasActivation=1,1,1,1,1,1
[BASIC:ACTIVATION]
"org.encog.engine.network.activation.ActivationSigmoid"
"org.encog.engine.network.activation.ActivationSigmoid"
"org.encog.engine.network.activation.ActivationSigmoid"
"org.encog.engine.network.activation.ActivationSigmoid"
"org.encog.engine.network.activation.ActivationSigmoid"
"org.encog.engine.network.activation.ActivationLinear"
