encog,BasicNetwork,java,3.4.0,1,1572770649897
[BASIC]
[BASIC:PARAMS]
[BASIC:NETWORK]
beginTraining=0
connectionLimit=0
contextTargetOffset=0,0,0,0,0,0
contextTargetSize=0,0,0,0,0,0
endTraining=5
hasContext=f
inputCount=2
layerCounts=3,8,8,8,8,3
layerFeedCounts=2,7,7,7,7,2
layerContextCount=0,0,0,0,0,0
layerIndex=0,3,11,19,27,35
output=0.2631664365,0.1408530489,1,0.3878795093,0.8633984364,0.9937500238,0.9762758034,0.0938119109,0.0001052647,0.3941188736,1,0.9988608586,0.8513069219,0.7618273444,0.3964262971,0.9993778291,0.1909817899,0.5415238345,1,0.7602269435,0.3747673073,0.9939195775,0.9843858972,0.9680674989,0.0002968942,0.0000001865,1,1,0,0,0,0.9957336289,0,0.0001370418,1,8,30,1
outputCount=2
weightIndex=0,16,72,128,184,205
weights=1.4009988951,-11.0788548906,-3.4141771477,3.9546498924,-10.1971484785,-2.6216387887,13.6494891844,3.1018501272,5.7437014382,15.1559834823,8.9070775526,-18.8369233089,4.6300537432,-17.3379012529,-24.4388367362,1.6161622205,-5.7576766593,-5.7520868022,3.4776389065,12.9897270638,-1.6998453387,4.3676116028,3.3078265925,1.4662314752,9.7436955289,-19.4699682083,-3.1737817345,-11.8857782959,9.0101457743,6.5926678854,2.7137581124,4.0826551543,2.0658574559,8.9928757129,-2.0930732732,-2.397137355,-0.3627503573,-4.2993973511,-2.4201962631,0.3887804992,14.415018349,-18.4038047132,-2.5577195119,2.5603207123,6.2539196842,4.2336850809,-0.0427390047,-1.1159406516,0.2991694119,-12.7830331222,12.2379242397,-1.89297268,2.2358070881,-0.0750269418,-10.3418434161,3.1230071792,-8.2086868544,7.044336679,5.1320906327,-0.6685090032,-5.7417199357,0.9685127192,-4.4343977176,-2.6467243512,2.0338611749,-13.063862064,-1.3227426065,1.3366671391,4.4362785968,-15.3301278023,-0.7707455916,8.0492260148,-5.0742876312,3.8792430184,-2.2862706764,8.3652322555,2.0611794041,-3.814029376,-4.1524008934,1.2236622732,-13.8549000729,-11.2638421563,5.5224859111,-7.4956182838,26.4400369513,3.027016776,6.7676037671,-7.2078897913,4.7369954987,-6.4003352103,0.4357034533,-0.2161631278,-2.2433451395,-8.6609892081,-1.7755553566,1.9141838667,5.8691886456,0.9933815429,3.1789489769,-5.1114654947,-5.1049927473,-6.605213675,8.2638473483,1.5613917026,3.4828987893,3.7484851327,-2.6065683466,4.3665610825,2.6107724754,1.6133350493,-2.5552337797,-0.9064741166,3.4865545833,7.436809099,-2.0823411244,1.0817346037,-9.9636141675,-4.6521146803,-3.0815709899,3.7703791311,0.2433186721,6.7130629031,13.0662026317,-2.8560935795,-7.0268295714,1.8753923537,3.4404536727,-5.9077036095,-2.4736875521,4.9337722953,-0.475638726,-1.6428160146,6.4908733108,0.9350311949,3.7143454668,-2.836078184,-3.4784808942,-8.2605890944,-0.2786021993,-2.8293014004,5.2257616822,-0.0848586748,11.8978610057,-2.2384348222,6.904455894,2.4882093875,0.5217575446,0.7127711733,-5.5131796576,0.1517948838,-13.482218854,3.6836322379,-0.3049224129,-8.3958217232,0.3756243224,0.0536456005,4.4632523439,0.2651539558,0.2415757886,0.0045223153,9.5892761975,-0.7511296491,-0.6271133255,1.3024054817,-18.1930036352,0.5200666012,-20.8534157429,11.9406446022,-1.3473426498,-12.3045576177,-0.9426445505,-0.7189650534,-4.4279025919,0.8828555269,8.9361756702,-2.366708093,-0.6712246728,3.1552121925,-0.3511334739,0.2347345685,-14.4243692611,-0.3933914697,3.861205216,-0.4611692501,-0.6809265781,3.6478152228,4.1541776568,2.5891779206,-1.8584289058,-4.7257844267,-0.8945431432,-1.034712379,-0.9188609858,0.5929915922,-3.0730507281,0.3006695929,0.1622258807,0.7404092503,-18.0573683855,-1.0249902625,-0.6447644852,0.7091430954,3.4793890783,-0.4085589481,-24.4734319638
biasActivation=1,1,1,1,1,1
[BASIC:ACTIVATION]
"org.encog.engine.network.activation.ActivationSigmoid"
"org.encog.engine.network.activation.ActivationSigmoid"
"org.encog.engine.network.activation.ActivationSigmoid"
"org.encog.engine.network.activation.ActivationSigmoid"
"org.encog.engine.network.activation.ActivationSigmoid"
"org.encog.engine.network.activation.ActivationLinear"
