encog,BasicNetwork,java,3.4.0,1,1572766440142
[BASIC]
[BASIC:PARAMS]
[BASIC:NETWORK]
beginTraining=0
connectionLimit=0
contextTargetOffset=0,0,0,0,0,0
contextTargetSize=0,0,0,0,0,0
endTraining=5
hasContext=f
inputCount=2
layerCounts=3,8,8,8,8,3
layerFeedCounts=2,7,7,7,7,2
layerContextCount=0,0,0,0,0,0
layerIndex=0,3,11,19,27,35
output=0.5918348303,0.3958344376,1,0.0051348172,0.933342566,0.9825482916,0.0000523187,0.85892287,0.0034600848,0.8024653647,1,0.1422133022,0.9953294417,0.438052136,0.8606545902,0.000037292,0.0163561422,0.846592099,1,0.9999833493,0.4154205229,0.1311961658,0.9997617972,0.6844578714,0.2234894776,0.6922085202,1,0.0027303766,0.0217215887,0,0.0000000734,0,0,0.9843112984,1,8,30,1
outputCount=2
weightIndex=0,16,72,128,184,205
weights=-8.109104043,10.8954007685,3.9378623497,-0.0185346734,-2.7252946776,11.384506281,-12.1671707293,-1.5599261602,7.6481444,-7.9229002947,15.6123277956,11.7070283848,-6.1857787543,-6.9415042483,-3.6933839173,-0.1068847583,-7.5316446156,-1.4608177847,-2.0662149844,-3.0424167782,9.6858137031,-5.2860576348,3.5064286183,-2.1003045965,-6.9457986859,6.7435414788,4.2550670574,-1.9409295744,-1.1085619396,3.4906132809,-4.2862519847,0.2931294856,-5.07760186,6.3690899122,-3.3550532303,-3.996791,-0.7355240204,-4.0453411542,8.5573167182,-3.8553465977,3.182447223,4.9091557636,-0.2074627437,-6.9613854285,0.0250732281,8.8513106346,-9.7725279357,-0.986119657,1.297552577,3.5952993402,-6.2101016545,-0.4198744556,1.0112317941,-1.2718470142,3.4096317914,-1.7407515199,5.7029103305,3.8306315461,-8.2363786937,2.7360794844,7.7046988429,8.3808491934,-4.8952526885,-5.0267056791,6.5907528843,8.5701383872,-1.9054259934,5.9759547905,9.4778591173,1.1637933378,-13.609550866,-0.8718364087,0.45705294,0.4805727047,-5.9686196358,6.4649348583,-3.7749843115,4.0447984371,-10.9517300777,1.1266813265,6.9776628243,-13.603139065,-2.5974641037,1.5778539706,-0.0420706206,-2.563050919,1.8139619721,2.1445414278,2.4047601292,-1.6981704901,-3.0352371049,0.1901997035,-4.5526359956,-2.2153175908,4.1934896389,-1.0318608272,1.3199805225,-8.9813972492,-4.2015774164,3.8395728004,2.4573117009,0.010396124,-1.0207696458,-0.0332560349,-0.5132100725,10.0802105626,3.4219761692,-1.3754287783,-5.6044249547,-0.7878318863,-8.481511472,-3.0618276968,5.9886911781,-4.5241398053,5.9498359194,2.6847100122,-7.1234639935,3.2110723022,-7.7148981768,-2.1721091258,-6.4254849635,-2.3449715666,-2.8123407726,-4.7436868069,15.5664566694,-2.7115705817,3.7683402135,1.562117558,-10.9296575372,-0.4418002616,2.1595228238,0.7991821516,1.1360031672,1.7670084102,4.9521420052,6.1680320311,-3.6754247222,16.1385168679,1.8695529843,-4.9336550122,-1.0744098254,-0.0142925265,-0.4561452517,-0.2331310762,-3.0815985256,11.8475680252,0.9648404382,-0.153854271,-2.0360202676,0.7933542616,-1.5723566538,-0.5916693549,0.2129120341,-3.0727474737,-0.9210527151,-6.3386443995,0.7681209704,0.7675435518,4.2803014303,4.1951650657,2.1758153003,-14.1122458722,1.0141559877,9.9132744194,0.5053392613,0.7380325891,1.00193904,0.0887138543,3.1815462684,4.4517910951,0.0296333514,-3.1744234928,-2.3972871806,0.7193951185,-0.2906286401,-1.0647633684,11.8214342561,-11.8030158073,-1.2925747653,-8.4157164375,-4.8486663666,-0.3748653893,0.3570634539,0.6831070139,1.3346992431,-0.789091995,7.0945842775,1.0381943211,-0.1401488728,-7.9085760492,-0.3498796189,-2.3837564812,-1.1124294518,1.3131046644,-0.9399537996,1.2666208335,1.597514665,-4.6040934474,1.2683873434,-0.7653124868,-1.9331124339,0.7277995461,0.3900685703,0.0277956265,0.1845840384
biasActivation=1,1,1,1,1,1
[BASIC:ACTIVATION]
"org.encog.engine.network.activation.ActivationSigmoid"
"org.encog.engine.network.activation.ActivationSigmoid"
"org.encog.engine.network.activation.ActivationSigmoid"
"org.encog.engine.network.activation.ActivationSigmoid"
"org.encog.engine.network.activation.ActivationSigmoid"
"org.encog.engine.network.activation.ActivationLinear"
