encog,BasicNetwork,java,3.4.0,1,1572766264188
[BASIC]
[BASIC:PARAMS]
[BASIC:NETWORK]
beginTraining=0
connectionLimit=0
contextTargetOffset=0,0,0,0,0,0
contextTargetSize=0,0,0,0,0,0
endTraining=5
hasContext=f
inputCount=2
layerCounts=3,8,8,8,8,3
layerFeedCounts=2,7,7,7,7,2
layerContextCount=0,0,0,0,0,0
layerIndex=0,3,11,19,27,35
output=0.0206172757,0.0001266947,1,0.000000317,0.9839617363,0.9453849948,0.000000001,0.8290872548,0.0703663937,0,1,0.9999955868,0.1442812566,0.0158313418,0.000000052,0.9999254562,0.072606287,0.0000214677,1,0.5387336709,0.9997120236,0.9999999995,0.9991837594,0.0000050607,0.1414018945,0.2494927258,1,0.0000016109,0.0034981256,1,0.9999999989,1,0.0000003655,0,1,8,30,1
outputCount=2
weightIndex=0,16,72,128,184,205
weights=-12.6099057509,-3.9686097792,2.8476522064,-1.6709058922,-3.1148693688,28.1725304094,-6.6892453745,-2.0478575216,-9.2742260806,-5.1159796354,-9.2015221666,8.3062537679,4.8564459128,3.9855596778,7.4713730054,0.4524415639,-16.620484192,-2.3645772936,-1.270578045,0.3830772345,1.8005483765,5.165071441,8.8767398184,-0.1581437967,13.9557286833,2.2451823111,-6.623542963,-1.3591632082,-9.8267871655,-14.2182445033,2.6056260639,0.8001971296,3.2275915819,-10.6370518776,-2.2518458709,-0.379705677,3.2675651723,-6.2856940423,-3.9482691352,-1.6167727146,-14.8719460184,-2.0059653544,0.3034173189,7.8014090655,-2.0596470528,1.4880823414,-1.2800695419,-3.6264437014,2.2155358632,-1.6845837517,-1.3229815987,-0.1021296795,-1.3926387781,-0.9718558772,-10.6809656175,1.0909717005,-3.0200168389,3.321246796,1.7772865461,5.680148515,-0.9691663737,-6.5169731104,-3.3681494641,1.3739376288,-24.2631068879,1.175604534,4.1556151185,-4.6809882702,-6.9038034862,-5.4031894419,11.8330554913,-0.3548000989,-4.0494237587,7.466508113,16.8900747513,-9.7069354238,-9.6975231525,-6.5250184844,-9.1953672015,3.0739195885,14.3792304659,-3.9744972008,-2.7583595698,-3.1583296422,5.127861103,5.0998729547,2.4506982208,-0.9718779338,3.1684289645,-1.9481180748,-2.7796001732,-2.5670179971,-0.2402366609,6.306516086,5.1165057065,-0.7129481541,-1.5134535544,-4.1133165797,-1.7903527292,-9.2547497129,-2.3619088889,0.9955377047,8.4466520476,-3.055003782,-9.5257492681,3.3809046673,4.894922054,9.488969756,5.0860376834,-15.2490265023,-10.9341579419,1.7640212688,6.3246635752,-9.0787937806,-2.9391214389,6.506911987,-3.0623971957,2.707736005,-3.0389348567,-0.0656073054,-0.250857249,-1.1009663062,-5.4146193871,-6.2012488026,8.4951096654,11.9454580427,2.2546118416,-0.15400075,-0.1476215221,15.761639017,-3.0696389708,-1.823558395,6.1073164641,-12.4724651792,-1.3910698781,-1.1140047614,-0.7376410974,2.4190230711,2.995400435,1.1557658535,3.1727580873,2.7775762232,-13.8425379647,0.8199578114,-0.8128055992,-28.5979676105,8.2861445031,4.7344740988,2.3438495145,11.4824407968,2.8166745321,6.0875878538,0.3334675278,-9.5761190757,5.1704016503,0.3040076374,0.1192782956,11.6572497129,-9.1942511732,1.5497908706,-0.6605704621,3.9652978879,-3.8657433443,-3.446865234,-2.4289225934,14.1113525101,2.0001716136,-2.4663377353,-0.4424755665,15.4085025644,-1.1539180702,2.3791105887,-3.9253157729,-12.7290184383,-2.4307331541,0.8425329477,0.533770366,5.8210821971,-2.6391415661,-0.5141132347,1.8620596996,-6.424868745,0.8004458207,0.169514129,-0.9765568201,-0.1497583721,-1.0335200333,2.7585026245,-0.1529761104,-23.1307614235,-0.5653059202,7.4842228281,0.9790022416,0.9641342831,0.4426805324,-0.3621557792,-0.8301624698,2.4812290156,0.375223543,2.7613260431,-0.5919356112,-19.1544777769,6.8858790563,-4.0637468471,4.7566555817
biasActivation=1,1,1,1,1,1
[BASIC:ACTIVATION]
"org.encog.engine.network.activation.ActivationSigmoid"
"org.encog.engine.network.activation.ActivationSigmoid"
"org.encog.engine.network.activation.ActivationSigmoid"
"org.encog.engine.network.activation.ActivationSigmoid"
"org.encog.engine.network.activation.ActivationSigmoid"
"org.encog.engine.network.activation.ActivationLinear"
