encog,BasicNetwork,java,3.4.0,1,1572770682801
[BASIC]
[BASIC:PARAMS]
[BASIC:NETWORK]
beginTraining=0
connectionLimit=0
contextTargetOffset=0,0,0,0,0,0
contextTargetSize=0,0,0,0,0,0
endTraining=5
hasContext=f
inputCount=2
layerCounts=3,8,8,8,8,3
layerFeedCounts=2,7,7,7,7,2
layerContextCount=0,0,0,0,0,0
layerIndex=0,3,11,19,27,35
output=0.0203866161,0.0403880139,1,0.9999999641,0.6052382661,0.8501789909,0.4588535288,0.8995153727,0.0282792798,0.0077003697,1,0.9578501597,0.0607076255,0.0248699904,0.5127779313,0.9971399234,0.9996993963,0.8538561949,1,0.0169380643,0.498119196,0.8665334294,0.0000004873,0.9998606095,0.0013742303,0.7938560231,1,0,0.0000000111,1,0.9999999985,0.9128410231,0.0000006775,0.2470235886,1,8,30,1
outputCount=2
weightIndex=0,16,72,128,184,205
weights=9.1498629953,11.4038046435,-9.443736727,4.8003469213,-5.8847114779,0.4240977933,10.1129079078,-8.8944284286,6.736982432,-10.016348885,5.9534126112,-12.9500130683,0.3090754521,0.1135414789,9.5830490415,-3.3170296685,-0.3073128971,-0.3806984468,-2.5925007099,-3.1802149755,3.3194092513,13.9413230734,1.5466706352,0.5877945768,8.1636003108,9.7375559595,-3.1901483355,-4.7417344136,0.9940664901,0.5745464167,-9.2189697523,0.8335631351,1.2549520285,0.0616957891,4.3438138174,-7.0634603942,-3.9422042349,3.3709710955,4.7390145862,0.5586946888,-12.6403386386,-8.4195950786,-6.3850823264,-4.3199359628,1.1396760295,11.0276224128,0.6236180221,2.1344857889,4.1546716962,3.4407680703,-4.9770929287,-0.3128544587,-0.9806170308,-3.4892554391,0.455134366,2.3650223464,-0.7946039695,-0.8806341828,-0.5901450864,-0.0800309237,-0.2667167926,-0.2209818065,-1.2339406159,-1.1261741413,0.3586563357,4.3590225569,-2.2549614393,4.8624865305,4.0872959761,-10.9869996491,-0.8884743477,-0.2374963708,-3.462841237,-9.8279805926,12.334304885,-2.1959710824,-1.0344978315,5.7136541006,-3.918078849,1.5264258872,5.2712056891,-6.5266207392,2.3487673467,-3.709774792,0.9052974262,11.5957061871,-6.2280521344,2.4104802465,-2.0003415296,-1.5557205332,-5.896726534,1.2283828051,1.5175342534,8.0159428267,-1.1759552904,1.6548180214,-4.4544559401,-3.0697518405,6.305927233,0.9160742092,1.8988368253,7.2509511266,-6.1802332347,-0.8109434054,-2.3993396568,1.1189411394,-0.3346149909,-0.7194447192,2.0187375573,-5.0890785516,3.8229877548,0.5809077623,5.0512858908,4.9745528,-13.9480057236,-4.0543513035,6.6101428843,-11.5537458137,10.9664764698,2.3332055768,-6.3265575012,8.8720010361,-1.0476485428,1.6133470485,1.4173829998,-2.3149469043,-4.5002173999,0.5193595281,-2.6498193467,6.6217460361,-6.7119081502,1.7719620233,3.170862285,-0.8449246851,0.9356995077,-2.2467951025,0.8226000061,1.4848627687,2.0653719159,-11.1880452615,10.3274990558,-0.4442727025,-1.5045536275,0.0594457941,-1.4969420859,-8.4589425788,-2.5144003199,9.7300571827,-5.8326990743,-0.4070679223,24.9245234855,-6.1776250737,1.8257177865,3.8327021226,-1.1304811498,-10.2666690732,-1.1557865645,0.3676477848,2.3469530153,-2.6620014629,-0.2545832486,-1.9408493051,2.0735731802,4.5606752454,1.8054068195,-0.2667793613,-2.2867511684,1.1606755822,-0.7969337856,7.8315059134,0.2302157338,-1.0443201594,-12.1854474893,0.9101685267,-1.4008368195,5.6950335226,-0.803567432,-1.6653100952,-0.6831086551,-1.1278997304,9.5898492984,0.7092657806,-1.5514848375,-5.2114192993,2.3376412662,-4.6904591735,1.0652970808,0.92120003,-1.3332659411,14.3122486628,-0.9171419605,2.1689355275,-0.0935280269,-1.7288909263,1.0203593226,3.5717937557,-1.3835777222,-0.2154877894,19.8820834271,-1.2882350562,-0.1149807957,-0.4495741088,-1.8258269558,-0.3600871736,24.2946807867
biasActivation=1,1,1,1,1,1
[BASIC:ACTIVATION]
"org.encog.engine.network.activation.ActivationSigmoid"
"org.encog.engine.network.activation.ActivationSigmoid"
"org.encog.engine.network.activation.ActivationSigmoid"
"org.encog.engine.network.activation.ActivationSigmoid"
"org.encog.engine.network.activation.ActivationSigmoid"
"org.encog.engine.network.activation.ActivationLinear"
