encog,BasicNetwork,java,3.4.0,1,1572770696584
[BASIC]
[BASIC:PARAMS]
[BASIC:NETWORK]
beginTraining=0
connectionLimit=0
contextTargetOffset=0,0,0,0,0,0
contextTargetSize=0,0,0,0,0,0
endTraining=5
hasContext=f
inputCount=2
layerCounts=3,8,8,8,8,3
layerFeedCounts=2,7,7,7,7,2
layerContextCount=0,0,0,0,0,0
layerIndex=0,3,11,19,27,35
output=0.8412856628,0.6139680865,1,1,0.8483281499,0.4311684338,0.9370714181,0.1275058469,0.3765493006,0.0015808948,1,0.0151817972,0.0667504779,0.764159781,0.9999592495,0.3794476879,0.9992680901,0.0237073606,1,0.9966252462,0.0030504591,0.9997937492,0.2753150472,0.1113716305,0.9999955432,0.0918917539,1,0,0.015938244,1,1,0,0.0167303789,1,1,8,30,1
outputCount=2
weightIndex=0,16,72,128,184,205
weights=-1.654046696,-9.2711033799,-0.9608843374,17.0759118037,-5.1921018832,-7.5161955255,3.4040519085,-0.9133758439,-13.7900298447,18.6703387641,-2.3180006728,-4.5418690807,-11.7092457309,9.4399750572,-2.0718500835,1.6126398931,-9.5117110659,-4.0613093792,4.5042396005,16.5677076667,-3.4913401346,5.624719179,6.9494913142,-0.2240828506,-9.9671354259,1.5339369739,4.5385935096,4.3841546061,0.1745453032,-9.4385963404,7.2389901069,3.1121296331,1.9700957289,1.5689733653,-0.8026549595,-0.2856971796,4.1488822712,-0.811838975,-2.3203610203,-0.2207120695,3.8195646449,2.0557382492,-7.4995084797,6.469853964,-3.9519879727,3.6780713129,-3.4145939319,-0.3280734755,-11.9518313034,-5.5888504633,2.8579001537,4.3601064438,-10.2705409241,-3.8323221508,10.7919606076,-0.4417047943,5.6931726665,-6.1417275245,-5.0212117811,0.2174156015,6.2158995429,3.6069922311,-0.8391598122,-2.5041553838,7.2769158932,4.6796622928,1.3480808458,-6.9293063955,-3.027697557,3.8600148668,5.402242996,-3.8085633919,-4.2469574236,0.0624808216,-10.5886351998,5.7068546761,-0.0561044117,9.4430102728,-2.3010637345,-0.1499281512,0.2583794916,-0.5190568124,-3.5499578309,-0.9679155371,6.4443993123,-0.5797636803,4.3254741644,0.3866344792,-0.8677814272,2.871753661,-1.1334690158,2.6777730959,4.6455828428,0.7522657797,-11.3643243036,2.2023582185,6.5099450496,-3.8532954522,2.0236782581,-0.8812050613,6.5951865549,-1.8327741792,-15.2308450682,4.348967046,-7.2859220115,5.949610395,-4.8696102788,5.0313317805,-2.3350791143,9.4715457536,5.4125729834,0.5258833851,-7.6929524002,4.8391287682,12.2250693952,3.4020376936,-0.8676297958,2.5050462473,-7.5617991913,-0.0013688604,5.2649381214,-3.64464427,0.8005363846,-2.7914994439,8.8720605249,-8.016620579,-7.4931673573,-1.2688093942,6.9178697725,-5.9389996728,2.8889920668,-0.687765258,0.4874337117,-1.31433564,2.3028899488,1.3005822587,-3.5666594363,4.4615566657,-2.0455120271,-0.1292898069,-2.110339764,3.2355446032,-2.4133724914,-1.3264750019,-3.3847570684,-10.0283178398,3.6237549989,-0.1792431527,-0.0860864018,-8.6509179501,2.5924612225,2.7538054362,-4.751830332,2.5165772344,-1.7597164115,2.2032981653,2.6841197542,3.3055085114,-0.889348686,-0.6174662446,-1.5633372502,13.7178628675,-0.0467230343,-3.2353069338,0.6478761626,1.2048720913,0.2876294663,0.6787974045,-10.167454108,-1.3546796811,-0.0935420201,7.4852166971,-2.1947131827,-2.1825782268,3.085446014,1.9020614385,6.2703545933,15.2207956045,0.1873387457,0.4339810079,-0.1917905403,-18.6682438951,-1.4693422472,-1.3729957555,3.9109357846,-2.5407931766,-7.4343596609,1.7394229258,-0.2174521879,-11.5147849184,-0.8026379678,1.6060355416,0.4492053089,-1.1826225591,6.3754036717,2.0477753841,1.8724878135,-4.2708697628,-0.3255049044,1.7885791027,-0.0670485667,-16.3708330205,1.8209947013,1.7427931124,0.2112621443
biasActivation=1,1,1,1,1,1
[BASIC:ACTIVATION]
"org.encog.engine.network.activation.ActivationSigmoid"
"org.encog.engine.network.activation.ActivationSigmoid"
"org.encog.engine.network.activation.ActivationSigmoid"
"org.encog.engine.network.activation.ActivationSigmoid"
"org.encog.engine.network.activation.ActivationSigmoid"
"org.encog.engine.network.activation.ActivationLinear"
