encog,BasicNetwork,java,3.4.0,1,1572770710287
[BASIC]
[BASIC:PARAMS]
[BASIC:NETWORK]
beginTraining=0
connectionLimit=0
contextTargetOffset=0,0,0,0,0,0
contextTargetSize=0,0,0,0,0,0
endTraining=5
hasContext=f
inputCount=2
layerCounts=3,8,8,8,8,3
layerFeedCounts=2,7,7,7,7,2
layerContextCount=0,0,0,0,0,0
layerIndex=0,3,11,19,27,35
output=0.0367105195,0.0000015577,1,0.0000001258,0.0039032256,0.9999957894,0,0.9879350581,0.0230800496,0.9016871294,1,0.9999783367,0.0446427223,0.6328229467,0.457093879,0.9978279118,0.2844543369,0.0389903076,1,0.0306083511,0.888057442,0.365872735,0.9998733482,0.9833139703,0.0000001724,0.6062871187,1,1,0.0362881801,0,1,0.9999059684,1,0,1,8,30,1
outputCount=2
weightIndex=0,16,72,128,184,205
weights=5.2425034672,-4.5901853201,-9.9119027419,-12.2530250482,-14.5587672824,-12.1765983347,24.0737725282,-0.3803714959,10.8227054734,10.4834441345,12.3704895055,-5.6732564259,-15.4841396508,20.4349861848,-1.3515583049,-9.7392656884,-8.7355713953,1.1964514769,2.0033757569,-2.6252805537,-9.4781136724,-2.5740842452,-0.855665224,2.9483822552,-2.6373109255,-12.4007343301,1.5387711334,0.9318518164,-2.797510507,2.3004873175,-6.3425458599,-1.3665499519,2.1163289001,-26.3237364472,9.4373322065,7.1731212587,3.0223413836,-5.2219014919,-7.4797289607,0.9470893691,-2.0668835211,1.3128703561,-22.5300094109,-11.2676110467,-1.7753134757,2.9940368765,5.5494643089,-3.2933156867,-4.7018296937,-8.7641065801,16.0748733845,17.3767999108,-7.5977962807,12.1861482353,0.6804175964,-4.5287223369,2.213889222,15.7301267909,5.8349946576,-7.040125624,-3.9282441025,-3.6377523177,-8.5613141621,-1.8477389454,-5.5333707067,-13.9272073977,3.0289172523,5.378058087,-6.8195785708,7.7269625351,14.6611106677,8.0312227854,1.2096850085,-0.2278071681,-4.2121353196,5.9046593583,10.0773438199,-2.3008228208,-7.2889447041,1.0523432358,2.7849357671,6.0713932936,-0.6307673868,-5.4511730253,-12.9142997383,-25.5561455143,9.5972466246,4.0210095919,1.6999656136,-1.3874987181,2.0582814584,-9.0648154844,10.0105052486,15.0312950932,-4.7272208609,3.0576711357,-1.6368596151,2.2885775426,1.2960901008,-8.2551757501,5.5115951697,13.2961591732,-8.211986344,5.1847825393,1.1216089853,3.1596403037,-5.9491533238,-3.2237527819,6.7544233844,-4.7713231654,-1.4709198972,2.9396783437,-9.4372573796,-1.7743116657,10.550871828,4.7512387275,-2.9310298998,12.5554068373,-0.4531557393,-4.5119734492,-1.31298237,1.6933502017,-2.0918581202,4.4137619663,-13.0325330675,-10.9549018345,5.5511392255,1.1333649871,1.171724204,7.0722688099,0.4673625,-1.0782255504,-5.354508311,0.5831895311,0.0640763377,0.9652810433,0.9491719169,3.7172247924,0.9677793185,0.3654435852,0.4547159277,0.8768864853,-2.9562166574,-0.7100159174,-3.81026926,11.3946176873,0.8766411096,-6.0175204264,15.089373972,-4.3119955761,1.2642657378,-1.9116238842,-1.2473403534,-24.2642994566,-0.7663076805,-4.467664861,17.0382576756,0.0316133033,2.6461971078,-1.4988139414,-0.4709554359,-22.0644409641,0.6199584812,-1.8156272908,6.9701643124,-0.0496635844,-0.6215119882,0.2437724649,-3.6492564193,19.7525441879,0.2102348286,-4.2882918505,-2.290953004,-3.3778013547,-1.0578682111,-2.6839501537,0.1687742595,13.9024076852,0.285723849,1.2549376923,0.7174613361,-0.8120350083,-1.5958000829,-1.4018321392,1.0409857941,1.3046109132,-0.198607086,2.946337845,0.1811015193,-32.2830485742,-1.2221374949,-0.8515798169,-0.8998391641,-4.5261347943,8.0246184573,-0.8452470375,0.4692304192,0.4388740428,-7.6482790247,0.8657946471,2.8492668925,0.1039523069,3.4417597449,-4.3553245859,-0.5505133343
biasActivation=1,1,1,1,1,1
[BASIC:ACTIVATION]
"org.encog.engine.network.activation.ActivationSigmoid"
"org.encog.engine.network.activation.ActivationSigmoid"
"org.encog.engine.network.activation.ActivationSigmoid"
"org.encog.engine.network.activation.ActivationSigmoid"
"org.encog.engine.network.activation.ActivationSigmoid"
"org.encog.engine.network.activation.ActivationLinear"
