encog,BasicNetwork,java,3.4.0,1,1572770720221
[BASIC]
[BASIC:PARAMS]
[BASIC:NETWORK]
beginTraining=0
connectionLimit=0
contextTargetOffset=0,0,0,0,0,0
contextTargetSize=0,0,0,0,0,0
endTraining=5
hasContext=f
inputCount=2
layerCounts=3,8,8,8,8,3
layerFeedCounts=2,7,7,7,7,2
layerContextCount=0,0,0,0,0,0
layerIndex=0,3,11,19,27,35
output=0.1147551312,0.3846142227,1,0.0000279261,0.0000097964,0.1970106027,0.5032877185,0.0064990379,0.0000197344,0.000083801,1,0.0226906837,0.4654229346,0.9995143849,0.0000017833,0.0243898211,0.0039639018,0.7779967248,1,0.0036386477,0.4134451825,0.9998116823,0.0792335248,0.9518823317,0.0002947222,0.0618913252,1,0.9962602442,1,0.0985911945,0.018337699,0.9999373749,1,0.9999983274,1,8,30,1
outputCount=2
weightIndex=0,16,72,128,184,205
weights=-0.1718619859,-5.5419771181,-9.9441097881,-1.9916992968,4.4538306299,-3.8019005536,8.8190516321,0.8888785872,12.4516902267,11.4949036692,-7.6705156478,10.7220842018,-5.2074301298,6.6200333983,-7.820890925,-4.3212212181,-0.8480949301,-11.6669689462,-2.9529122881,-0.596842201,2.5732978282,4.495754439,-2.0341133854,-0.5831735542,4.331603784,-2.9088483638,3.9374047023,9.5084756249,3.220877219,-1.8016015553,-14.1687264152,-3.2616278358,7.226337264,-3.6703930502,-6.2597472912,-7.7356397091,4.7139206273,-4.1074027281,1.7674381946,4.9222004016,-2.2597057527,-9.7519324428,2.8651285767,-4.0104700489,0.2106305915,-1.3056330876,2.6736877746,-0.3406139001,2.4209704333,-0.6434360545,-0.9801388263,-1.1363848807,1.7623819117,2.3215983299,-0.6122186867,-3.3812622162,-1.1031580015,-0.3969949846,-9.8863324288,3.9395495579,-0.3950256914,2.8527958283,-0.2474187842,-0.5509831851,-4.0064818179,-3.7937803991,-4.6574542608,-2.4602825902,7.8037703182,7.3059152172,-2.1621161303,-1.4123362695,-0.0170921832,-0.8802275832,2.4769338745,-0.5500154541,-4.6289030315,5.8869750659,2.9167576228,-1.60783449,8.7897639765,7.2103379245,-7.4893411526,-7.2046406187,5.5042059219,5.8647645066,-0.2955278676,-0.3156060906,1.1730526411,-6.0018747536,13.4087307145,-7.5067216855,-2.6479731468,5.5572049514,-0.9471579349,-0.1270932959,-0.4768663899,2.78854576,-3.5496690293,6.5537849213,-11.7659677819,7.4082913722,-1.2064856015,-0.0861976524,-0.5018890268,5.1984259705,0.5856497977,7.2349688605,-7.6379266033,2.3131850757,0.7893660764,0.2257439313,-3.9911543578,2.903328984,-3.6198871411,10.2479732832,-4.9397038261,-0.5710506013,-1.4511527652,0.8868216473,-1.4207962058,-3.9473055804,-3.3440825176,6.6892996397,5.8183087712,-7.4317044569,2.7543047866,-0.0019921934,0.7528660905,0.2078319443,2.0904626984,-0.0313600181,1.3453556448,2.241793442,-10.9202985871,0.557308956,-2.0487022383,6.2831542541,7.9412294087,1.0863571003,-1.6843230256,-3.0745861478,2.5214678971,-3.157371424,10.7633440485,1.2223829772,-8.2581255274,-1.6751583525,-3.423688058,4.8064603304,-7.2393914547,3.3330066903,-8.5610789811,4.5581676905,9.9388647877,0.6400457251,-9.5117731632,-0.9669953648,11.8871438999,-0.8824846818,11.6584324481,-4.3730414249,4.110987646,1.6282235596,1.4908883647,-2.9561253173,-0.2816241126,-2.9452104367,-11.4960293434,-3.5974197373,-5.0056559309,-3.1416409453,-2.2041451502,3.1412376909,4.2640258435,2.2711489478,-0.5856163672,-0.1619967287,-1.409946775,-1.874967144,1.4979589799,0.4478214811,-4.2646737817,0.5193081792,-2.3613615048,0.3802334711,13.0688761135,-1.0909250263,1.1225876655,-0.8633446073,0.4547069268,-0.1249043367,-2.1035022411,-0.4330664327,-0.1404979167,3.699180596,-0.0760761926,0.4237397785,-2.4253020951,1.3137098017,0.91338785,0.7084091257,-1.8850974538,0.9003157428,1.372436667
biasActivation=1,1,1,1,1,1
[BASIC:ACTIVATION]
"org.encog.engine.network.activation.ActivationSigmoid"
"org.encog.engine.network.activation.ActivationSigmoid"
"org.encog.engine.network.activation.ActivationSigmoid"
"org.encog.engine.network.activation.ActivationSigmoid"
"org.encog.engine.network.activation.ActivationSigmoid"
"org.encog.engine.network.activation.ActivationLinear"
