encog,BasicNetwork,java,3.4.0,1,1572770736140
[BASIC]
[BASIC:PARAMS]
[BASIC:NETWORK]
beginTraining=0
connectionLimit=0
contextTargetOffset=0,0,0,0,0,0
contextTargetSize=0,0,0,0,0,0
endTraining=5
hasContext=f
inputCount=2
layerCounts=3,8,8,8,8,3
layerFeedCounts=2,7,7,7,7,2
layerContextCount=0,0,0,0,0,0
layerIndex=0,3,11,19,27,35
output=0.7410700593,0.6292868412,1,0.1078525612,0.0419331036,0,0.0000073685,0.382658884,0,0.9999932749,1,0.0000000051,0.9991264883,0.0000001983,0.03784053,0.4461566156,0.9999727435,0.0329851223,1,0.9999998512,0.9762343233,0.0005317141,0.9994770564,0.0002245084,0.13275894,0.0000489201,1,0.9135180462,1,0,0,0.9999353336,0.9999984273,0.0000005121,1,8,30,1
outputCount=2
weightIndex=0,16,72,128,184,205
weights=8.4476749095,-11.8459518845,-12.7617491761,19.2724229842,6.6447547649,-0.0946351931,0.7067352768,-2.6123751822,11.164524443,19.4928180474,7.6427253548,-13.0542040312,-13.7878191359,-11.7369315474,3.9823770512,-0.1985809355,-2.6152405171,7.1320900149,-4.3624009592,-6.1135781268,-4.468528926,-10.171291655,11.3239202679,2.7837728442,6.6748181858,3.7101151227,7.6150336746,-4.9248523203,-6.4299740693,6.6526135695,11.4539730168,-10.810826317,11.3055657257,-4.9110461731,0.2397077765,3.3225042752,-6.3494310499,-16.1749412725,4.2967098392,-1.593480422,-5.7748620342,-17.8651873698,-6.0129207367,-6.9253264717,-1.8217493356,9.1502158488,11.553257232,-2.4249120841,9.5890591823,-3.9683859391,7.8759993773,-13.1136728096,0.6534842445,2.9084753342,13.6503422655,0.3326578572,7.3126470711,0.8849051731,-1.4024494973,3.2840312078,-3.8257921538,-20.6873177056,-0.6672409298,-3.252673126,-0.4991137696,1.7408025753,1.0350128706,1.3595564981,3.1189979525,6.2008891172,0.8452740602,2.4987720786,-16.3545427143,-0.0810180311,6.5622502821,-3.7360232114,3.9193396139,-2.7043014998,4.7889679397,1.4233158269,1.1148703984,-1.4486261418,9.3294126578,5.6071020798,-2.6380948573,-6.8524165752,-1.7370740334,2.6427098042,-5.9667111242,-1.1102198568,0.8724194947,-4.7626622714,9.7317041629,11.0793636169,6.8613801654,-5.0968022704,0.0898191322,-6.0734125836,3.4965885755,2.1512695785,-3.0908088888,3.8425945146,5.4404933085,-0.0582595337,-2.1501281193,-3.9253943199,3.8111489396,1.1909603613,1.0187839832,-2.3338547759,0.4713203106,4.8832448719,15.478935639,5.1992505381,-5.5549057009,-9.7430343817,-10.895599257,-2.1598683785,-4.6331678278,-0.0141228588,9.1903207772,-18.1340578366,-1.7039373876,3.6228137387,-1.5877562251,2.4150520704,-6.4244047079,1.1946507998,16.5129599492,-6.4792099509,0.7225855629,2.4750119728,-0.0984845779,13.6005432918,-1.9090752821,-6.3873034234,-9.9644692479,-1.0293867942,0.2350797362,-0.3154750388,-0.2275528757,16.726867539,-1.9220559624,-2.651732557,-18.7223890839,-1.0848746805,-0.0081943098,-0.9803132848,5.8664643067,4.7210081734,-6.2915095193,0.0621598085,9.6653535858,-2.3215505505,0.9611413655,-0.3042535881,-0.6122389434,3.9977458481,-6.928250721,-2.3379472609,-8.4712188745,5.5925777765,0.4789507101,-0.7146528158,1.2618204235,-12.1345089132,5.2384279561,4.6174087641,10.2502006419,3.5384559294,-0.8050244561,0.6011878368,-3.2283151937,-14.982600863,3.3303629653,3.4317008569,-15.3187753184,2.6184866752,-0.6499042008,1.7996494845,1.1283882076,-2.8447276558,7.73167241,3.1666222708,-2.0906888901,-0.1685613358,24.1397185596,1.414859106,0.8720161655,-0.3481381727,-0.9722650205,-1.0946703476,-0.863057297,1.2415861208,-6.1359469849,0.5987767914,-2.092972381,0.7925994565,2.6119993595,-2.40249243,0.5128878449,17.1960121788,9.4509683332,-3.0369387041,1.015616519
biasActivation=1,1,1,1,1,1
[BASIC:ACTIVATION]
"org.encog.engine.network.activation.ActivationSigmoid"
"org.encog.engine.network.activation.ActivationSigmoid"
"org.encog.engine.network.activation.ActivationSigmoid"
"org.encog.engine.network.activation.ActivationSigmoid"
"org.encog.engine.network.activation.ActivationSigmoid"
"org.encog.engine.network.activation.ActivationLinear"
