encog,BasicNetwork,java,3.4.0,1,1572770746250
[BASIC]
[BASIC:PARAMS]
[BASIC:NETWORK]
beginTraining=0
connectionLimit=0
contextTargetOffset=0,0,0,0,0,0
contextTargetSize=0,0,0,0,0,0
endTraining=5
hasContext=f
inputCount=2
layerCounts=3,8,8,8,8,3
layerFeedCounts=2,7,7,7,7,2
layerContextCount=0,0,0,0,0,0
layerIndex=0,3,11,19,27,35
output=0.6666684834,0.5384624764,1,0.0709195581,0.9999998132,0.0000006222,1,0.9680458229,0.0043237542,0.0000649404,1,0.6678620838,1,0.999999773,0.0343881506,0.9999555675,0.7807646305,0.0367543926,1,0.9265475385,0.2155557338,0.9999827997,0.000745936,0.8587014485,0.014309444,0.0002797783,1,0.9999999627,0.9999999464,0,0.9887251072,0.0690157634,0,0,1,8,30,1
outputCount=2
weightIndex=0,16,72,128,184,205
weights=-6.928994065,-10.8508294243,10.1913868637,9.4443886379,-6.2549226768,-12.9378097533,-4.1871761147,8.7022525678,9.6126222685,8.0791264576,-5.8878777445,8.3237245062,-8.4210565857,2.9150669275,0.1840281367,-8.7910615912,3.4949573128,3.9668553321,-0.4762765421,0.2060873728,-5.7289915108,-2.468839027,-2.1584132815,-0.6688140928,1.3449580443,15.2104802551,0.8486108631,-2.1582184003,-1.0147712866,0.076678784,-4.3259342414,-0.2762935371,-20.9052890159,13.5786069649,-2.9524488533,7.4463423403,-5.2052303159,-6.2885246416,-0.7089359459,-1.069464359,1.528367925,1.8007576372,9.4615752962,-2.8690506864,10.0712579242,2.2442069028,-3.4501764348,0.0572687863,-14.1331393596,1.8023832376,12.4717112399,3.4508856013,-5.4161033735,0.2109506729,-15.4678230025,4.2768735357,-4.3588710854,-4.2978450685,-2.9526084054,6.7316814417,0.2379020651,4.8746003172,2.7733875643,0.3450481818,0.9088870423,-2.0793299557,1.2455985401,4.8904457281,-3.0985711616,-9.5857068808,2.8371880077,0.8949067783,6.674916964,-9.4426149876,-8.2032101552,5.9587784073,-6.41330065,6.2629668775,-6.7219707811,10.1673091532,15.1241681124,-8.3549594147,11.9374139989,-0.9468357131,2.2656791141,-12.0042529344,-6.0535089906,0.2129092017,6.7579804031,1.6017373792,5.7658354533,-3.2901380455,-0.3725248305,-2.5458633648,-5.6876964339,3.2859816062,-0.663798557,5.0398876016,-0.8149809817,-4.4472692102,-2.3616002036,5.2010927088,2.0724625976,-1.0351963653,2.118644002,-0.0172952506,11.5938047454,-7.6018581399,-5.2644259161,-0.2991391809,-3.7019857359,1.0001504312,0.81704424,1.5628420695,7.0658174898,-0.9050615003,-6.3201814006,-5.5145065461,-3.2050744658,-1.3818477438,-12.2806213934,-0.3561262012,-2.0500233884,-3.0619412875,13.6405028602,5.992401068,0.037109272,-1.5573118431,2.4498572284,-3.6505035603,-4.3446810329,3.2040274964,-18.9298303491,-0.2177426848,-1.5018711568,1.8740274309,2.4705590571,-0.7359517774,-1.3685827791,-6.3744705542,11.6066844067,0.8100787347,-1.1421976055,2.4751916453,2.8483790595,0.7537494866,-6.0942479679,6.6229926237,-18.6180327202,-0.5312116498,1.2792626071,2.105055721,-0.2608243661,-2.2102158326,5.7439488323,-3.5915771663,3.3306986778,0.8593111173,1.1673575827,-1.4078726612,-2.7108024151,-3.9200668035,11.1539991267,11.3398610746,-0.8237596306,-0.8610964469,-0.9649164056,-2.7197377831,-2.7434575876,-0.5076180568,2.5996247001,-0.3878560707,14.0659906057,0.5164790691,1.952672143,-1.5686392577,-0.8314955234,-4.2886497826,1.5720499809,-4.374229588,11.1096080298,0.1159642662,-1.5161998216,0.4970844458,1.02167468,0.282134092,0.4669098842,-1.4072467396,0.9110603079,0.6674536229,6.218250881,-3.3895767986,1.2824784096,-0.55973162,0.225480281,2.1872824905,1.8604991624,0.2132026096,-23.8819789976,-1.359986698,-1.0865719825,0.2007307831,1.0856802611,-1.77258239,0.0431756834
biasActivation=1,1,1,1,1,1
[BASIC:ACTIVATION]
"org.encog.engine.network.activation.ActivationSigmoid"
"org.encog.engine.network.activation.ActivationSigmoid"
"org.encog.engine.network.activation.ActivationSigmoid"
"org.encog.engine.network.activation.ActivationSigmoid"
"org.encog.engine.network.activation.ActivationSigmoid"
"org.encog.engine.network.activation.ActivationLinear"
