encog,BasicNetwork,java,3.4.0,1,1572770755162
[BASIC]
[BASIC:PARAMS]
[BASIC:NETWORK]
beginTraining=0
connectionLimit=0
contextTargetOffset=0,0,0,0,0,0
contextTargetSize=0,0,0,0,0,0
endTraining=5
hasContext=f
inputCount=2
layerCounts=3,8,8,8,8,3
layerFeedCounts=2,7,7,7,7,2
layerContextCount=0,0,0,0,0,0
layerIndex=0,3,11,19,27,35
output=0.2405041729,0.2666711134,1,0.8640165999,0.1355475202,0.8134904473,0.0255295626,0.1319884127,0.9999990121,0.0000073415,1,0.4523137361,0.9845492734,0.5317426016,0.1774348476,0.7264049497,0.9928090471,0.1229886813,1,0.0094325417,0.9997515391,0.0000180069,0.000003339,0.0180194964,0.0000212494,0.5359484773,1,0.9702547884,0.9999999999,1,0.9999002028,0.9999999942,0,0.0072649783,1,8,30,1
outputCount=2
weightIndex=0,16,72,128,184,205
weights=-8.2118323414,-0.4147190826,8.4203488794,2.6030190493,-7.813865373,-5.7921833711,-8.4573117551,5.9087083267,-6.1569796088,7.6059384669,-6.3755400492,4.5255724585,1.4773573244,9.4200760857,8.0436187206,-1.2670265227,-6.6125176999,-0.9539775221,0.835760488,0.4944281703,6.7102510064,0.6804006215,5.721404688,-1.0064440745,-3.4894509028,4.3014389951,3.7995084201,3.2916320003,-1.1679753096,-6.4896296084,0.3476184465,0.1347960681,-1.3469894203,-4.788956299,4.2131592558,1.8636714078,3.3323234047,0.1519573931,-2.1424859588,1.9181011038,4.2786383617,1.967894115,-1.834901277,-1.70806765,-4.2031014612,-2.6970589471,-1.6545006295,-0.3017637257,-1.6517880206,-0.0864862272,-10.7780056606,0.307477416,-2.347249036,3.5197965756,10.493160049,1.545380514,2.6016302497,8.68384797,4.2175105754,-1.2780173609,-0.8796765571,4.5792985537,-10.2097951772,-0.5662955785,-4.9392082498,-3.6840114091,4.6045736114,-0.9343181757,-0.1954987871,-7.7072119314,3.4317019789,-0.8717259261,-10.3556727388,1.7471009885,0.1935406059,7.1120469528,-5.6933338243,5.5066760827,-1.2225181778,-1.0826596347,-5.169488168,2.6860086483,-3.331448771,3.7771020255,-7.1670492511,0.8801540288,4.2543343583,-0.6329806792,-8.282361178,-1.7014714472,4.3699036696,0.1423862589,9.7004681,-2.0380814475,4.0557957688,-0.4422171575,0.6262814287,-0.0367750447,0.0309808111,-2.3330213286,1.4366454889,0.8746975946,0.6402192917,-1.8719892622,5.5370090776,0.4843368111,2.4460875,-3.5195191047,0.5072425431,-5.9158269401,3.5601500084,-1.4770898133,-5.9354230705,-2.0491812672,-1.6148301558,-5.2852467344,-5.2107624253,5.3985234296,5.2685492239,4.3025292902,9.0977921565,6.4465819343,-2.7398600443,-2.8721710114,-2.9286064296,2.7572687279,-7.8037812809,-4.2600260399,15.0122486013,-3.363486406,-6.0863303168,1.7859873188,-7.868012949,-0.4042890729,11.4975434847,-3.7713273236,4.2305976659,3.4851686079,-1.6648147904,-4.4843402494,6.540503164,-0.455614634,-0.3219803959,0.3205937363,-1.3806142585,-4.2458596645,-2.0716115047,0.2856070883,-3.6559310188,-2.9056370931,0.4500913852,0.0993636299,-7.1957132324,3.664900229,1.8606687663,-5.5017233022,-5.27926988,2.9189491662,-1.2995719632,-0.3638561211,-3.4357607482,-5.3032685843,-0.712561148,8.5237764877,-1.869073285,-1.0132025109,3.2773321777,-1.3263864123,-12.6037038018,0.3273908379,-0.3185039676,0.8456689562,0.8213739712,0.9164035357,4.2138995732,-0.2368154721,5.5504117188,-3.5449750189,0.0794165321,2.9208654142,-2.9439399596,1.3915952452,2.5631256146,-1.7709676448,-1.1621372443,0.3067614323,3.5791455261,-0.7305956925,1.1717542118,-5.9717718699,-3.4843348966,3.6724110987,-0.3368445853,-0.9431244106,0.4674590414,2.7334950785,-2.679700597,1.3764839496,-0.8895388534,1.6643217213,-4.4591642959,-0.1826270208,2.3809297218,-0.8066242506,0.2338912665
biasActivation=1,1,1,1,1,1
[BASIC:ACTIVATION]
"org.encog.engine.network.activation.ActivationSigmoid"
"org.encog.engine.network.activation.ActivationSigmoid"
"org.encog.engine.network.activation.ActivationSigmoid"
"org.encog.engine.network.activation.ActivationSigmoid"
"org.encog.engine.network.activation.ActivationSigmoid"
"org.encog.engine.network.activation.ActivationLinear"
