encog,BasicNetwork,java,3.4.0,1,1572770768834
[BASIC]
[BASIC:PARAMS]
[BASIC:NETWORK]
beginTraining=0
connectionLimit=0
contextTargetOffset=0,0,0,0,0,0
contextTargetSize=0,0,0,0,0,0
endTraining=5
hasContext=f
inputCount=2
layerCounts=3,8,8,8,8,3
layerFeedCounts=2,7,7,7,7,2
layerContextCount=0,0,0,0,0,0
layerIndex=0,3,11,19,27,35
output=0.1524604688,0.0002971705,1,0.5702596277,0.1764637312,0.7526886471,0.1441826184,0.0426258779,0.8548794054,0.0186352406,1,0,0.4018318065,0.7614020202,0.9903844283,0.459460841,0.0007574725,0.0000004245,1,0.9999990113,0.0081066036,0.6756462733,0.9933397782,0.8835271229,0.6089794877,0.000532208,1,0,0,0.9819793121,0.0000000189,0.9710944086,0,0.9999925618,1,8,30,1
outputCount=2
weightIndex=0,16,72,128,184,205
weights=10.3961609221,14.0774228549,-10.1743806795,-19.6479599186,4.9875669105,-3.1262249552,-0.9206148253,2.8400393664,-13.5162184008,3.8016418849,14.4184680832,2.6410880796,1.6137646883,-11.7667189328,-7.7880778352,-2.1819513635,-2.0372431794,-6.4695750634,14.5535015424,0.6273695652,-9.165099084,-9.0177743801,1.6590112318,-4.6019768403,-5.8462309495,4.6605145153,-1.1737992652,-3.077706424,7.059223596,2.7265254662,-0.5235432824,-2.7168913987,0.3967873396,0.2777870629,8.2183941285,-12.0670734514,11.1656270102,0.093093026,-11.4309695648,1.5646856095,-9.9460488553,-2.0120704015,-3.0293878791,0.8266944116,-1.5923932923,-1.167332025,13.937503873,1.247894996,4.8291192647,0.8276146794,1.2271173944,-1.5124348763,-0.5067007907,0.9664546003,8.5876237275,-2.648658868,-8.8717026281,0.6726897503,8.384031901,-7.0932824985,12.4481953722,4.7558502238,-3.1560567703,-3.5785145053,4.9835602107,-1.5374943841,0.8688916879,-4.7103846573,2.1076386548,-8.478545202,-1.7622767165,-0.304514312,-4.7678582764,7.020515486,-0.465853964,-15.545938262,-3.3174055857,-6.2418454585,12.7931429304,-1.162653113,2.5058553096,6.9364554455,4.4171299346,-7.83388667,-0.9244219101,2.3902526413,4.4564733983,1.1961368069,-3.9368287395,-0.1937491654,13.7124458851,5.9863049333,-3.186498846,-16.0950028896,-2.3131490696,2.5056950236,-1.2288547332,3.6977933119,5.0794393486,4.7690096347,-1.7715247439,0.7386922203,-5.2666706074,-1.2174202083,9.2963583458,1.0857642122,-12.6631080548,-11.3720458708,9.09366748,8.0820167399,2.2570945619,-2.5730626152,2.3263327171,3.780201787,-5.0785584215,1.8866855112,-1.3861182355,-7.8907282558,2.1759679266,-1.9557445701,-2.9807614105,8.4183845466,5.7380112283,-7.4666682725,-3.6635431718,-2.078078805,2.7311275796,-3.7189637089,-0.790420594,1.3096491735,4.87281774,0.1916264853,8.0294470821,-7.6250365287,-3.3523170671,4.5968201291,-0.5468465392,-6.1549787458,-0.7035822286,0.6191080421,-9.5286448333,1.4552380738,2.0828598717,3.0543358746,0.188627579,-9.5256752725,8.2382481591,-0.7252380701,-10.6814662525,-2.049235746,0.6381109625,2.3786516954,0.4585747339,-2.0143091137,6.4994308015,-0.0314648543,4.7127505476,2.0003478259,-5.9699698996,0.0160131983,-0.0623356365,3.5333101662,7.1973230747,0.3563874062,7.2798577469,0.9997428337,-5.4954776829,-6.6153511564,-0.9389942851,7.5934792595,-9.5034898769,-0.0781783561,11.80583762,-12.8305676064,-4.7825200193,3.0931565643,0.3031405993,2.4746060248,-6.9589534984,0.6612169263,-7.523834218,-3.7289668478,5.7611582145,0.8408425649,-1.1637583631,-0.872530561,0.2776070023,1.1519834454,-5.8337663947,0.2083710541,-1.7541100801,0.2624499192,10.1574328822,-0.9310854042,-0.3222714201,-0.6691121127,-0.8966549284,0.2445337976,3.3516141384,-1.4210347918,-1.4430527821,25.6385339994,-0.6741816931,0.4559478672,3.5238960853
biasActivation=1,1,1,1,1,1
[BASIC:ACTIVATION]
"org.encog.engine.network.activation.ActivationSigmoid"
"org.encog.engine.network.activation.ActivationSigmoid"
"org.encog.engine.network.activation.ActivationSigmoid"
"org.encog.engine.network.activation.ActivationSigmoid"
"org.encog.engine.network.activation.ActivationSigmoid"
"org.encog.engine.network.activation.ActivationLinear"
