encog,BasicNetwork,java,3.4.0,1,1572770786220
[BASIC]
[BASIC:PARAMS]
[BASIC:NETWORK]
beginTraining=0
connectionLimit=0
contextTargetOffset=0,0,0,0,0,0
contextTargetSize=0,0,0,0,0,0
endTraining=5
hasContext=f
inputCount=2
layerCounts=3,8,8,8,8,3
layerFeedCounts=2,7,7,7,7,2
layerContextCount=0,0,0,0,0,0
layerIndex=0,3,11,19,27,35
output=0.009431673,0.096824679,1,0.0002076354,0.9995505364,0.0043966141,0.9249876174,0.0007842539,0.2316699387,0.0000073051,1,0.9969858188,0.000735601,0.0428377191,0.0003062744,0.5077956343,0.0184711627,0.6043448206,1,0.9999999959,0.7468753299,0.000014223,0.2519773361,0.9379058454,0.0000014777,0.0000087149,1,1,0.0000000265,0,0.9959436577,0.0005422774,1,0.9511958199,1,8,30,1
outputCount=2
weightIndex=0,16,72,128,184,205
weights=-11.8448566112,-4.1058852405,1.6451441729,-12.1734330187,-22.5527759144,-10.5351264588,12.0265789353,13.1636069385,3.4069364541,9.4600703651,10.1867262955,-8.7536566639,-7.3944044822,-4.3595028368,2.2308381512,-2.6215551224,-9.550986501,-2.8810069162,-1.6482713646,2.6150214207,3.7121381327,-1.8275717582,-2.4708924435,0.7566262264,18.2545466294,1.7087423496,-1.594070843,-4.6985432386,-5.3282913224,2.5096424386,-1.9525978433,-6.5846800497,-0.5692225148,-1.9381769939,1.535868035,-1.4196995965,1.3191125879,-3.121368351,-10.34257484,0.7193572185,-1.8107833874,-3.336661745,-14.037275765,8.4202965005,-6.8010362641,-7.1003271822,7.9068246769,3.724892196,-2.5777842485,0.6283927748,2.1984169176,-1.9608424175,4.7869994646,3.9820386442,-11.0970703473,-0.4719290241,0.7387780339,0.7576788774,0.4799798689,-0.491008141,-9.4808283501,-4.9745232073,7.134311771,-1.3618010536,-6.2405771453,12.2600280802,0.6212375979,15.2441175932,7.6773844101,1.9868526816,-6.2372743436,-5.8112411157,-5.1454965412,12.6822127525,-0.8325651781,-10.7943724571,0.3877200619,7.1870285483,12.0495652081,3.8310615141,3.7013236906,-6.6228009002,8.4237810188,-1.0080643608,-1.5683000577,1.9120671992,2.4340276704,-4.2442205407,4.3492805882,-9.7524385712,5.6726797311,-6.3537148995,1.0625830849,-5.9441049895,4.8813302538,0.4322960862,2.2802004474,-4.1135509482,-7.0985064166,7.6837453945,-7.9263021637,10.1200715036,-5.9110356706,-1.8004806358,6.9888856417,-8.0689882437,3.8182752905,-7.342990426,3.4434304538,-6.6175363679,1.0150434784,-2.3105720521,1.0819244884,-5.2153031463,2.0011124541,-3.2823701962,3.3616063149,-3.1801079669,4.5483727711,-3.4854945923,-3.995840196,9.3351116371,-3.7784515828,8.7946982994,-0.4969654675,5.596068647,4.4146582185,-4.3026733801,3.5006842815,-6.6622138232,-0.7063758631,11.0870946904,-3.8867484834,-1.1126062558,8.7519630255,-2.4365273203,1.2695971091,-0.3648815338,-0.2911415009,9.2681494453,-11.8313181127,0.2533507522,-9.969995569,-0.181652402,2.0210640349,-4.1004213333,0.4178475615,-9.8119912108,8.560952599,4.3640210438,-2.5425871547,-5.3596716972,0.9130593194,-6.8309857672,0.9426253288,5.7186804789,4.4748377681,7.1645395908,-15.4634909817,-0.1547950335,3.7434092563,-3.0766651948,0.0578998623,-1.5967450044,-8.3890707691,-2.7341597786,2.7220028177,0.7114078768,1.1992505358,1.9664529458,-0.8955059713,-2.2687457882,-7.5378437657,1.279064101,-19.6822183606,5.0819173358,1.5320607472,-4.4389127887,0.0129466742,-9.5911996725,-0.8249005084,0.2651299554,-6.8271275123,2.5990137616,-4.2317421185,7.5252605221,-0.2309488208,1.135243075,-0.6776411606,-6.2005267784,-1.3394788472,-0.4740049713,0.8931143991,-2.7654376378,0.4540879138,14.0042727185,0.529147319,-0.3722327386,-0.5853867895,-7.9737916993,5.1207904456,-0.5709963319,-0.5296597687,0.2902767859,-1.5011214444
biasActivation=1,1,1,1,1,1
[BASIC:ACTIVATION]
"org.encog.engine.network.activation.ActivationSigmoid"
"org.encog.engine.network.activation.ActivationSigmoid"
"org.encog.engine.network.activation.ActivationSigmoid"
"org.encog.engine.network.activation.ActivationSigmoid"
"org.encog.engine.network.activation.ActivationSigmoid"
"org.encog.engine.network.activation.ActivationLinear"
