encog,BasicNetwork,java,3.4.0,1,1572770794347
[BASIC]
[BASIC:PARAMS]
[BASIC:NETWORK]
beginTraining=0
connectionLimit=0
contextTargetOffset=0,0,0,0,0,0
contextTargetSize=0,0,0,0,0,0
endTraining=5
hasContext=f
inputCount=2
layerCounts=3,8,8,8,8,3
layerFeedCounts=2,7,7,7,7,2
layerContextCount=0,0,0,0,0,0
layerIndex=0,3,11,19,27,35
output=0.5303034943,0.2769225244,1,0.9999992065,0.9996140407,0.2162987177,0.2720104819,0.0983132709,0.971733052,0.2080257177,1,0.0084362085,0.999955281,0.9998781934,0.9999989617,0.9998781589,0.0023369504,0.9999756817,1,0.8366540676,0.9917914278,0.0000000295,0.0007578451,0.1749085335,0.3553514303,0.2331512675,1,0.0262022454,0.0018396848,0.9999999964,0.0000014579,1,0,1,1,8,30,1
outputCount=2
weightIndex=0,16,72,128,184,205
weights=-4.8217542113,11.7162368608,8.931837891,-1.1158074301,-11.3686893255,-3.6966773282,-8.5914522769,-1.8999159295,-9.5934156131,8.9878915476,6.0670792335,-10.8242636657,12.1074078259,1.6830706989,6.6826712216,-2.9347632416,-3.4212717275,-2.221443129,0.5023018975,5.6278372593,6.8305068041,5.8727058061,6.3855395565,-3.0618757054,-5.0209951532,-3.5095928841,7.8898184579,6.0190176234,-6.7832787121,1.2395866337,3.1457579208,1.1371918552,-3.0620292103,-1.8608465863,-2.9646411831,0.2275108511,-9.4088545037,-0.3698921075,7.3454312435,5.3993171402,3.4635149378,5.3022020949,-4.1904485314,3.4084330236,-0.6858066355,0.5684995614,-5.6232893755,0.7734258015,5.3523460932,-6.5070764542,-6.6460065971,-3.1657194716,12.242335834,-1.1667192155,5.6961151643,-3.8776572144,0.68001169,-7.7793962794,1.9346790485,1.4724186264,-1.3124697453,-0.6569969532,10.1801912709,-0.9622593998,-6.9151151882,8.4383423521,4.2215515236,3.9882765444,-14.2081296726,2.7383133229,-6.8411448131,3.1151731212,-11.2426516354,-0.5800158412,1.1022016069,-2.2294352215,8.4539735938,4.7314060975,-6.153195546,3.4910454828,0.0544764302,3.338297214,5.1243241859,-15.141912531,4.2249820663,1.7773440182,-1.1459485571,5.56668265,6.7439493594,1.481740957,-11.2536105274,-4.6733254609,1.6289089336,-1.5108197454,1.6285183082,1.7768359829,6.0707353601,5.8696285873,-7.5965275519,-7.0129555061,2.6783969339,-2.5134925947,7.9208098463,1.4606787884,4.8203334724,3.1136216948,-4.6057561988,-5.6095189164,-11.3140406231,0.6330457415,0.7180993788,3.4824500762,0.0754303911,-4.6427806034,1.8375503217,0.8009304733,2.8878559462,-0.5575866981,-5.2340308585,-0.6022654176,11.5457471592,4.4344659967,1.0292795888,-0.3309006246,-3.271270175,-4.3086829889,1.8405764273,-1.7592155491,-10.7158601676,8.9538717587,0.4276411478,-10.1256659815,0.0841541435,-0.168746302,1.1281587473,0.2579084694,-7.6623415921,2.627307442,1.1901160213,-1.6932921821,1.6653520605,0.7728580246,1.0945122729,1.0402930877,14.1842395737,5.7411758141,-4.4057860648,-4.536993202,-3.3043485157,-0.3798200691,-5.3898687037,-4.6207735174,9.8803094344,13.9453896742,-1.1326468446,-16.60353456,-1.2033851679,0.6784234461,-2.5558579616,-2.5769005952,14.9179553981,4.5756977509,-0.7025559215,-0.4621986004,-0.8392388968,-0.5936342831,-1.0617624818,0.6530251237,2.437751076,-2.6626272439,-0.3029576455,3.0574513445,0.4706296562,0.7968558008,-0.7941617497,-0.0280889475,-7.0831007766,9.1757692357,-0.3734531838,-1.4724499012,0.0164282973,-0.5246264659,-0.2334075322,-0.4314549173,1.3210653273,-0.2244606429,-7.4500618593,0.4045482516,-0.447604564,3.8954312832,1.0623681308,0.3460490081,0.5526456742,0.3973077733,-0.5394146577,-0.4345015381,0.938719618,0.8000218348,0.4987637296,-0.8789467356,-0.9810974658,0.6211370267,0.5969231881,2.7634311033,0.3957823761
biasActivation=1,1,1,1,1,1
[BASIC:ACTIVATION]
"org.encog.engine.network.activation.ActivationSigmoid"
"org.encog.engine.network.activation.ActivationSigmoid"
"org.encog.engine.network.activation.ActivationSigmoid"
"org.encog.engine.network.activation.ActivationSigmoid"
"org.encog.engine.network.activation.ActivationSigmoid"
"org.encog.engine.network.activation.ActivationLinear"
