encog,BasicNetwork,java,3.4.0,1,1572766450818
[BASIC]
[BASIC:PARAMS]
[BASIC:NETWORK]
beginTraining=0
connectionLimit=0
contextTargetOffset=0,0,0,0,0,0
contextTargetSize=0,0,0,0,0,0
endTraining=5
hasContext=f
inputCount=2
layerCounts=3,8,8,8,8,3
layerFeedCounts=2,7,7,7,7,2
layerContextCount=0,0,0,0,0,0
layerIndex=0,3,11,19,27,35
output=0.7808213028,0.6578883569,1,0.6343110854,0.9938669625,0.9528609425,0.9991503786,0.0515181062,0.9999670051,0.9999894249,1,0.2482744861,0.0000000109,0.9999992679,0.0014456863,0.0008226118,0.9818954584,0.0086281103,1,0.6505693582,0.0033966433,0.2551423139,0.9995086812,0.9998643554,0.0002923145,0.0309323985,1,0.3513926695,0,0,0,0,0.9996510999,0.1189434933,1,8,30,1
outputCount=2
weightIndex=0,16,72,128,184,205
weights=-14.2756495253,13.1733700874,-5.4276524638,-3.7510553563,1.9155219627,0.9757607645,5.2480318466,-0.1696381772,-0.3707610505,-5.8931602163,-8.4572391252,11.039084393,-11.1991168411,15.4146145335,-9.2118645787,-1.8504207762,1.6013639197,-0.1232454869,6.2500263695,-1.516141132,-7.7740708715,-7.4348453872,7.6548048333,1.1459382222,-11.2099040813,-0.6927642701,6.1634778493,0.9307437601,2.3937779855,-0.8661736231,-4.4019274734,2.5927306047,-7.726460268,-6.3074925274,6.3483522677,2.1905795113,-7.5872687903,-4.9669759929,3.5682925708,3.4256405079,-4.094570992,-12.9701560795,2.51924119,-3.7492441305,-3.1747194382,1.8814614633,-0.2456128393,3.729960595,5.7400849869,0.7994464893,3.5901654013,0.9139369481,2.2928729697,-5.2745715703,0.4316754858,-2.756062895,-0.62326464,-9.7280131417,1.6415350395,-8.3084652074,3.1636150714,-2.0354062216,-5.24503691,10.8855510552,-6.9534128343,-5.5442097321,3.4886359834,0.0992062166,-5.1109027637,5.4284983077,1.1726863272,4.3584433241,6.3956185361,1.1296088892,-5.5316708954,0.0780375427,-6.8535720824,-5.9209105725,-2.9168412709,3.0054955667,-5.7237845868,5.9531936045,7.2646842359,-12.6850326834,-2.4178353914,4.2826689589,-3.4753168797,-1.2859763197,1.5288813976,-9.0527122166,-4.6973848533,7.8204894388,4.0936046633,-8.7216118763,0.7443362502,2.4318086643,-5.7277410207,0.0260587415,11.7862637982,-2.6415202602,0.0366373712,-1.5908121891,-8.5642623324,-2.9497265123,1.1536234638,-2.4580400799,-8.1975725187,-0.3575473499,-6.793330194,2.722247899,1.1196863376,1.3615315426,3.0113895425,-3.4510026651,-4.3970260257,-1.4702725123,5.4001053718,-2.1535259137,-2.4016501422,-0.6871109544,-3.3951475475,4.9590577987,-1.9582986051,-1.7243688567,-0.2613689988,-0.7544553672,-1.2136522321,-0.0298676701,-1.4776905825,1.2033559827,0.0864987272,-3.029794746,-4.8529346917,0.4815158341,6.0718254839,-0.0627595057,-1.4557018788,1.4349853204,-0.3061892257,2.8775687825,-2.7145630878,-8.1183183096,4.0343722224,2.4655813095,7.5816418363,0.7821397116,-0.6309904169,-0.2531908681,-3.0499788521,-7.3157956597,-7.5631107651,4.4773209377,7.9585254581,-1.9062469917,0.4672176469,-2.3542589916,-4.6478949618,8.0366445837,-4.4660545172,-2.6812740551,-1.0862543402,-1.2974414305,0.0970267558,-1.1837840988,-1.9611040497,11.1778222392,-10.1869615499,-0.675210761,-0.1148378713,1.0691380248,-0.1636179469,1.1897629877,0.2484159232,-9.6152664955,8.4409055483,0.510886237,-1.1200457359,0.1834706355,-0.7441793135,-0.3877531489,2.1640944103,-5.0646924272,10.9528646991,0.7091989817,1.1422699539,0.0354300394,-10.8139839952,0.702415739,-3.6962713885,-0.9136140974,-0.6836552765,-0.8942585361,-0.2565521985,1.1279528361,-6.1874839572,-1.5475874343,1.2149926581,-1.779721186,-1.1291031497,-0.5743248815,0.479741469,-1.8372690098,0.2103506221,-0.5174876588,11.839351559
biasActivation=1,1,1,1,1,1
[BASIC:ACTIVATION]
"org.encog.engine.network.activation.ActivationSigmoid"
"org.encog.engine.network.activation.ActivationSigmoid"
"org.encog.engine.network.activation.ActivationSigmoid"
"org.encog.engine.network.activation.ActivationSigmoid"
"org.encog.engine.network.activation.ActivationSigmoid"
"org.encog.engine.network.activation.ActivationLinear"
