encog,BasicNetwork,java,3.4.0,1,1572770803846
[BASIC]
[BASIC:PARAMS]
[BASIC:NETWORK]
beginTraining=0
connectionLimit=0
contextTargetOffset=0,0,0,0,0,0
contextTargetSize=0,0,0,0,0,0
endTraining=5
hasContext=f
inputCount=2
layerCounts=3,8,8,8,8,3
layerFeedCounts=2,7,7,7,7,2
layerContextCount=0,0,0,0,0,0
layerIndex=0,3,11,19,27,35
output=0.9995518964,0.9996549065,1,0.9893739175,0.8640690088,0.9971327792,0.0002729071,0.002251211,0.6645253401,0.0129030597,1,0.7214278045,0.0615342428,0.0045169712,0.9996678042,0.000607544,0.999960771,0.9887050082,1,0.0026499264,0.9999947387,0.9978362385,0.007182639,0.0000397327,0.910648837,0.369869326,1,0.0019242617,1,1,0.8406141297,0.9952119371,1,0.9999999996,1,8,30,1
outputCount=2
weightIndex=0,16,72,128,184,205
weights=-1.2349245256,10.1523710883,-6.4335999312,-9.6811221024,5.6332253257,3.0195776664,-4.9488169442,4.6218735449,14.3208581651,-7.5341729195,4.9124347599,-1.5222184681,-12.2931185078,-6.941519108,0.954717502,0.0429485659,2.0769699165,-5.8613108665,7.4996105644,5.4641660027,-9.7607692015,-3.2121137816,-0.315591701,1.429766832,-1.9585694704,-4.3779879283,7.2624673684,4.983510288,-5.5538068369,4.2186031264,-5.2588048801,-0.4984479308,-0.8546213957,-3.7727947989,-5.4597984712,-2.7095122968,-1.4198634368,12.5499921555,-2.5429884745,-0.6008533353,8.1902902829,0.1790543755,8.8997924917,-1.8058670881,0.4611810278,-8.0989923136,-5.7243780302,1.3973552835,-0.1709465698,3.0434111902,0.5159576609,3.0674612217,1.9406592498,-1.2599668118,-9.7085381077,1.6308641752,1.31682178,0.602797927,-4.5694495468,6.0313425819,-2.9094002704,-2.1530737102,-3.4554398038,-0.7410894208,4.9580530737,2.3713151118,4.6900495992,-0.4997861833,1.0240502839,-3.5936304141,-5.4509412723,1.4005773499,1.2433134611,-0.1374748357,-2.0309925493,-1.0131994236,-5.4839544404,1.2494905206,2.133847664,1.1927358955,7.4319757416,-1.4526389876,-0.2225460872,10.8152940303,3.5186403426,-0.0760650788,0.0694472505,-1.1038908385,-8.8810566681,-13.8793813748,2.7086949601,4.5406862437,-6.365883367,-0.6296482497,5.3196839536,4.3780614569,-4.8847986111,4.1378265443,4.9127313169,-4.7272318911,-2.2874849832,0.5789458823,1.7218193318,-2.1475275467,6.7067478589,-7.2895645067,1.3655897994,-4.8149742973,1.8918649953,-1.8233838776,-0.5270505922,0.3935517874,-0.3874531244,7.7659010759,-1.0223395232,-15.0866758599,5.7639599936,3.6683878002,0.5529604151,-0.0356533878,0.9299570288,3.8334226904,-5.0015047486,-4.644975349,4.6743637734,6.7530626565,-6.3325408593,1.8525738528,-5.0670162338,-0.0605404051,4.227536195,0.0342794015,-9.8582085746,0.0627992952,0.1084755453,-0.4768992416,-12.6313750781,1.281864093,-1.5093044466,13.7798386246,-1.8616488512,0.3532494591,1.4257817443,0.8970551782,-6.787245988,1.8655545261,1.5510370378,0.9593814465,-0.1460590445,0.6743217887,-0.669720042,2.0644982746,-9.1084040429,2.6686404349,2.9123957708,-18.3128298953,0.2271222008,3.6732125463,-2.8835598695,3.8859470533,3.2031491017,0.7023741927,0.4128601546,-0.4454854427,-0.8828133189,1.1713366808,-12.0073152345,0.8343525481,-1.7747338298,1.2261853274,3.3705078885,-4.3537568075,-0.3938547111,0.0496416656,1.2166663937,0.5137952731,8.994761008,-0.2550562797,-1.2067563848,0.8907671767,-0.0445027339,0.830222816,0.125263484,-0.7482611795,1.0761040966,-0.5564091741,1.8321556563,2.2341064205,0.642293956,1.0562043485,-1.0966616095,2.9467512606,0.2833783739,-2.0753047571,-0.0555716221,19.932391332,-2.4618738807,0.7929403558,1.2436101551,0.8429650571,0.8970456784,-0.1041287211,-1.3403937177,1.0497862861,0.8940919886
biasActivation=1,1,1,1,1,1
[BASIC:ACTIVATION]
"org.encog.engine.network.activation.ActivationSigmoid"
"org.encog.engine.network.activation.ActivationSigmoid"
"org.encog.engine.network.activation.ActivationSigmoid"
"org.encog.engine.network.activation.ActivationSigmoid"
"org.encog.engine.network.activation.ActivationSigmoid"
"org.encog.engine.network.activation.ActivationLinear"
