encog,BasicNetwork,java,3.4.0,1,1572770815049
[BASIC]
[BASIC:PARAMS]
[BASIC:NETWORK]
beginTraining=0
connectionLimit=0
contextTargetOffset=0,0,0,0,0,0
contextTargetSize=0,0,0,0,0,0
endTraining=5
hasContext=f
inputCount=2
layerCounts=3,8,8,8,8,3
layerFeedCounts=2,7,7,7,7,2
layerContextCount=0,0,0,0,0,0
layerIndex=0,3,11,19,27,35
output=0.7045241772,0.521814382,1,0.1718655696,0.1591238914,0.0000013294,0.0271857483,0.0064487068,0.2737504459,0.9234671302,1,0.0727780348,0.3374078658,0.9999897192,0.3305870938,0.9182229894,0.9667058218,0.0003758823,1,0.1044017653,0.999881455,0.4735465194,0.9970283885,0.8309726825,0.0046663122,0.4535507816,1,0.0000000977,0,0,0.9999999999,0.0045965202,1,0.9999988388,1,8,30,1
outputCount=2
weightIndex=0,16,72,128,184,205
weights=4.7950838456,-0.4961584461,-7.049295993,-9.4346927746,12.5510466372,-7.7099941326,2.7996584186,-0.1754411782,8.7405343694,-12.1193459316,-8.041176972,7.8281199297,-5.9012082613,3.1044457319,0.3081043818,-0.7955215952,3.7020115776,0.9313814361,-4.6903275957,-0.3040761745,7.7474231582,-2.7378873417,7.3131881111,-1.8352197315,-3.7532217481,-7.0394163905,3.9172759602,5.0641901895,-1.2661679857,-1.0600168175,1.2361201515,-2.4209619394,5.6343816614,-1.50591245,5.6236906416,-4.6891694074,-8.4446207781,-10.1794991665,-3.1177760908,0.0896321143,-1.4419931373,4.1781852205,-3.205842814,-3.6711951718,-0.3053803163,-4.9407454441,10.9246935106,4.5897003964,-4.3937513137,-13.7312676027,1.0170881341,8.6511809157,-7.2974346811,-0.0480154761,5.5670922203,2.7833503292,0.9097341349,-1.5735928948,-2.3090755044,0.549978246,-1.3235532331,5.3371731938,3.4871111947,-2.3291769066,1.7888299493,-0.2360065878,-0.7731683553,1.5687777928,1.8666333472,0.4347568544,0.7537924407,0.5598495818,0.6236757622,5.3552786146,-5.2886362878,-5.2692020027,1.6263723044,-0.4118182486,3.973460565,-3.3582915573,-8.549757684,5.7800032271,-2.7526461499,-9.2892812443,0.422685797,6.8768515005,8.720270743,0.665192237,1.1103437905,9.9462087552,-2.0965406103,0.2247726059,4.7143979649,-3.5909514189,-1.931922025,-0.8315832923,-4.1540285427,-2.2573019845,4.802428937,-5.06339513,3.8192730605,-2.8877847758,2.6107534745,0.4150210082,-9.139645961,-7.4397604101,2.4910618109,9.0124764,0.2139480968,1.5937553768,-6.8494085811,3.5675219063,-7.9427758232,-3.2824720011,1.2311085448,3.5806340445,4.5086559159,-2.1604603008,1.0282916843,-0.8760175948,2.1451741008,-8.831792325,2.6005436924,8.4123578064,-6.6059874725,1.3766478434,-9.2927378546,0.7997886401,-10.2502455619,2.3282074489,0.0188874771,-1.3187632289,16.4787997608,-1.545028782,1.7321196938,-1.0933151347,-5.8624754315,1.9552112334,-0.7072265803,-1.2850389246,-1.1586022248,-2.1383174055,13.9785886002,-1.5097903021,4.3043246171,-1.1662192226,-0.5577345267,-3.1163411454,-0.9589060178,2.4454495018,2.5736311856,-2.0042421615,-0.2965814571,-0.8354426516,1.3943691759,4.6024184761,-15.7465441148,2.9638174483,-5.3502240292,3.6720360658,-6.9031204949,-0.3240751445,-2.6220707081,0.6821372218,9.8075256356,0.4868280553,0.0992592615,0.2792323388,-0.3876013425,-1.263179131,-0.7248917743,0.487509019,-1.4340890807,0.0399770293,-6.5647787283,0.6811679534,-1.8025339896,0.3376425267,0.791589889,-3.5680562943,12.7204369161,-2.3414302558,8.7205888297,-3.0558958634,7.1508172845,-2.0249778719,-12.5985102985,0.5894788375,-3.5279925581,-1.0460500707,3.9997361791,-4.6174503713,1.114050222,0.93978402,0.5103155864,0.5806031131,2.0037803685,-0.2169176377,-14.9005624449,-0.806559005,5.4183878718,-0.3768923305,-0.8183976883,0.8857092788,-6.3580730722
biasActivation=1,1,1,1,1,1
[BASIC:ACTIVATION]
"org.encog.engine.network.activation.ActivationSigmoid"
"org.encog.engine.network.activation.ActivationSigmoid"
"org.encog.engine.network.activation.ActivationSigmoid"
"org.encog.engine.network.activation.ActivationSigmoid"
"org.encog.engine.network.activation.ActivationSigmoid"
"org.encog.engine.network.activation.ActivationLinear"
