encog,BasicNetwork,java,3.4.0,1,1572770877406
[BASIC]
[BASIC:PARAMS]
[BASIC:NETWORK]
beginTraining=0
connectionLimit=0
contextTargetOffset=0,0,0,0,0,0
contextTargetSize=0,0,0,0,0,0
endTraining=5
hasContext=f
inputCount=2
layerCounts=3,8,8,8,8,3
layerFeedCounts=2,7,7,7,7,2
layerContextCount=0,0,0,0,0,0
layerIndex=0,3,11,19,27,35
output=0.9285729999,0.8578948643,1,0.9715259221,0.1982936263,1,0.8640443012,0.0004857184,0.145579908,0.2376482625,1,0.0000088171,0.0030835412,0.9238484655,0.000000081,0.0169968824,0.9999999895,0.7896827474,1,0.0000788584,0.9999509741,0.0000008502,0.5251861345,0.9842050756,0.9999230584,0.4780665545,1,1,1,0.9999999972,0.9995072467,1,0,0.9235528366,1,8,30,1
outputCount=2
weightIndex=0,16,72,128,184,205
weights=14.6614629757,3.6152303508,11.6013136662,-16.3611653452,-8.9267416082,6.2048139643,11.3238301791,-13.4504863419,-6.8215581908,21.4762695098,11.0602436108,-4.6549055157,1.5904278101,-3.0731380265,-8.7315650509,-0.3499154823,0.0148003778,-11.8982274531,5.5171962421,12.9279917946,14.5073369682,9.4459006563,-10.6065377645,-2.8471721363,-3.9145644784,-1.0561750552,4.0467694424,-11.5553006902,4.0342200283,3.1354791433,-7.8822427832,-2.1118801955,-3.9622268928,-0.3509415459,8.0981596799,-4.6217480577,7.4858257749,16.1107527436,0.4407493128,3.0429391833,-1.2525501165,-3.4881556897,1.545794585,4.1416011939,6.2399119749,3.034651673,-4.8904992042,1.1532137353,11.2277474972,1.524255711,-10.6657214393,2.5422552,-1.4183538233,0.2324675303,0.2361836428,1.8244453189,7.1771863147,-1.4508856103,-0.1767148863,3.3667751991,2.9146973146,1.2766539433,-7.328177536,2.8587109083,3.2373980151,2.0641820319,1.9466801876,-5.3863397262,10.1423022036,-0.473744803,-2.7546383379,-0.4937993062,-2.5446749433,-3.4314022489,8.6539337229,0.5925322594,4.9504706377,-12.2144183567,-1.4589569145,-0.4798955231,-5.6939185652,-9.3561168901,6.7574829914,11.4808130616,-1.3580555238,-2.5614243526,-2.2125358178,2.5035211161,2.8464024551,3.493167334,-2.7845995105,-1.8990028776,-9.1116998246,6.8484619408,0.9417947277,1.6695402822,0.7785879858,-12.4525952665,13.9409923367,2.4342719539,4.433836368,-5.5705579837,-0.4959456984,-3.7115299834,3.2099471165,-8.4488555975,-7.1656575343,8.0444877347,5.5444995349,-1.6967823841,-6.8549291797,-0.3174018049,4.5236064447,6.0178205882,-5.6655767208,-0.5051897729,-7.9651154534,15.5087590118,0.4528330674,4.7387497019,0.3167087592,-9.1470095037,1.8342713489,21.478677498,1.5414666436,-3.3744153253,1.0558423785,0.5415185524,0.5455012131,0.3270565208,-11.1501815959,-0.3919736795,3.5935188307,-1.2580245754,-1.4908690396,-0.9949963329,-1.8798566278,-1.7732784321,12.7266047611,-1.8809157488,-5.5166695197,-2.8826415484,11.6782231544,-2.5391539398,3.5019471071,0.721291719,-9.1920120499,5.053527695,-3.7444047488,6.799847372,-15.8591047639,4.3311028079,2.9870627641,2.2046246644,1.1322880369,2.2747115988,5.958022216,7.701629151,-18.5187537624,2.648289038,0.2940737219,-0.8806346092,9.9742927289,0.949755865,1.3719958081,-0.5695248969,-8.5619484132,0.3305418913,-2.4633366873,0.4607124284,-0.9936980863,-3.4303828819,1.8801232384,-10.1671625133,18.1870354595,-2.7794091362,-0.8986752901,3.4761444572,-3.93916475,-0.0449934615,3.3350970565,-1.4336291589,-1.482093844,-0.6474283427,0.740061791,1.2447290358,-0.3165378528,-0.3734215398,3.5224211401,0.6271352036,-8.452627836,2.8898831818,0.6356735777,0.0342415816,0.2283712603,0.4899384935,-3.6427626253,5.6782063404,-1.2156744856,0.5523506,-1.394962796,3.4053454608,-2.446047686,-0.1409095631,26.2872965636
biasActivation=1,1,1,1,1,1
[BASIC:ACTIVATION]
"org.encog.engine.network.activation.ActivationSigmoid"
"org.encog.engine.network.activation.ActivationSigmoid"
"org.encog.engine.network.activation.ActivationSigmoid"
"org.encog.engine.network.activation.ActivationSigmoid"
"org.encog.engine.network.activation.ActivationSigmoid"
"org.encog.engine.network.activation.ActivationLinear"
