encog,BasicNetwork,java,3.4.0,1,1572770888850
[BASIC]
[BASIC:PARAMS]
[BASIC:NETWORK]
beginTraining=0
connectionLimit=0
contextTargetOffset=0,0,0,0,0,0
contextTargetSize=0,0,0,0,0,0
endTraining=5
hasContext=f
inputCount=2
layerCounts=3,8,8,8,8,3
layerFeedCounts=2,7,7,7,7,2
layerContextCount=0,0,0,0,0,0
layerIndex=0,3,11,19,27,35
output=0.3333389819,0.1707288676,1,0.000970992,0.4338935593,0.9872971256,0.0455988669,0.9999993013,0.0000467064,0.5026571147,1,0.5414396286,0.8530260858,0.0000168468,0.9999993644,0.0048444318,0.1675742175,0.9993757921,1,0.0182520071,0.2707909524,0.4459760123,0.9975481832,0.0001355971,0.0000019488,0.0001671387,1,0,1,0,0.0136246873,1,0,0.8210443071,1,8,30,1
outputCount=2
weightIndex=0,16,72,128,184,205
weights=1.7027500367,10.8350235264,1.7956149683,-13.7599053943,-9.3204806166,12.1098410451,10.0394609747,-2.2678894321,1.7510713312,-6.3722305413,11.895366162,0.8835185499,-7.1128949226,13.8184336756,-0.7938967673,-3.0905467815,-0.8600085444,-1.1462455813,0.1064335099,-3.3857031004,-1.2142761773,0.0883728986,-0.1236504841,-1.9924548861,3.3772904624,-6.2644016838,2.2310496165,2.618837804,-6.3851444618,11.2949481772,1.1013442911,-2.33222397,-0.2233225278,-3.608324359,3.3565297076,5.6453312771,-7.4228476566,-1.1437258673,2.813488236,-0.6774446173,-4.9520992997,2.1567913076,-1.2205065261,-7.5459278495,3.237977697,1.8438355092,-0.0276498054,5.0491730746,-0.7608366955,0.8335786526,-1.1915816698,10.1367167983,-1.9712131023,0.3516926154,1.0920297218,2.5975599533,-11.4257575411,-2.6011091658,5.9323067083,6.185462453,0.9886566699,8.5917205073,-10.1341321256,0.9312965177,6.2792476111,-1.5893164959,2.0375982724,-6.5199074805,-5.4995076699,2.7627886982,1.5616795653,2.4893575864,4.9595351145,3.6175027878,5.0457012657,0.3810982494,-1.2659742605,-0.6674910195,-6.1118663865,-3.5331999826,-1.2870372242,-6.7365094477,-1.5320600676,1.9275144287,-0.9301535774,6.1702155932,-7.8508140214,2.3681116334,4.028960985,-3.0184882043,-4.5401442596,-2.8467709156,-4.7735323641,6.3060523934,3.3986647568,-5.3828370639,-0.4265723439,-4.4505329298,12.9737053795,2.11849963,1.1834145403,-11.4494085793,-0.0179449245,7.5822889382,5.2603182765,-6.1430928887,-5.0356319129,0.4191384742,-3.7338349824,1.1021774958,5.7903140699,-1.9303899341,-0.357915285,-7.3313717297,-4.2621761339,1.6474672945,-2.1901374252,5.1295153746,-1.4236488717,0.6468093171,-8.3474271994,2.3893228134,7.8532178664,2.0083590548,-1.0813104868,-2.1933326363,-6.3341528879,1.3791808517,0.4375112876,-0.5595688588,0.0914069693,13.9947265376,-0.46631335,-1.1994190271,-4.65192479,0.6695852064,-0.4187838405,-0.0423246011,0.366759499,1.8903220501,-6.4814789702,1.2476990152,5.5352434833,0.9627550537,-0.9767620585,-0.1836820155,-0.3857629359,-3.4417502951,-10.7397877115,-0.0570067139,9.1137251743,3.2706475094,0.6458939872,1.5052947094,-0.9799584872,1.4273177115,2.1667302569,0.4425859744,2.644646617,0.1456273834,-0.8084497704,-6.4626327775,-0.776282838,0.4414849292,-2.10054195,0.6269883728,0.0097307307,-0.3565163394,0.7968384782,-0.3473559346,-0.6829992036,12.9832211629,-4.9511566523,1.6393946174,-5.0810343115,-3.854916957,-0.9714685454,-1.5285802207,-0.9263719995,14.1891196585,-4.3353447293,-0.2909236705,0.045821023,-3.0635377112,-0.949630184,-0.6281471848,-0.1403017981,-2.2413852205,1.8149182342,5.6533405975,-0.9596366557,-0.7041098451,0.3412878884,1.7470251486,-0.2699076956,-10.1611238555,-3.525554457,2.3069561243,1.4615650287,1.1688112977,-3.4854666779,0.190323285,-0.5570451564,0.1635625969,1.072922169
biasActivation=1,1,1,1,1,1
[BASIC:ACTIVATION]
"org.encog.engine.network.activation.ActivationSigmoid"
"org.encog.engine.network.activation.ActivationSigmoid"
"org.encog.engine.network.activation.ActivationSigmoid"
"org.encog.engine.network.activation.ActivationSigmoid"
"org.encog.engine.network.activation.ActivationSigmoid"
"org.encog.engine.network.activation.ActivationLinear"
