encog,BasicNetwork,java,3.4.0,1,1572770903157
[BASIC]
[BASIC:PARAMS]
[BASIC:NETWORK]
beginTraining=0
connectionLimit=0
contextTargetOffset=0,0,0,0,0,0
contextTargetSize=0,0,0,0,0,0
endTraining=5
hasContext=f
inputCount=2
layerCounts=3,8,8,8,8,3
layerFeedCounts=2,7,7,7,7,2
layerContextCount=0,0,0,0,0,0
layerIndex=0,3,11,19,27,35
output=0.5000153322,0.5714257783,1,0.4961058266,0.5243630158,0.999986654,0.0000003006,0.9999925897,0.0099004189,0.0004408404,1,0.9718074608,0.9999481453,0.0034854477,0.1095835629,0.9524225716,0.0000009979,0.0000000001,1,0.0129712179,0.8960926972,0.9547571496,0.9942480501,0.0000623567,0.0079264234,0.8117903439,1,0.9999999659,0.0000439222,0,1,0.4890272097,1,1,1,8,30,1
outputCount=2
weightIndex=0,16,72,128,184,205
weights=-4.1707656238,-0.4270421159,6.4456223646,10.0606912765,-0.647098352,-3.2949118541,-3.7419116117,-3.4710476679,8.9721616105,-9.7928755299,-10.9991129297,-7.7569331022,9.2108184244,8.7655400125,3.1027517481,2.6716187233,4.1040535968,-5.1259349406,-6.2820927288,3.9233053175,3.3476434895,-0.4576800052,9.5978626597,-2.4746624108,1.0037851113,2.8095060706,-5.6012050171,13.1117319931,-3.3737506251,-2.1440408983,13.7278730505,-1.8913861626,-1.4133214274,8.255165607,-6.239596008,-6.0562133547,4.7055754054,-3.4463701645,-9.6973620961,0.5467381401,-10.4601414307,-5.2040353301,5.1160063896,4.6635739904,0.0973721311,6.7219223454,2.8895767509,-0.270038635,3.8510883732,-0.1775915636,1.2425039813,-9.0536224706,6.5937323426,3.5326456657,-12.0255642391,2.9554691832,-5.7035528083,-1.8222372065,1.0156184348,-5.7882961416,4.1129519277,9.6952136819,-1.5809390286,-0.5268462643,-1.607616359,-2.2421937957,4.3199831028,3.4661189052,-3.0923742654,-0.9640367865,-2.8617406897,-1.3716542386,1.9216456104,-1.8724784792,4.7206250074,-4.6508956471,-7.5651370138,-3.0415832166,-1.1259135075,6.248768309,1.7143639506,6.1611678239,7.4109986753,-0.6295972669,-0.3749163689,0.3895844514,2.2204360492,-3.9315225159,0.7035228624,1.359887745,-10.5567619653,-1.9394906151,6.0949781709,-0.2277831796,-1.0712671847,5.9951702682,-3.0713743094,-3.7970433745,0.6949055374,8.1195360781,7.50514309,-2.8254811544,-11.3237567082,1.8254858061,1.0124558352,-0.9534184967,3.43323404,-3.627438045,-0.4858533986,2.4769798436,6.7296716803,-1.3161484001,0.1137978194,2.4944035866,-12.9032324796,-4.6171592136,6.0182527518,-1.7546064118,-0.9820121105,1.666491323,3.4527064392,-5.3548553749,-3.4523370932,-12.0013102602,4.4734652397,13.5337304176,-4.4538322381,0.3631300573,0.5268174046,0.9841097024,-0.5457888707,-4.0876183229,0.8451983912,-0.1135428319,-2.1483390806,1.0773483084,1.6346218351,-6.2387802207,-1.068976922,7.2315582126,-4.0185979792,0.6184913629,-7.9004968405,2.5358479452,0.989142801,-8.3433564261,4.8631162931,-2.3713970578,-14.4331810887,4.7822363786,4.1092250808,2.5987899243,0.2037403102,-2.8375889408,1.8576606966,2.5270900672,-14.2914977159,4.6799830464,4.904413738,-0.1737234603,-3.5672373613,9.5047590035,1.7262082362,2.1694866734,4.216176718,-3.3075963085,-3.8728347594,-3.1666381619,-0.8403984298,-0.2233330486,-0.8279323681,-4.5725438881,9.6716488851,4.410986866,-6.9260018391,-1.6313277557,1.8404497291,-3.1304963946,-0.2924778342,-4.2946291276,-15.4119919365,8.1292520947,0.9940199178,2.3296139353,0.8089073973,0.3327178693,0.7406725395,2.6221611744,-0.9504672214,-2.4963186281,0.6908994419,-0.9982729025,0.0195989016,-10.0880502995,7.5502571995,-3.7340482428,1.3617168965,0.2462816271,-18.3260821949,-1.1828669223,2.0360046778,-0.327918223,-3.6659284648,1.7025970576,4.4755051247
biasActivation=1,1,1,1,1,1
[BASIC:ACTIVATION]
"org.encog.engine.network.activation.ActivationSigmoid"
"org.encog.engine.network.activation.ActivationSigmoid"
"org.encog.engine.network.activation.ActivationSigmoid"
"org.encog.engine.network.activation.ActivationSigmoid"
"org.encog.engine.network.activation.ActivationSigmoid"
"org.encog.engine.network.activation.ActivationLinear"
