encog,BasicNetwork,java,3.4.0,1,1572770916737
[BASIC]
[BASIC:PARAMS]
[BASIC:NETWORK]
beginTraining=0
connectionLimit=0
contextTargetOffset=0,0,0,0,0,0
contextTargetSize=0,0,0,0,0,0
endTraining=5
hasContext=f
inputCount=2
layerCounts=3,8,8,8,8,3
layerFeedCounts=2,7,7,7,7,2
layerContextCount=0,0,0,0,0,0
layerIndex=0,3,11,19,27,35
output=0.6571424115,0.3802825239,1,0.3142138681,0.5038104116,0.9999999643,0.0001392993,0.9999848401,0,0.9964017533,1,0.9692276062,0.6343477428,0.9147807249,0.2755169882,0,0,0.9999999999,1,0.0000605777,0.9999938457,0.3664759335,0.9307506944,0.9975220738,0.1887678082,0.0007929974,1,0.9971843064,0.1534513328,1,0,1,0,1,1,8,30,1
outputCount=2
weightIndex=0,16,72,128,184,205
weights=24.4565878556,-3.5632790052,-11.2746333619,-20.3109098487,-7.2140907072,-2.1262395571,14.2871151874,-0.9830594456,-38.5333365772,11.5488247721,9.5270001574,-0.4703086839,7.0624900145,12.9304616983,-13.2672525368,2.4311377833,7.7855284713,-0.7728579574,-7.9625913771,-0.6280106717,-0.2387627693,-9.5162030475,-15.9453633421,15.5662356844,1.676509262,-7.6826324366,1.8689778447,-5.1622047071,-5.3051042573,-8.1158304655,9.2536702175,-6.2773166033,2.6101806534,15.200211767,1.7854490224,-0.9371893385,-6.5621472293,-10.4039935565,8.8293389825,-5.2271819663,-1.1922923061,-7.5122674035,-1.6129296569,6.0535914817,6.5801619139,-2.2171779895,-2.3989953199,-0.7511488449,3.8820657031,4.8619212968,1.4449748236,-4.4171216531,-11.112777197,3.0739048468,4.1148076458,0.0304361363,-6.8116710626,-11.1076073386,-4.5785354647,0.4370199007,6.8231375602,12.7273358199,-5.4488568648,-3.8563888805,2.9195436081,-1.9598883251,1.53327055,-26.6077517857,11.5683872828,15.4996553626,11.2752826545,-1.309749036,-7.1412092251,-2.406424795,2.6862602601,7.6217781469,-0.5193097416,0.4924020639,-0.1345414739,-1.7965210027,-6.6743337188,-0.1004781319,0.7207930011,10.2146708845,-11.2627796036,2.0730936831,20.9730280944,1.7072374118,-10.6455229414,-6.4608704569,1.4442158896,6.2310565381,-6.004773908,0.6599701623,-6.3972405216,8.3764881554,11.2098994139,4.1763946187,6.1002180871,-0.5859223388,4.8431790643,-9.9219409469,11.1248062223,-9.8011494245,3.0418263418,-1.0725625407,-0.2608302198,-8.136592779,-13.4106613557,6.1770088082,5.5272401244,-3.9771892346,8.5168660923,-2.2900504321,-0.9400191023,-20.1885812214,-0.1400417469,5.6954838255,-6.6094629104,-3.3902703517,-0.378225963,9.0853068815,1.8444699868,7.8318128363,0.7455779149,-2.0176106302,-21.400334232,6.0315052186,-26.8595568955,-9.6162413558,3.98143061,-0.303622014,5.2119443348,-0.9198317209,4.3151636374,5.0394916513,-2.4092163233,-29.0183269119,3.6762336162,-0.18022435,4.1832422961,0.2067502857,5.4663027404,5.5279026359,9.3932677042,-5.8018058056,-2.7923673935,-0.7633275124,-2.9244021129,-0.8226286198,-2.5643630939,-0.7427568417,2.2649823933,22.8159496999,4.8308235732,0.6559313293,-3.1002903799,0.6456139653,-2.4013558057,-2.4906418328,11.6064337593,-5.5671949397,-4.2144677023,-0.3532324911,-0.5852334234,0.9046963499,0.6834281139,-0.605334808,-14.417154313,-32.1917510515,7.1539727385,-0.4475802186,4.2621461904,0.3087642088,4.161932088,2.2803395251,-9.4508089775,10.010659308,0.8044427488,0.2919940582,-1.260887683,-0.754280544,0.5317122505,0.6738847468,-1.6153809471,0.2739053808,10.5756131277,1.6192775172,0.2817808006,-23.1154283805,-1.4156006888,1.2657350726,6.1765645822,-0.9353067474,-0.6053523142,0.1089889376,-0.8664135773,3.5958650371,-0.3729532942,-0.95229184,-0.963358327,0.0181591047,-0.5337976763,2.5709708107,-0.3675330786
biasActivation=1,1,1,1,1,1
[BASIC:ACTIVATION]
"org.encog.engine.network.activation.ActivationSigmoid"
"org.encog.engine.network.activation.ActivationSigmoid"
"org.encog.engine.network.activation.ActivationSigmoid"
"org.encog.engine.network.activation.ActivationSigmoid"
"org.encog.engine.network.activation.ActivationSigmoid"
"org.encog.engine.network.activation.ActivationLinear"
