encog,BasicNetwork,java,3.4.0,1,1572770927078
[BASIC]
[BASIC:PARAMS]
[BASIC:NETWORK]
beginTraining=0
connectionLimit=0
contextTargetOffset=0,0,0,0,0,0
contextTargetSize=0,0,0,0,0,0
endTraining=5
hasContext=f
inputCount=2
layerCounts=3,8,8,8,8,3
layerFeedCounts=2,7,7,7,7,2
layerContextCount=0,0,0,0,0,0
layerIndex=0,3,11,19,27,35
output=0.625482557,0.2811281283,1,0.0014709664,0.009474335,0.9998317417,0.9881302853,0.9999995255,0.0006440033,0.0160608428,1,0.0001080088,0.9999994944,0.0000153869,0.9796103965,0.2409641581,0.0000000433,0.000219999,1,0.999998766,0.0158041155,0.0000097588,0.9232660852,0.0141335393,0.6554576088,0.9774615604,1,0.0000031311,0.0000002186,0.4246441535,0.9999411198,0.0000048908,0.9999999979,0.9990651005,1,8,30,1
outputCount=2
weightIndex=0,16,72,128,184,205
weights=11.676794522,-22.2582790851,0.739243672,-1.4648226645,6.3362585514,7.9963990969,4.3029160876,-4.9956060774,12.6927540952,8.5651612491,7.4454152679,6.9641163977,-10.4130982111,-9.8920122711,-12.657627816,-4.7415533318,12.1921716834,-7.3101736915,-7.638448652,-5.2545261246,12.4074976669,-1.1452227949,2.3505100109,2.9457161867,-2.7887501182,-2.2811366851,-5.8212113456,-9.7654334866,8.2214992935,8.1571475105,-6.1693756514,5.2184675141,6.6939434876,10.0727701279,-9.311566181,0.1331779239,-3.5513092537,1.2419634064,-1.7654046967,-0.6578387937,-3.3138542487,1.4381282932,-1.5559203437,5.0280419001,4.2026052504,-3.1103073245,-0.6009615992,-2.9539883222,-5.8612965183,3.1546425475,1.2096645005,7.4168407079,1.2876614491,1.7704618992,-6.74321683,3.8324875843,-5.7162673513,-6.1748225664,-1.279755378,-4.61211527,10.3325592485,6.5842751743,0.405705868,0.8565041338,2.0656779583,0.0640418323,-2.7691940308,-3.6052119161,9.2753971129,-1.515770454,-0.1898112279,-2.8826955393,1.552618285,-13.5686323535,6.4742451442,-8.7346332514,-0.1650832164,5.4654592734,-4.6823077623,-1.4103059772,9.1525708024,-7.4561859211,-1.9156445113,7.0758735005,7.6705108033,4.6084073912,-4.9844237058,0.6729970205,4.1404069485,2.0061658779,3.5802253072,-2.8834383692,1.0333993903,-5.3123680118,-8.1334072423,-1.1744234562,-7.3302635497,14.3582095697,1.7642998647,3.1786910505,-7.0442423623,-0.9641683162,1.4771895781,7.3283061473,1.3232250639,-2.0047504376,6.5874441463,-5.2842271951,3.9674893601,15.7876369843,-11.0730848168,2.8590558597,-16.4625559176,8.797752028,12.3506752201,1.3842874329,2.9015538136,-4.5314801523,-0.9108154327,1.9102085622,0.8614596227,-4.0560420747,-10.2793231745,-6.2436378399,4.3609012526,7.9041658455,-2.7233724183,-6.0348734513,0.9914530135,-0.8978204717,1.0784041338,14.5240228166,1.1897892563,-6.9415952976,12.3683848563,-6.7910637362,-2.9054965827,-0.174708021,2.470232811,-13.210247662,-0.6174542389,5.1136005663,-2.9287675318,5.8413863788,-0.1636414582,0.3324100663,-3.0305691767,-1.6089552252,-0.4280754944,2.7723862669,-14.3447287205,2.9173761738,-1.9488099126,0.2443155318,-5.8675438592,-13.9775628649,-0.6696817969,2.2615032987,12.8549231935,3.8515326473,0.3924583037,0.6754006375,3.8287734973,1.5060327082,0.0879820541,-0.6260052474,-5.750358814,-1.0057943301,9.4001753989,-0.0779543346,-6.2978454406,15.6035900961,0.3306206267,-1.001984052,-9.543527176,-1.7486536581,-2.9082542403,0.7344640041,7.8782962714,-8.2391308173,-0.9190565704,-1.0283275484,10.1306201748,-0.4298981424,-1.8635494648,-0.4705735317,16.3514920835,-0.6028780467,-0.317467057,-0.9888139421,0.5433002809,0.0823919052,-7.1218965838,-0.5265101036,0.4650120787,0.0016657211,-1.581301276,0.0044423779,0.28898239,0.9248032161,0.4223878607,-0.0866947953,-2.808103425,0.6158584352,10.9632104879
biasActivation=1,1,1,1,1,1
[BASIC:ACTIVATION]
"org.encog.engine.network.activation.ActivationSigmoid"
"org.encog.engine.network.activation.ActivationSigmoid"
"org.encog.engine.network.activation.ActivationSigmoid"
"org.encog.engine.network.activation.ActivationSigmoid"
"org.encog.engine.network.activation.ActivationSigmoid"
"org.encog.engine.network.activation.ActivationLinear"
