encog,BasicNetwork,java,3.4.0,1,1572770936285
[BASIC]
[BASIC:PARAMS]
[BASIC:NETWORK]
beginTraining=0
connectionLimit=0
contextTargetOffset=0,0,0,0,0,0
contextTargetSize=0,0,0,0,0,0
endTraining=5
hasContext=f
inputCount=2
layerCounts=3,8,8,8,8,3
layerFeedCounts=2,7,7,7,7,2
layerContextCount=0,0,0,0,0,0
layerIndex=0,3,11,19,27,35
output=0.5094147564,0.2499807884,1,0.9999973389,0.8110907431,0.9999783258,0.0000000307,0.5019473244,0.000016773,0.0000038891,1,0.9693638036,0.6676137705,0.999960581,0.0000631813,0.0185528022,0.7480172507,0.9959469707,1,0.981850705,0.7897478884,0.0301640667,0.0250907865,0.0001011947,0.9999509193,0.1289370644,1,1,0.6224461693,1,0.9840397704,0.999996961,0.9999999871,0.0000008896,1,8,30,1
outputCount=2
weightIndex=0,16,72,128,184,205
weights=2.8738867199,-15.9416004271,13.5773273336,-2.8982163041,10.0906101931,10.4001843817,-6.3998156261,-8.5482683663,-13.1335670257,25.7658179858,-5.0772614105,-10.0394710856,-10.546515309,6.2283166426,11.917143716,1.5071968659,-6.0238818058,15.2065402328,-4.5097624157,-3.1345326659,1.1521125995,-2.5733356237,14.2522394371,0.7428272768,-0.5361971257,3.5904073625,11.7309630991,9.4812475604,7.0435808611,-3.814800759,8.6773247522,-18.0705185532,6.9818555899,8.1826694136,8.8285568576,-1.3902760609,4.8523092976,4.7092024387,-13.8335103013,-0.154720105,-12.9224902869,-1.8931336228,0.3096203113,-0.1824603639,-3.6847652678,-5.4632580683,-3.5837924595,3.9049687065,-9.8078596734,11.016542328,-14.1848915422,3.9209506538,-1.0555841084,0.8609896425,10.0972408157,5.6636953249,12.6383649769,-7.6651210971,1.1511532231,14.2575042012,1.3045494034,-14.3385747131,-7.4693264232,-1.1412168625,-0.2532882994,-2.7197220385,0.0255375773,-8.2365844344,-3.682540258,5.5013966804,-15.6074263981,1.0762569652,14.9292036413,-12.0990033349,-0.4549164038,-0.1559455994,-4.3498458733,-0.858040205,-7.365321364,0.1771071131,13.0592918721,-1.7169160675,-0.2301440725,-0.1581965702,1.2355784266,-4.6400482401,-2.0008427513,-5.8603422916,12.7908771649,-6.2181373408,2.0163446943,-0.0698579987,1.0563653122,0.5390255073,8.1720636176,0.8413961456,2.3890944548,0.7042505438,-0.8517365521,-0.4621357061,16.1164620921,-5.5350247095,-4.9830602426,-6.3584428695,-10.4762191187,8.1987774568,-3.2380698203,-0.3240259366,-7.6224228554,-0.6986252834,2.5477679958,0.3193726064,-0.8847395108,-3.0025303136,-7.2286959658,0.4611620693,4.7309397327,3.8878801948,-4.9323357929,1.2822582229,-12.3676235257,21.656019503,3.7743616897,0.5466277896,-8.5030579292,-0.0659195761,-6.5864187569,1.3330385307,-0.8922384229,-16.1262988004,-1.6586218437,17.7491138072,-0.5997029126,-0.2490455851,0.210278266,-0.0376666623,1.7663538786,19.2361571549,-0.2892694045,-13.8446091898,1.3448306548,-0.0511259263,0.3245678924,0.2027947357,-6.1494380685,-5.539694291,1.5161532598,4.3185382431,-0.3572531172,0.0228285099,-0.5705821362,0.6957814028,-0.661195921,-0.2447828944,-0.8825465828,0.0200835148,-0.7020058366,-0.3378511706,-0.8893152713,-0.9436442853,1.7987501646,-16.8869460411,2.0467645837,-8.7742585114,2.089940296,1.7735791078,-0.0246559379,2.2380431733,3.1221069213,0.8419442529,1.4449548751,-0.19490079,1.4492831548,1.6096124693,0.2311841988,1.963766806,2.2453211513,-6.0153501187,0.4177271476,-5.8602542785,1.3406902436,1.798752045,-0.4783605186,1.7980790301,-0.5403949337,1.3008909975,0.1601341601,0.6261595977,0.2240911244,-11.2320665221,0.8546369918,0.7547942688,0.8487027118,-0.5679310848,0.2152351346,2.2079609782,1.3839599177,0.0700239763,-0.4684090995,0.9943143029,0.3586138955,-0.550639143,-0.5788692082,-0.3140642055,0.120401526
biasActivation=1,1,1,1,1,1
[BASIC:ACTIVATION]
"org.encog.engine.network.activation.ActivationSigmoid"
"org.encog.engine.network.activation.ActivationSigmoid"
"org.encog.engine.network.activation.ActivationSigmoid"
"org.encog.engine.network.activation.ActivationSigmoid"
"org.encog.engine.network.activation.ActivationSigmoid"
"org.encog.engine.network.activation.ActivationLinear"
