encog,BasicNetwork,java,3.4.0,1,1572770944465
[BASIC]
[BASIC:PARAMS]
[BASIC:NETWORK]
beginTraining=0
connectionLimit=0
contextTargetOffset=0,0,0,0,0,0
contextTargetSize=0,0,0,0,0,0
endTraining=5
hasContext=f
inputCount=2
layerCounts=3,8,8,8,8,3
layerFeedCounts=2,7,7,7,7,2
layerContextCount=0,0,0,0,0,0
layerIndex=0,3,11,19,27,35
output=0.1891797632,0.2777618666,1,0.0206911836,0.999998936,0.9488767307,0.023238294,0.9999995897,0.2014572882,0.0052992212,1,0.0645685966,0.0000000558,0.0009300271,0.8038920153,0.4292912364,0.61565457,0.0144369416,1,0.0000981002,0.1622994011,0.3413443346,0.9992625807,0.0004266133,0.9996819497,0.898225747,1,0.0010669009,1,1,1,0.9999868935,0.5021153392,0.0000000004,1,8,30,1
outputCount=2
weightIndex=0,16,72,128,184,205
weights=15.3804560561,-12.3449095966,13.0757506172,9.7665030998,0.8644142407,3.0841539318,-8.2615646434,-3.5048837438,-12.2665049317,0.06569712,-10.9817013479,5.126564547,11.5468621252,-7.6440844304,-6.4901922395,-0.4388389464,-13.5766040462,7.4480909046,-2.0728733128,-0.9530886551,-13.3781515063,5.6916436843,2.1973948936,-0.0050962011,-3.1309384311,-5.2740116634,-3.3583473987,3.3268834224,4.621185942,5.0656306348,-9.0163164301,6.3119765947,0.1926643262,-6.8942445921,-3.4952202201,-0.879972997,9.3046646483,-2.8013652186,-6.9832777615,1.4503328518,8.4047573524,11.9358275249,-0.2925628946,-2.7044375244,-3.9624032876,0.3474997151,-2.7539422113,-0.5799337033,-15.0569541481,3.2902688236,-2.8471036005,3.1001623955,2.0654638015,13.996433527,3.5827489382,3.6336211492,1.3810907416,8.8227337712,-1.0615791633,-4.9938517559,2.9457190789,4.9820532343,-14.2190162759,-1.5773979192,-3.7383998197,10.6527698423,12.1703723472,-5.8331447514,14.214807078,-8.6974141172,-3.492802884,-1.0128637171,3.253813431,2.5488917272,-0.4922909655,4.7974865702,14.6986367336,-13.6499297536,6.4546466032,0.1283974622,-1.215255367,-0.0230688813,5.5691398708,3.8411873258,-1.1693473039,-22.8663386763,-3.6966445629,3.7428548633,-3.4633721158,0.9138945455,7.2560109717,2.0155422095,13.4762767638,1.6388703561,-10.7503549393,-3.6060579365,2.6135147675,-1.6960635061,2.216762761,3.3251079641,1.6158597966,2.3499739129,-1.0916104265,-3.7629254284,5.5945021888,0.6597062917,-8.6824478722,-6.4365213133,-3.7278155903,-1.5352634525,14.5385251938,-2.519395095,-3.8059386902,-5.5326379861,2.598096457,1.8563830193,-11.6948922755,-1.4342736904,3.9070662662,-3.4430188596,10.2083288059,1.5189015429,-2.34569008,-3.7007499007,9.5807469215,7.7016327835,-13.6536105906,4.5885218866,13.7722272156,-1.9087383245,-2.5815182058,-1.6664258526,-1.7884596154,0.7806332509,-0.1713951348,-1.69096608,-0.1348150845,-0.9195454689,0.1586703487,0.8773050844,1.1897104537,-6.9086269278,0.9162553407,0.5217285902,11.4839611824,0.2516871181,0.2873900712,-1.006551246,0.6821873995,-1.1148313949,-0.2895065343,-0.3244918469,-19.0761374488,1.2050296043,1.8589315905,1.1071203554,1.7988863012,1.574445642,-0.5421026259,0.4714709536,2.043065923,-0.8298663252,1.0224515897,0.9855884041,1.4870786351,-21.1545310241,0.8911985044,0.1953961997,-5.72581472,3.2344089183,3.4333005018,4.1627664799,3.5285484543,-20.4608326073,0.4232027711,3.9738114439,10.5335452315,5.2216274521,2.2219156074,2.1708730332,0.6423521529,-18.182504852,0.1033922772,1.0393807852,0.9247645696,-0.2516043438,-6.6919159371,-1.0311494131,6.1560724968,1.1525987243,0.9125485737,1.5250735939,0.6698042286,1.139732955,1.8546074327,-0.7224754941,0.8025084186,0.1937103625,-0.9889878548,-1.1512988019,-0.2564979537,16.9137904336,-0.5632336496,-0.5366834051,-0.9662710987
biasActivation=1,1,1,1,1,1
[BASIC:ACTIVATION]
"org.encog.engine.network.activation.ActivationSigmoid"
"org.encog.engine.network.activation.ActivationSigmoid"
"org.encog.engine.network.activation.ActivationSigmoid"
"org.encog.engine.network.activation.ActivationSigmoid"
"org.encog.engine.network.activation.ActivationSigmoid"
"org.encog.engine.network.activation.ActivationLinear"
