encog,BasicNetwork,java,3.4.0,1,1572770956031
[BASIC]
[BASIC:PARAMS]
[BASIC:NETWORK]
beginTraining=0
connectionLimit=0
contextTargetOffset=0,0,0,0,0,0
contextTargetSize=0,0,0,0,0,0
endTraining=5
hasContext=f
inputCount=2
layerCounts=3,8,8,8,8,3
layerFeedCounts=2,7,7,7,7,2
layerContextCount=0,0,0,0,0,0
layerIndex=0,3,11,19,27,35
output=0.5692330518,0.5999972136,1,0.0007251186,0.2246596432,0.8219855041,0.3382450651,0.2953283597,0.0298368119,0.1646274894,1,0.0783800481,0.1118000768,0.3244313116,0.0007447695,0.5351102464,0.0962608799,0.1249019931,1,0.3703437893,0.8994499964,0.2564130406,0.8426958925,0.9999526179,0.7435322018,0.8940573967,1,0.0000106385,0.9999982463,0.9995344096,1,0.0018973805,0,0.9638575891,1,8,30,1
outputCount=2
weightIndex=0,16,72,128,184,205
weights=11.8105810322,-5.1340302279,10.5635849951,-3.0562968109,-3.8841001738,9.0322423793,-11.9963884737,-3.3732414509,6.548198384,12.0078238391,-0.1700727779,8.8299822871,-7.1900358148,-5.5355820373,0.9488896685,-3.0114964377,-0.7137111658,3.3526095067,-5.1860281018,2.0184578731,-7.5549902437,6.8084768943,6.8272307966,-3.3316966929,-3.3999686224,2.1474632723,-9.9218326059,-5.5664685688,1.1263210493,4.9195413661,0.5776667293,0.8623694634,-0.4308455608,-0.5169733826,9.8483726475,-2.5500364565,1.7802595605,-9.6989044846,0.5183751807,-1.6555522759,1.8944017213,3.5145406843,-6.1986374844,-4.7143084771,-2.2923644272,1.9317142978,-1.532299717,2.0341157893,-1.0372623781,-2.4638131139,1.2421285362,4.1533368295,-5.4657641498,-2.3454093323,-2.7604559854,2.5763764079,10.4149699952,-5.6147896809,-5.496191291,1.4096537381,-8.0225181038,2.1249887953,-2.1515375878,2.4688830676,-1.705310887,0.6483878569,-6.0070913159,6.867905121,10.4019998437,3.7570577704,-7.1677796811,-4.6518508369,2.761690333,-11.2013950126,1.898657683,3.9328126419,3.0267953721,-7.0502588119,2.2012351004,3.0341626385,-12.3827241753,1.1741693715,0.5330883043,-0.6043277455,0.3985961025,-1.2878905122,2.3125631921,0.3212940878,-0.0169792178,-5.3999401328,0.3132069495,-1.3930433563,-2.4833964472,0.692235505,8.0434331095,0.0006733733,16.733294605,-2.5599814462,-6.6979283715,-4.0345535908,-3.5040011122,3.9514296585,-1.5332897748,-4.0421802364,-0.8093000607,-1.0408761034,5.9092852366,-1.2181108332,-4.902921675,-2.7384167692,10.4486829574,-1.5150449062,4.6272469385,-7.4387145717,-5.9077692589,1.0940190697,-0.8654123596,-4.7381519968,8.9592328727,-0.2912238747,-9.6089256498,-2.5561551715,-2.0400702154,-2.6950366416,8.610166626,-2.616021495,2.4185969,-2.121896786,-0.7061144353,-4.3720626241,9.1153750606,-7.9917996787,11.2037309711,-0.3960432373,6.6755827357,-3.7335799423,7.7261417271,0.7779267344,-4.7079759966,4.6301524508,-9.3226288725,0.4136769567,0.7580628253,0.7757762693,0.2258907648,2.5473009565,0.3182591227,2.6186548055,-0.4718383099,-0.6741705044,-8.44413527,1.5910783441,-0.9088236546,0.9651768606,1.169212902,0.1441600164,4.2773059984,0.6144110968,-0.5904051626,-0.0386179977,-4.7374007683,1.453755958,10.2019169037,2.1882372556,-3.263407033,-0.4641288669,-5.8012498372,1.7158811409,1.031502368,-1.870932,3.4430120953,-3.5767279972,-7.9419635374,-0.7680033994,5.1360994152,-1.8647538302,0.2610425384,2.3203371718,8.3255661871,5.4118940782,-3.5678950936,0.1328891384,-16.5244874771,2.0129749813,0.1421085636,-0.4222105757,0.0784265306,1.0641300112,0.1511202319,0.207113277,-1.4733129898,0.7331783009,-2.5371066163,-0.8564176772,6.2289494751,0.0747358838,2.1151027683,-0.3959776109,-11.3068756826,-0.9874963633,-0.6558498357,-0.1512878061,1.0557509386,0.268233444,-13.2095342658
biasActivation=1,1,1,1,1,1
[BASIC:ACTIVATION]
"org.encog.engine.network.activation.ActivationSigmoid"
"org.encog.engine.network.activation.ActivationSigmoid"
"org.encog.engine.network.activation.ActivationSigmoid"
"org.encog.engine.network.activation.ActivationSigmoid"
"org.encog.engine.network.activation.ActivationSigmoid"
"org.encog.engine.network.activation.ActivationLinear"
