encog,BasicNetwork,java,3.4.0,1,1572766461531
[BASIC]
[BASIC:PARAMS]
[BASIC:NETWORK]
beginTraining=0
connectionLimit=0
contextTargetOffset=0,0,0,0,0,0
contextTargetSize=0,0,0,0,0,0
endTraining=5
hasContext=f
inputCount=2
layerCounts=3,8,8,8,8,3
layerFeedCounts=2,7,7,7,7,2
layerContextCount=0,0,0,0,0,0
layerIndex=0,3,11,19,27,35
output=0.6428560072,0.4999988509,1,0.9859233234,0.9999999736,0.9999999995,0.1586780614,0.6141931408,0.0022658527,0.9391703479,1,0.9999979307,0.9730481997,0.0003992317,0.9999993583,0.4993915316,0.0000000001,0.9791027295,1,0.999893567,0.8132331556,0.0017822471,0.0998819688,0.9330417507,0.6115644679,0.9992961472,1,0.9997893858,0.9745861735,0,1,0.9999977946,0.998042574,1,1,8,30,1
outputCount=2
weightIndex=0,16,72,128,184,205
weights=12.8522062615,-7.8329649679,-8.5864508884,15.7212349906,16.5576053401,11.3410648506,-2.041164848,-6.4369709498,-12.6281121032,-9.6246764089,13.8754242105,-1.0453586001,-0.0593051265,0.9369563163,12.6226660417,-3.4550587768,-1.4170696332,-2.8019966797,6.2564445689,-0.0227190125,15.7932443132,0.5037025312,2.0309199928,-1.4626667198,22.1461274419,0.0022017415,6.8878754079,-3.2691531996,-0.9832406425,2.2987446268,1.5151109947,-2.4248394834,-3.2055795375,7.4261833034,-10.683705275,13.0095567436,4.3232001996,0.0422062589,-1.0818077848,3.3080765348,-9.1127006522,-1.5809298675,-2.9530677861,7.4830649279,-9.2555519211,-8.8050756756,0.9786236776,5.1649957124,5.3587638522,-7.4982153376,-14.690315054,-0.9881942779,5.2782161826,-5.0777607181,0.3690580484,0.3991610106,-5.1443899462,0.4693755333,5.6140118659,-0.9799662683,4.2782803651,-1.4647808225,-1.3408984933,-1.2458166682,-2.5019072217,3.0604076866,9.5466080965,3.1906964012,10.1551299353,-13.1014629529,-8.3775623817,2.1975000045,-3.1467754168,6.0707903794,4.2193150336,-7.7059235224,-0.9616294134,2.940808303,9.929084303,1.2365731029,9.0575519344,-3.2765643,-1.5128031015,-1.5790835427,6.4813475256,-6.1769199362,-4.8437979406,-0.0745699724,-7.9678442144,0.841713334,8.4178395957,-2.8633442275,-10.7757567555,13.0112341029,7.950162925,-6.1196331847,12.5484353228,1.1936079468,-6.5581252941,0.3464713859,4.9998621371,-5.6219952697,-2.6725488081,2.1623030719,0.8026740217,10.828351635,-9.6696529302,9.6158920943,-2.3207236648,-7.6617132799,-4.4863889266,0.7799772866,-3.1210957522,-10.1872558149,3.3754053486,13.0022655497,-2.9832180776,3.2431532708,-6.811059653,-5.3141204916,4.6420072689,-0.9126690693,-8.9546454596,-1.6027853787,2.3627332058,-1.9585415368,-1.6903989865,0.8062211897,-6.2903914963,15.1347010486,-2.8972861712,-0.0028956582,0.0284633595,2.2260107567,-0.7380289398,-0.8223079425,2.6080074937,-6.68330943,-0.5811714303,0.8049391,0.631011545,2.5765328432,0.4684973865,0.9012234777,0.6789203597,-8.339168817,1.5751591707,2.5848892277,2.9460448544,-9.1300057549,2.7077123318,1.9938593076,1.1428044254,11.0556908036,-0.1200406717,-1.1675825031,-1.5758637234,-7.3506534838,-1.4260896173,-2.6100263621,0.9291931425,2.6173587367,-2.4104135102,-3.10368379,-2.9080143483,13.4136897842,-4.4797235361,-3.7414766279,4.8079630839,-14.6802117159,3.5530043506,3.8966007132,3.3188264971,-5.7749920495,4.5568296329,3.9455124697,8.113544026,-14.3905448801,1.8955047379,2.0984590564,3.3509218391,1.8136896133,3.6891742698,2.2225408358,-2.1561108966,1.0939446009,-7.1041788089,-2.100396505,-0.1806774071,25.8702138195,0.5509330462,-1.8878677806,-1.4259365195,0.582717274,1.9541612262,-0.4669774486,0.9343607318,0.1920641599,-0.2122033354,-0.7100801912,0.3234433034,2.2115080364,0.7776778596,0.859476385,-0.3435210805
biasActivation=1,1,1,1,1,1
[BASIC:ACTIVATION]
"org.encog.engine.network.activation.ActivationSigmoid"
"org.encog.engine.network.activation.ActivationSigmoid"
"org.encog.engine.network.activation.ActivationSigmoid"
"org.encog.engine.network.activation.ActivationSigmoid"
"org.encog.engine.network.activation.ActivationSigmoid"
"org.encog.engine.network.activation.ActivationLinear"
