encog,BasicNetwork,java,3.4.0,1,1572770964874
[BASIC]
[BASIC:PARAMS]
[BASIC:NETWORK]
beginTraining=0
connectionLimit=0
contextTargetOffset=0,0,0,0,0,0
contextTargetSize=0,0,0,0,0,0
endTraining=5
hasContext=f
inputCount=2
layerCounts=3,8,8,8,8,3
layerFeedCounts=2,7,7,7,7,2
layerContextCount=0,0,0,0,0,0
layerIndex=0,3,11,19,27,35
output=0.1250098602,0.000472877,1,0.0301071268,0.9896610145,0.0000081305,0.8170070307,0,0.0000050601,0.9999991063,1,0.3214666226,0.9814542652,0.989671388,0.0146169754,0.9997014008,0.0072543144,0.9999322057,1,0.9998974981,0.9991245727,0.3326720504,0.0065009429,0.0012024046,0.9999112271,0.1855831205,1,1,0,0,0,0.0017172229,0.9731576965,0.0000000005,1,8,30,1
outputCount=2
weightIndex=0,16,72,128,184,205
weights=9.3537243283,5.0631014168,-11.0049527816,-2.6270121371,12.1877786863,-6.7097584726,-13.1094831274,8.017694375,-5.5576520137,12.2903000185,-3.1497077746,-16.1271976392,10.2415606518,16.2194417769,-4.3338131514,-2.1423215059,-8.9145535784,-7.1326277186,-11.6971300483,-1.2036524751,11.9560548139,3.6366224438,10.3178320122,-4.3084341633,-8.0755449471,-2.145248369,-0.1051215296,-0.9690744176,7.5924419351,-2.4683466927,0.1342398633,1.6746233121,1.8945238586,-9.1944875099,0.9751139104,5.6882276812,-0.8630311687,-1.1866673753,-0.2351687979,-3.2465921017,-11.1580485094,1.3674189728,-4.7778937625,-3.1193652633,3.7966291844,3.6274516962,1.9759282317,2.7176169267,-6.5543340246,-4.1070501148,-4.5970517744,3.0087148028,-5.6177950549,11.2415114746,-8.3533722449,-3.9563948479,0.9797033352,2.3306951848,-15.6154359902,1.1900977343,-11.1740520578,1.7430888571,12.0212305538,-0.2221127485,2.419019873,-3.2153124162,11.7246537957,3.9582153721,2.6171052459,-4.1664756137,4.1515497264,-2.09278554,2.366496329,7.6212194596,10.4444838996,5.2595553179,-2.2937676002,-7.7850782463,-5.9554398707,-5.3442469936,0.5897008187,2.7198177283,1.6884974709,-4.385822485,2.8122771952,3.4948822969,3.3749567716,-3.9957740004,4.98849023,4.6997037957,-3.2271540897,-0.0080125333,-11.1621883117,-2.731575312,-8.4595313739,0.2672231779,-0.7996243316,0.3933195273,0.6694066644,4.3811991102,-6.8503876057,-3.6615866287,4.0386173687,-1.1354552161,1.2637623222,5.7968285626,-5.5542586457,1.6374535599,-7.1159365511,0.8194314889,-1.5146928418,2.3681235156,-3.259482471,0.5386091589,-2.4426245495,-3.6138607264,3.8573009064,-1.0469547755,8.0554375668,-1.8145104425,4.0058161899,3.6536663452,-2.4192388449,-0.3976117526,2.436995572,1.8288315488,-20.7797236169,4.7752552717,5.7394619853,-0.7774582144,0.5162056815,-0.118364349,-6.3012482368,3.0125054442,-2.2458975476,0.5252424078,-2.8578405225,0.000163744,1.2615957198,0.7986247451,-6.7550514985,8.9388031577,6.0952084136,1.2104979653,4.9228967613,-0.2145349753,1.7155271302,-0.3148477729,-5.7645849031,-4.2717869149,6.5708607342,-1.4519998062,-5.2746473626,1.254146863,-0.9100975634,0.696479598,-1.2993796197,-0.3908819388,7.7360215198,0.6279825721,3.6519288517,-0.9334156678,0.0319974771,-0.7043070125,-14.9547223517,-10.8808478373,6.7451748297,0.2403037703,7.2100995035,-0.2859267316,-0.2539748745,0.3583419243,-0.6877025074,-0.8746201111,-0.9381024741,2.9715647239,2.0094898858,-1.2739378196,-0.2164229818,0.9131325465,-16.1532837604,-3.7182587512,15.2656456432,0.1577315152,-1.396026452,1.8292686641,-2.2469604432,-1.9498326458,-1.2759469031,-0.8609179321,0.8523373604,-4.7441683951,0.5207010054,-0.7663357389,-0.692930362,-0.8520222924,1.8164739208,-0.2758040719,-12.6229974204,-2.0446040896,0.4219446555,7.2890600598,1.3465594608,-1.4510506901,11.2995950536
biasActivation=1,1,1,1,1,1
[BASIC:ACTIVATION]
"org.encog.engine.network.activation.ActivationSigmoid"
"org.encog.engine.network.activation.ActivationSigmoid"
"org.encog.engine.network.activation.ActivationSigmoid"
"org.encog.engine.network.activation.ActivationSigmoid"
"org.encog.engine.network.activation.ActivationSigmoid"
"org.encog.engine.network.activation.ActivationLinear"
