encog,BasicNetwork,java,3.4.0,1,1572770976705
[BASIC]
[BASIC:PARAMS]
[BASIC:NETWORK]
beginTraining=0
connectionLimit=0
contextTargetOffset=0,0,0,0,0,0
contextTargetSize=0,0,0,0,0,0
endTraining=5
hasContext=f
inputCount=2
layerCounts=3,8,8,8,8,3
layerFeedCounts=2,7,7,7,7,2
layerContextCount=0,0,0,0,0,0
layerIndex=0,3,11,19,27,35
output=0.5365882116,0.3720933612,1,0.2296465236,0.4699089105,0.3295634415,0.5321438985,0.9949892529,0.0000016836,0.1197839681,1,0.9999580108,0.9710153794,0.0370384055,0.8078564295,0.9929502936,0.021138381,0.0728726036,1,0.9999931814,0.3264328704,0.8506513058,0.0078453839,0.9905146803,0.9999989439,0.9937221006,1,1,0.0282280199,0.0289702461,0,0.9999990986,0,0.9959547103,1,8,30,1
outputCount=2
weightIndex=0,16,72,128,184,205
weights=-8.0440289292,-3.4802782481,14.2928019961,-1.3464121419,0.4505385581,-8.5103511844,-9.0816560864,0.2749820578,-0.4788593648,4.784021143,-6.9866678383,-12.4126980797,6.2378385943,14.488536777,-0.7449251474,0.1291827055,4.3331578546,-3.3653199467,0.403297667,-1.5552125575,-0.0019448354,-12.1276091082,-0.4750627374,-0.7411475145,-4.1062097996,-3.1902347187,-1.9572566248,-0.4265200469,8.1654647324,-1.5561342721,1.6433153857,-0.6944041195,-2.0934675637,8.2125664512,-2.2137314602,-7.9421860217,-3.0715696529,8.4360933419,-9.0121277354,3.435158098,3.4860345022,4.9436117798,-10.759633852,3.3817388135,-5.1858660554,-4.7776661182,-3.9031460549,-4.9561660268,3.1183202691,3.7665874205,0.6118595936,5.1382267865,-2.5383888123,-1.201487218,0.9149981329,-3.1788554652,-3.560677826,-9.60607651,-5.1004507514,-4.6205486072,7.2785769933,8.8920237261,0.5971526451,-3.9434677024,-0.0304200862,-0.319893395,1.3077356939,1.8030358031,-4.9715957947,-2.3414128981,7.1368969761,1.3074891072,-1.1450690098,1.4033028646,7.1496956922,-0.5576296946,-3.3731005804,-2.0241100514,9.9424839595,0.1726577527,-3.3027806726,6.2124331529,-5.2540360085,-2.3289911243,2.5032828532,1.1870753196,6.9639071153,-1.3127837604,1.0650956842,4.283477507,-3.9101555283,0.9289635749,-2.8214284966,6.6224123515,-3.0594887161,-3.1899810772,1.3711156641,0.5239596298,-7.7648587352,-1.4880326961,1.0211293215,-2.1908037869,10.280626563,-2.5258689831,6.9739899256,-4.4523466017,4.2639605394,-11.1117761631,1.7453969064,9.141890115,-14.6021727024,-0.4730428983,-8.8776947026,-7.2756483821,14.0427547227,1.4357496853,-1.7560146709,0.9664657365,-9.1946202761,5.3703843816,-3.6025156555,1.439913178,4.4559880042,3.221762511,-5.0308329333,-0.1909989203,4.297688818,-2.3232858696,0.1884133567,-1.1643473782,-8.4898413181,-3.4769736979,6.3531693426,1.104619552,-0.2408501024,5.8729655724,-0.4429144171,-0.2208218332,11.8221607319,3.0366055199,-3.3189330001,-0.4864581384,3.0175659741,-0.3041355031,8.0422055802,-1.9552956555,-3.9654400125,-2.8810877211,-13.5802730132,-0.7547049055,1.6487033641,5.8058137053,1.1735285882,-1.4057690943,9.3645297831,4.4453603287,-0.3514053611,0.1725811747,-8.0328965404,2.106713312,1.6492860316,-2.1802013022,-2.6789587223,-1.9868366859,3.7305909848,0.9759042942,-1.2567092578,0.6593840878,-2.2083568099,-1.3245720291,-3.7139159379,-3.0826748564,13.0774003657,-0.4105515295,0.2564965209,2.7813971249,-0.6579320157,2.6178956812,14.406001406,-1.6307299608,4.1109643819,-0.8009431528,8.0530702044,-6.9003431252,-1.516448965,5.1469972259,-0.011656514,0.0872991182,-0.1664192997,0.7553799556,0.8008359365,-0.1027848078,-6.8352310587,1.7934030447,-4.8491210511,-6.4611832811,-1.3410367746,0.7850402668,1.0964052108,-1.5606480984,-0.706974027,0.192721276,-3.1741314439,0.5594723732,14.1150289819
biasActivation=1,1,1,1,1,1
[BASIC:ACTIVATION]
"org.encog.engine.network.activation.ActivationSigmoid"
"org.encog.engine.network.activation.ActivationSigmoid"
"org.encog.engine.network.activation.ActivationSigmoid"
"org.encog.engine.network.activation.ActivationSigmoid"
"org.encog.engine.network.activation.ActivationSigmoid"
"org.encog.engine.network.activation.ActivationLinear"
