encog,BasicNetwork,java,3.4.0,1,1572770989016
[BASIC]
[BASIC:PARAMS]
[BASIC:NETWORK]
beginTraining=0
connectionLimit=0
contextTargetOffset=0,0,0,0,0,0
contextTargetSize=0,0,0,0,0,0
endTraining=5
hasContext=f
inputCount=2
layerCounts=3,8,8,8,8,3
layerFeedCounts=2,7,7,7,7,2
layerContextCount=0,0,0,0,0,0
layerIndex=0,3,11,19,27,35
output=0.0009671155,0.0000000593,1,0.2525195137,0.9782889942,0,0.7809254087,0.0003536825,0.1135613957,0.9999996781,1,0.9995915342,0.8027260055,0.0001720461,0.6190377207,0.0646722684,0.9999831712,0.979386335,1,0.1905327468,0.0067042791,0.7071353238,0.1935304684,0.9996071036,0.2991320999,0.9101791865,1,0,0,0,0.0011166724,0.2200020908,0.0006478343,0.000000382,1,8,29,1
outputCount=2
weightIndex=0,16,72,128,184,205
weights=15.0353022026,4.0038787304,-0.9027095331,-5.0632282573,-10.3478852482,-7.6526615953,-7.8261463227,-2.0010284954,3.7680744456,-20.3946553201,9.5299608066,-14.8915530212,9.6573938067,4.1314094794,5.5748102488,7.9407446244,0.2144690886,2.5415680664,-1.9241040485,-5.5935401085,2.8288306447,4.6077679063,-6.3959283402,1.596606973,12.7156932527,-25.462862662,3.3341981644,5.399203868,6.4980922101,6.1052496462,-5.9622414223,7.5082485316,-17.7192153742,-16.5617801506,-0.9391212415,4.7293697637,-2.2169041313,0.5272525174,-0.378302262,1.9363078864,15.3986795643,-18.5826829953,15.7186171884,-2.9295808507,0.5850442264,-2.481814985,1.0140486841,4.0570889117,-2.877285351,3.6385779205,-8.8143032745,-5.1430019734,6.6102171947,-6.249685438,-0.3444833893,1.3532653749,3.0075400092,3.1147070826,8.4184554333,-4.3580426128,-4.7173019546,7.7231282598,-9.2193330949,-3.2537225684,6.4351638679,-4.5510077169,-8.3121232394,-2.1569566312,-14.491317324,2.5389280899,5.5574069945,6.4618669475,1.1882860107,-14.6430410752,12.6344140956,-11.8424599441,-2.9786840194,0.7587910668,16.5307672799,-11.2633316494,15.619448885,-4.9888676113,4.3115379953,6.3935763161,-4.9541904287,-2.5030831063,0.0171812132,-0.139984061,3.985619332,0.9378483986,-12.9332280338,-0.2433949605,-3.5656206038,-9.7843668905,2.4900075022,3.9840768651,-7.1875644844,-0.8372607359,1.468959358,0.5803862517,2.518290967,5.2664335686,-6.576673651,2.6027606041,14.5912106287,-0.0527249676,-11.5381115775,8.5280988086,-2.1971635822,-10.3755887792,6.2244164271,0.6918825638,0.2726232144,-3.0853112765,-1.2699642625,-3.5319453852,10.8756699399,-6.4304693961,1.9664732283,1.8050397739,2.288087383,3.3855807028,3.399620579,5.7422426802,-4.2990578228,-5.9322764883,5.3789332208,1.0631378138,-0.9331109243,1.469110643,-0.3334654166,-0.7906153778,-8.568268946,6.7716488006,-0.2924235536,0.4349809057,-4.4830941904,0.1493248983,0.1153520619,12.5307631797,-11.8449460279,4.2353125199,1.3896552384,-2.4091066081,2.2507168052,-1.2430712615,1.1984244593,18.154837731,-8.4606418611,-1.744752985,-0.9527534024,2.7237279735,0.112557934,-0.8068442043,-0.5491232908,-9.8079080518,-8.165780966,4.2263754836,0.4222325892,0.3774717946,0.8685412486,-0.0332370524,0.7127652654,6.9047060667,9.8832032938,-11.9309384532,0.021519691,5.6672651757,-0.8842286354,0.0792829569,0.2373058284,9.9703969467,14.7917804721,-2.7448621019,-0.7135483616,-4.1150119524,-0.1970586743,0.7905706089,-0.8373577156,-0.1218353908,-16.9783692478,7.8892143715,0.8409738963,6.0461263216,1.9957616424,-9.7106270419,-0.2913894668,-4.9206614627,-0.1064926204,0.5099281139,-2.4871261949,-3.1576675752,-0.3653017071,1.2876476709,-0.2273970635,-10.5029512757,0.0456680656,-0.1483160817,2.6701676538,4.5729438668,-0.9171664672,-17.3269508786,-2.565667469,0.2134133884,-0.4414907942
biasActivation=1,1,1,1,1,1
[BASIC:ACTIVATION]
"org.encog.engine.network.activation.ActivationSigmoid"
"org.encog.engine.network.activation.ActivationSigmoid"
"org.encog.engine.network.activation.ActivationSigmoid"
"org.encog.engine.network.activation.ActivationSigmoid"
"org.encog.engine.network.activation.ActivationSigmoid"
"org.encog.engine.network.activation.ActivationLinear"
