encog,BasicNetwork,java,3.4.0,1,1572771003045
[BASIC]
[BASIC:PARAMS]
[BASIC:NETWORK]
beginTraining=0
connectionLimit=0
contextTargetOffset=0,0,0,0,0,0
contextTargetSize=0,0,0,0,0,0
endTraining=5
hasContext=f
inputCount=2
layerCounts=3,8,8,8,8,3
layerFeedCounts=2,7,7,7,7,2
layerContextCount=0,0,0,0,0,0
layerIndex=0,3,11,19,27,35
output=0.7424237579,0.4603169819,1,0.0014026148,0.7196907463,0.0000894627,0.8013951531,0.9999887498,0.0000000297,0.0450873922,1,0.9999999997,0,0.9999997046,0.7204691739,0.0000016898,0.9999348862,0.0000266907,1,0.0000000194,0.0191569495,0.9992921356,0.99549566,0.0531195121,0.9970304397,0.7515306138,1,0.0008462651,1,1,0.9100472485,0.0006743039,0,1,1,8,30,1
outputCount=2
weightIndex=0,16,72,128,184,205
weights=-12.6249992389,-9.0499218461,22.7552036558,11.1556361326,-0.5819735385,-7.6963985992,1.8193150718,-0.8527119824,-3.4532905983,9.3563623844,-12.6301488689,10.4134718085,-11.7691861353,17.8935018147,8.1214386147,-3.8292076078,3.825974587,0.7481575316,4.5607374552,-9.349574766,7.92395409,-2.8435642756,4.1876207157,-5.3753897792,-8.8954269277,-8.8110187279,7.6983972156,0.6669176413,-6.5611149862,4.4160711256,1.8954579949,-2.7563565714,-1.7658085487,-6.4234967816,-7.5846154557,18.2375238797,0.7103962342,-14.4947313069,4.665162004,1.3829102028,2.1556692037,0.3929728189,4.2617778311,-8.7416270485,1.0190667433,-1.0085153506,-10.3427100619,2.2843880508,5.018422991,0.4907925837,8.1140879764,-0.0422094506,-2.2038914207,-3.255542391,-1.7802490251,1.5483965099,-5.9918496937,-0.6511483608,-5.3777946567,-1.6732002856,0.6571683382,1.8978016281,18.2809131664,-6.6567938359,3.6360443408,-2.4015268219,0.9437903691,-2.1843886671,1.830937483,-6.0177506174,3.0484958178,-0.0417925833,-4.0296355439,-8.4640664038,3.2987664847,13.2126980961,-5.602189289,0.3197326582,5.3784281528,1.470539154,1.7561852251,4.0675253818,-12.2892787293,-6.7007654073,5.8981269394,-5.8579872815,-4.4540821349,0.7387661524,-11.3861416186,1.5717781499,9.3955802008,2.9844882487,-2.5940538118,-2.3843780716,3.8632260727,2.2564920583,-1.7381178185,9.5601503908,6.7714016258,-8.8798862826,-2.4110591916,1.3411719434,-1.6230639911,2.8475939451,6.1079783501,9.5610017673,-3.5364863841,-4.4820649639,1.5669712207,-3.8623916278,-4.0623273691,1.342457151,-14.9692125033,10.0938889109,3.0520689477,-3.9539188112,1.2951659924,10.1088917448,-3.1206048436,2.5296998374,-4.8926835846,11.2161097555,1.8875034714,-13.0914355867,5.9830766683,6.578859232,-9.5307277004,0.6857569393,13.2943353308,-3.99353482,-2.9814057398,-4.5634925927,4.8028338077,0.2875150142,-3.814044955,-2.8313955457,-12.7477402829,0.6912116336,5.4084999936,-13.6900453173,6.0244033907,0.6009379247,0.471904391,1.9579508358,-9.2619511006,-1.0671949284,-0.893593903,11.8424327475,-2.2384775829,-0.4412611325,-1.2618800005,-0.2926071046,12.2141376658,-2.0984270091,-2.83293044,15.5667419272,-1.7890565041,-1.1522863895,-2.2921078175,-1.553936037,-0.8449585829,1.02135274,1.7644656497,-6.5797755939,8.1301524576,0.8107085808,0.4054135017,-0.0887209157,-6.0191831827,1.1576809839,0.2355089242,3.4109312556,1.5418543173,-0.3193966711,1.1316651522,0.191457898,8.212358586,-0.7338193154,-2.7944806261,6.9398311934,-9.1230184072,0.8446204561,-0.3054150625,-1.3758651221,1.8354788703,-0.3297271554,-11.8658475925,1.770580562,1.1746798908,1.0443641657,0.8076401318,2.703474648,-10.5876480246,-1.1539912588,0.1505784007,7.0287900205,-1.0684538827,-0.5334302806,17.2493843484,0.6409714186,-2.5164160161,-0.4876909125,0.9273089131,1.1935037781,0.5735061858
biasActivation=1,1,1,1,1,1
[BASIC:ACTIVATION]
"org.encog.engine.network.activation.ActivationSigmoid"
"org.encog.engine.network.activation.ActivationSigmoid"
"org.encog.engine.network.activation.ActivationSigmoid"
"org.encog.engine.network.activation.ActivationSigmoid"
"org.encog.engine.network.activation.ActivationSigmoid"
"org.encog.engine.network.activation.ActivationLinear"
