encog,BasicNetwork,java,3.4.0,1,1572771012131
[BASIC]
[BASIC:PARAMS]
[BASIC:NETWORK]
beginTraining=0
connectionLimit=0
contextTargetOffset=0,0,0,0,0,0
contextTargetSize=0,0,0,0,0,0
endTraining=5
hasContext=f
inputCount=2
layerCounts=3,8,8,8,8,3
layerFeedCounts=2,7,7,7,7,2
layerContextCount=0,0,0,0,0,0
layerIndex=0,3,11,19,27,35
output=0.8095214436,0.5238110354,1,0.7356742602,0.0000019492,0.999999984,0.6817207118,0.520320717,0.977394966,0.999999842,1,0.3745725847,0.7446506386,0.9713122216,0.0240277486,0.999942851,0.0003052992,0.9994676009,1,0.0002964781,0.0000168238,0.2210831378,0.5232271576,0.9825011755,0.1400642005,0.2716056105,1,0.9490059304,0.9978444325,1,0.9999996309,0,0,1,1,8,30,1
outputCount=2
weightIndex=0,16,72,128,184,205
weights=3.4622829448,-13.9429273032,-4.6730698695,10.7164020757,-11.5500736499,0.0049801197,3.9047672045,-1.6325966115,10.279128409,-5.5802279027,12.845841503,-7.5499119876,7.3623796247,-7.7124872116,-9.1162304204,-2.3420964829,-6.1100505893,-5.7613641839,2.5271468522,-2.6604239136,6.2838447618,-1.3340546715,-0.2686048297,-0.8028749675,0.1354098602,-1.2375683967,-7.4953841713,-1.1759528811,-6.9931799435,5.3523061006,5.4171389431,-3.391725291,-0.3842012272,-8.0377057292,9.4908918918,-1.402320352,14.5428556406,3.8560361337,1.5049989066,-1.1532714201,-6.4486619736,-0.641857958,-0.2819000916,5.7646043301,-5.1800576671,1.9345889544,9.9001833592,-0.9252962458,0.3852950156,-7.284406351,12.3782628944,1.9539422378,-5.1174802083,-6.7006705438,-3.6013293065,2.0098831129,-1.9856779776,-1.6742771369,6.6506842709,-8.0610479426,0.6734715523,-6.3940697744,0.0146454413,-1.195070404,-2.8562075989,3.9331893901,8.1008407929,1.1339684166,3.8244041603,-6.0210386523,0.5824663539,1.5012535969,1.8807694993,-7.0326387544,5.3417087075,-1.8486875181,-3.7037949634,-2.6845679845,8.3263832274,1.0267351973,3.7621681685,-5.0097994048,1.9902473194,8.5376641393,-4.2280573574,-0.5177479297,1.1047937841,0.0886246184,-1.3673710023,10.7436514678,-3.2823789363,8.8383045497,2.6319473353,-0.9881407243,-10.7793605379,0.1038856723,3.3711846761,2.55581614,1.6722094077,-2.1197339604,-3.6188313863,1.6818624947,4.1530963496,-0.7739291151,-8.6019861374,3.1549491179,-6.6944190277,0.5779021082,10.8501383739,3.0022405846,-4.3890912645,1.0612597349,0.8528761338,5.7891309529,5.5548520174,-13.4884223973,-4.4553659193,-0.4945247253,7.8865643921,0.0397940119,-0.0146938653,2.675309719,2.5271666102,2.8984876403,6.3916475952,-8.9074264649,0.0757907187,0.4094876994,3.1915004787,-6.1518613134,4.4370069498,-13.4419323687,-0.94689017,0.3569908206,2.3244425335,1.6670848694,-7.6963270497,-1.9657971071,0.6857781636,-7.7978771228,0.1431538009,0.8317121631,3.4666703694,1.918144095,3.1175954105,-4.0560416175,-4.3029411733,7.2104737169,-1.7633818549,-0.6248344949,-2.5138078591,-0.5644055066,4.3975652524,16.603863704,-1.5468285455,-15.0564145251,0.913251454,0.0643267589,-0.965363417,-3.0798119787,1.5869928938,12.0138282904,-0.7307881432,-7.6560145179,0.2955667882,-0.622513348,-0.5423427906,-0.5368868837,0.6531254982,-3.4430254022,1.8689718347,-7.6007820573,1.1748998635,0.9298908992,3.2137887441,3.5190455885,2.5754441226,-12.7911496289,0.6320685598,5.0866314086,-1.335107141,-0.1916811871,1.7740585691,1.8402174439,0.9624621631,0.2402741685,-11.9842166569,-1.9491805299,0.2811739,13.2957706064,-1.3634748528,4.4869353442,0.2093607113,-2.5316337289,0.9970979955,5.1524493149,0.7204145934,-4.9066469866,-1.4478718568,-0.8286312511,-0.6048629685,0.7155076166,-1.8860352536,2.6464891814,0.046632491
biasActivation=1,1,1,1,1,1
[BASIC:ACTIVATION]
"org.encog.engine.network.activation.ActivationSigmoid"
"org.encog.engine.network.activation.ActivationSigmoid"
"org.encog.engine.network.activation.ActivationSigmoid"
"org.encog.engine.network.activation.ActivationSigmoid"
"org.encog.engine.network.activation.ActivationSigmoid"
"org.encog.engine.network.activation.ActivationLinear"
