encog,BasicNetwork,java,3.4.0,1,1572771020530
[BASIC]
[BASIC:PARAMS]
[BASIC:NETWORK]
beginTraining=0
connectionLimit=0
contextTargetOffset=0,0,0,0,0,0
contextTargetSize=0,0,0,0,0,0
endTraining=5
hasContext=f
inputCount=2
layerCounts=3,8,8,8,8,3
layerFeedCounts=2,7,7,7,7,2
layerContextCount=0,0,0,0,0,0
layerIndex=0,3,11,19,27,35
output=0.8518515398,0.6296367659,1,0.0026189539,0.2474283653,0.9642617725,0.9383368653,0.9935188915,0.9873174451,0.3348663171,1,0.0759262039,0.1125021916,0.9824062284,0.9970095973,0.9531864237,0.2578404056,0.7857256066,1,0.0006301725,0.687956416,0.6782564578,0.556955754,0.9777647004,0.2140393062,0.0000090996,1,0.0267717227,0.795385313,0,0.9999961556,0.0044541304,0,1,1,8,30,1
outputCount=2
weightIndex=0,16,72,128,184,205
weights=7.9603858418,-12.3722778971,-5.5575703902,9.5565431631,12.110408471,-6.4534357048,1.1634214885,-4.8686227018,-6.7382387983,3.9694131833,-5.8766472441,-3.4459029176,-1.3714814382,8.7183103006,11.6867005231,-2.6924248926,4.4872603991,0.4616676756,0.7576068638,4.6141626782,-10.4052409825,3.6334790092,-2.3834307344,-0.8256400899,7.7843814103,-3.9727615544,-3.656673237,1.6889718136,-0.6709344069,-2.8475531366,2.7633891233,-0.145577545,-0.1118560298,2.1762894502,-2.0325712604,0.0587585563,4.0485537292,0.5437143683,1.2217617249,0.0378377287,-3.7447464507,-2.5018876829,4.9924269887,-1.9146167758,6.0620062639,4.7345484336,-7.8799542961,-0.5149831731,-4.1168772883,-3.9308522375,2.4302213157,-1.1308996991,-2.0380058716,1.103495335,10.8128323903,-2.3106222825,-16.5879972917,3.3259406422,2.0116447247,2.1545806355,2.9628507131,0.1876470475,-3.2373924045,0.7868324153,-0.4420503776,12.0154880408,1.2667687636,-0.8265171755,5.4071695715,6.3045907238,-8.3960947004,-2.6074904009,4.6255007533,-0.5004833562,-6.3254804691,-6.765757936,-6.6076954031,11.0649534354,-8.6547645699,9.993406709,-9.2637134898,1.7853510092,-0.4765848536,-1.2941132236,-3.7845429114,3.4131691353,8.6882871899,0.7259323198,-5.2022831177,-1.6662737645,0.5329953409,3.4076506406,2.0884668654,8.0495541,-0.7747763906,-0.8522992605,0.523824247,-2.8746685637,1.9525216566,3.1459342751,6.6683145084,-2.0449594708,-1.4673234883,-1.3721151874,-11.0763369443,-3.2013504113,4.3409220026,4.7803938605,-3.9591270191,3.2381745293,-6.6809484189,2.7943393678,-5.3165321042,0.1941667854,-0.0775666943,-3.9148613831,2.0024453837,7.532342764,0.735997424,-2.5245812925,5.4351069854,-1.4228110139,1.3141700251,1.4379197,-4.4595287868,6.874478275,-11.7966393588,3.4716237905,7.4833635553,-12.8267099287,-0.878434022,-0.1624612858,5.7813011019,1.6593689356,1.5959772418,1.1736802903,-6.4276944958,-2.7991890579,-0.2516944316,0.772430842,-0.4950405935,-0.4299297136,1.4459963229,0.9728777161,-0.0008399214,8.7608506919,0.9279430238,-2.0017290031,-2.5080851311,-1.702973685,-2.0014745006,-2.2080916397,-0.6721023072,11.060174704,0.6127781132,-3.7767709792,-1.9899026278,-1.3919688312,-0.955702374,-3.8089689051,-5.8125689151,12.74871874,-0.6858682233,-2.3273708617,1.2542735513,-1.7704518138,-1.9113268446,-1.9678411494,9.617824486,-4.6302265208,1.0978319567,-0.4316694775,-8.3597648306,-0.187014438,2.8411340157,-0.2476493857,15.6815352025,4.5303400947,-0.3124364336,-5.2429922951,-0.8380458034,0.3236551753,-4.5283185888,-5.8554372243,0.0380925505,-0.3423222932,6.3716559308,-1.1588629306,-0.2449085429,17.9758577638,-0.7029641638,-3.6564685537,0.8118251351,0.2979909927,0.3404745723,-0.1292833549,1.2829013131,-0.2067504992,-9.4701548887,-1.0208421997,-2.3850587959,-0.6648044445,-2.5639061393,7.7192387175,-1.2253573643
biasActivation=1,1,1,1,1,1
[BASIC:ACTIVATION]
"org.encog.engine.network.activation.ActivationSigmoid"
"org.encog.engine.network.activation.ActivationSigmoid"
"org.encog.engine.network.activation.ActivationSigmoid"
"org.encog.engine.network.activation.ActivationSigmoid"
"org.encog.engine.network.activation.ActivationSigmoid"
"org.encog.engine.network.activation.ActivationLinear"
