encog,BasicNetwork,java,3.4.0,1,1572771053475
[BASIC]
[BASIC:PARAMS]
[BASIC:NETWORK]
beginTraining=0
connectionLimit=0
contextTargetOffset=0,0,0,0,0,0
contextTargetSize=0,0,0,0,0,0
endTraining=5
hasContext=f
inputCount=2
layerCounts=3,8,8,8,8,3
layerFeedCounts=2,7,7,7,7,2
layerContextCount=0,0,0,0,0,0
layerIndex=0,3,11,19,27,35
output=0.2999920891,0.20830697,1,0.188224202,0.000001199,0.120733959,0.0000018676,0.0000013484,0.0000000232,0.0001006862,1,0.8188741672,0.8972137615,0.0000144326,0.9974734474,1,0.0010450834,0.9999999812,1,0.0013866885,0.9999879669,0.5225097757,0.0000107778,0.9999969348,0.1683547588,0.9999999827,1,0,0.0000000011,0.8230523748,0,1,1,0.0004209717,1,8,30,1
outputCount=2
weightIndex=0,16,72,128,184,205
weights=-12.363111721,12.2910965823,17.2053387974,-14.4349035719,-3.7211236179,-10.3430740572,-5.7285723258,-0.5969730948,-4.8553011506,-2.8203065842,-5.2222546008,4.7636488059,3.0811839796,-11.2793608431,10.2357801313,0.2081877291,4.6666433771,-12.888978354,-5.5203262503,-6.983898175,5.9882676315,0.6313297179,4.9118449228,2.3467450746,2.4463599635,1.2177370766,3.7167241885,1.4260177332,-13.608637318,-3.0572398196,-7.8921511328,3.3516710727,-12.7340748561,12.8365926651,-1.3919092813,-4.3397336617,5.6802097952,7.5733195836,-3.5029738534,-0.9314222973,-6.8004549513,-10.4225914048,1.3502553348,2.8513344329,-2.13033293,4.2994980007,0.2111795968,0.7996384443,5.2512570487,-2.8936882673,4.9923752838,-12.2680089557,-1.4843090815,-3.3387399203,1.6836420706,-3.1793475087,-5.6775365516,-5.4761203804,5.5094049631,-4.7194449967,-2.0646898908,6.8548327169,-1.482918459,0.2325117791,1.9100934098,3.0898760206,5.3096758447,3.2365457777,-11.3962185804,-4.8015863389,-8.9150582007,3.5480430762,6.4235350414,-8.2652928405,25.8873567766,-4.9620955868,1.4599908122,6.9773974889,-4.9322128901,-1.4637707345,6.4560585148,-2.07971433,12.177849237,0.2324585497,5.7162240418,1.4145770577,-3.2147367254,-4.8652889828,17.8149622518,-0.3227978415,-3.1148679661,2.9540424465,-5.4105123904,-4.7405378912,-3.4248205274,0.4130078423,-10.1033218653,0.103523853,-1.3487609798,8.9945449586,-0.9442811093,4.6129743379,6.6575287545,0.103634555,-13.526919678,2.9929991415,6.9586182767,2.0905201297,10.7432714242,-0.8460765602,5.7839809439,3.4732963397,0.5256388386,3.7902195495,-0.4593415794,7.8654619397,-5.190074925,-2.7201629727,-5.1607119722,0.3951331578,-4.0556630569,-1.4566876545,7.8237181027,-0.2264600006,8.6184842844,-2.7377910339,6.5983531924,0.4063502979,0.6205357588,8.3540860589,-22.3874038577,-0.5609239705,3.1402645674,3.9203746237,-11.6134851792,4.7908065548,-0.7100579857,-2.1493938422,5.4061480309,-4.8288525271,1.971505522,3.586125866,3.1783186368,1.3193260203,0.6835799065,3.0010115013,-20.1025654282,-0.1846132824,5.6911570919,5.1587170939,-21.3877298283,5.7946936609,-0.6409429213,4.5386259052,-6.355749409,-0.059163995,-2.4841180812,-1.0181233997,2.0955269918,-2.705541947,-0.657679113,-2.699749212,14.8508802813,0.8029439055,0.4962913894,0.28254682,-1.6013246962,-0.3058358391,-0.4739941578,-1.4385196389,-6.9458943415,9.4737841803,1.559532575,1.5008218173,-0.1842557516,1.0592254644,-0.5703259817,4.6612196167,8.8982672666,0.9176692639,4.7937205371,1.3175140818,-13.0236293626,4.4449992058,-1.4127670894,-1.9344434239,-0.632014375,3.398946652,-0.8252236393,-23.0188032649,-0.0635715929,0.4814656233,-12.3982299033,0.5020030616,-1.2925629908,0.7429324708,1.0979506727,0.4989986442,0.7685360517,-0.1198938312,2.7004377038,0.5603281277,2.5682097336,-0.5336984287,-12.307248982
biasActivation=1,1,1,1,1,1
[BASIC:ACTIVATION]
"org.encog.engine.network.activation.ActivationSigmoid"
"org.encog.engine.network.activation.ActivationSigmoid"
"org.encog.engine.network.activation.ActivationSigmoid"
"org.encog.engine.network.activation.ActivationSigmoid"
"org.encog.engine.network.activation.ActivationSigmoid"
"org.encog.engine.network.activation.ActivationLinear"
