encog,BasicNetwork,java,3.4.0,1,1572771067709
[BASIC]
[BASIC:PARAMS]
[BASIC:NETWORK]
beginTraining=0
connectionLimit=0
contextTargetOffset=0,0,0,0,0,0
contextTargetSize=0,0,0,0,0,0
endTraining=5
hasContext=f
inputCount=2
layerCounts=3,8,8,8,8,3
layerFeedCounts=2,7,7,7,7,2
layerContextCount=0,0,0,0,0,0
layerIndex=0,3,11,19,27,35
output=0.5322647716,0.2236816412,1,0.188895478,0.0073886361,0.2885609451,0.999999988,0.0211718117,0.5467875511,0.6785436895,1,0.0000000002,0.0292750094,0.9918967133,0.9999891369,0.5376148013,0.3810529849,0.9674974941,1,0.2857462252,0.9994031609,0.3340658222,0.0002472355,0.0036481851,0.0000000005,0.9999904131,1,0.9997295812,0.9781567543,0,0,0.9960904561,1,1,1,8,30,1
outputCount=2
weightIndex=0,16,72,128,184,205
weights=-1.6587777576,-0.6435201172,-14.8255951637,8.5512522873,5.3629922479,8.5280468305,-14.5126434595,1.2450531255,11.335235041,-11.0964737929,3.7192194101,8.1087610332,-8.5253829858,-11.7915500932,-6.7858651056,-1.253031586,-4.5258401144,0.3643329342,-9.3329857217,-1.1523514189,6.4212955017,1.7930433947,1.8467125828,3.0197099851,20.0349996815,0.8168863698,-5.5733955264,4.8314747245,-1.4779390541,3.0558446972,-3.6179131623,-1.0970548674,4.4804450464,-4.6904855496,-4.1825386737,0.8120244229,3.5742139417,-16.0045787336,4.8674479973,2.0393597654,-10.2105449904,-4.6212190656,7.665605206,3.3754170141,3.4649026508,3.2804076042,0.2499022685,4.0398630948,8.8464225753,-0.7231251936,-0.2543496521,9.5487267987,-3.8766388133,-3.6770541998,-5.5913853599,-4.2139082518,-11.105233143,2.067454236,3.4215190721,-1.2860979945,-0.5818079009,-12.8913806971,-0.6049177696,3.8298091611,-7.6384465294,3.5946456814,8.0297813814,3.497571208,-0.7341911079,3.9254254144,-5.8823526654,-6.2303146338,-0.2734954132,-13.0463034481,1.8120482267,2.7040596782,-3.1182863454,10.5165737754,-8.5526820366,-1.1234360061,-0.962586693,-3.4681658114,1.7720103188,-2.3445388929,4.1376758169,3.2628799441,-0.7196721981,0.3530242723,-6.0816230696,2.2487730326,-1.1675839752,-0.271340499,-7.5817817378,2.7506582043,5.1744371966,-0.4588916604,4.4157977819,14.0949255393,-2.4705030785,1.7369150404,10.4520705349,-5.6780923393,0.351680609,-3.4831117226,3.0645070363,0.5033930684,4.6437233346,1.0426689676,0.8693599341,2.5111005974,-1.9276234096,-0.8551536236,13.8147728688,-6.0133955317,-6.8661571097,3.8517709091,-7.7387893413,9.6056442953,5.6682655281,-1.7699764647,-8.4219701695,2.1723437654,-7.0054786698,0.0803996398,-3.6649241023,5.1847062782,3.3871464509,2.5954220572,3.3115303783,-6.4642639838,-0.637079763,0.5020993185,8.0760783666,-3.3172885449,0.3261037845,-2.9570254577,11.2362820739,-9.0850897342,-0.1832572546,0.9708537778,14.8991070856,-8.0095246705,-1.3186607092,-0.4360087332,-1.10619765,-5.0983570262,-0.4432898861,-0.5093415373,-2.7059130066,3.9219416063,2.4672392764,1.7091913252,-0.5754205308,-9.0199546878,-0.307663161,-0.1683265224,-1.8776957741,3.5650747623,-1.0155068538,0.4140595944,-4.3830496664,-10.9020951,-0.5043911213,-0.892136219,6.8176219165,3.1930856264,2.0795840382,-2.6276860269,4.4756557569,-7.6279737766,-0.0890764368,0.4086766408,-26.6932278719,4.1917809448,2.9623888572,0.912241059,-4.2020561618,4.3795351087,0.7527459372,-0.5171349983,11.3866705002,1.0082040588,-1.8524476504,0.9742426627,-0.9433628904,0.3311570467,5.8274601223,-0.8604188818,0.5496551539,-5.8045253765,-0.8989279665,-0.607878407,-0.9201663972,-0.8616109064,-0.7043019596,-0.7634299065,-3.0580496133,0.1822939714,24.5359951152,-4.3257959671,6.4682242626,-1.1797982144,-0.0261623125,6.8557998253,1.1298945876
biasActivation=1,1,1,1,1,1
[BASIC:ACTIVATION]
"org.encog.engine.network.activation.ActivationSigmoid"
"org.encog.engine.network.activation.ActivationSigmoid"
"org.encog.engine.network.activation.ActivationSigmoid"
"org.encog.engine.network.activation.ActivationSigmoid"
"org.encog.engine.network.activation.ActivationSigmoid"
"org.encog.engine.network.activation.ActivationLinear"
