encog,BasicNetwork,java,3.4.0,1,1572771098662
[BASIC]
[BASIC:PARAMS]
[BASIC:NETWORK]
beginTraining=0
connectionLimit=0
contextTargetOffset=0,0,0,0,0,0
contextTargetSize=0,0,0,0,0,0
endTraining=5
hasContext=f
inputCount=2
layerCounts=3,8,8,8,8,3
layerFeedCounts=2,7,7,7,7,2
layerContextCount=0,0,0,0,0,0
layerIndex=0,3,11,19,27,35
output=0.4841227922,0.547832011,1,0.0894375047,0.9831498612,0.0004408771,0.9759496058,0.9822984068,0.0000707119,0.9999706053,1,0.4688340116,0.3144920746,0.000000083,0.9999889872,0.9999956234,0.468926015,0.1160863457,1,0.0096383749,0.510062714,0.0746694318,0.0005675917,0.9794567765,0.9525195808,0.022632111,1,0.0509275265,1,0.5592852159,1,0.9903862678,0.0000000009,0.9999999327,1,8,30,1
outputCount=2
weightIndex=0,16,72,128,184,205
weights=-13.6379062145,-4.934943838,5.9103717882,-7.1905325193,-1.4491390808,7.2769087804,13.3057045198,1.1406501335,7.2543591913,2.9762811273,6.115945643,4.769783147,-9.4591450285,-5.3439673618,1.3734261039,-0.1220963608,6.6043848509,8.7119135601,6.8569234071,-4.013165689,1.4758991783,-5.047733758,-2.4495611242,-2.9681079584,-8.6580369215,3.7008833277,0.3887858273,0.596881397,5.376220615,-2.2041934179,0.1610854633,2.0035182477,0.4650687432,-0.9042809067,4.9001384316,-0.8029461734,-7.6613067035,-0.5743790099,1.4743555531,0.9024445986,-2.4600726072,0.5823241282,-4.4869640123,-4.5865961109,7.6961587968,-1.2950893536,10.2867637621,0.9770580824,-5.1261177169,4.8424816731,-1.9033297547,3.3841459042,-0.062268646,-1.1531784093,10.7562329048,0.8668801972,-1.5838874738,-7.612995948,7.5589922436,-0.3533555615,-4.1304068682,1.4581340443,6.5415384138,-3.3794188743,1.2824148149,0.3008625763,4.3444280408,6.4881525353,5.4979612167,-6.451305571,-11.6002276372,2.1246028552,-5.855174002,-1.4739150906,0.0654803619,-5.037824217,6.5244818483,-5.2601327379,8.6438687061,-0.8943297674,6.2692908288,-7.1536998868,-1.7375930937,2.2634620163,3.385465522,-2.7253754331,-6.0218847304,2.3540132674,7.6281875329,-0.1869180085,4.8201879425,-2.6842563128,-2.2921814621,-12.6163868102,-1.7494094683,-2.3395048322,-0.50499641,-4.044613551,-0.5358464659,-2.9120358773,7.8806162902,2.3194445883,-0.7062535293,3.6139200644,-0.2464675686,5.7327932934,-2.2772482333,1.3636931611,4.9877714454,1.5981962419,-8.5086825638,3.3717480452,-3.5452340626,0.7045138824,0.9482581402,-0.4469505625,1.9044660251,-2.6648929477,9.6998200769,-0.0666913611,11.6094506886,-6.0085287721,12.0905181531,3.6729211391,-8.4760747891,5.2016516969,-6.1695625205,3.504832326,5.8140277087,4.8359678997,9.9563496692,-3.4695578125,-3.7051051327,13.2288250973,-4.6559019916,-3.5378740359,-1.6104206911,-5.4599693773,5.9743262567,2.4215655274,-4.4264516367,0.2993152991,2.8926906737,1.3105289701,4.4801901283,-0.4129539262,5.6991617627,-4.0095073933,6.633074208,6.1641599596,-4.0019178187,-4.0776289131,0.0725446132,-8.3698612257,1.2183717967,0.3975754438,0.1531901659,-2.2954828778,0.3525738428,-0.6906578717,-2.0758230436,12.2113087646,-8.3617489488,-1.4375234708,-1.1468337289,9.6031100549,-0.3108022207,-0.6803886501,-11.2527589012,1.8697655528,-4.6293177252,0.9922932604,0.7144508568,-0.4594871675,1.2635788345,1.3277575253,10.5372593622,-2.2588618658,-5.2303428601,-0.9098505286,1.7234337697,0.4541200637,-0.749630554,0.834601245,0.57444223,-0.3750655991,3.7313485433,-6.2946145314,5.5912944706,2.379493553,1.5853731771,0.1595920209,-17.2324843946,0.6675311741,3.1192489494,0.0948341009,-0.3955449687,0.2206421017,1.1799992171,0.8250777488,-0.8345149443,-2.4042403562,1.2432328682,0.2062521199,0.3809961055
biasActivation=1,1,1,1,1,1
[BASIC:ACTIVATION]
"org.encog.engine.network.activation.ActivationSigmoid"
"org.encog.engine.network.activation.ActivationSigmoid"
"org.encog.engine.network.activation.ActivationSigmoid"
"org.encog.engine.network.activation.ActivationSigmoid"
"org.encog.engine.network.activation.ActivationSigmoid"
"org.encog.engine.network.activation.ActivationLinear"
