encog,BasicNetwork,java,3.4.0,1,1572766477271
[BASIC]
[BASIC:PARAMS]
[BASIC:NETWORK]
beginTraining=0
connectionLimit=0
contextTargetOffset=0,0,0,0,0,0
contextTargetSize=0,0,0,0,0,0
endTraining=5
hasContext=f
inputCount=2
layerCounts=3,8,8,8,8,3
layerFeedCounts=2,7,7,7,7,2
layerContextCount=0,0,0,0,0,0
layerIndex=0,3,11,19,27,35
output=0.6799993333,0.545450714,1,0.414657136,0,0.7493776917,0.3628670644,0.0000000356,0.9988930709,0.9999974368,1,0.1826839559,0,0.8748762952,0.9683086377,0.9675107583,0.999997433,0.9986940785,1,0.9939267453,0.8985880797,0.0000005946,0.2868971735,0.2884221651,0.0002176803,0.9808217546,1,1,0.0101442098,0.9600006422,1,0.0000000002,0,0,1,8,30,1
outputCount=2
weightIndex=0,16,72,128,184,205
weights=-2.564039653,9.41461697,-3.4886023081,-15.4828747921,4.6662844672,11.3602167306,-13.6351270808,12.3369223349,-14.4360787022,3.571210975,10.7759823593,4.2427229236,-11.5154184704,-10.0038323751,-1.7854714166,8.3317300467,4.74156534,10.4882133993,1.8768652302,1.7212348927,-5.2946333334,-0.7253136864,10.5436895366,-9.2016589641,17.5873696998,2.8672461746,-3.3104232583,-15.6666067164,-4.351731064,-0.6268883583,-7.6156980316,-2.174227584,-0.6446527915,-6.0781591578,-3.0231634397,-4.2897560822,0.444740126,0.9422228223,7.4023593496,-0.7534380295,7.0779478825,3.6191485082,6.550776731,-0.65606941,-6.4247617811,2.584651101,-1.0712247133,-2.2506034358,-2.4296796352,0.2955666986,4.9274642595,5.5094317249,-9.1138456938,-14.8550069735,-4.1003282603,1.4153026326,4.5112647603,2.4047299745,-9.0757206106,-1.5518445961,7.3138011206,6.3636470987,0.7425942029,1.2422833641,3.3063910435,2.6061393551,-5.1808521906,5.6996419153,5.3868366081,-9.195293819,16.1230212276,-0.8347103717,3.2534644076,1.9201354177,-14.7620345546,4.9151343069,0.2367214659,3.755777236,-9.2665663267,1.1522429058,-16.1472243997,-1.4331899085,16.1539350204,13.625087365,2.1361691212,2.7625077151,-10.3586596122,-2.4880877898,1.0599633213,-1.8729390353,-2.3565196942,-7.8725088557,3.1438646886,10.9680506668,5.4517228615,-1.4234598215,9.2184146323,-2.2255203704,-5.6346295989,-10.718321044,4.9712139961,2.0458070553,-6.2285771788,4.0068336623,4.1131373677,-6.0683612387,4.9127073601,6.6658399789,-0.1092064876,-2.8583471898,-6.0086443177,8.7717326394,0.2336226376,1.170921356,6.03752458,5.3226073407,-4.2337720141,-13.8238773972,4.0054119426,7.3568695109,5.8203781389,0.8998829795,2.2790875816,13.9322433701,-0.4413624219,-10.6461750178,-12.6915813759,8.6265586327,-0.9390887538,-13.7613510479,3.1033261313,0.8240713736,-0.832600434,-0.1561876822,-0.6740032607,2.3731891824,-3.6306217656,-4.1795812941,-0.9942083249,2.4335523375,1.4340828105,1.5204317087,-0.2358983665,4.375542697,2.1485411014,18.0795550992,-18.1200800979,1.1563427579,-0.5107395421,0.0645723118,-0.1625083607,-0.4283602095,2.1828505057,-11.1889595961,-14.1830056483,8.0275834975,-0.5480414728,-0.9323508553,0.5558943593,2.6082619257,0.7533128726,0.4168872044,3.4962613107,-5.5810226692,-0.2250416559,0.7547734394,-0.7726078083,0.5640081524,0.4892459205,13.2367999031,2.6666904913,-6.5427105648,0.3491382441,1.0988926179,0.1897013246,-5.0731021299,0.1763423519,-4.4730497687,20.4653976037,-6.4939343289,-0.8570950857,1.1806080738,-0.9068696461,-9.3492131485,-9.2753280323,9.1106946792,1.7891660878,0.5731538028,-0.2742986766,-0.9369263144,-2.4453656853,-0.2465317632,30.1369489349,-1.1858083642,6.5246406991,0.626292562,-1.4665797,-0.3561790088,0.2094060311,-0.9207043024,-2.1326486268,-0.6305229914,-0.6177388009,-2.0698074549,0.4561234174
biasActivation=1,1,1,1,1,1
[BASIC:ACTIVATION]
"org.encog.engine.network.activation.ActivationSigmoid"
"org.encog.engine.network.activation.ActivationSigmoid"
"org.encog.engine.network.activation.ActivationSigmoid"
"org.encog.engine.network.activation.ActivationSigmoid"
"org.encog.engine.network.activation.ActivationSigmoid"
"org.encog.engine.network.activation.ActivationLinear"
