encog,BasicNetwork,java,3.4.0,1,1572771107503
[BASIC]
[BASIC:PARAMS]
[BASIC:NETWORK]
beginTraining=0
connectionLimit=0
contextTargetOffset=0,0,0,0,0,0
contextTargetSize=0,0,0,0,0,0
endTraining=5
hasContext=f
inputCount=2
layerCounts=3,8,8,8,8,3
layerFeedCounts=2,7,7,7,7,2
layerContextCount=0,0,0,0,0,0
layerIndex=0,3,11,19,27,35
output=0.699081367,0.85006473,1,0.0331508123,0.1179804955,0.0849198978,0.9553171077,0.075424909,0.9071607323,0.000194373,1,0.3649668038,0.9932247148,0.9856450078,0.0007589576,0.018591177,0.0038562969,0.082813603,1,0.9143948795,0.0834147433,0.0020495511,0.0278630259,0.005436989,0.6959848223,0.9899873084,1,0.9999999985,1,0.0000000118,0.0002331626,1,0.9994454348,0.4680311599,1,8,30,1
outputCount=2
weightIndex=0,16,72,128,184,205
weights=9.2162241365,6.6975621948,-5.7720989255,-7.398224775,-10.5302111473,14.1964679186,0.6482570424,-4.7793270623,3.4489368672,-12.1670540141,8.3607331906,9.7182888371,-0.016920646,-6.0620174181,-8.2946716276,-1.4356786978,0.1299448206,3.3799431084,-5.4931040798,0.002676463,8.2071966566,-7.9536548501,-10.1176766891,-0.6472238297,0.8280607751,-6.3427485699,1.9689620327,-3.5604699384,8.4036863552,-7.9761520085,-0.9136098729,1.9980530565,-1.3959158143,-10.0395114386,6.1156907358,-5.0061394686,1.9381437504,0.2930341644,-4.3239083829,2.4004660836,-7.0139328785,-0.6404049604,1.796982743,6.0544658506,4.7724326579,-3.187259309,0.2980406407,4.3814732336,8.5638285114,-1.7059666679,-0.8700610509,-5.8820554428,-1.4171774982,1.1979997756,-4.8115434048,-2.6550775929,0.4226415329,6.9258314451,-5.9470580062,-8.6850551056,-2.0597774042,-1.3332128483,10.1883085339,0.3142768989,3.4113445183,-12.4809097997,3.3062531873,-1.0296616725,1.3862812973,5.1461569238,0.8947923211,-0.7719459577,2.5129473179,-2.6343493588,-2.6180630366,-7.4345795145,9.4303221552,-0.4872225634,-2.5949500864,0.4373568799,8.0684159679,-3.5440240995,-2.5558964602,4.5244907944,-11.3330625201,-2.588273231,-0.448608395,0.0918867711,-3.2382673639,-4.9684297942,-7.4099360937,-2.8288129653,2.3216320522,-2.8237150687,5.6341114289,4.0736415446,-1.0856916157,-2.6992927206,4.9756627853,10.1663522099,-2.6282033422,-2.2541846274,-1.5949377518,-3.0962210134,4.0540237678,2.0827900316,6.1587741951,0.793704754,1.3611202221,-6.9761537793,-2.7487816491,-0.312598008,-7.2384460303,1.7505671063,2.4789803431,-2.8012443641,1.9234651794,-3.642921105,5.9176584038,-2.3418857102,-5.3935241707,-1.3390034917,-1.1434115123,8.0278338939,-1.6502245531,1.0259539347,2.1370417963,-0.4032715019,-0.8549217142,-2.2482771265,-0.4682529816,1.812556067,-2.1340852026,6.0050934849,7.3411255178,-1.8322599208,-0.1679363126,-0.7602255834,-0.9564803584,2.8044067552,-0.7320409738,-3.7691508923,8.2345762082,-0.8242586195,-1.8010904648,-2.3876314023,0.8598708886,4.77428974,-2.562838969,-2.5251885303,11.7729491905,-2.423954135,0.9246843849,-1.9977498005,-0.1676553907,-10.5632790158,0.4912795912,-6.6870921513,7.3238457689,0.2876483405,-0.4640683608,-0.0122869887,0.3846671104,11.1292849646,0.1014696615,0.2210082119,-11.5088054525,0.3288066254,0.3224974901,0.3439144939,0.0191633673,-11.7844939843,1.0325327549,-0.6953072358,-2.1888067085,0.8514045765,2.2818611035,3.0762185926,-0.6531881451,-4.4517030498,1.227241256,-0.9569227896,-3.5532137542,0.6289625779,0.8871271815,0.4415720688,-0.0483052191,-0.5271908254,1.4509179401,-0.2216583452,-0.9049262325,-0.3399656945,-0.817674904,0.7409856615,-0.404008367,-2.1711754993,0.7911104466,0.813470751,-0.4645564861,-3.437118042,1.2238604535,-1.722097836,-1.4197305929,-0.260744776,19.0521379816
biasActivation=1,1,1,1,1,1
[BASIC:ACTIVATION]
"org.encog.engine.network.activation.ActivationSigmoid"
"org.encog.engine.network.activation.ActivationSigmoid"
"org.encog.engine.network.activation.ActivationSigmoid"
"org.encog.engine.network.activation.ActivationSigmoid"
"org.encog.engine.network.activation.ActivationSigmoid"
"org.encog.engine.network.activation.ActivationLinear"
