encog,BasicNetwork,java,3.4.0,1,1572771312831
[BASIC]
[BASIC:PARAMS]
[BASIC:NETWORK]
beginTraining=0
connectionLimit=0
contextTargetOffset=0,0,0,0,0,0
contextTargetSize=0,0,0,0,0,0
endTraining=5
hasContext=f
inputCount=2
layerCounts=3,8,8,8,8,3
layerFeedCounts=2,7,7,7,7,2
layerContextCount=0,0,0,0,0,0
layerIndex=0,3,11,19,27,35
output=0.0621079438,0.0006020453,1,0.0000522875,0.059064949,0.9999989645,0.9375716546,0.0000000207,0.3256426113,0.0000006487,1,0.9999798402,0.0000000079,0.1469706463,0.045089278,0.9999999536,0.9999866452,0.000715924,1,0.0847334233,0.3032492989,0.0046227023,0.0000862285,0.9781259336,0.9999962101,0.9995605034,1,0,0.8692605213,0.000001044,1,0.9983949887,0.0000095526,0.9608265488,1,8,30,1
outputCount=2
weightIndex=0,16,72,128,184,205
weights=-8.8177609963,7.1313333669,-9.9094624593,12.0350865943,-4.6206762421,-7.5761716819,10.1044119292,-2.0426977276,13.1901356879,10.7097837475,1.5680292504,-5.4590564976,-4.6655949469,-4.3546430205,-1.0035546333,-3.0795509913,-9.8903037389,7.2499639545,1.0861741713,-0.6906773246,1.253799643,1.4313645941,-3.3146284475,-2.7798625664,9.337062219,-6.9756316983,3.1840270902,11.1677891088,-10.2668353752,-2.0101529646,-5.8247809921,-0.795485326,9.8111100564,-2.352996168,0.1865041142,-8.9347081377,1.4734434034,3.2212102432,-3.1529941628,-0.347160736,6.1672622789,4.3364710876,4.4175387888,-2.0874102367,-1.6755583077,0.5030032504,-0.95496527,-2.8397475523,-3.4944057215,8.378149154,2.1370283201,-3.3657036799,-3.6021633283,-8.4803054794,-2.0713198764,-2.2793383711,-6.9410024718,13.3698424673,4.4528065703,-3.3426883381,0.267137355,8.6088032793,-9.3878837592,-3.1599143853,-8.306710996,2.2344310976,1.1982128947,7.455458236,-5.2262430259,0.7426926168,4.1133207564,-1.9733249853,-13.4320700941,6.7547634682,-3.7320520483,0.1664023445,10.7474310526,-0.0520218125,0.7117759077,-1.2529785338,13.4587926511,10.8452859734,1.5113558043,-10.1586841169,-13.8525753202,-2.4824247476,-6.8304897949,-0.2372350562,6.375514191,0.5174710802,-6.0036132369,1.0745184138,-1.7485254612,-2.1695261168,1.5388192003,-0.0863896007,8.3355728968,-3.2534362587,0.1858222738,-0.2083076188,-8.1098917549,1.3563773469,1.2203902795,2.5827555423,-3.2665053412,3.8998380717,-2.8603786987,-1.7348062741,2.6741265466,10.1801754999,4.4730103059,-1.2723545862,-1.4040405477,-0.60259797,-2.7671114025,-9.4034349448,4.7307171276,0.1434397348,6.1362015632,0.6347480361,5.9360387524,-11.5325178127,3.1453038482,0.5984393239,-2.6688555583,-1.1840645761,0.7521585047,-1.2188557902,-0.9420676436,18.5370101018,0.4365473098,-4.107344845,-3.500544626,0.052037077,-12.4331752855,1.0551987087,1.9033149035,-14.1770817622,-0.8928514583,1.3916153942,11.7545803572,-0.0949729048,-1.59558921,-0.1025381581,-0.6703312287,-1.1685859384,0.1276685436,0.6843761987,-7.9647338435,-0.6863947158,0.8922166182,2.0539783765,-2.3296931552,0.5466316516,-0.8451958326,2.9700490955,2.3434941429,-0.2166820367,-14.6452226018,-1.0718494489,0.6043051569,-9.3135724849,-0.4270557254,-4.9052908928,0.2685279152,0.632318898,15.7290848581,1.4205236022,0.0369627848,-1.248503358,-0.2612727211,4.7490371986,11.2655464043,0.1871038099,2.017072008,-4.3661054313,-0.2127048897,-0.1107878873,-1.0613623926,-6.0387177061,9.7124591505,0.3173377097,4.7039640716,-0.3521038492,0.1233590409,-2.1838920069,0.6190246092,0.4241056725,0.2405001431,-8.7134134299,-1.0745517507,-0.147473587,-0.7518524178,-1.6746305228,1.853523706,-0.2251085486,-0.6362394166,0.5198756825,-4.0733369586,-1.3458745891,0.0072073398,-1.0079138998,-2.0828100969,0.1514041069,15.3201522177
biasActivation=1,1,1,1,1,1
[BASIC:ACTIVATION]
"org.encog.engine.network.activation.ActivationSigmoid"
"org.encog.engine.network.activation.ActivationSigmoid"
"org.encog.engine.network.activation.ActivationSigmoid"
"org.encog.engine.network.activation.ActivationSigmoid"
"org.encog.engine.network.activation.ActivationSigmoid"
"org.encog.engine.network.activation.ActivationLinear"
