encog,BasicNetwork,java,3.4.0,1,1572771324327
[BASIC]
[BASIC:PARAMS]
[BASIC:NETWORK]
beginTraining=0
connectionLimit=0
contextTargetOffset=0,0,0,0,0,0
contextTargetSize=0,0,0,0,0,0
endTraining=5
hasContext=f
inputCount=2
layerCounts=3,8,8,8,8,3
layerFeedCounts=2,7,7,7,7,2
layerContextCount=0,0,0,0,0,0
layerIndex=0,3,11,19,27,35
output=0.2641425553,0.0192321534,1,0.1976966836,0.3398250007,0.0000019829,0.0458364825,0.5442064099,0.0000000106,0.1092571514,1,0.9999768572,0.215108493,0.9999397784,0.9998645819,0.9071456441,0.3696760748,0.0000000026,1,0.7695006135,0.9249508049,0.4943747102,0.8693039931,0.830380448,0.0996085345,0.0236725747,1,0.3288274301,0.0272994689,0,0.3147131267,0.0000212283,0.0000030122,0.0000009659,1,8,30,1
outputCount=2
weightIndex=0,16,72,128,184,205
weights=9.6618404021,4.1203801282,3.2425682541,2.4775716956,6.1746023913,6.4673228585,-10.0907273941,-6.7062131955,-14.5971766725,-14.8723601233,2.4099803701,14.2190337218,-8.1000733439,-7.0253546783,3.5795532174,7.373325814,-5.4768870563,-0.2204975967,4.4787228754,-3.7655034234,9.6632273595,-2.6195332376,8.10415391,-4.3875970856,2.8626983059,-6.3021568611,-0.482720864,-1.4558584198,-3.7782935761,12.3233991178,-3.4138633683,-1.3609089399,-2.0516337691,-1.4185286629,-4.6666563013,-2.3822466478,-0.8370999757,-3.4594097587,0.2173329119,-1.6876859251,-10.3746097583,3.9254001385,5.0534779132,-1.1792764909,-0.7077633351,7.6815750869,5.3164445259,0.4225211264,-0.2215793406,-2.5119022325,-6.1464154462,-1.3239978269,4.5011830762,12.8099756028,1.4671933447,-0.4097120225,5.5069237622,1.9307484812,-15.8924792669,-1.5516099932,-2.8090133491,-7.6565719099,10.4367029963,-1.4623795665,4.7916957751,-8.9421875738,-0.0150758221,-1.8244831774,-5.1014931764,12.7130948114,1.1478442938,-3.1990145273,-0.7566442952,0.0333979694,-7.0381979264,6.9443776747,8.4805678924,-0.8920207228,0.6013325255,1.7004011015,-1.0936165788,2.0863740829,7.3281575876,-0.6277012234,-0.8539284349,1.6815574202,2.5664213374,-4.9790161388,9.3078523229,1.9706585077,-10.4856596302,-0.5346556842,2.9004609712,-7.2253071178,-2.4399423838,4.749857965,0.0761185272,2.7574866608,1.1792518567,1.238728126,0.7481516849,0.9590493981,-1.3973842424,3.9543716393,-0.3481301437,1.2665410874,12.0716204103,-2.0984936517,-0.1811313547,-5.4367119636,-1.7058796185,-2.0356725463,8.1686456464,-5.7870670087,-11.2708146024,6.2194783323,2.8303824912,-5.8811905244,0.6610633149,-3.0813704827,-7.5986146366,-2.378655157,-3.8876971997,-5.8659222722,-1.4211993653,14.3613576879,10.2728294989,-5.2013508968,5.6992476489,0.1440759198,1.0625632073,2.7421332145,-0.2285847926,-4.3603335669,-0.4573225626,-1.5354754935,0.8516069191,-6.9727913812,2.1775912435,-1.642114308,2.6567110516,-0.1452198375,-0.1781701486,2.9386576463,-9.711952997,4.38219875,0.3311600495,-13.99927334,-0.3075693553,0.2435532985,1.1722262757,7.4571824851,9.212513455,1.0719691028,3.8091772691,2.7936256723,-2.0880464805,-0.4934073647,0.040496002,-2.0429173933,12.6577040251,-8.2824339786,1.5700150282,-4.7848540084,-0.2290541749,0.6901631989,-0.1039778105,-0.8419090197,-8.8554621498,-1.1556690642,-0.0302189557,9.6986949653,-2.4029297454,-5.1190793138,1.1040132339,-2.3103550223,-7.9967503397,-1.7714374585,1.9592532749,6.3822567518,6.9435611027,-1.8277358734,0.6926545835,-3.0502931886,0.9060593348,0.2866327166,-16.5609493783,1.2284110978,-0.5000313599,1.6004430072,2.024320589,-2.4321570842,1.1528004458,-1.3166376472,-0.2861827009,18.3404061752,0.4761381564,-0.5203117615,1.0400952935,0.2148138163,-0.5101623695,0.8735227588,-1.6195126549,-0.0492542474,0.5834944611
biasActivation=1,1,1,1,1,1
[BASIC:ACTIVATION]
"org.encog.engine.network.activation.ActivationSigmoid"
"org.encog.engine.network.activation.ActivationSigmoid"
"org.encog.engine.network.activation.ActivationSigmoid"
"org.encog.engine.network.activation.ActivationSigmoid"
"org.encog.engine.network.activation.ActivationSigmoid"
"org.encog.engine.network.activation.ActivationLinear"
