encog,BasicNetwork,java,3.4.0,1,1572771335676
[BASIC]
[BASIC:PARAMS]
[BASIC:NETWORK]
beginTraining=0
connectionLimit=0
contextTargetOffset=0,0,0,0,0,0
contextTargetSize=0,0,0,0,0,0
endTraining=5
hasContext=f
inputCount=2
layerCounts=3,8,8,8,8,3
layerFeedCounts=2,7,7,7,7,2
layerContextCount=0,0,0,0,0,0
layerIndex=0,3,11,19,27,35
output=0.7233436322,0.7151338592,1,0.3396707481,0.2238787414,0.6994639786,0.8531776735,0.2085488743,0.0003426633,0.9999478087,1,0.0141406066,0.9624664022,0.9993805217,0.2652910929,0.0015994088,0.2527710244,0.6724480542,1,0.3603145848,0.7883525123,0.033577566,0.0005082072,0.9990623381,0.0018918079,0.0000245385,1,0,0.0458373667,1,0.9913523166,0.9928402032,0.9999991584,0,1,8,30,1
outputCount=2
weightIndex=0,16,72,128,184,205
weights=4.609832077,-3.1756334466,12.434363534,-14.3678230615,-0.0018928021,-3.1481524736,0.8576660616,2.8110085826,-3.1424391435,9.8436215556,7.4149112608,1.2503034026,1.071825444,-14.0307565895,-7.864667149,1.1764096411,-2.7156939521,0.5300966202,-1.465996143,3.9819773463,0.8980026898,-2.3199645011,0.0256422026,-0.1601150949,4.8167977271,-8.6284177245,3.7840449549,5.7023880605,-5.1187783158,5.2614914392,1.8183150203,-0.8457360161,-6.170261956,0.0176922795,1.5507515031,-10.5940924463,5.4703526463,-1.0895308211,4.2302060425,-0.4022441123,2.3971099009,2.5184121695,1.6056538092,3.7029907607,-3.8651218211,-0.6711988303,-14.4443034193,6.6038165844,-0.5309905248,-0.7147265282,-0.2822251482,-0.8194434532,-0.6671595549,-0.3320544072,0.4721242028,-0.3713227501,0.3819123609,-3.0926808989,2.4640260334,-5.58232804,-0.3239763801,1.470180673,-13.3326714357,2.6056519481,0.8053047291,9.371176302,-0.318995387,0.2027778031,-9.5541138603,-4.4745137445,0.8101910045,1.696213209,2.0186099544,0.5257225115,-1.5868575225,5.5111884571,-0.8693225888,1.2195309867,4.6834123049,-4.4696850474,-5.4872886514,6.9738708463,0.5854670298,-0.9787722285,3.2206368965,2.0978672479,5.9837317527,-3.5173495454,-0.5798954708,1.8072473237,0.8795015177,-2.4333247743,3.450517199,-1.0473103898,-2.9378070049,2.6966868428,1.2100348806,9.4647855984,-5.3086164736,3.2439623426,-3.272514912,8.6370924906,-1.5907546402,-5.4864798796,2.8453150031,-2.2892003023,4.5467771557,9.4840170923,-10.7697832766,-3.2116697364,-5.4972142943,4.9513738416,4.5164304049,-2.833792388,1.7493850928,-0.6716409122,-2.2654352432,-3.1169551518,-3.8450789248,1.7337072771,3.6721320299,5.8251413696,5.104112244,11.4175693697,-1.565322853,-1.118733017,-0.2633079805,-3.8073175095,-2.5817627146,-0.362446677,-1.4831603523,-3.629565003,8.0485153865,-5.2859596125,0.9280141042,1.8190181191,-2.8257442699,-16.0893264259,2.2909428236,-4.2847088148,5.0725955137,-0.2851336412,0.4781923633,-0.7419145743,5.4671959014,-7.9294573449,-1.7266828937,-1.5151031868,3.6371937794,-2.6774329309,0.7386802516,-0.7013150156,0.6786518121,-0.3543851464,1.1567034946,-14.5238226479,9.2628231867,-2.1030399214,0.0633891195,-1.4198122741,4.4643469511,-8.0356111953,-0.8958209535,-6.8415196257,16.6087579212,-2.0336773732,0.6629271158,0.5615246297,5.684805171,-2.8937744427,0.3087372715,-5.237024849,3.5723941586,-3.860630412,-0.0670299709,-0.9388757005,-1.5047787725,1.4975647145,-0.0836059983,-7.7691883798,-5.4048308847,1.7422048657,0.7055713008,0.7256530966,4.0590400885,-2.8100604087,-2.2795929384,-0.2726804836,-0.1635445062,4.0520445474,-1.2809168568,3.9664399522,-0.0685652964,-1.0618318511,0.652741795,-6.3458205273,-2.469392307,0.1535168121,20.0817222206,-1.0287256775,0.7040237541,1.0970290419,-0.7357405624,-0.8907774281,-0.3264174147
biasActivation=1,1,1,1,1,1
[BASIC:ACTIVATION]
"org.encog.engine.network.activation.ActivationSigmoid"
"org.encog.engine.network.activation.ActivationSigmoid"
"org.encog.engine.network.activation.ActivationSigmoid"
"org.encog.engine.network.activation.ActivationSigmoid"
"org.encog.engine.network.activation.ActivationSigmoid"
"org.encog.engine.network.activation.ActivationLinear"
