encog,BasicNetwork,java,3.4.0,1,1572771351890
[BASIC]
[BASIC:PARAMS]
[BASIC:NETWORK]
beginTraining=0
connectionLimit=0
contextTargetOffset=0,0,0,0,0,0
contextTargetSize=0,0,0,0,0,0
endTraining=5
hasContext=f
inputCount=2
layerCounts=3,8,8,8,8,3
layerFeedCounts=2,7,7,7,7,2
layerContextCount=0,0,0,0,0,0
layerIndex=0,3,11,19,27,35
output=0.999932376,0.9999999999,1,0.3923858722,0.7428129094,0.0727765315,0.4600600316,0.1210486038,0.999919373,0.0050285124,1,0.0488752928,0.9993671102,0.9018900971,0.0000125946,0,0.9999402572,0.5106323687,1,0.8102164514,0.0000111597,0.0132988852,0.9981923916,0.0000001227,0.0009221086,0.0000013825,1,1,0.9999999968,0,0.9480546822,0,0.9765866747,0,1,8,30,1
outputCount=2
weightIndex=0,16,72,128,184,205
weights=12.5371200122,6.8353274085,-18.5950951034,13.8849741726,-8.0509384604,-5.7736359902,-6.4873798802,1.3504343307,10.2671284746,24.7045032137,-2.442869048,-10.7789349222,-0.3215119922,20.6481838158,-3.2899849513,-15.0388075676,-10.3924983929,10.9618909571,3.2279751058,-4.3924109699,-3.3865275874,2.3321165632,-6.7024540104,-12.7050219146,-3.6350619832,-2.4438551545,7.6225979524,-7.3224057115,9.0565852379,-12.5726441498,10.6318467681,3.9488881337,-3.5967864488,-6.7930491584,3.1154856026,10.8165929393,3.4616174756,0.8769433818,9.7001985699,-4.2203453793,0.0546082831,0.074019701,1.0843045855,11.6875677119,-3.0789905385,5.4355173519,-14.4280674052,0.7174320173,-6.3251978884,7.7881834263,-6.9878576921,-4.2940886895,0.750483111,1.3224448797,-5.1540805612,-1.8448376914,12.9199794295,16.9103436298,-7.758110836,7.8598592946,-27.9766297612,12.2871457658,-7.7519211716,-9.4366776594,-3.5326623811,1.8554115566,3.9665461503,-1.8120521799,0.0617252416,-1.2681554592,-10.1150230276,-4.1133952735,-3.200240267,-2.3748134759,1.9600843019,0.485078337,-6.0698353585,10.0066004559,-4.5124096476,-0.8949479942,16.6946926161,-9.2935848597,-11.0215733371,-3.1822771553,0.9758889626,-8.0557846726,-4.670667821,-2.8310956075,7.4764386277,-26.5937622514,26.2419557381,-2.2321165948,-3.7330006599,8.3616968842,-2.8246467764,-1.9674454209,-13.0801565954,14.9432255186,5.6821995079,-0.1874787946,4.5093792306,7.4814597346,2.1506798124,-0.5799640809,-20.8629209853,-1.132333355,6.8572454312,-3.5324834833,-4.7117701857,25.4736905444,4.491979343,-3.6149601188,13.4646306578,23.6042079738,-3.3159626673,-0.2442524177,7.7447455866,-22.1121553696,2.9293070471,-0.8758318127,0.7783182365,19.6214070877,0.3524943735,-0.7714376702,-3.1916286326,-3.1687244318,5.9754279593,0.1799801487,-1.3763784372,-3.8509649018,0.5857059831,-8.675914693,0.7100480579,15.8613767677,16.3489063392,-0.5860070893,-1.7742540165,13.9166872729,-0.4176613689,-3.9705926159,-0.855558648,-17.8882310592,-9.1530841891,-2.3118799418,-1.0817934432,14.7070493484,-0.2757844895,-12.3559653744,-0.0847450372,-5.4721948728,-3.8481690429,-0.8737393946,0.6288434731,2.585927725,-1.3254808226,0.543770545,1.0278472423,0.7940762819,1.5604819842,1.8081616661,1.7155885441,-9.4768048027,-0.0142281998,-6.0673457167,-0.7002935155,-4.4241012625,5.2427113283,1.9203109559,0.9628847859,-0.8990359759,-0.130251971,0.1051428324,-0.0137665349,-9.2913398198,0.2540956571,1.922343697,0.9429043908,-13.8192304185,0.2606240188,-0.9825892857,0.5976332304,-1.427008206,1.0659328785,1.7098288205,0.8263315189,0.8344669531,0.455155896,-0.4853541457,0.7255578474,1.6689373747,-1.3529861343,-3.1919205801,0.0667383216,0.8604654214,0.4959795168,-18.8588882758,-0.6906663103,-2.3659781677,-0.088604283,-1.4747652751,0.2281363728,8.6847892067,5.9488752379,-3.7839569164,1.0242487393
biasActivation=1,1,1,1,1,1
[BASIC:ACTIVATION]
"org.encog.engine.network.activation.ActivationSigmoid"
"org.encog.engine.network.activation.ActivationSigmoid"
"org.encog.engine.network.activation.ActivationSigmoid"
"org.encog.engine.network.activation.ActivationSigmoid"
"org.encog.engine.network.activation.ActivationSigmoid"
"org.encog.engine.network.activation.ActivationLinear"
