encog,BasicNetwork,java,3.4.0,1,1572771359850
[BASIC]
[BASIC:PARAMS]
[BASIC:NETWORK]
beginTraining=0
connectionLimit=0
contextTargetOffset=0,0,0,0,0,0
contextTargetSize=0,0,0,0,0,0
endTraining=5
hasContext=f
inputCount=2
layerCounts=3,8,8,8,8,3
layerFeedCounts=2,7,7,7,7,2
layerContextCount=0,0,0,0,0,0
layerIndex=0,3,11,19,27,35
output=0.2916403969,0.2599407338,1,0.3724259953,0.9999925971,0.0000016123,0.0006015652,0.9999623823,0.4504961781,0.1308377622,1,0.9934897827,0.9999909269,0.938435758,0.9999999478,0.0091134977,0.095341996,0.9999373777,1,0.1952026648,0.9885461513,0.969494378,0.4705864616,0.0266620037,0.9984188784,0.9999974874,1,0.0000763699,0.9780811331,1,1,0,0.9999911933,0.0432872138,1,8,30,1
outputCount=2
weightIndex=0,16,72,128,184,205
weights=-8.3639503439,11.8265193712,-1.439017369,3.6682381986,-13.8949581527,7.492602946,-1.8637242388,1.1617779667,4.6051608342,4.1683825288,11.6021760067,-6.6908357648,-3.5782401177,3.0131260448,-8.0553189649,-3.6510599719,-3.4503321685,-0.650359326,10.0635156358,-2.3166186176,-1.9960018528,1.6941148974,-2.0898840213,-1.6245210875,-0.780674527,9.9955881999,3.8100282098,2.2891376718,2.4923761954,-1.8676790136,-0.6001556364,-2.5154091109,1.2027596755,-7.5334938188,-4.8022298162,-4.2381319218,1.5641194008,14.5257899603,0.8371526298,-0.4909196813,-3.8735539812,-2.5010109908,-2.8546620407,1.3964292268,-0.7045380221,5.5444945193,0.6421653025,-0.9478889172,6.9338782257,-1.2004487382,-5.2059640168,8.8692069806,-5.3568248118,-4.5213925773,6.6848322516,-5.6885615713,-4.0629327018,9.7461614748,4.3684952758,-2.548865652,-0.9822625639,0.578080223,-6.3188769063,-1.1866259839,1.4363254541,1.1682134085,-0.4924278055,-0.3472574508,-1.2753193166,6.0673802852,-4.2600625684,0.0135623833,-0.7270142737,2.851822261,1.5216015106,-0.3287597716,-4.0387139535,-4.7729065439,5.4912178263,0.4119701056,-6.2101451896,-0.2879710989,2.9940120965,-0.3707715396,-7.0501900912,7.2463947851,4.3851871669,-1.0532370292,-5.0728746634,-5.4751584836,-2.7208314323,0.2655978391,5.8475921829,7.2150574073,6.2201464226,-1.9400261268,-4.6349527586,-0.156461264,12.3385010412,0.2751137418,-4.6352352727,2.6818180613,3.7181253938,-0.5359038196,0.4908564843,0.3611466663,-4.0064025362,-1.142168374,0.2937956949,-1.6243604652,0.7022954583,0.1916689222,11.033017537,0.4162596333,5.2021005595,-2.9408428767,-1.3515586469,2.0008478246,-5.6628123179,-4.7735901656,-6.1074538562,1.6062171727,7.0776457661,1.0867054183,-3.7322033778,0.7496039327,1.3023159617,-0.0416526434,-4.5249604768,-11.8596179136,-1.68810379,3.5807698777,3.4865169868,6.9042127252,0.7297323735,1.3550558439,-1.1608456346,-1.3820307288,3.1504140395,0.9818102679,-0.5278740365,2.0159516674,-2.0959262536,-0.2476950521,8.9815986279,8.1211173274,0.4843487686,-2.3391984749,-2.1426833006,-2.2379808189,-7.1579457746,-0.0822755351,1.1306284368,1.0276655482,-0.3223473864,-0.0112796743,-0.9302076998,-1.0323978574,2.0768716504,0.153097054,-2.2384295502,-5.9510079284,-2.8490770893,-0.2518039376,2.135541468,4.9905328019,7.2654500869,0.0191386833,-8.2288099158,10.152660457,-0.514042688,-2.5389454744,0.9958421089,-2.8334043374,3.3902745677,2.2581532439,-5.1302028691,2.6367743287,4.0114754923,3.2704186035,-0.4860440298,0.3788909539,-11.015178083,3.1316299189,0.9185739532,-0.4497467136,-3.3360354451,-2.1081264054,0.224635245,13.9241987486,-2.1748809079,4.3406447675,-1.1922806647,-1.0162255497,3.1661754367,-0.2783937856,1.0393124412,-4.0098047501,-1.3698530587,-2.1762293829,1.0992404621,-3.9273913762,-0.8357167954,-0.3171761686,13.1053734905
biasActivation=1,1,1,1,1,1
[BASIC:ACTIVATION]
"org.encog.engine.network.activation.ActivationSigmoid"
"org.encog.engine.network.activation.ActivationSigmoid"
"org.encog.engine.network.activation.ActivationSigmoid"
"org.encog.engine.network.activation.ActivationSigmoid"
"org.encog.engine.network.activation.ActivationSigmoid"
"org.encog.engine.network.activation.ActivationLinear"
