encog,BasicNetwork,java,3.4.0,1,1572771482272
[BASIC]
[BASIC:PARAMS]
[BASIC:NETWORK]
beginTraining=0
connectionLimit=0
contextTargetOffset=0,0,0,0,0,0
contextTargetSize=0,0,0,0,0,0
endTraining=5
hasContext=f
inputCount=2
layerCounts=3,8,8,8,8,3
layerFeedCounts=2,7,7,7,7,2
layerContextCount=0,0,0,0,0,0
layerIndex=0,3,11,19,27,35
output=0.6626102905,0.5704875111,1,0.3786059188,0.9474109613,0.9156640569,0.0000014425,0.399243306,0.9999902207,0.0000000592,1,0.0746018604,0.4664817096,0.9999999563,0.9982214776,0.0001745111,0.0199929694,0.3231418082,1,0.1336216795,0.0024199826,0.2354683477,0.6504359344,0.0421530593,0.4841971385,0.0273632437,1,0.9999774746,0.0000023882,1,1,0,0,0.6419018845,1,8,30,1
outputCount=2
weightIndex=0,16,72,128,184,205
weights=-5.0861392003,-14.9809767819,12.6654179236,-15.4252491178,11.1306091359,-6.017261046,1.111946913,6.7698676066,18.7058647559,-2.3843327225,-5.9459322128,0.8832425415,-3.2459747121,6.4616898344,11.4006133512,-4.2605862017,-1.0139906488,6.725536845,6.6952126912,-4.9492209558,1.1377521035,-5.2326946128,-5.3316573047,-3.4846577448,1.1924392835,1.3969256794,1.1059331347,-0.6964996398,7.3815882055,-8.7057141772,2.1820942142,1.2075936352,-5.7098393579,9.7223135412,0.2800004207,0.0313913949,2.8104795037,-11.2820089337,-9.9096405958,1.3914782059,-9.2683294151,-5.6762739824,0.1525341557,-3.3243740664,16.7420364274,-1.5159438041,10.4849252393,-10.3046333539,-0.8296560326,-0.0773945446,1.0058060228,-2.2642029518,-2.0693998439,2.1219433596,8.9963848101,-2.0054228063,-4.1402032885,-1.6727200795,4.5216642328,5.7280467768,-14.8519402997,1.9636238379,0.6222748992,2.1471182695,5.2097738086,-0.3627920346,-15.5299928153,0.0511567385,-2.7245668903,3.4508933603,3.5595579946,-2.6010620686,1.34932609,2.576379878,0.281889884,-0.2640593832,-0.1241804239,-3.6924929982,3.7263177534,-0.9080500794,-4.9265160557,8.4595774586,4.136767131,-0.7479636461,-0.1288310403,-6.9504193002,6.1323038257,3.2189715245,-2.6169027836,-5.5345154352,2.8691144854,14.1306532794,2.4158728709,6.8573279583,-7.2373593482,4.2178549628,0.336858162,-3.1571718218,-0.0913249392,4.0565858927,-3.0500321586,4.2497878131,-0.5553729777,1.7618058124,11.2368480384,10.7804759165,6.0688237902,-12.257660005,-1.4075504803,-2.5446482354,2.5636358398,-2.4158216326,-9.0605178744,-6.9594164218,-7.2867467906,2.6780194502,13.5848102619,-2.7830308894,1.6612750848,-1.961301233,6.0553711135,11.5191232219,-4.18133244,-2.3639465707,-3.4344334745,2.1677746623,-4.8772884819,0.1743918003,-2.5860044323,2.8511667592,1.9288544836,1.1979567844,0.2894068262,-0.1938977022,-10.3832362185,4.2548378476,2.0695735552,14.9867657441,-5.2757846413,5.4018985224,-0.1901453039,1.576092231,-14.2526796535,0.9315732991,-1.9774382574,13.7047180771,3.2112911117,4.4490270366,0.9084692175,1.1449182483,-13.6609572221,1.9083500953,-5.3730015155,-5.8219970956,-2.5622796451,3.6240602459,-0.0201274333,0.78383619,6.5018040311,0.7585494845,1.3294300904,6.3640787211,-7.8022762884,1.01551017,-0.112667247,0.7464070506,7.6667876576,-2.5873554037,0.7426362448,7.5873711439,0.6379728888,2.1216920141,0.6057415161,0.7060204752,0.0778709568,-3.6155205598,1.8179836669,1.5530864261,-2.4386171924,-4.4383531133,0.9171595094,-0.5970945807,-8.8461697134,7.1665868419,-5.0108997481,1.7794834164,-2.5964601718,0.4913541933,-0.6383945121,2.2760324058,-1.3867527495,4.1903820335,-0.1762539421,-3.541690655,6.1123497748,-2.3736691123,-0.6984738567,-0.6590239699,0.0991736772,-2.3708740882,-3.0185842263,-0.0097354976,-1.9840739903,-0.2721802272,24.6216271895
biasActivation=1,1,1,1,1,1
[BASIC:ACTIVATION]
"org.encog.engine.network.activation.ActivationSigmoid"
"org.encog.engine.network.activation.ActivationSigmoid"
"org.encog.engine.network.activation.ActivationSigmoid"
"org.encog.engine.network.activation.ActivationSigmoid"
"org.encog.engine.network.activation.ActivationSigmoid"
"org.encog.engine.network.activation.ActivationLinear"
