encog,BasicNetwork,java,3.4.0,1,1572771500803
[BASIC]
[BASIC:PARAMS]
[BASIC:NETWORK]
beginTraining=0
connectionLimit=0
contextTargetOffset=0,0,0,0,0,0
contextTargetSize=0,0,0,0,0,0
endTraining=5
hasContext=f
inputCount=2
layerCounts=3,8,8,8,8,3
layerFeedCounts=2,7,7,7,7,2
layerContextCount=0,0,0,0,0,0
layerIndex=0,3,11,19,27,35
output=0.4791784477,0.3333300171,1,0.0276796644,0.9653551735,0.6443598496,0.0478525604,0.2672986246,0.1494100566,1,1,0.8844719893,0.9999622389,0.5092626415,0.0138174939,0.2571894982,0.9999370941,0.9640520408,1,0.0130153659,0.0001052972,0.9933827105,0.7804418309,0.3716009666,0.6712593769,0.97420585,1,0.4264528549,0.0000281173,0,0.9995652429,0,0.9999999873,0.0000546243,1,8,30,1
outputCount=2
weightIndex=0,16,72,128,184,205
weights=1.077834914,6.3226815766,-21.3699504756,4.5025639061,-9.9113984434,-7.7259721139,10.9268915774,0.2144265057,5.813041682,-6.4589028308,2.4604502292,-3.8180070694,-9.5780589244,11.0316768722,8.9671578235,-4.0768431218,-3.5176998841,-0.0054386116,4.1582340917,-2.7500190742,-1.7758794479,-2.8224085903,1.6082392582,-0.7933345453,-2.4013593541,3.6597240785,0.3979213428,4.7585538247,6.5124281799,2.7659013717,1.1551737139,-4.0310039703,12.3528358137,-4.1120166034,2.3696063147,-8.5729298911,0.4963841694,-9.2728454065,0.4093206876,1.4421572856,1.3905440824,-3.758982641,-0.3418477745,-0.0230223103,-0.6128534881,-0.3008902009,-3.0248289565,3.0873398307,-9.7871647341,2.6564363655,6.009024597,-4.8871726805,6.8414869964,1.4689825578,-2.1435393029,0.8371566864,-5.4315321202,-3.1518222601,12.4999405522,1.101994466,-7.10387716,-2.3241602174,-0.8957404376,4.850123154,-0.5479686403,21.5090084538,5.2665413227,-3.2081055828,0.6015582888,-5.5588502701,5.2023842705,2.0713923145,0.6874970946,-4.8973001656,-15.0999744813,-0.352524043,13.3228801401,6.2335068109,0.3389689557,7.8369029861,-4.5194626338,-0.598404814,6.3438762885,10.4979608486,-4.2361597086,-13.2468776969,6.5284023034,-0.1456212814,-2.6270295981,4.8603880323,8.1005423538,1.2866326794,-7.4117130497,-1.1522253809,-0.3537693165,-5.1080599506,5.2508163576,1.0964083648,-2.8808510006,4.8186667549,-1.3588730317,1.9008796996,-7.2452362731,1.0520625258,1.6787840693,-8.0064626986,-5.7312974971,-6.5978587826,3.1219295828,3.0015810804,4.5994950526,2.1051756094,0.4634664891,-5.9861631228,-0.0293388132,-1.2680709556,6.598131678,10.0144896386,2.6375861817,-1.0565384425,-0.776817798,-6.2179672291,-0.432527191,-1.2460421869,-0.6332563773,0.5965770681,3.17339009,1.4452922864,-3.5349236165,4.3703473774,-0.8515957773,-1.0938367162,-1.0686682789,-2.8693086514,-0.4034942989,1.1415233831,-7.2427517247,15.1414331821,0.012257135,-2.3613682729,0.6740407285,-2.8577410397,0.09115741,-0.8522742038,-14.677636328,-6.9345619333,-1.4593297963,12.3568518966,-1.4636239768,0.4644090958,-0.7615471448,-1.544902107,-2.7391574859,-6.0695719665,-0.7084233329,3.2943343556,-0.0257450916,-7.6562935909,-0.8006061985,6.7999702999,7.146026451,4.6862629758,-0.6589298449,-9.2841850154,6.0585921413,4.6210951585,0.9358575491,1.0860725227,16.2630453828,-3.9864849502,1.7134669035,3.3382602174,-0.2147753171,-9.514316484,-0.4693690284,-0.0438903724,-10.4185489219,-2.623068926,-0.573680373,2.6917899489,1.8448287895,7.9798400331,-0.3346294983,-2.5958727385,0.7006032048,0.1759274624,-11.1789878275,2.534191219,-0.9413937283,-2.5108158465,-0.7046895559,-2.0326445098,-0.4107656804,-0.3891386255,0.3111203323,1.5197871768,1.0386218268,-3.591606178,2.1315141689,-2.1377029465,1.0810392302,2.8500738544,-1.4089442627,0.0635242451,-0.4491508535
biasActivation=1,1,1,1,1,1
[BASIC:ACTIVATION]
"org.encog.engine.network.activation.ActivationSigmoid"
"org.encog.engine.network.activation.ActivationSigmoid"
"org.encog.engine.network.activation.ActivationSigmoid"
"org.encog.engine.network.activation.ActivationSigmoid"
"org.encog.engine.network.activation.ActivationSigmoid"
"org.encog.engine.network.activation.ActivationLinear"
