encog,BasicNetwork,java,3.4.0,1,1572771510990
[BASIC]
[BASIC:PARAMS]
[BASIC:NETWORK]
beginTraining=0
connectionLimit=0
contextTargetOffset=0,0,0,0,0,0
contextTargetSize=0,0,0,0,0,0
endTraining=5
hasContext=f
inputCount=2
layerCounts=3,8,8,8,8,3
layerFeedCounts=2,7,7,7,7,2
layerContextCount=0,0,0,0,0,0
layerIndex=0,3,11,19,27,35
output=0.7142841099,0.4285689042,1,0.0464580777,0.9999997197,0.9982604324,0.3407866249,0.7664701643,0.7998209978,0.3253221509,1,0.0026555321,0.3782128429,0.9608167705,0.9974812156,0.0000000353,0.9999761023,0.0083893308,1,0.999663354,0.2683760161,0.0003617421,0.0000005771,0.0000177847,0.1114586057,0.7935768268,1,0.0991532266,1,0.0008272334,0.9999999818,0,0.0000000009,0.9999999991,1,8,30,1
outputCount=2
weightIndex=0,16,72,128,184,205
weights=1.1939284106,-8.9586428867,-5.2744613236,4.6655166988,21.9707916808,-5.7148153267,-14.73064911,6.0178754206,10.8478186595,9.1370432204,4.1662234117,12.4877206434,-11.2123830873,-7.7113035861,-14.0830107384,0.9998089846,0.6372501267,-0.6690168648,-8.7042618535,7.1355224055,-7.9744275929,-1.7000872529,-0.9135145294,0.1830673733,0.8333414181,-6.2223425776,8.3969482206,3.0353104949,3.6307282772,9.7678458219,0.9522349975,-3.4327578237,-0.7020171904,-6.8783687424,-2.3742083677,9.6583570734,0.1339329255,-1.4101771333,-5.4124729619,3.0584291546,2.4881969928,-10.801314461,-2.1307970917,0.0056200244,7.8376773959,3.3911962592,3.3490844971,2.0412852818,-5.4098788191,17.5113207213,-7.0512413042,6.3177164795,-1.3075242759,1.6516949998,-3.1145327605,-6.5725336102,-1.778373632,-2.327653115,14.135688456,-13.3720548444,-7.7991071302,1.9903488513,1.0443392233,0.0277514746,10.1181219444,5.6592931715,-0.4760693611,3.8777244145,-4.7774988766,-5.8550345224,-4.7378784251,-0.4126051862,-1.8357399211,8.8019674679,-3.298504177,3.7226511578,-7.400613559,0.6361204777,-4.6797595603,-2.8113958996,7.7194126667,-4.3637230344,-5.5843864554,1.392877479,5.9530070806,9.1715592242,-6.629664731,-2.8020235556,4.4082589895,8.9874678641,5.5706221701,-8.4933378693,-5.8937961337,9.6752473033,-9.847580121,3.1152555052,-2.0322929909,-9.277748143,2.9515962897,5.1501279742,4.0119693579,-12.3618688169,10.8044486005,3.3055254267,-7.5501981947,-2.197395642,-3.1957781481,7.3893706376,-1.9314534977,0.2870666342,-6.8539747907,-3.614808746,-0.7641457707,-4.4476093553,-4.3463309367,-10.2073307145,-11.4227779897,-0.6949951209,7.4784739562,6.7437243782,-5.222675757,3.6975100826,6.739669534,0.4260951364,-5.8092300273,7.0847863637,-2.6899327088,0.7988976314,2.9726131706,0.8287751379,-4.5738091138,7.0041416369,0.6711342685,0.3993319236,-0.6728577262,0.5451224215,11.5776248912,0.5828743013,-2.4995595425,-0.6985133173,0.9939090526,-0.0198760428,-1.5234284392,-0.5097013607,15.0738354653,-2.6818304379,10.6503562843,-0.7097186882,0.0411254812,-0.5933592511,-3.1941258358,-2.8419721522,-19.6587055121,-0.7173951374,9.2238653844,-11.417688831,-0.5461248872,-0.2222309035,0.3072821162,-0.5958920308,18.6659267207,-1.6185786213,-4.7045589398,-11.0476037506,-0.5910884963,0.7952234209,0.124521748,-0.242387331,14.4036447687,-2.8654684395,9.9698842403,3.9918957768,1.255312478,-0.507875283,-2.6512217559,-1.9875487489,11.2183230219,0.121724582,-4.7814234085,0.7017499248,0.6467755009,0.7870392842,0.1194850926,-0.7047151035,1.4886072177,0.1518933839,-18.6723280414,1.1806259105,0.5160889028,0.9179715553,0.8368924031,-0.2870646519,-5.1797957403,-2.6620536344,1.3740295015,-2.1002723886,-1.7735142641,-0.8900710772,-0.4959806075,-1.1197811475,-0.4081329194,0.4033594434,1.6367770092,0.2407342657,0.4653118023
biasActivation=1,1,1,1,1,1
[BASIC:ACTIVATION]
"org.encog.engine.network.activation.ActivationSigmoid"
"org.encog.engine.network.activation.ActivationSigmoid"
"org.encog.engine.network.activation.ActivationSigmoid"
"org.encog.engine.network.activation.ActivationSigmoid"
"org.encog.engine.network.activation.ActivationSigmoid"
"org.encog.engine.network.activation.ActivationLinear"
