encog,BasicNetwork,java,3.4.0,1,1572766532896
[BASIC]
[BASIC:PARAMS]
[BASIC:NETWORK]
beginTraining=0
connectionLimit=0
contextTargetOffset=0,0,0,0,0,0
contextTargetSize=0,0,0,0,0,0
endTraining=5
hasContext=f
inputCount=2
layerCounts=3,8,8,8,8,3
layerFeedCounts=2,7,7,7,7,2
layerContextCount=0,0,0,0,0,0
layerIndex=0,3,11,19,27,35
output=0.9999087138,0.7804871375,1,0.9999999997,0.4830773163,0.0001111484,0.9998145631,0.9793507137,0.3900001753,0,1,0.9999898653,0.9999978511,0.000000023,0.8257821717,0.0003477203,0.7532329799,0.9970637985,1,0.9904926062,0.9847553676,0.9861353506,0.1569914193,0.7139161981,0.7148274445,0.9999999382,1,0.0260127412,0.9999999998,1,0.0914007738,0.9999999013,0,1,1,8,30,1
outputCount=2
weightIndex=0,16,72,128,184,205
weights=6.8932350895,15.8162296289,-15.1698995785,-9.3174881161,7.1832450188,-3.4350161626,-13.0887402847,-1.6100898408,-7.2816036089,-4.4912135654,8.8123717913,3.4717689162,19.7950533724,-8.4340946439,-1.5531711153,-8.8493914278,4.8092726133,4.7990419328,-5.3082106225,5.4414239652,-7.4409805402,3.9333017717,5.0334967246,-0.0976294107,1.1797032756,-0.2767149011,0.8326064912,4.7485806049,2.5280008035,-10.0236830249,2.0501127369,0.6132095683,8.1703060151,4.1532450871,12.31396491,-0.0856258883,10.2361480459,2.1293344321,-8.8265645157,-14.1640806854,5.5454411117,7.1564933604,1.0175239051,-5.1799180697,-15.4287095505,-6.0871088305,4.7580043041,0.014573936,-4.6613469181,2.1158618276,-12.3297641655,10.5793777325,17.6024198945,-2.6393581495,2.9121462213,-3.2532744715,7.7767877383,-2.5725183016,0.1702798505,-3.6974067078,1.8008321561,0.5988290089,0.3164672372,-3.3654770642,2.7771314275,-7.257579105,4.7013772922,-14.4717271947,13.9316087519,-5.37698714,-4.4732847505,-8.7210694588,1.1144344246,2.9204285505,4.3064906801,5.3670278364,-7.1216352088,-1.1907792661,8.1453626237,0.2205213993,1.0700821095,4.6515190754,-0.1465914875,-13.8271078703,10.7501315935,4.7798770533,-2.0347223395,0.6685759221,3.9075537448,-18.0482532862,-9.6623230825,0.6046020736,4.3628606292,1.471177616,-2.2910702114,3.8745091492,0.2368704256,-3.7567542197,-2.6938864919,-12.781592436,8.3857769825,12.1823821988,-4.1939922831,-0.8170239971,0.467240291,-3.2970697742,0.9430698194,8.2983850727,-4.7363734773,-10.3552038687,4.0321681346,-0.6611351108,-3.2887985187,3.4055449648,-0.2825131366,-4.5044771913,-0.7663570246,-3.7317610442,8.4582984152,-3.2380256685,-2.5105329443,4.3412058871,1.1503726643,-6.9920701273,5.7328838055,-1.5044035501,3.7331801615,-2.7479811882,0.8265587794,1.6260232067,1.018152698,0.5696009747,0.5017647349,-0.1021233592,0.1571922534,1.269436742,-20.2888484127,-0.1382003379,2.7329705446,6.7205908457,-0.7629383932,-0.4148956841,0.9708606629,1.2789745953,-2.9973122399,1.0719724462,3.7157565677,-3.6742853656,0.9078742523,-0.6120374844,-1.4206321065,0.4032809876,-11.6937037309,-0.7608402899,-3.1505715604,16.5016760436,-1.3707880634,-2.009375543,2.374219328,0.023113793,10.0205021108,1.4242556044,1.0093871266,-10.834519995,1.7561628004,0.4135407423,-2.8138022907,0.2681005204,0.1571756327,2.1388525211,-3.6581963844,-15.1732745743,2.8886368877,4.780293202,-1.0088066801,1.9412211312,-9.172133515,6.154366735,4.0816503016,-12.3365950435,4.7421491762,4.0959710033,-2.6195371315,5.6073870892,0.5197040524,-0.3335055679,2.2247228581,1.0011830427,0.4779126569,-0.1933929235,-1.730654205,4.4681794905,-1.0137727149,0.6086483408,-0.1533579018,-2.5650998301,1.073692103,0.2158223733,1.0668707101,1.69531179,-5.3827675733,-0.4555199716,-1.8233779071,3.3824078791,-0.117888454
biasActivation=1,1,1,1,1,1
[BASIC:ACTIVATION]
"org.encog.engine.network.activation.ActivationSigmoid"
"org.encog.engine.network.activation.ActivationSigmoid"
"org.encog.engine.network.activation.ActivationSigmoid"
"org.encog.engine.network.activation.ActivationSigmoid"
"org.encog.engine.network.activation.ActivationSigmoid"
"org.encog.engine.network.activation.ActivationLinear"
