encog,BasicNetwork,java,3.4.0,1,1572771521881
[BASIC]
[BASIC:PARAMS]
[BASIC:NETWORK]
beginTraining=0
connectionLimit=0
contextTargetOffset=0,0,0,0,0,0
contextTargetSize=0,0,0,0,0,0
endTraining=5
hasContext=f
inputCount=2
layerCounts=3,8,8,8,8,3
layerFeedCounts=2,7,7,7,7,2
layerContextCount=0,0,0,0,0,0
layerIndex=0,3,11,19,27,35
output=0.2699355712,0.325164137,1,0.7510886676,0.0779462092,0.0231744194,0.26033009,0.005316384,0.1509198202,0.3729824,1,0.1982183509,0.9620927565,0.9135565046,0.5772490093,0.9513005285,0.9887253731,0.2775501643,1,0.3935426906,0.0000204238,0.000002264,0.0555052695,0.0000022853,0.0000001883,0.0004333962,1,0,0.9969491388,0.998978796,0,0.0000000014,0,0.0000091409,1,8,30,1
outputCount=2
weightIndex=0,16,72,128,184,205
weights=-1.4952107437,-4.6647905176,-10.5562871548,-8.7502540087,2.2447789631,11.9103022802,-3.2590517157,2.4204134849,-6.9794241788,9.3063053142,5.5849289296,7.4620698384,-15.9523555914,6.211459527,11.654536157,-3.4849533883,-4.0118385443,-1.9095563197,0.3713089532,-0.4175405801,1.9994987371,0.5498284301,0.3627920003,1.0921839685,6.732266475,2.0660899168,-3.3926181495,-7.9349508141,0.0683470431,0.9396078234,-2.2823399625,1.5264085309,-0.6955385522,4.9996066678,-11.7962088539,2.1264635131,0.5584062761,0.1604069747,-1.017751747,0.7281949984,1.2490544394,4.8603525452,-6.0388139951,-3.0632141222,0.280941573,0.6512624474,4.137464057,-0.7424473841,-3.4926941067,0.3628055991,7.967844944,1.0041116031,-4.4089728511,-6.6374507704,14.0020544335,-5.8764652248,-6.599078321,-1.208706899,-7.7717719584,-9.2948671207,-4.2262017939,9.9923637817,-8.1661356893,9.6161440111,4.4964990243,0.3143774819,0.1206319867,-3.8139834466,8.8072841426,-2.4983539459,-13.1658488825,-1.8757828683,7.5245290878,-0.4836434384,-5.1035209018,-3.0127992607,2.3520048363,-2.887296622,6.5593391673,-4.1942904869,-1.4317275911,2.9764018965,-7.7759999945,2.2379742618,1.5632899261,2.7381857907,-6.2086448613,3.6758387445,7.0239850508,-6.3556943861,-3.7836474257,-4.9835572546,0.294137888,7.4364896272,3.1307310553,-0.1309905715,14.2199814898,3.0263436019,2.4468307942,1.4347682891,-8.3987175198,3.4606233499,-0.8933851982,-5.3639781922,5.7218710006,2.8526294618,0.7873938479,-6.3690708371,-2.2013858722,6.4367107532,-0.5685892668,1.0740685318,3.1908982536,1.6469487874,1.7625869379,1.5267561739,0.2441792774,-0.9004483232,1.0167277813,3.1328854611,-15.1684465945,-7.9757311572,-6.7712408421,1.8598127153,9.7343367758,0.98688646,4.5281210571,4.9077489042,-0.6574077618,23.2578930682,-9.3971671334,-1.2855920565,-0.3527685529,-2.210762417,2.2450580282,-14.231831062,-0.374411964,0.9565384406,-11.9772725792,-0.3462425487,0.209178834,-1.1956648804,0.406239806,0.2126281296,0.0393449023,-11.0210119122,-7.0078188449,0.5085869028,-0.9744529634,0.3307838674,9.6807994223,4.9896058254,-0.7169851746,3.7977074694,-1.4799409979,0.6596732512,0.4456580841,0.4649326067,5.4413151007,-5.1419133999,-0.1961740146,-16.907480172,4.7501630562,-6.4203113431,0.8344037827,0.4021682146,2.7788160168,-0.8784430322,-0.330127248,-8.690822364,-10.3379081362,2.4317930256,-0.2604094973,0.7595723162,2.9559932798,3.5063317507,0.6696657903,-6.165197568,-0.7774840118,-2.6648524899,-0.5846299112,-3.7857713872,7.1298953922,-0.8204114879,-0.8627374606,-0.7042802522,-0.521071197,-1.143038617,0.2264025325,8.1415087901,0.1557038984,0.5462468945,-10.7472867643,2.3210329266,-5.8487609169,0.1714502967,-1.055869139,-0.4178055608,0.6121886493,0.8200770274,-3.4234052438,-0.4204461953,5.1020926012,-1.8033685707,1.6815703538
biasActivation=1,1,1,1,1,1
[BASIC:ACTIVATION]
"org.encog.engine.network.activation.ActivationSigmoid"
"org.encog.engine.network.activation.ActivationSigmoid"
"org.encog.engine.network.activation.ActivationSigmoid"
"org.encog.engine.network.activation.ActivationSigmoid"
"org.encog.engine.network.activation.ActivationSigmoid"
"org.encog.engine.network.activation.ActivationLinear"
