encog,BasicNetwork,java,3.4.0,1,1572771539847
[BASIC]
[BASIC:PARAMS]
[BASIC:NETWORK]
beginTraining=0
connectionLimit=0
contextTargetOffset=0,0,0,0,0,0
contextTargetSize=0,0,0,0,0,0
endTraining=5
hasContext=f
inputCount=2
layerCounts=3,8,8,8,8,3
layerFeedCounts=2,7,7,7,7,2
layerContextCount=0,0,0,0,0,0
layerIndex=0,3,11,19,27,35
output=0.4218784268,0.0002731424,1,0.7579826928,0.0698374726,0.0046786621,0.9999999011,0.8601712663,0.8400818854,0.0000000077,1,0.3491357366,0.9997379382,0.9985241739,0.9924959101,0.9999697855,0.2436787945,0.0000015789,1,0.0373063427,0.1421924867,0.0971679189,0.000000387,0.5285906946,0.9999999895,0.0761292811,1,0.1122375684,1,1,0.9894188531,0.0000014442,1,0,1,8,30,1
outputCount=2
weightIndex=0,16,72,128,184,205
weights=-13.1003695079,-11.8715844642,-24.0318282286,11.2825682127,1.1746589365,-4.2708456288,13.1274394701,1.851189605,-18.2131435976,16.4781889374,8.7977670035,-8.6639587748,23.0153664614,-12.7812762107,-1.9654999241,4.0121662999,16.6203508376,-1.4508805539,2.4929213049,7.5316032332,-6.1918395262,-1.0446794519,14.6524375532,-6.7287388416,-2.762065494,-1.3256318073,-3.7563949683,-2.9726147169,9.082921406,-8.9822712766,13.8103366567,-0.4922890352,-4.9455333213,0.7943546522,-0.0664687116,-2.0628627565,-3.1425993714,-3.5994541685,-3.5532449029,1.7058366357,-4.4946331314,7.3689824656,5.3940092606,4.8351658459,-0.0366304682,-0.8777133493,-6.660970393,0.3968336084,4.5766396104,14.453243097,6.546631462,-0.8266435743,-21.4083639931,3.8366743294,-22.015527348,0.5256956071,-4.6828651608,2.1368602246,-0.0933248052,-1.1410978976,4.752612769,-5.1923644177,8.3335082088,-1.1039983449,6.5263432792,5.600735525,5.0733886482,-2.8723440481,-35.6488080136,7.5248023797,7.4364414702,5.0342092345,17.690328113,-13.2262363298,8.8749653941,-5.7078728176,-2.6770668844,4.1982198974,-5.1944717766,-2.6521858652,-6.0843175791,5.2745998308,-4.8351310762,14.1273585326,0.359150776,4.4056941897,-4.4488444782,3.9366067552,4.482645632,4.6919781154,0.0615890102,4.1120665981,-1.9241005943,8.7172896592,-0.1352014419,-2.0132558939,-3.8429703642,-5.5807947644,-2.3185024471,4.1732091116,-3.8082738914,4.6097716176,6.3932316441,2.9635058432,-9.4995280506,2.6930233158,-4.6935619181,-2.4451548531,5.0035496276,4.9602039254,-12.6210949017,4.190487844,2.9756512981,-3.9178302237,4.0724374384,-8.1627221442,-2.2015477479,0.1270200056,0.5320762289,-0.0860559078,15.4318220557,-1.1716604388,19.0129701493,-7.5355098382,-20.4140492177,-5.2017400036,5.4573463157,-0.0383585428,19.3014391265,-5.6493895424,-1.3379432432,7.6188597835,10.0842825303,0.4381211898,-5.8602929454,-6.4059649607,8.6489327614,2.1302287374,-1.1726396766,-8.565095376,-8.9293460203,2.5918702983,1.1458676373,2.1570871473,9.1329404159,-1.7158298902,-6.454310294,6.6711643137,9.9474755392,0.1553600531,-6.2904131507,-1.8399649781,13.9964968059,-0.464312508,0.9903327814,-19.3433749378,-5.6842304584,2.1704164734,1.6755793279,0.1064367681,8.5619039044,-1.8604967527,-2.2860679193,8.1870107849,24.6307499383,-2.8146383228,0.6594806547,-1.9856950053,4.1361464973,4.7493894737,3.1889327638,0.7288792138,-18.6091783169,6.0971981839,0.4624295236,3.1464383542,5.264889443,4.0558562578,0.6791228246,-7.2466482396,-10.8402989997,-5.4981841811,-0.5380686922,4.8461335701,2.6692762374,0.2311231398,-30.3559904975,0.7459132292,0.6808541925,0.0373880168,-1.6883076734,7.2549860367,0.5736427371,-0.8893097439,0.3907097314,-0.0687700598,0.9370066244,-0.7652869547,2.0146027896,-1.685533819,3.3427286549,0.5906407592,0.8867309622,-6.4048823628,-1.3587645031
biasActivation=1,1,1,1,1,1
[BASIC:ACTIVATION]
"org.encog.engine.network.activation.ActivationSigmoid"
"org.encog.engine.network.activation.ActivationSigmoid"
"org.encog.engine.network.activation.ActivationSigmoid"
"org.encog.engine.network.activation.ActivationSigmoid"
"org.encog.engine.network.activation.ActivationSigmoid"
"org.encog.engine.network.activation.ActivationLinear"
