encog,BasicNetwork,java,3.4.0,1,1572771556771
[BASIC]
[BASIC:PARAMS]
[BASIC:NETWORK]
beginTraining=0
connectionLimit=0
contextTargetOffset=0,0,0,0,0,0
contextTargetSize=0,0,0,0,0,0
endTraining=5
hasContext=f
inputCount=2
layerCounts=3,8,8,8,8,3
layerFeedCounts=2,7,7,7,7,2
layerContextCount=0,0,0,0,0,0
layerIndex=0,3,11,19,27,35
output=0.2736148415,0.3482430606,1,0.0000233058,0.8190869473,0.2315689276,0.3550102109,0.5200069427,0.0002580885,0.0021430404,1,0.0596212422,0.3624632554,0.9999999691,0.9999999994,0.0000002825,0.9711540204,0.2866858828,1,0.0009187696,0.0000036754,0.9959004867,0.0049852548,0.9967436007,0.8834571102,0.9987608139,1,0,1,1,0.9152278653,0.0429918169,1,1,1,8,30,1
outputCount=2
weightIndex=0,16,72,128,184,205
weights=26.2633293765,11.9082536979,-7.0380478359,-8.2024372456,11.4475901413,-18.3650620656,-4.701690152,-12.1271346829,10.0776444223,-4.0823868295,14.0052079156,-0.0955325852,-13.3676681846,-11.8723840872,-16.4791182278,6.4972277541,14.9648940207,-2.2427248734,-6.9257238708,2.0554396775,9.1249799596,-5.352470608,-10.037141197,2.1997554898,4.8752847547,-1.4185096878,3.1789019054,0.2864556862,-2.056819114,-9.1069361712,9.895006445,4.2757829081,8.6780573865,13.3778513757,20.8193678426,-12.0921238875,-2.7257852422,-2.7130906405,-3.2305065106,-11.7321224709,6.5966170463,11.50786826,-9.2094700825,-1.7050331174,-15.9102763199,6.3298993643,-4.0435615882,0.7648663872,-1.7256572668,7.3224341802,3.9623754954,-2.5769890613,0.8393429098,2.958517385,-6.5609534885,-4.8487868374,17.2731243432,8.6747175187,-5.6081799775,2.656567023,1.7685034121,-6.4269813165,-11.6545142004,0.0983243179,11.4769398467,-7.5586311492,-3.6956752163,-5.4373289465,-8.3919179051,1.4183442537,-3.134479891,4.5662590977,-0.2985995294,4.4131701838,8.2445806294,-0.3418841756,-4.6280927151,-4.9860799707,-0.542738099,-1.4070150175,-0.7885175046,16.8748390389,-2.2191422476,0.0626196791,-20.3824705554,16.4267429226,4.7136367734,2.7416848639,0.6300080488,-1.0114293958,22.3415571346,0.4133611439,8.5750108566,7.6928817448,-10.1790235359,-10.1377613402,-0.0740104396,-4.8641959284,11.811703622,0.3107666507,10.3475568499,-0.1926116934,0.5757085688,-1.2246181176,-0.6244268661,-6.457296512,-21.2581465066,0.9036176272,5.9547256698,-6.6774546733,3.1632866697,2.8919073846,0.3345679461,5.4276369794,-6.5898081666,-0.1991052064,-7.569873311,14.3979132317,2.1715118826,2.7364358467,-0.2082204931,10.5109115262,-2.3401097883,-0.7266027712,-10.7660002867,11.632940539,0.9671650733,0.9105279863,0.4214701636,-0.3554094018,-1.4681592634,-1.2638222717,0.1388089432,-1.204735211,-1.0701632906,-1.7423711409,0.6224691401,1.595193196,0.6660774845,-21.1841672527,1.1471749922,1.6590745447,0.7505476639,2.1542838042,0.0402730644,0.2486808443,0.1670664444,7.0867130704,-12.8944817231,-0.8354986643,-0.3942718578,0.3752022466,-0.5309616637,0.3267952351,-1.6422401133,-0.8294930504,-0.1041266912,-1.1697975976,-1.0734150596,-0.9739637578,0.0645700003,2.3314732936,2.7036534809,-5.1129104449,-21.9895111049,2.5553444049,1.1510618186,2.6071856264,-0.0259217095,-0.7761953593,0.3126676672,4.5314040312,-12.4095944685,-0.8770315472,-0.6802505347,0.432636936,-0.3031190994,0.6179430306,1.7658858325,0.6275240426,0.812951611,1.3321962087,0.3991396439,1.9676180253,-2.9111456151,-0.9822720984,0.5649626251,1.4683979048,0.8633426295,-0.7960986108,1.6241509932,0.9846251282,0.4628649863,0.597602376,0.1914728826,-8.145799308,0.9304382375,-0.0801840274,-8.1407872264,2.4832822818,1.4557181785,0.4046525926,1.1173531317,0.7743176099,-0.2098110561
biasActivation=1,1,1,1,1,1
[BASIC:ACTIVATION]
"org.encog.engine.network.activation.ActivationSigmoid"
"org.encog.engine.network.activation.ActivationSigmoid"
"org.encog.engine.network.activation.ActivationSigmoid"
"org.encog.engine.network.activation.ActivationSigmoid"
"org.encog.engine.network.activation.ActivationSigmoid"
"org.encog.engine.network.activation.ActivationLinear"
