encog,BasicNetwork,java,3.4.0,1,1572771570736
[BASIC]
[BASIC:PARAMS]
[BASIC:NETWORK]
beginTraining=0
connectionLimit=0
contextTargetOffset=0,0,0,0,0,0
contextTargetSize=0,0,0,0,0,0
endTraining=5
hasContext=f
inputCount=2
layerCounts=3,8,8,8,8,3
layerFeedCounts=2,7,7,7,7,2
layerContextCount=0,0,0,0,0,0
layerIndex=0,3,11,19,27,35
output=0.8571488224,0.7619198023,1,0.001389975,0.8152104212,0.5950274443,0.0029007906,0.6986179446,0.0027105088,0.8006045269,1,0.0000000166,0.835743367,0.4459072828,0,0.8842034868,1,0.9977607699,1,0.0027046309,0.9999601912,0.076901302,0.0000006,0,0.9282246453,0.9739819503,1,0.0000000004,0,0.9980075221,1,0,0.9999903867,1,1,8,30,1
outputCount=2
weightIndex=0,16,72,128,184,205
weights=-13.4833697106,-4.5140323029,12.9016034612,-3.8682780718,-17.5752990448,34.0616457051,15.0451789641,-2.0342946469,1.8930358464,-14.6337652558,17.2097049839,-17.0975588081,2.4446836983,-4.3688817851,1.5573047371,-0.0432931798,28.2776014965,-6.1773723341,2.7383837421,-7.2181855567,-3.4620076726,3.1804409157,-0.7638504195,-1.9926280303,-13.7114539733,-14.708660871,-3.0154781086,-2.8254377572,5.4566895169,0.2841049587,9.8630672267,0.1716077318,-21.1949726262,0.7551479996,-4.8731499177,2.3096614407,14.0508708137,2.9431172256,-21.8013751498,8.312262349,1.3509681122,-16.9155860068,0.439683175,-0.9877750649,4.5465512161,-4.4993520082,5.0544016808,3.5373557473,15.7377726794,-15.5209328179,10.6039834978,0.7097452563,8.5194502144,20.4796145437,-2.2780443905,-16.6557506073,7.0298788434,-1.3590707296,-5.1622089788,-3.5866958942,-1.2966441971,5.6437764783,-0.590807976,-6.3779980378,-15.0865536108,-6.615805674,10.3585738785,-1.9365677379,5.9360338989,-1.8605563537,2.3723342555,-3.4548981964,17.805894368,-14.760517655,0.3970989671,1.9690743406,-0.041406316,-0.0904274357,-0.4681516801,-2.6956848763,-2.5011314018,6.106495686,-12.0529677308,4.4921247777,-2.8650266669,-1.0362614679,-7.4460363968,4.6684782931,-13.4417799189,5.5715952727,-3.6118878138,1.7759758536,-9.0138414459,-8.997209276,5.1975323054,-2.1853528616,2.8461846091,-10.7183437657,-0.1548417598,-2.7878895904,2.4462123447,-1.6137802078,-7.7686205121,-6.1471212876,-1.4436525743,-3.4905454025,9.7602780452,2.9758603087,-2.5455686354,1.782574343,-3.4465646537,6.4788462171,-2.6389172377,26.7058390664,0.318840855,2.9256005335,-18.9104715836,6.0285761472,-12.4562054353,4.2677505405,-2.7539316574,5.3307437738,5.1906549365,15.0941574076,-12.6218603271,8.3023029317,-11.8429406615,4.2055293083,-0.1009036439,3.096300691,19.4836835388,-1.1416692808,-0.242959728,-22.9204611343,-0.06252017,-1.2305140223,0.7923946554,-11.9490681486,-14.5519750351,3.6445090845,0.2105295934,12.4267891223,4.3737490023,4.2094352204,0.236712169,3.3292966562,-4.3485417826,-5.7919330602,0.2480492113,20.2138139365,-6.861743999,-5.7052785003,-1.0006023208,-8.1044773394,-17.1806280822,2.8043756352,-0.2518873258,-4.7001116764,1.9120221615,2.8036850539,-0.4479374685,3.3426941737,2.9055324222,-0.8328379384,0.2266626659,-27.2545829487,0.2361578487,1.1774622518,0.977912214,3.6369066613,-2.2236097625,-0.5850117523,0.0379115046,6.3261577448,-0.708782936,-0.2533903627,0.593585995,-2.1132160576,-36.4775955491,7.1012278861,-0.9232981434,16.2824380039,8.1220596648,8.5219479716,-1.5495189172,-0.3086705563,0.0182385294,1.6163194297,-7.8262253641,-0.6119559909,-2.898852027,0.1371097667,25.2939049635,2.9189639316,0.3255104315,0.9613975093,-1.1915104369,-0.5306526187,-0.356943013,-4.1833631606,0.9533184238,16.419704132,1.1417146206,0.8182468518,0.1235049386
biasActivation=1,1,1,1,1,1
[BASIC:ACTIVATION]
"org.encog.engine.network.activation.ActivationSigmoid"
"org.encog.engine.network.activation.ActivationSigmoid"
"org.encog.engine.network.activation.ActivationSigmoid"
"org.encog.engine.network.activation.ActivationSigmoid"
"org.encog.engine.network.activation.ActivationSigmoid"
"org.encog.engine.network.activation.ActivationLinear"
