encog,BasicNetwork,java,3.4.0,1,1572771626600
[BASIC]
[BASIC:PARAMS]
[BASIC:NETWORK]
beginTraining=0
connectionLimit=0
contextTargetOffset=0,0,0,0,0,0
contextTargetSize=0,0,0,0,0,0
endTraining=5
hasContext=f
inputCount=2
layerCounts=3,8,8,8,8,3
layerFeedCounts=2,7,7,7,7,2
layerContextCount=0,0,0,0,0,0
layerIndex=0,3,11,19,27,35
output=0.000051173,0.1359977701,1,1,0.0139434299,0.9787558484,0.5217146644,0.1072242743,0.67130194,0.9999999988,1,0.9999999441,0.0000015212,0.9999993798,0.5017122662,0.8890470401,0.99843643,0.0000026903,1,0.0623819577,0.022893648,0.3569154203,0.9908069314,0.0287813325,0.9017985538,0.9967447121,1,0.6184165925,1,0,1,0,0.976460606,0,1,8,30,1
outputCount=2
weightIndex=0,16,72,128,184,205
weights=-20.0203599482,17.9615519374,9.5913692851,2.693509366,11.2624810813,-4.3871322635,5.1648290761,-4.330535045,4.2297735768,6.8584764705,11.4124345787,-15.5464389691,-10.20717156,2.0282720601,-8.8610742226,-0.6395752151,8.0771456129,-1.7583418966,13.3371676479,1.1716901986,3.8025102393,3.1141305142,-4.6456415569,-1.2279104711,1.653551911,0.644461022,1.9178246078,-6.5768581539,-19.293628704,6.4733611398,0.6913847275,6.1593109336,-0.0205812421,-4.2099041149,-0.5031931552,3.2283214538,11.1701332508,-10.765406344,-3.6256573746,3.5521023276,0.3328252823,-2.052350895,-2.3548745927,13.2213413846,0.7428481905,-1.2192020189,-7.9902127965,-3.967454607,-4.6773252988,0.4018944436,-2.7386142144,-0.7426170269,10.1068666289,-4.61398659,7.6033633141,1.2903762559,-0.0736895609,0.8037136833,-0.1879306495,-0.1291011037,-0.330322752,0.1983669511,1.2698344307,1.1360821751,11.740246945,-12.3045176365,8.6925489503,-2.4143376042,-0.394879672,1.6358896193,-5.177042231,0.0230007435,-2.9977801829,-9.0130320316,10.0240294935,3.7895779666,5.4882037374,8.9581084311,1.7487240629,-0.2186976767,3.5185063975,11.917374691,-3.8520774514,-3.765775599,-3.2091367963,-9.9189614622,0.6263546539,-0.3693478863,-2.8872707989,-6.659100896,5.0633091516,1.5320518738,11.7625513016,7.0409696521,1.7645058644,2.8538660549,-3.0929447689,-3.1613799781,9.6519121577,-8.6128873541,-6.2838709913,-0.3317382991,10.7994741156,-4.923338653,2.8520350011,-17.2958123654,0.2235204516,-7.2312883055,-7.7854087807,-0.1503594748,10.009990007,-0.233610999,-4.7386863514,-0.4142885661,-3.712401305,5.6060014672,5.6985361747,2.1697257615,1.8028800163,-1.3828180766,5.8765358468,6.7492693163,-2.4601295504,-9.9577845068,3.8641585095,-4.0567537257,0.7294710923,0.2174049008,8.2428623046,-0.029992006,2.4968824575,1.5643078025,-0.2723143016,-13.0689954778,-7.0910400087,3.4194540614,9.1564003592,-0.1839607052,5.3188187673,-1.8441753687,-0.1917273729,-4.6432878836,-5.6987853554,-2.8540821466,-16.8557230494,10.7305182677,-4.360825468,4.0152131011,-0.716196461,-7.998165713,-5.537325328,2.8992437628,-11.3826607677,1.3436480453,-2.2936308634,0.5838290115,-0.8954904764,9.0476679939,-3.5706015787,0.9571277599,-1.9832637498,4.6603616806,-4.1864749298,2.1385604814,-0.5244137813,-9.7080588004,-7.0264028991,0.3882733852,-12.4723985545,3.709639057,-5.0584862839,3.9653728378,-0.7421734947,-1.7076989202,1.5556483181,3.9229972614,-1.9116783302,3.6710758655,-1.1891119773,2.4711661754,0.4958613262,-1.5827818657,-10.6752145248,2.3097096651,1.804128567,0.2323706007,-20.9213136848,-5.6952380898,6.7757557295,-0.2910653064,2.1058870352,-7.9597564127,0.7463812462,-0.0847802646,1.3929963449,0.4251778599,-0.5417532037,-1.9782260292,-0.2194954025,-1.3306829953,0.3548140971,3.7263000976,2.0861497804,-1.9330052271,3.6509971601
biasActivation=1,1,1,1,1,1
[BASIC:ACTIVATION]
"org.encog.engine.network.activation.ActivationSigmoid"
"org.encog.engine.network.activation.ActivationSigmoid"
"org.encog.engine.network.activation.ActivationSigmoid"
"org.encog.engine.network.activation.ActivationSigmoid"
"org.encog.engine.network.activation.ActivationSigmoid"
"org.encog.engine.network.activation.ActivationLinear"
