encog,BasicNetwork,java,3.4.0,1,1572771638483
[BASIC]
[BASIC:PARAMS]
[BASIC:NETWORK]
beginTraining=0
connectionLimit=0
contextTargetOffset=0,0,0,0,0,0
contextTargetSize=0,0,0,0,0,0
endTraining=5
hasContext=f
inputCount=2
layerCounts=3,8,8,8,8,3
layerFeedCounts=2,7,7,7,7,2
layerContextCount=0,0,0,0,0,0
layerIndex=0,3,11,19,27,35
output=0.5151545203,0.2461524443,1,0.9999999996,0.0000213869,0.4748703078,0.0430442612,0.9999471297,0.9992234806,0.0926433133,1,0.9999996304,0.5210181398,0.0000075909,0.334771733,0.1512238556,0,0.9999999676,1,0.6919626246,0.1287410135,0.8675501661,0.9997332998,0.9972231907,0.9160136403,0.9978380632,1,0,1,0.0004698612,0.999667921,1,0.6542728844,0,1,8,30,1
outputCount=2
weightIndex=0,16,72,128,184,205
weights=14.303048154,-3.979354319,-10.6142327087,-9.4518501325,-10.683511006,-11.5172624461,-3.2041993288,13.6930183457,-4.9254377881,5.5036431331,4.1203612508,-14.8776959021,-8.6782251169,11.4839171267,7.9936825242,-1.0479514166,7.4071049756,2.0918057837,-5.8803468972,-2.7285693598,-6.4768228045,-2.9829402099,13.2279073207,1.9372295305,-5.9196583067,-1.6381609722,3.7985784629,-4.6382024786,-0.8229270002,3.4790763755,-3.9389973636,1.6366086484,-0.8206919826,0.9106594472,-2.2375236151,5.240501159,-15.3350996654,-5.4914399143,-0.4747002199,1.284996486,-2.5762624711,-7.0126065175,-0.2797269657,3.6303335617,-4.2476496449,10.3752527755,0.1939678892,2.3614756385,11.0724364584,0.8228897422,-9.1609740409,-0.3204776405,-1.036598933,0.7314200021,0.5990243761,-1.9884672482,3.9710534062,4.6782567586,-7.3446552239,4.4913082407,-3.0738163229,2.2694777447,-3.7402777462,3.453008199,-2.0177861371,-0.7556734496,5.6449305587,4.4154567872,1.2259484499,-4.3097041687,-2.4744181561,0.9405385657,1.045298982,0.7095157778,-1.5722846802,12.7864979933,6.5400805664,0.9536106311,-4.0429038249,-0.784042006,-2.205889404,-3.7488900521,2.1223785563,1.4635614357,4.8855473087,4.8800206107,-7.1456565434,-3.4232283488,-1.4787938134,-0.2484540064,-0.0929249555,-10.527724457,-7.6249424167,2.9405874739,6.0548161523,-1.2593319745,7.2268831419,-7.580338517,1.0252017018,-1.2891877259,-10.5120359035,3.768838645,2.8650618727,-0.140413318,1.7356749829,-4.9235090517,-6.3256269638,-9.20104052,-4.1352597544,8.4241935111,12.8087323114,-3.9797534817,-2.4821783466,12.3878081712,1.6778193429,-1.1571954532,-6.3396805833,-17.182373686,-9.7312250031,2.0747234258,6.0790718991,0.0845996207,-3.0722845993,7.3985062641,10.6774287827,-0.7995482252,0.2564965163,-1.8748865419,-0.5586957882,0.451204759,-12.0742234996,-0.9440064095,-0.4628397234,1.8620761736,-0.0949710373,0.5520059686,2.536913556,-1.6469098795,6.0882255612,-1.4995462189,-2.1629652604,6.4399754927,3.8795040898,-0.8195751089,-0.7822883952,2.2266138855,2.6541899884,2.449631328,1.6984316993,-8.9723062741,0.0899609305,1.3746955401,-1.3468627639,-0.3890367333,0.8872486407,-2.4116499018,-1.1762933805,18.4413711735,-0.2047214606,0.13919191,-0.2733814295,-1.3925178815,-2.5027231415,1.407883948,-0.9212817957,10.137526208,0.2462486097,0.1585227411,-1.9970388819,1.5309316596,-9.0549553594,1.8274934599,3.2870249343,-11.3728939212,1.1102552985,3.1897643546,-3.856192815,3.7046197303,-11.2246142698,6.5626074164,4.6531066858,-20.3522151751,2.275346087,4.5376085115,0.6510013171,-4.1732789797,-0.3638290186,-0.0823488222,2.0452855138,-0.2902353456,1.2789754296,-0.3762092379,-6.6081294956,-8.4128481256,2.4855976076,0.7446622561,2.1395209884,1.3304972771,-0.4778076611,0.5311993812,0.2882705355,-12.2598363778,1.2201129427,-3.0659045126,-0.5393595319
biasActivation=1,1,1,1,1,1
[BASIC:ACTIVATION]
"org.encog.engine.network.activation.ActivationSigmoid"
"org.encog.engine.network.activation.ActivationSigmoid"
"org.encog.engine.network.activation.ActivationSigmoid"
"org.encog.engine.network.activation.ActivationSigmoid"
"org.encog.engine.network.activation.ActivationSigmoid"
"org.encog.engine.network.activation.ActivationLinear"
