encog,BasicNetwork,java,3.4.0,1,1572771650724
[BASIC]
[BASIC:PARAMS]
[BASIC:NETWORK]
beginTraining=0
connectionLimit=0
contextTargetOffset=0,0,0,0,0,0
contextTargetSize=0,0,0,0,0,0
endTraining=5
hasContext=f
inputCount=2
layerCounts=3,8,8,8,8,3
layerFeedCounts=2,7,7,7,7,2
layerContextCount=0,0,0,0,0,0
layerIndex=0,3,11,19,27,35
output=0.1153852333,0.0004760502,1,0.9999999783,0.9999997648,0.9999930368,0.8217077111,0.0000386131,0.0450691327,0.9997894258,1,0.9998430773,0.0001244819,0.3693897834,0.9999997323,0.0020289342,0.5751278515,0.000168769,1,0.0782229733,0.0840742234,0.3592052739,0.9999618638,0.0000000005,0.9661774986,0.0008250656,1,1,0.0000016839,0.0000000028,0.1632589397,0.9994863781,0,0.4287263039,1,8,30,1
outputCount=2
weightIndex=0,16,72,128,184,205
weights=-4.7865331331,-18.672751937,1.1259501992,12.9552973937,-1.5134877145,-0.5343189912,6.3255410938,3.3509252105,10.7074431084,9.9087916516,-12.927295022,-7.6377064267,7.9570965161,10.2776834378,-4.0310611611,-5.4958772044,13.4038913998,4.4768578294,-1.3387181216,4.7492173848,-9.2765122101,2.5907790475,0.1060068379,-1.4842821367,1.9993228924,-18.1335985967,3.2838149893,11.4116541271,0.9954593984,-2.2762413063,7.6027762171,1.9473068735,-3.9828019683,-9.6568993803,1.9563524688,6.1231546611,-3.0438019171,8.1764264328,-4.9946871219,4.3169587999,-0.7838578603,-6.9869217135,-3.7897091384,-0.8698716053,5.4977302155,6.9150073138,-2.2332121907,0.5945253484,-12.0041591721,3.375955122,1.4449877456,0.3843002652,5.2806804527,-0.7499461763,4.569889435,1.3417413676,7.0290822025,3.8441806389,-0.0078607309,-8.0831785589,1.8187118128,3.3201056733,-2.118977281,-3.9086366692,0.8149977218,0.1600244245,-2.5118737268,4.6580755651,-3.231276902,2.3856620791,-0.5699123151,2.5549497862,-3.922640041,-0.0826285037,5.339101172,-2.3694775866,-1.6455655896,16.6278166139,-5.4713396579,-6.5359665319,19.8325203891,-1.1731438595,-4.8718201032,-11.2729344825,-13.2650467811,0.6038206652,-1.2030091451,1.9961292351,-1.0529512406,1.4563227096,-2.9628362379,0.9532967747,-2.9969833526,-1.5477177262,-4.2944863566,1.0350094958,-1.12700455,-1.8153413802,3.1465373056,-3.3840118267,4.2458737832,15.6491217889,-7.8319736555,2.5142620983,3.307109243,1.9889516986,2.1481232473,3.3536855449,-1.035567838,-8.9015924014,-0.6449809645,-2.1482495789,-0.2204734694,1.7870606032,8.414359051,-4.6393372425,0.7067630805,3.3156569412,-5.2811564668,-1.4126732336,2.5297996139,-2.2457936232,4.2120816627,-0.4457303076,3.3344767255,-9.6946757005,-0.3022800657,-0.3961475624,-9.2439590072,0.0930634298,0.9988227388,6.4860304661,8.3706549332,2.3863864318,10.8768567327,-7.311233753,-0.6173451459,-0.5725436781,-0.8528080175,1.8260670746,-0.9346914716,4.0199638679,-3.3615388862,0.306380563,2.1179660778,0.39330672,0.8398167992,-8.9047797472,-6.670164823,-1.0289225526,7.0087913997,2.4188886596,1.7751923209,-0.2400529777,-0.7281187213,-11.2462273227,9.6018315548,-0.2047189037,1.7931191342,-0.1304944124,-0.0472963621,-0.3074366675,-0.2198076149,5.9233320002,-15.6242452648,3.7607356518,-14.2972729225,-0.6839864027,-3.502631477,-0.5402812331,-0.5499770717,-5.8035592488,13.0389825084,0.0603173307,-4.9324868703,-3.1152619578,0.0848209865,0.6381339629,-0.2432433747,0.3350711631,-8.449279414,0.4880924489,0.6606339147,0.9229608592,2.478363913,0.5731956533,-0.6875639006,-1.0501937355,-0.1734314345,0.3101121411,-2.2363880192,-0.0225513089,-1.1273286568,0.0024689926,-0.2006811706,4.3665060482,-2.5608081714,0.2193632743,21.4790766287,1.0669756993,-2.5037193373,-0.9544190373,1.2501980961,0.0985179652,-13.2441734193
biasActivation=1,1,1,1,1,1
[BASIC:ACTIVATION]
"org.encog.engine.network.activation.ActivationSigmoid"
"org.encog.engine.network.activation.ActivationSigmoid"
"org.encog.engine.network.activation.ActivationSigmoid"
"org.encog.engine.network.activation.ActivationSigmoid"
"org.encog.engine.network.activation.ActivationSigmoid"
"org.encog.engine.network.activation.ActivationLinear"
