encog,BasicNetwork,java,3.4.0,1,1572771659209
[BASIC]
[BASIC:PARAMS]
[BASIC:NETWORK]
beginTraining=0
connectionLimit=0
contextTargetOffset=0,0,0,0,0,0
contextTargetSize=0,0,0,0,0,0
endTraining=5
hasContext=f
inputCount=2
layerCounts=3,8,8,8,8,3
layerFeedCounts=2,7,7,7,7,2
layerContextCount=0,0,0,0,0,0
layerIndex=0,3,11,19,27,35
output=0.3714371358,0.3055506575,1,0.007723154,0.6507333652,0.2471060442,0.0400813727,0.9861933712,0.9999476996,0.9782093463,1,0.9999982315,0.712734519,0.7127485442,0.4533231697,0.2697721339,0.5553004608,0.0318964161,1,0.9996484589,0.3756982402,0.4294354667,0.0001533184,0.3344411275,0.9999999429,0.0000550398,1,0.999950764,0.0000000074,0.261762984,0.9846620941,0.9999950544,0.9542864319,0.0000000996,1,8,29,1
outputCount=2
weightIndex=0,16,72,128,184,205
weights=4.1385939139,-8.0738433757,-8.1400780391,0.0488924564,13.1887561101,4.2827843983,-9.4964655002,-1.2942902828,6.8271104997,-6.5318977327,6.8134665007,11.5977769536,3.892951802,-9.2221877293,11.0902362325,-4.2377808361,-8.3707171987,-5.8996615296,6.5470259702,-0.0610984462,10.3755440351,-5.7246755545,4.7495797685,3.3095173634,-0.0542875601,1.7306944195,2.2406674879,-1.1788655656,-3.4624460853,-0.8058123207,6.572376262,-0.4476950779,-7.6123884988,1.1770581108,-5.5919047888,2.9291311879,-1.3749065581,10.4024043548,-4.2485757861,3.0470831227,-10.9280266258,4.9133661549,10.7249011116,-8.1634394524,-3.8707216406,-3.1715510849,4.9357820804,2.9546062756,1.2306704185,-0.6440933924,-0.4071201138,4.0370941158,-7.3718431716,11.9726138386,-1.5711428967,-2.6523973438,5.7354140841,2.9899247595,1.38447295,-1.6553461209,0.3668277001,1.1710663856,4.8942649874,0.8502900388,-1.1978881523,8.5970300205,2.0853560886,5.4272855385,-4.3495792022,-4.1991251264,-1.4728332778,-1.5197707853,10.7867416968,-3.5253729541,1.1225172152,9.4046566317,-3.7230843845,3.9561714663,-7.8773496347,0.5928055929,0.824721665,1.0504424531,2.9224258967,8.2168730323,-3.792174748,-1.7805784391,-5.7929244829,1.4825243263,-1.8492098887,1.461726661,0.4560236325,0.3133851235,-1.5088548776,0.3811214621,-14.2370939346,2.1365669057,3.657202607,2.7192272625,9.0745084044,1.8887951319,0.810823635,-3.5435972508,5.1850276572,-5.4898448454,-7.1956482626,6.5274289276,-9.1449186653,3.9810349963,4.9219640182,1.8984501028,-0.4887084356,4.1270079165,4.3642165507,-8.9566005714,8.8091617459,5.8250597111,-7.4639133196,-5.9962180262,2.1245591472,3.93288796,-2.1779771147,0.5638494033,-10.7804567172,-2.1997200291,3.4341390148,-0.0367267723,-6.1677347229,2.07092544,11.4911294198,0.4369913697,5.88234694,-4.8006628404,9.3362360237,-4.181277423,-0.2647707134,-5.6965347728,-5.9082212849,0.4878963026,4.2624957008,-2.6384423581,1.5140235057,7.6126490797,-0.5122725508,-1.8963702996,1.8518396832,-0.823630684,4.3884736033,-3.2787209014,11.6018221292,-7.884241165,0.5832351233,-4.1341514982,-0.0593672376,0.1050064081,-1.5349892996,1.0793869674,-10.6470007315,-0.3493094498,-0.8196797408,1.5957855662,-2.5350474426,0.8474786716,3.3303466395,-3.8009059071,3.7647097484,4.9314113867,0.0093280581,-3.7530672254,3.4515727711,0.5323802682,-0.7317258056,0.3138772859,7.74535597,5.7701617568,0.1182480295,-0.1413547267,-11.0253709229,0.4046663233,-10.2538383174,6.9666619607,2.3504011766,-9.9293534597,-0.8091925266,4.1667544979,-5.3745218373,1.5432077345,8.1619865912,0.0008448898,-0.6287435696,-0.4972138041,-0.8758144723,-0.301172642,14.7036969174,0.4679460781,0.1504334331,-3.9441669308,-1.1322870735,0.6215486215,3.2503952859,2.4285264178,0.5020310207,-30.9485422225,-0.7528998754,-0.3437668709,-0.1294014728
biasActivation=1,1,1,1,1,1
[BASIC:ACTIVATION]
"org.encog.engine.network.activation.ActivationSigmoid"
"org.encog.engine.network.activation.ActivationSigmoid"
"org.encog.engine.network.activation.ActivationSigmoid"
"org.encog.engine.network.activation.ActivationSigmoid"
"org.encog.engine.network.activation.ActivationSigmoid"
"org.encog.engine.network.activation.ActivationLinear"
