encog,BasicNetwork,java,3.4.0,1,1572771671518
[BASIC]
[BASIC:PARAMS]
[BASIC:NETWORK]
beginTraining=0
connectionLimit=0
contextTargetOffset=0,0,0,0,0,0
contextTargetSize=0,0,0,0,0,0
endTraining=5
hasContext=f
inputCount=2
layerCounts=3,8,8,8,8,3
layerFeedCounts=2,7,7,7,7,2
layerContextCount=0,0,0,0,0,0
layerIndex=0,3,11,19,27,35
output=0.8302626902,0.6939400529,1,0.4587843096,0.0603349334,0.1550957723,0.2581380608,0.027699606,0.0000142275,0.9134404317,1,0.0199675045,0.3284896885,0.0065171184,0.2965563486,0.9999663998,0.2305031264,0.0000344148,1,0.0762513035,1,0.2108306376,0.7290121154,0.4441046008,0.9985940611,0.0002555186,1,1,0.0008259618,1,1,0.0014786096,0.9999999298,0.999997911,1,8,30,1
outputCount=2
weightIndex=0,16,72,128,184,205
weights=13.1894432747,-2.8416409257,-7.1856417127,8.6355194564,5.0352639146,-10.9272696566,-6.7715739771,0.6392472313,3.7471875509,-8.7271000238,4.5776955598,6.2950609912,-10.8085058705,9.7790921813,-1.4494201682,-1.0857621241,-0.3389843337,4.8735452054,-0.9733478947,-12.7459113564,-5.2646846041,1.4115521701,0.0487978719,6.9659848194,7.8092973178,-3.0914670355,1.2458700304,4.3427762563,-1.8554980723,2.0880590624,-1.1892983264,-1.8078542101,-0.8818226256,6.0556893381,-6.0169485231,6.4947711401,-2.2084313308,-1.2224911499,1.7745991114,-3.0635725382,-5.474260319,3.0207913624,-1.1836166666,4.9964762806,-2.9480304348,-9.3626614917,-3.1079214821,1.6934779972,9.8361680775,-3.1492175051,0.9190537282,-0.5220284056,-2.9150338111,9.6940612923,-2.420552171,-1.8908358802,7.8231447642,-2.2959128643,2.8646295003,3.1352970358,-6.5084866403,-0.3997118936,8.0194424485,-4.9106801037,-10.9697257565,-6.4378934977,2.2934754054,1.9694620823,3.5541604182,0.9225785975,-0.3547726959,0.3245156407,-7.6800087478,-15.0150871175,-0.1219821821,4.5247689336,6.9146107867,4.5171935638,9.8003266139,0.8501671565,4.4480018841,4.0730448479,-2.075118546,-7.5468406917,-6.5334733706,1.2408469454,3.973205023,2.4734301147,6.9627144403,-3.570376099,1.3139198987,-1.6429741251,2.1599695121,-0.7723158649,-3.8545376971,-1.253628452,-0.489761285,-7.1365868852,4.6235325726,-1.3003978062,0.0544991677,7.5378356994,7.4649744255,-1.2699440076,0.5438096105,-3.0739383178,1.0533871177,11.6253099897,1.7610043543,4.4468482482,-11.7574192073,-0.5833227592,-7.0814865439,-0.6492345925,-3.2011785763,-0.6037227808,-0.8511564754,-3.5715540526,5.9280582729,5.0417828927,0.5098855291,-10.7839413939,-0.0272403598,0.4494306797,3.7199063137,-3.683295119,5.8655423769,2.1707642268,3.1815084517,13.3640477238,-8.1404528426,3.6009221672,-20.0897026125,4.0439574179,-8.3958391397,3.2341477734,0.3314901948,2.0880094713,21.638384987,0.6663107147,-7.8324869897,0.791827484,2.4961996809,0.8372071061,-1.7545418875,1.3201288782,-2.0198438418,-2.4721566654,-5.4121801986,-1.378326487,8.1535434317,-1.8416712949,-3.4151765635,1.3328562479,1.1120289919,-3.4828706515,4.3146837118,-3.5505489195,14.1727552058,-3.8540230896,0.4758622085,14.6373638674,-0.2335757393,-0.3559627051,7.0754346442,-0.8231749619,-0.0067604534,0.6965398466,-0.8517194175,-9.0647723781,7.5138471463,-2.3152337871,16.0812989593,-2.3264296447,5.2195045126,-0.690605827,-0.9836670619,10.9497440336,6.9922261732,-0.9117509069,-8.6024144765,-0.7994136917,-10.1503830692,-2.4153167943,0.866605025,0.9303125556,0.6698232533,2.9878044597,-0.9585694293,-2.243488509,-2.3704174996,2.1681451469,8.5756512755,1.0058543403,0.9672015281,-0.5347518224,1.9210385545,-0.2154419189,-15.4202242686,1.1813838243,0.2138223719,0.605636128,-0.9492698833,0.7423047246,-1.5961517189
biasActivation=1,1,1,1,1,1
[BASIC:ACTIVATION]
"org.encog.engine.network.activation.ActivationSigmoid"
"org.encog.engine.network.activation.ActivationSigmoid"
"org.encog.engine.network.activation.ActivationSigmoid"
"org.encog.engine.network.activation.ActivationSigmoid"
"org.encog.engine.network.activation.ActivationSigmoid"
"org.encog.engine.network.activation.ActivationLinear"
