encog,BasicNetwork,java,3.4.0,1,1572766543879
[BASIC]
[BASIC:PARAMS]
[BASIC:NETWORK]
beginTraining=0
connectionLimit=0
contextTargetOffset=0,0,0,0,0,0
contextTargetSize=0,0,0,0,0,0
endTraining=5
hasContext=f
inputCount=2
layerCounts=3,8,8,8,8,3
layerFeedCounts=2,7,7,7,7,2
layerContextCount=0,0,0,0,0,0
layerIndex=0,3,11,19,27,35
output=0.6947348308,0.7329571498,1,0.9999966637,0.9998692898,0.7506750668,0.9991328322,0.9004263663,0.9088389552,0.995979879,1,0.0012013918,0.6222111013,0.0018645303,0.999996828,0.2559880493,0.7662515479,0.8499686423,1,0.9649164039,0.019526905,0.920404535,0.092768271,0.0356491683,0.0406003923,0.2206946502,1,1,0.0368282513,0.7486658724,0,0.0000000426,0,1,1,8,28,1
outputCount=2
weightIndex=0,16,72,128,184,205
weights=10.4554479869,-5.8924183788,-9.9555495934,0.7698016406,0.8802960077,-1.7782438118,2.4017284693,1.3942555488,3.3640377996,6.3020452945,0.6093298435,-6.8329180139,4.2401713717,10.0538981496,-10.4208655578,-4.8623499882,-5.8000169228,3.8164352412,-5.9426212212,2.7114291881,-3.8383508334,0.4558094603,5.8359192297,3.2155966332,-3.1309650103,0.5210762422,-8.4819348076,3.3369186319,0.8183390171,5.5710109058,0.8543665785,0.0963802025,-3.5644850147,-2.4748190398,1.4435355364,-0.5371732212,2.4582448125,7.1201559599,-3.8439863982,0.3629941974,-1.7581708847,-2.24766847,-0.9955548385,0.0110307653,-3.9792797878,5.4417342869,9.8698177448,-3.09925233,-1.0763217585,0.0154100449,-1.5121342746,-0.157150941,-2.5403986963,3.4203214678,1.5145665571,-0.9042033627,-4.1529397025,4.2702547487,0.1722123135,9.9237967779,-2.7927655838,-8.3896404816,-4.6491605856,0.8185735797,-0.1893118028,-4.5985294572,0.9206312,3.2369557089,3.3530379629,1.7839394795,6.8464688289,-2.9093312697,-4.8346191741,7.012216665,-4.6307059259,2.789061804,0.2320443535,2.4104259395,2.8597431111,1.0711238811,4.4447546605,-3.0457993352,-2.384328826,2.3981262948,1.3440652892,-2.7226138126,2.0946925228,-2.1579838137,-4.9166365773,4.142819361,-4.7981293807,0.2002746321,-0.6727168976,3.6320347723,7.8512391053,0.9218012149,4.7677168535,-7.8039120486,7.7437567862,-3.2520287072,-3.5938012562,2.7525639829,-2.6466609758,1.9878500886,-0.4451160837,2.109744514,-3.9351967116,-6.6336496574,0.502739453,2.3305155426,5.9976912068,2.122541351,6.1688435301,-3.7888868474,-1.6556280659,3.1806674516,7.99465891,-1.7013544011,-4.7225192136,-2.6360781194,0.4938622681,-9.7444590303,1.0102825918,3.5299240647,2.013491033,-9.5967389013,-3.6812703984,1.3210535901,-4.7368602122,3.7054774846,7.1484462208,0.7350765955,0.7385856652,2.9060833223,6.8053397119,-4.2424357186,1.3296381099,-7.3135669902,-8.0983528661,1.4176968082,0.9093933776,1.6676446114,-10.0010951745,11.0875213738,2.264847529,-6.2082066473,6.408655515,0.1058893994,-0.2604418854,-3.1823881065,-6.1349951069,1.7486994779,-2.4223925079,5.2779607127,5.2478060356,-0.4141350246,-0.8511111322,0.890561666,-1.0865057788,-2.8946262573,-3.8139011315,2.4213803304,4.0212883427,-0.6053040965,-0.1548270214,5.9793891393,1.2111550693,-3.7947598246,-1.6312869065,-8.3315537803,3.7848841208,-0.5266496058,0.6217261834,0.9235069752,-8.4608098243,4.4027897364,-0.1308624849,5.2532451699,-9.3281107064,-1.2851142205,0.4597814556,0.9629539355,2.2384521362,3.4209577634,-0.7402022233,3.3690448911,-0.1195086495,0.8381385588,-0.2780667774,-2.1832051972,-0.9399325323,-0.1531489887,12.8991414874,2.0420513156,-3.73723675,0.1217581899,-0.7662418491,-0.3516596402,-0.9958612853,2.1399725272,-1.291917758,-6.6608536502,-4.984519182,2.8089701188,-4.863941404
biasActivation=1,1,1,1,1,1
[BASIC:ACTIVATION]
"org.encog.engine.network.activation.ActivationSigmoid"
"org.encog.engine.network.activation.ActivationSigmoid"
"org.encog.engine.network.activation.ActivationSigmoid"
"org.encog.engine.network.activation.ActivationSigmoid"
"org.encog.engine.network.activation.ActivationSigmoid"
"org.encog.engine.network.activation.ActivationLinear"
