encog,BasicNetwork,java,3.4.0,1,1572771685631
[BASIC]
[BASIC:PARAMS]
[BASIC:NETWORK]
beginTraining=0
connectionLimit=0
contextTargetOffset=0,0,0,0,0,0
contextTargetSize=0,0,0,0,0,0
endTraining=5
hasContext=f
inputCount=2
layerCounts=3,8,8,8,8,3
layerFeedCounts=2,7,7,7,7,2
layerContextCount=0,0,0,0,0,0
layerIndex=0,3,11,19,27,35
output=0.6309518479,0.5487787863,1,0.0000000111,0.5858745226,0.0014582694,0.4115223372,0.9999999776,0.9380481105,0.9999931751,1,0,0.9997388036,0.8730202804,1,0.8176700707,0.9999808554,0.618973654,1,0.9985707299,0.7215597519,0.99999985,0.9914728988,0.9999643116,0.9269426165,0.0000001753,1,0.0468409213,0,1,0.999999606,1,0.4002113821,0.999938406,1,8,30,1
outputCount=2
weightIndex=0,16,72,128,184,205
weights=-2.544595322,29.088156128,-2.9508927118,0.1436067444,-17.4856564681,9.3862782072,-6.5704057959,-1.30926483,-10.1546809443,-0.5232287657,10.6770196803,-21.1434375836,-13.1057833307,16.1424858446,9.0581795418,-1.9070519288,10.1043483521,-2.1549247137,1.2864213713,-9.9188103503,0.8473475983,-3.5748146154,-2.1063609323,-3.180861313,-5.0833661497,-0.6637852388,-5.8510429189,1.6482392806,-11.4716744056,0.8520689349,14.3781065993,4.0987113581,-12.8663821556,-14.8004277916,-25.407830464,10.0150436916,0.4935725045,9.8337454311,2.5346545069,8.6280029895,-2.3353384634,-0.67181829,4.2344658411,-0.9792733089,-11.3493472799,2.0288289319,3.8054375617,2.4922318063,-11.9068613644,11.2499623059,17.2808666674,-1.1221797144,14.075014398,-6.2172549264,-8.6627207066,-7.5262984532,1.2522752669,3.3596666626,10.8597642711,-0.6589828247,-7.6736819252,-1.244910065,-2.167885579,-0.6018672913,-10.4310410815,-1.7521026359,0.9295357835,6.510182823,3.6144793852,2.175579009,0.916198883,0.6267974981,-7.836394544,6.1312870743,-10.2570854314,1.8240397431,-9.1660109492,-6.0088195563,9.9261369765,-1.1444022715,-0.5735109781,-9.8769012008,5.636515948,11.1440252799,7.9726809286,2.7673075445,-2.0377745935,-11.2736032914,-2.5655088272,10.6522063481,11.0870257377,-2.8714558001,-2.2632745425,-13.5536476092,1.4693353218,3.390163675,8.6633461282,-6.0128867746,9.7793952913,4.8449386516,3.7388106841,2.9934374739,-6.551240004,4.5921919946,13.7460049906,3.3315074714,7.0943234069,-5.0578771126,-11.6339086609,2.0450355809,5.7522900929,-6.9713113032,3.0148923109,-1.8952767495,2.533897043,1.6791678154,1.7499202735,2.0101200153,-1.3545907697,1.4085742889,5.2060960046,-5.6665245838,3.8583508116,7.5359061774,0.3663636295,-12.3433982551,-7.1295137012,-0.8794492325,-10.0469726759,-0.4548493098,-0.9816902059,9.7601362412,-2.6098436725,1.5163367385,-0.356454214,0.600749063,3.4535792153,0.262124517,-3.1395320774,13.2925481209,-4.4003277583,-1.8397626661,-0.410518673,-3.8154528299,-18.2866480143,0.9796578304,2.9435299181,10.0095034015,3.104212209,0.8745386121,1.9870499258,-1.824684185,-11.3203790574,-0.9861340606,-4.4633857718,9.1558817568,-1.170889669,-0.6552206676,-0.9430278076,2.9697929136,-9.518653026,0.64734123,1.0045238605,6.6169946137,5.4179912785,-2.5615763406,-0.1530988388,-1.1747352535,-10.1615180931,0.877227602,3.8575776014,0.0660826335,3.7333543618,2.4369861061,-0.5107847446,-5.1049495415,18.0780448372,-0.3587194185,1.8397468562,-19.0028563421,-4.2824720902,0.9019371867,0.8720546851,3.8091356408,3.0223149534,0.2295197135,-34.0771356388,-0.9929066887,-0.6133806671,-0.6759093278,-3.5362878483,6.7140141613,0.083099175,-0.9549470271,0.7951951215,-1.4693295972,-1.8352236133,5.7309648445,-0.7564180834,8.2231063361,-2.1896486041,-0.4999769917,-3.4592855201,1.2495691805,-0.1179072441
biasActivation=1,1,1,1,1,1
[BASIC:ACTIVATION]
"org.encog.engine.network.activation.ActivationSigmoid"
"org.encog.engine.network.activation.ActivationSigmoid"
"org.encog.engine.network.activation.ActivationSigmoid"
"org.encog.engine.network.activation.ActivationSigmoid"
"org.encog.engine.network.activation.ActivationSigmoid"
"org.encog.engine.network.activation.ActivationLinear"
