encog,BasicNetwork,java,3.4.0,1,1572771761146
[BASIC]
[BASIC:PARAMS]
[BASIC:NETWORK]
beginTraining=0
connectionLimit=0
contextTargetOffset=0,0,0,0,0,0
contextTargetSize=0,0,0,0,0,0
endTraining=5
hasContext=f
inputCount=2
layerCounts=3,8,8,8,8,3
layerFeedCounts=2,7,7,7,7,2
layerContextCount=0,0,0,0,0,0
layerIndex=0,3,11,19,27,35
output=0.7105296851,0.5526316436,1,0.2702465658,0.0107669613,0.0024322329,0.643050821,0.9999183488,0.2625063397,0.65023021,1,0.5471920125,0.4490358255,0.6697918782,0.9886593056,0.0000013874,0.7123479781,0.8630419593,1,0.845594898,0.7997457147,0.1373214734,0.0000270252,0.9272660209,0.3309843121,0.0006688026,1,0.9999252833,0,0.0008146847,0.0361476234,0.9999999986,0.9999999997,0.0000029241,1,8,30,1
outputCount=2
weightIndex=0,16,72,128,184,205
weights=-4.593513467,-5.2577419848,-1.1632463709,5.4303245205,-3.0139712002,9.9949555085,-5.9951487329,2.9950165022,14.8758189955,-6.5490889518,-6.0137325485,-5.6042007775,-2.8091330067,-10.2300333311,-1.9588065709,6.6481243058,-1.4652877421,1.0235958228,-3.967326991,5.2640187167,9.1766919052,4.8746380287,-7.8096940304,0.0693952563,-1.2671246462,1.8111654359,-4.5348517447,0.597149225,-1.9153370676,-7.781023316,2.7526202469,0.973836532,-0.6297043425,1.7485251298,-0.955154763,-6.3383137932,6.6513823269,6.4475545759,-6.490143438,1.4574506142,3.8028097131,-3.8514216762,2.0424222041,-0.8597108386,-0.7835127109,10.0747737488,-3.5852257463,-4.3633904995,3.9473021901,0.9669107071,-4.9806216998,4.0373716639,-11.8555733802,2.6296827392,5.3845632534,-0.3570788873,7.5259606921,-5.4643417815,2.0471494565,4.8238318652,3.3290434519,-4.2370774198,-6.3102280669,-0.3734724452,4.6703194145,5.3797865789,-1.6268526645,-5.6487596222,-2.2871584618,1.3772264226,4.0814695737,-2.1804164282,-1.229412533,7.9446967453,-3.1531284353,-2.7572219212,-2.7599768041,7.5826370967,-0.7751581309,-4.6417366386,-5.1514878398,7.8712220703,-0.6818054161,0.6435629195,-1.9509948044,3.7887962179,-0.13951279,-1.4947098818,5.0682469293,-5.4348687911,-0.7614278433,4.2463522912,-3.0970835703,3.6134952017,0.9392928745,2.5477007558,5.7290994381,-1.7540997008,-2.9937007727,-2.5594721888,1.8887002854,2.3063904679,5.706788374,-1.0810660846,-3.5751246081,-8.6374223129,3.0335360715,11.2804502958,-2.4000501762,-0.6282028293,-2.1057625766,-1.5393044638,0.5876000186,-1.4267267425,-0.0352563419,0.8695492105,-2.1000290692,16.1342682889,-2.3251081652,-1.8355690459,-6.7275355693,7.1232080205,-3.3509678852,-3.1115597859,5.3700119435,-2.8229926114,-3.0977647573,-1.7499442409,-0.3372729456,0.9754940634,-7.3382534282,9.0759439998,-2.2863963015,6.2764946528,0.8891254438,-2.2744879295,3.3713839616,-0.053837024,-7.7119846775,14.2439754126,2.668935012,-8.5537025581,0.7955819962,3.3897359697,-3.1627424104,-0.672375508,2.2984405202,-3.8342001259,-0.9302852547,3.001329852,-0.1838793616,-0.6095306582,-3.7112645708,-0.655687994,11.4939379142,4.0897617528,-1.3793174705,-4.0791009767,0.7650476697,-1.5065091634,-0.5310551407,-0.6618969337,-2.1100084602,4.3588185011,-1.8051966029,5.3730911451,-0.8759189128,-0.6472866264,1.5402521615,-0.8284705566,18.0707121852,-7.8652934901,-7.8084317578,12.4336893497,0.4474881604,-6.5995427834,-4.7129509361,-0.713462797,-0.287427183,7.9336665889,-1.0957906667,0.1742673585,-0.3837908003,-1.9617783332,-0.2819517984,0.4775251143,-2.5684062404,-0.9505060853,-0.7389833089,0.4587381949,2.3646533193,-0.4700227595,-11.9284381208,1.0939169695,-0.104876018,-8.8883821592,0.9341765803,0.4098455752,0.5996897301,-1.9305573101,0.9796681048,7.8974283239,-0.8196792908,-0.2385425059,0.971198268
biasActivation=1,1,1,1,1,1
[BASIC:ACTIVATION]
"org.encog.engine.network.activation.ActivationSigmoid"
"org.encog.engine.network.activation.ActivationSigmoid"
"org.encog.engine.network.activation.ActivationSigmoid"
"org.encog.engine.network.activation.ActivationSigmoid"
"org.encog.engine.network.activation.ActivationSigmoid"
"org.encog.engine.network.activation.ActivationLinear"
