encog,BasicNetwork,java,3.4.0,1,1572771778561
[BASIC]
[BASIC:PARAMS]
[BASIC:NETWORK]
beginTraining=0
connectionLimit=0
contextTargetOffset=0,0,0,0,0,0
contextTargetSize=0,0,0,0,0,0
endTraining=5
hasContext=f
inputCount=2
layerCounts=3,8,8,8,8,3
layerFeedCounts=2,7,7,7,7,2
layerContextCount=0,0,0,0,0,0
layerIndex=0,3,11,19,27,35
output=0.9326895687,0.60214853,1,0.0109524103,0.3638092194,0.5832256686,0.2129702813,0.9999989568,0.0000392803,0.00000132,1,0.1816651665,0.9999999999,0.4500635099,0.0001190594,0.9998615694,0.0644514504,0.0021349773,1,0.0313375633,0.1502699901,0.0000028665,0.999993215,0.9999727948,0.9997542099,0.0449297398,1,0.7171498367,0.9997341672,1,0.0000000007,0.0000000417,1,0.0002791856,1,8,30,1
outputCount=2
weightIndex=0,16,72,128,184,205
weights=16.9866287848,8.3552579552,-12.1646424972,-5.6243767253,7.9539920956,-0.4751683258,-4.77338226,-0.2584091884,-13.2980089312,-4.4971944526,-3.8639212803,6.8425837573,-4.6832448343,-15.6419414593,24.2034517081,7.6762849569,-9.8855563004,-6.9942676579,9.1065789283,-6.3412573633,-3.4934776268,8.2870107455,4.5535430511,3.1383245481,-9.7366462955,2.0342111549,-12.0986294908,-0.9996518777,3.7838971939,-0.4076047478,-2.2133184686,0.8686228221,0.1991679189,-4.7185556441,0.9926401704,-5.7045035168,6.1683010388,-1.7704873871,8.2796103511,-1.4986823419,-14.9006111185,2.6924785167,-2.2569725855,20.8036934949,-1.2089585042,-1.0187812983,7.0600161627,0.9800143398,-14.3591082299,7.8458432816,0.6069847554,9.2036649883,7.9434433132,-2.3427362049,-14.4868733527,0.5012331489,10.8079268828,-4.4271970136,-0.8124182163,-4.5546116601,-4.7679174144,0.5539965914,5.3613713966,-2.594687006,3.8123826339,-3.8275653731,2.4270075585,-9.8410120115,-13.9384103567,0.0669646071,-0.4816131221,2.439143394,-7.9621003536,5.3555261481,-9.3445021363,-5.1934119236,5.4202124377,-3.7341803349,20.665183412,0.5177513165,2.3522816421,-4.0204534142,2.0022636582,18.7390920663,-3.4066663445,11.6036900631,-5.9052056959,-3.1578707749,0.518243499,-6.0530967168,11.7037751021,1.1165919597,-0.3431810411,-1.5190614178,4.4039213803,1.2403189807,6.0789411774,-4.3523715093,11.3565870777,0.7130617577,-2.2396244884,-2.1403685244,-10.2531531207,-4.4452494583,-2.7717221071,1.243288226,13.0814617698,11.8160381887,3.327814079,-1.8300779063,-11.7812196123,-3.9997304138,-1.9771211545,7.0079788338,3.3212516,-0.8774053394,-0.2491920421,-2.982439337,1.058011666,0.3943936647,-1.479793903,11.121732592,11.5833501538,-6.9549094643,5.3498043362,-7.4639671217,-3.4113516728,1.448522437,8.7981303046,-6.2689395681,0.5296004476,0.8210981773,-0.1146509835,-3.6931811445,-4.0587642666,-0.3086894891,-10.5136260142,3.4692188605,0.9496337022,-0.7404498531,0.7939960586,1.0139480747,-11.1725538145,0.3786009027,12.750172166,-8.5925273442,-4.7091615132,0.4710638508,-0.736553585,-4.4692036322,19.0087556926,-4.1429038241,20.1151388478,-2.4770382693,1.5299556323,-0.2319549243,1.0090463882,-1.2464610193,-22.0152887639,-0.325744467,-0.995757376,5.4603579595,3.5756556356,0.9377114551,0.7774215136,-0.9257296271,-5.6318545573,3.1189208575,13.8076636104,-1.7774718413,0.7816400262,0.7972409534,-0.0740261161,-0.5630235793,0.7371005843,-0.033199638,-15.5321427132,-0.4667834516,1.424223127,-0.9555936857,0.0316043904,5.8557477992,16.3063624122,1.2643245694,-1.3789228455,-0.1901296309,17.665639187,-1.1090029555,0.6471469231,-2.3100067895,0.612595742,1.7990390511,0.8779613636,-0.8391601447,-0.4687241757,-0.3506023079,-1.2180379631,-0.2478614247,0.1874201005,-0.4026429627,1.102916615,-0.2079819489,0.6505481069,-0.3915050584,-1.6425878141
biasActivation=1,1,1,1,1,1
[BASIC:ACTIVATION]
"org.encog.engine.network.activation.ActivationSigmoid"
"org.encog.engine.network.activation.ActivationSigmoid"
"org.encog.engine.network.activation.ActivationSigmoid"
"org.encog.engine.network.activation.ActivationSigmoid"
"org.encog.engine.network.activation.ActivationSigmoid"
"org.encog.engine.network.activation.ActivationLinear"
