encog,BasicNetwork,java,3.4.0,1,1572771798287
[BASIC]
[BASIC:PARAMS]
[BASIC:NETWORK]
beginTraining=0
connectionLimit=0
contextTargetOffset=0,0,0,0,0,0
contextTargetSize=0,0,0,0,0,0
endTraining=5
hasContext=f
inputCount=2
layerCounts=3,8,8,8,8,3
layerFeedCounts=2,7,7,7,7,2
layerContextCount=0,0,0,0,0,0
layerIndex=0,3,11,19,27,35
output=0.7258163534,0.431017165,1,0.0005844283,0.8415321281,0.6724239723,0.0000001144,0.0019933098,0.9999901921,0.6381735454,1,0.0236192045,0.0097031301,0.1804085017,0.6871604583,0.1040304689,1,0.2920126976,1,0.477124972,0.9999999126,0.0069209893,0.7141877887,0.9990550688,0.9988161596,0.1346702113,1,0.0028656005,0.0018283417,0,0,0,1,0,1,8,30,1
outputCount=2
weightIndex=0,16,72,128,184,205
weights=15.8367568593,-0.7356232223,8.7996589262,13.5034793752,-6.5536886446,-3.9236990549,9.802473387,-6.6527642192,7.9664954104,24.6360541185,-5.2748348676,4.3946832176,14.3136630749,-6.2376046365,10.3405392366,-17.8575110272,-4.3615437311,-0.908050082,4.2590917757,-12.2418827629,3.9736699056,2.8543757846,-12.8335404426,0.791094984,-10.12920033,-0.7329070641,-8.9338671194,0.8993061858,8.8712024146,-12.1317024029,11.3167266725,10.8140045707,-1.9366129633,16.2191193541,15.8077989217,9.8023037122,-19.9119506536,-8.2212798812,-11.5328552641,4.6803867015,-14.3304060684,17.335702173,-5.1851966605,-14.6454669435,8.7965882123,-3.5505908665,1.7868251896,-2.7007084429,-13.6107351384,-5.7324917608,12.3395768426,-15.5393979877,15.7298295273,-6.1158453984,-10.7969246614,10.2453325571,-5.0735044315,-7.0629981121,22.6371208991,-5.366355975,-0.8442976684,14.7382282309,-5.2996709243,-1.7785245132,8.3460537363,-1.7324669683,-3.791703415,1.9414160557,-2.1201394831,7.2191989022,-0.5546997912,-7.0995404557,3.7394714771,-6.6383199463,-1.5294696896,-8.1903293424,0.2787584574,-3.2808463033,-1.291515662,10.1647461899,0.8988980822,-0.7329111584,1.2537181256,-1.6883240964,-1.8958754658,-4.7399009833,1.9052222535,3.2473686156,9.0660869188,8.8372799947,2.5884191218,-13.4168709155,-1.0117376914,-0.5172253434,3.1671951629,-4.0113991904,0.8223848249,-2.4777882937,-14.6501216106,5.235769542,3.1091562735,-5.8332706071,14.3210340809,0.0258857454,22.9809463599,6.5349034183,5.2047749208,-6.9694692435,-8.8767403779,-2.0606612566,-9.276320334,-2.535602928,4.8634818627,16.6709670632,-11.8906201751,-10.7840374061,13.1315383877,12.4257038385,-2.9783249067,-0.6557657561,-2.979877627,-5.2745756721,-5.9822022252,10.3366527375,-4.6730536887,-2.2448368106,15.1980531796,3.3339041872,-8.9732459235,20.736785913,1.3027073193,0.2548747199,-1.3175087798,0.344849245,0.4322223589,-0.4486134694,-24.7408043621,11.9710173775,0.9084130018,-0.5069036356,-0.827142531,7.8211765534,-0.4947168593,8.4804677946,22.1274088425,5.4367272748,-1.0819619782,-0.0471945538,0.8953880944,-1.9761162432,0.6900045699,-3.0634837758,14.2044994097,-19.2310851119,-0.9770377413,1.4221915704,1.0614486106,1.0152214911,-0.8293102833,-0.1049539699,-9.7209791177,-7.0338986202,0.6937002269,0.9544390831,0.492241144,3.5597372907,-0.9978267799,3.444432588,-15.5664517506,-3.105899217,-0.0165967198,-1.0166240462,-0.535054881,3.2391497369,-0.8118017768,3.5489431844,18.6625213294,7.4411894257,-0.0638567558,0.0213337446,0.8091544265,-0.5206703254,0.1894449491,-1.4066958237,0.4744568156,-0.3962862747,2.2408260616,1.8066386298,-0.2072934123,-14.5368225436,-1.7373179403,-1.2473886482,-0.3260741113,-0.9951567098,-0.9524057923,-0.0402998308,-0.9856495358,-1.3556917607,0.5585922581,2.3000227219,1.6127403046,1.3066718766,-2.0080049324,-0.6291614921,-0.0590914684
biasActivation=1,1,1,1,1,1
[BASIC:ACTIVATION]
"org.encog.engine.network.activation.ActivationSigmoid"
"org.encog.engine.network.activation.ActivationSigmoid"
"org.encog.engine.network.activation.ActivationSigmoid"
"org.encog.engine.network.activation.ActivationSigmoid"
"org.encog.engine.network.activation.ActivationSigmoid"
"org.encog.engine.network.activation.ActivationLinear"
