encog,BasicNetwork,java,3.4.0,1,1572771829810
[BASIC]
[BASIC:PARAMS]
[BASIC:NETWORK]
beginTraining=0
connectionLimit=0
contextTargetOffset=0,0,0,0,0,0
contextTargetSize=0,0,0,0,0,0
endTraining=5
hasContext=f
inputCount=2
layerCounts=3,8,8,8,8,3
layerFeedCounts=2,7,7,7,7,2
layerContextCount=0,0,0,0,0,0
layerIndex=0,3,11,19,27,35
output=0.1751698243,0.012578505,1,0.9999999873,0.3851800627,0.8682017206,0.9999968284,0.9999996652,0.9165874483,0.9496689423,1,0.0001287923,0.99996758,0.5214763818,0.9511666112,0.9840581587,0.1229965263,0.9701478916,1,0.0342896779,0.3559451593,0.5011309776,0.9999277175,0.6643384883,0.9999865508,0.0268378589,1,0,0.0000009481,0.0000000261,0.0041671303,0.998156702,0.2997534116,0.0129520724,1,8,30,1
outputCount=2
weightIndex=0,16,72,128,184,205
weights=-2.23115899,-6.8899636968,1.9874207672,-12.4926482897,5.4860253813,6.7695311652,1.1662173622,1.3043293087,6.5939344875,8.869036848,3.0551229596,-2.3636936823,-13.0485557572,2.9321579107,-9.83870088,5.0424859217,-8.7196680369,8.2457438553,0.173998621,2.2232272104,5.8944166395,-1.6948965323,2.2154290519,-0.0104105503,-1.158311862,-4.2623757445,-10.6361447518,7.4362763877,1.9552474498,-1.2172472357,-2.2646384252,2.6908028602,-1.7344877653,1.7064547097,-3.3964648276,2.17387047,3.4231488149,0.2483033031,-3.0448008394,-0.562772148,9.7298859791,13.6010581215,-3.7631552786,5.1141715114,1.0403066514,-4.8536230639,-8.7280155244,4.1981018652,0.1299071066,6.6993461032,-2.6925680679,1.8520155054,6.439013019,-7.3166830476,1.1622592862,1.2892250788,0.4667451696,-5.5352107424,9.0243767866,0.2358279345,-6.2903501483,9.1471385176,5.0567027648,3.1607734418,-3.5908582552,5.2093165629,-5.3956091867,2.4282480038,-1.7759847494,-3.3218232502,2.6899483431,-2.2205824749,3.2127108898,0.9705157963,-0.1625652458,4.5773678944,-2.3915620908,-11.4594555087,-4.5363943162,-0.7385090513,-1.4746836993,-6.7937482699,2.3755442769,4.9325469769,16.8605374279,-0.3292956198,-7.6180568176,-3.9845382575,2.3281069517,6.375218135,-6.0987557581,6.4203227721,-11.0724616797,0.5957944829,-0.431507999,1.1449738187,-4.4103035265,-0.342203007,6.7631114893,-2.3604896194,2.0486125051,3.1199729956,0.0664620003,-2.2692641831,2.6431741866,-0.1559195451,-4.7157890014,0.6403285688,6.5821670007,2.6001274717,-7.3331925351,-0.9655234866,2.3441876139,4.5622786828,2.4474669139,-4.2872505266,-6.3620234253,3.0638146942,2.4043682807,0.4900172957,-1.8860817449,1.9401093277,-1.2867586515,-0.595961168,-5.8035806212,6.2211064082,5.779369685,1.5754597064,-3.7158587735,-0.5589009988,-1.3307716253,3.0876862186,-0.9212295882,-0.0700823293,5.5300871143,-2.4819729526,1.0701222268,0.3839969444,-1.1736825138,2.1680881199,4.5231551858,3.8492387236,-1.8852521075,-6.2462644263,-1.7383080024,0.7365738585,-4.2998675269,-2.7614311788,-5.4626526195,5.5404399646,-3.348532967,3.8512185582,-0.4771294021,-1.0069431179,-1.3883980618,-1.810537434,10.6350496958,1.3932757453,0.5465065898,-1.4977614715,-6.4117567625,-0.9739589321,-0.0435010605,-12.91619472,-4.7759037409,0.4578469714,8.6731874475,5.2540363188,0.3135738749,-0.8952128076,-3.2395484653,-7.9502048903,8.4284186769,-1.5764739589,-3.5297152529,3.3550944128,5.7757341878,-0.6224051137,-6.3981411608,5.7262049464,-1.8918516335,-10.830778309,1.0601619929,1.506597583,1.5367167357,-8.5694226551,-1.452953654,-1.4877604581,-0.0737587214,0.2460705327,0.6345308734,-0.6619371028,-2.6778569261,2.3967493738,-0.3973621043,-12.7294836842,-0.890105934,0.3744334858,2.1821967959,1.4633769298,0.0730397507,-14.7466803259,1.6844398205,-0.8741508816,8.4155450918
biasActivation=1,1,1,1,1,1
[BASIC:ACTIVATION]
"org.encog.engine.network.activation.ActivationSigmoid"
"org.encog.engine.network.activation.ActivationSigmoid"
"org.encog.engine.network.activation.ActivationSigmoid"
"org.encog.engine.network.activation.ActivationSigmoid"
"org.encog.engine.network.activation.ActivationSigmoid"
"org.encog.engine.network.activation.ActivationLinear"
