encog,BasicNetwork,java,3.4.0,1,1572771841616
[BASIC]
[BASIC:PARAMS]
[BASIC:NETWORK]
beginTraining=0
connectionLimit=0
contextTargetOffset=0,0,0,0,0,0
contextTargetSize=0,0,0,0,0,0
endTraining=5
hasContext=f
inputCount=2
layerCounts=3,8,8,8,8,3
layerFeedCounts=2,7,7,7,7,2
layerContextCount=0,0,0,0,0,0
layerIndex=0,3,11,19,27,35
output=0.4461537112,0.2419334125,1,0.0058679003,0.7425391224,0.7444489972,0.0000198831,0.0000775435,0.000228218,0.1592868843,1,0.000951192,0.0120861834,0.0000000282,0.3682943412,0.9999768546,0.9999996749,0.9999946771,1,0.9998903663,0.9999997792,0.2601839563,0.0173775803,0,0.2917331102,0.9999991989,1,0.965903225,0.9772149149,1,1,1,1,0,1,8,30,1
outputCount=2
weightIndex=0,16,72,128,184,205
weights=-10.2061347304,16.3359616888,-17.0204664185,-3.4539261469,11.899084811,-6.4416486645,-5.6711762729,1.2884035051,6.9089775744,-13.8264756839,16.7392509891,2.9148374884,4.4119330287,23.3690160377,-10.8400294318,-1.6565281665,3.6591306162,-15.3387641607,-15.0068158234,7.5165747715,-5.7592767937,1.8496291816,-1.7195958069,-2.0896766021,-5.3869695717,-7.9065910542,0.5326453234,1.1522841045,-18.6621272472,5.7540476984,12.0768862369,1.5663401286,-0.2772883316,-10.8055480521,2.5790866508,2.3003915324,5.8971672007,-5.2567913339,5.7177295075,-6.0050774885,1.9828121111,-1.7164522426,0.4936321973,-2.2133726529,-0.0485889177,-5.6811337328,-1.3684927886,-2.893381558,-10.1138501702,-3.2448078013,5.4796009047,-1.1183331262,1.2503380706,-14.6779558634,3.9819015886,0.4418804053,-0.7312214064,10.9420457331,-2.4668443642,1.8171647938,-10.1231634891,6.3961130563,-1.0462297814,-4.4127420666,-4.6178914415,20.3047913546,-0.3732348387,-3.0666160034,-1.0994071422,2.0349635181,-3.6554659755,1.9447241588,4.2463486642,-7.2372977645,0.7675562818,-0.1850702931,10.2859392118,-0.9732795509,-4.0578695662,0.1798844722,5.5184683966,5.7646146758,-11.2285036719,2.0468157406,2.8258407742,13.796749919,-12.5812837142,-4.2437966449,-12.7091407217,-1.6978774702,11.4856745807,-4.000271661,4.7520516962,-0.9148861614,-5.0678908428,-0.5627477334,-0.3777370321,0.630409459,-0.041132154,9.1764239628,-7.2664120626,-4.2093639325,3.6104896568,-3.323492848,6.5075726683,4.0772912989,0.2314463313,-10.960172197,4.6052735453,1.4074050548,-2.6835198108,2.4927147508,3.899400603,-1.3080815846,-6.3448936902,4.1325513863,-4.3476332685,2.048905605,11.8941196635,1.4353272355,-4.1534782595,1.8294260405,16.2192601876,-8.913982057,-5.1636442534,-0.0556909717,8.3055425501,2.1127031908,-8.9267998783,15.4995463356,0.1487490145,-0.481096948,0.7636776977,2.2728982502,-0.6955630811,-0.109934646,4.3282075951,3.5340620722,-0.2214779824,0.5728897401,-1.0562553465,8.7088543512,1.2614205411,-0.3121666685,17.062899996,-24.0621566195,-0.2276764206,0.3976001848,0.4486922603,5.8830305385,0.2849581608,-0.5138710249,-18.6179575921,-7.9707414086,0.6172364162,1.1852716137,1.6166456669,18.0985326396,1.3335555764,0.219542286,-12.5464078262,-2.0997341978,0.2343810912,0.3524515199,0.941360227,-10.7947468805,0.4149320088,-0.4198101209,1.34967197,1.216617437,-0.7233663667,-0.4545887075,-0.4042207542,-0.2838205453,-0.3817751665,-1.5135344476,8.5353592706,12.8413905821,-3.0527923946,-3.3646940912,-4.1150915386,8.034529193,0.9370889663,-4.2577909858,-1.4930213652,0.1957311451,9.4160974122,0.8113091589,0.6270335006,-21.5428778464,1.0664017358,0.9969971718,0.4495063651,2.0598876443,1.4973841617,0.2076347025,-0.6673892721,1.3926714476,0.2011787487,-2.6415851266,1.7782392477,-3.6942167199,1.438366406,-4.1278023168,-0.405094152
biasActivation=1,1,1,1,1,1
[BASIC:ACTIVATION]
"org.encog.engine.network.activation.ActivationSigmoid"
"org.encog.engine.network.activation.ActivationSigmoid"
"org.encog.engine.network.activation.ActivationSigmoid"
"org.encog.engine.network.activation.ActivationSigmoid"
"org.encog.engine.network.activation.ActivationSigmoid"
"org.encog.engine.network.activation.ActivationLinear"
