encog,BasicNetwork,java,3.4.0,1,1572771917476
[BASIC]
[BASIC:PARAMS]
[BASIC:NETWORK]
beginTraining=0
connectionLimit=0
contextTargetOffset=0,0,0,0,0,0
contextTargetSize=0,0,0,0,0,0
endTraining=5
hasContext=f
inputCount=2
layerCounts=3,8,8,8,8,3
layerFeedCounts=2,7,7,7,7,2
layerContextCount=0,0,0,0,0,0
layerIndex=0,3,11,19,27,35
output=0.0833285919,0.0002938575,1,0.9981163928,0.0004038952,0.9983112607,0.262755041,0.5314451793,0.0000447567,0.9999801391,1,0.9869154372,0.9999567006,0.6224967733,0.9942188134,0.9996972808,0.9990368173,0.0619487736,1,0.9596536105,0.99939305,0.4841558106,0.9998954709,0.9987585842,0.9999968657,0.0000000001,1,0.0825217244,1,0.9458703862,1,0.9999999998,0.9999999689,0.9998061742,1,8,30,1
outputCount=2
weightIndex=0,16,72,128,184,205
weights=-11.4944656211,9.2758702169,10.5546043043,-1.5520509251,4.4622301955,-10.1568153,-3.8326174051,0.4037047592,8.256578947,4.7837213582,-8.9475018571,5.3031780772,9.9899832127,5.2628060086,-10.6067011529,-3.5389991744,9.9350328296,2.8061208897,-6.6151729178,-7.8740179178,10.8650615771,-3.8165121374,-4.2336870698,-1.178599528,-7.4959300521,2.4018967162,-3.9450667626,-1.2532229425,-2.9519252927,3.3979019364,2.2025471619,0.3038319366,3.2475168777,-3.9035321097,5.3283898412,-1.3074363409,5.5627257499,2.7470212712,-2.2744049051,-3.1011268677,1.7601963401,4.9568597831,-6.6833271555,-0.3065116345,-0.0967473257,-2.8174923798,3.1487468121,-0.5439832321,1.0692188377,-1.8557021621,-1.0742235101,10.0135599217,-5.1939547367,-6.8549987537,4.5899342457,3.3958089484,13.36700437,-1.6842262686,7.4826563747,-10.0122894505,-7.514264849,-3.9903397807,2.7529997342,-4.8977548181,0.162735517,-0.613443798,2.2595232317,2.1704647498,6.8248053495,4.1330274714,-4.1832764626,-2.9775530009,7.711982787,-10.3481450852,-1.1707730411,5.7006816691,8.4189699678,-4.3534306255,-8.9293377244,-1.9241673665,1.832468963,1.380285785,2.4870193273,1.1780865324,0.4776442151,2.8851176994,-9.2113686197,1.1651166308,4.5523092584,-7.8634313582,0.7615136009,4.5351042289,-3.4887374094,2.2233526733,0.4264089707,0.3479172795,9.3464744278,0.707268142,-2.7275487516,-6.0752122827,-7.0199281279,12.7095169788,2.5558620507,-2.8319962837,4.7350136758,6.163518616,-3.3414023723,3.2594205515,11.6079526955,-11.69302176,1.5019017302,-4.1432261996,1.2547684192,3.1733748834,0.3331198826,1.4226287398,-0.1219645673,2.7965708469,-13.0324686548,-1.6897989552,-11.3061799942,3.9726985547,-0.1712438107,5.1382458208,4.0497238852,-5.854807911,2.0917461859,0.9175254069,-12.0112592903,-1.5667514529,5.1809099417,3.1719991825,2.9367489447,3.2288026265,-10.8851628766,2.3720448785,-10.2115893399,-2.0923916836,14.5112247678,2.3417981221,1.971928708,1.3702849581,-10.2013233604,1.1311232064,0.6406680776,0.4743586622,-2.3819172541,0.7634772195,1.1368615829,-0.4865561941,-0.2226191442,0.4711526842,-9.4048375549,1.3715663512,-1.3911819092,-0.0790052825,-0.2128948312,0.8658420088,8.2856947028,1.0283243546,-11.7831625269,2.2634742229,2.436955964,1.5860745299,3.3890300367,3.2017300653,-7.8954383659,2.8111822937,-5.2351283444,-1.7074894841,18.0211587199,1.1196224548,0.9241458649,1.3638911872,-6.3540651062,0.712098848,11.4596990952,0.2091623737,0.194294623,-2.8791458938,-1.5321723875,-2.8978115942,-14.3226491998,-3.1582823675,1.2512107465,-0.1307454329,-8.4958903007,-0.6779295669,7.0543702649,1.5598388204,-0.8478975112,0.1471193503,5.2303237024,1.2222876652,1.1810499059,0.3855914991,1.1191296963,0.4355462205,0.4815037248,1.1611683605,0.2532293714,0.4013428254,-0.6253134435,0.5892212483,-4.1257731626
biasActivation=1,1,1,1,1,1
[BASIC:ACTIVATION]
"org.encog.engine.network.activation.ActivationSigmoid"
"org.encog.engine.network.activation.ActivationSigmoid"
"org.encog.engine.network.activation.ActivationSigmoid"
"org.encog.engine.network.activation.ActivationSigmoid"
"org.encog.engine.network.activation.ActivationSigmoid"
"org.encog.engine.network.activation.ActivationLinear"
