encog,BasicNetwork,java,3.4.0,1,1572771927580
[BASIC]
[BASIC:PARAMS]
[BASIC:NETWORK]
beginTraining=0
connectionLimit=0
contextTargetOffset=0,0,0,0,0,0
contextTargetSize=0,0,0,0,0,0
endTraining=5
hasContext=f
inputCount=2
layerCounts=3,8,8,8,8,3
layerFeedCounts=2,7,7,7,7,2
layerContextCount=0,0,0,0,0,0
layerIndex=0,3,11,19,27,35
output=0.3767897322,0.4117426437,1,0.0010073304,0.107709183,0.6839926564,0.9795970473,0.8912461085,0.8846388324,0.999998825,1,0.1402484955,0.3336049149,0.9993897262,0.9998903665,0.8794490679,0.3032292546,0.3163394512,1,0.9870850585,0.9861712196,0.534860019,0.0422635782,0.0000004286,0.5410165914,0.8665902675,1,0,1,0.9821074638,0.9969199645,0.0000004705,0.0000000302,1,1,8,30,1
outputCount=2
weightIndex=0,16,72,128,184,205
weights=-5.0612118001,0.8608609596,-3.7321656418,8.918271418,6.9628410616,-9.2053207131,-5.9218597938,1.0852725498,9.7694775927,-12.6344036222,-1.9356463434,1.625236248,3.9717746646,5.8674211799,-5.4260583762,-2.578199911,2.3302181449,3.476397493,-2.2163971727,-5.2751958605,1.0877210807,-1.3845937842,-6.3288525158,0.5689852208,3.6580216404,-3.3681726969,0.6636350081,3.9912082117,-6.3689024068,9.6917511907,-4.8201345895,-1.9706494526,2.9281221792,2.5770903202,-4.0474248199,1.2537241344,2.3488174984,-5.1314474654,2.1162403443,1.1140444212,-1.0051778973,5.1076862028,-0.2604734009,-3.5456928442,4.3298809052,-5.0565147209,7.6201623025,1.4289212101,-1.7571405896,6.5161718264,-0.9252563032,-1.302422447,1.9692169729,0.2614788235,3.5863675226,-0.5425097638,-0.8915802294,6.0829856505,4.7006892282,-1.1659227375,-6.8708652525,12.7155914797,-2.4641933528,-0.4328267754,2.9152175601,-9.6953260609,10.419238592,6.0143673362,-0.9327371317,0.9933095489,1.5223306489,0.0907337332,-2.3648301837,-2.5766533846,-0.8983586091,5.1230572324,-0.0150539607,1.7252551683,2.0428727146,0.6223344652,-0.453386879,4.371833944,-3.9295827529,2.407015656,1.0379725168,4.7786757688,-5.483682059,-0.3889609179,1.1371170352,-4.4139562879,4.6730371023,-4.396646044,-9.5187352931,-1.3807032787,7.0770584345,2.9319525729,1.8007747437,5.5292259424,-2.6919262314,4.2010921242,-11.1255430418,2.5427227124,1.2881902552,0.6582432784,1.3691820511,6.2480475687,1.6483207039,-6.4064223954,8.0121180786,-3.5332063939,-3.3481045745,-1.3238283452,-5.8624622131,-2.6147544778,1.3474874182,-0.3058980949,-2.3022702796,-8.3714279126,12.898480163,0.1769733724,5.5975404223,-0.2042513268,-0.9687168037,-0.6313180386,4.1949711039,2.8990861903,-4.3773675132,-3.324729202,-0.9859028953,1.4713776147,-1.4801652813,-0.6106554627,-7.3353513939,1.4682391082,3.9459236639,0.9815294382,-2.5490992665,-4.0278563886,3.6869175726,6.4522640479,3.2263974103,1.138161747,-0.2649675333,-1.4934397104,-0.4337218491,-0.6217263104,3.369781621,-3.0275859351,-7.0781993667,-0.2457958385,0.0065245712,0.4636449299,-1.7116502721,0.2099002399,-5.9117300879,4.2381692042,6.2931462661,-3.5318301462,-0.44937371,-1.3003375595,-2.9538817708,0.8940401204,-13.9791827422,-1.8681081966,7.8368867312,-2.1924379948,2.0782607302,-2.0435523714,-1.9465888778,1.0707159915,-5.7087912151,5.6756926383,-0.7772210682,2.0986317248,-1.4615301937,0.5036855465,1.284758328,-0.5617148138,8.8927450104,-10.0401740343,-2.1975755723,4.6135733901,1.2581326095,2.4503429828,0.6100164525,-4.0512393929,-0.2754400529,-1.7627545591,2.35784563,0.5558929952,-1.3039824632,0.7274073496,-7.3850437031,-2.2049470021,0.3593437901,12.6389916644,0.2873950171,-0.9062558333,10.3191474032,0.3787683034,-0.7439444234,1.9715785488,-2.0434159516,6.0273815867,-0.1058857217
biasActivation=1,1,1,1,1,1
[BASIC:ACTIVATION]
"org.encog.engine.network.activation.ActivationSigmoid"
"org.encog.engine.network.activation.ActivationSigmoid"
"org.encog.engine.network.activation.ActivationSigmoid"
"org.encog.engine.network.activation.ActivationSigmoid"
"org.encog.engine.network.activation.ActivationSigmoid"
"org.encog.engine.network.activation.ActivationLinear"
