encog,BasicNetwork,java,3.4.0,1,1572771939491
[BASIC]
[BASIC:PARAMS]
[BASIC:NETWORK]
beginTraining=0
connectionLimit=0
contextTargetOffset=0,0,0,0,0,0
contextTargetSize=0,0,0,0,0,0
endTraining=5
hasContext=f
inputCount=2
layerCounts=3,8,8,8,8,3
layerFeedCounts=2,7,7,7,7,2
layerContextCount=0,0,0,0,0,0
layerIndex=0,3,11,19,27,35
output=0.4305542793,0.2375007831,1,0.1898321883,0.7525301938,0.8107706527,0.9654057461,1,0.0000075678,0.1892126088,1,0.7799266897,0.9426479076,0.1032387873,0.995339445,0.9999744681,0.9999999939,0.0000000001,1,0.0579125632,0.0016163999,0.0139981691,0.01078605,0.9983686066,0.9940980151,0.9893171278,1,1,0.7853716159,0.9998819678,0.9999999957,0,0,1,1,8,30,1
outputCount=2
weightIndex=0,16,72,128,184,205
weights=28.8186234491,8.2556299121,-2.0636459807,-8.9656141819,1.8637647527,-17.6671025399,-24.4940684109,1.1366513809,1.3186494946,10.9696532629,-14.7451950679,6.3678512796,12.6266890422,8.8359200447,7.1052824271,-17.8355016983,-2.7488402393,-0.4963811603,-2.570628093,-1.7856699787,1.9887559193,-0.0888568241,-8.5342904018,1.3035935659,25.0266209738,-10.8308484988,-10.141496118,-8.40961816,2.1515061751,-4.1198143467,17.3188804729,3.1886830761,17.350622072,-11.0831887641,-1.4247770988,-0.8247416789,1.9881466629,-5.6253761286,-0.5990213159,2.9756272999,23.4512354793,-2.3331992069,6.4203464256,2.2750328362,-6.8851143616,-2.097887645,17.4426261857,-6.7064307225,1.0508432435,0.5236628601,-8.8547907263,0.0302753115,12.1576573447,22.5088822161,1.0458019164,0.7829387422,-5.6148885862,-10.3435402609,0.0127004863,4.4763389051,-12.8906182222,7.8627603305,12.8020609457,2.9086631332,-7.0915894642,-12.8694070928,-24.3747230453,4.1982824792,3.6049545712,7.2973880707,-6.6260201025,3.6425551363,7.1130058638,-0.1666269388,-8.3320205136,-0.5343372445,6.7567684302,-2.5678297235,1.2518209006,-4.4555463472,9.2815780277,1.1204342966,2.8186846068,-21.7907369225,-6.5992521949,6.5759350992,-3.4084647597,5.8791467737,0.1419512557,0.430804564,-1.5144853122,9.4662493148,-7.214990793,-9.3626004154,13.1169859227,1.2821384335,-7.6649097824,0.9106239872,-3.5285653482,14.3035987255,4.6009400968,5.4313601107,-7.5812218533,3.2089802265,2.6729481774,0.0716125063,1.182295794,-10.3348776345,0.5606135244,9.0174191583,-0.7466487405,1.7303414509,-0.3725641116,-1.5262711638,3.4651736202,-17.9646657623,0.3644465692,20.9717565656,0.846695435,-2.9650521921,1.6237810369,-0.2135458925,12.596366202,1.0931187431,9.6012676234,-9.5747429325,-16.0837875446,-7.5319045361,0.6797327682,-14.335298445,-4.932910741,0.042238838,0.8250173007,-0.3924361914,12.7146307142,-0.034901065,0.0895877622,-0.445642348,0.5753608116,-2.2055867219,-0.4260369754,-0.4241417173,-2.7641683284,-1.7710669659,-3.8065973522,-24.8067906165,38.1155456207,-5.3757620148,0.2766473004,-0.2072597513,-8.2466340142,-5.4542358375,1.5408910956,24.8794003498,-27.2060915059,0.6401155127,-0.0945088549,1.1419268632,-0.3573174015,1.3209592407,-4.1533093242,8.2699204864,23.8087881936,-6.1549933304,-1.9039074946,0.8609711699,-6.9996174402,-6.5763306997,5.1474887463,-23.6487041434,0.5691377123,4.0466025079,2.2356072337,-0.5344071275,9.0082481468,4.9281581649,-3.293914762,12.0127929506,-2.156308027,-0.4164269232,3.1191604836,0.6001227945,1.6092699128,-0.6490081204,-0.873018064,3.1289957792,-0.4519932907,1.6473163469,0.3561908218,-22.5670065143,-1.620843423,0.3968492275,10.1057052876,0.8751128189,0.4348492089,-0.777542964,0.8033653977,-4.5640278801,0.1042405621,-0.4956705242,-1.6310955731,-0.6066214069,-4.5507277414,6.7916902112,-1.7495270017
biasActivation=1,1,1,1,1,1
[BASIC:ACTIVATION]
"org.encog.engine.network.activation.ActivationSigmoid"
"org.encog.engine.network.activation.ActivationSigmoid"
"org.encog.engine.network.activation.ActivationSigmoid"
"org.encog.engine.network.activation.ActivationSigmoid"
"org.encog.engine.network.activation.ActivationSigmoid"
"org.encog.engine.network.activation.ActivationLinear"
