encog,BasicNetwork,java,3.4.0,1,1572766553359
[BASIC]
[BASIC:PARAMS]
[BASIC:NETWORK]
beginTraining=0
connectionLimit=0
contextTargetOffset=0,0,0,0,0,0
contextTargetSize=0,0,0,0,0,0
endTraining=5
hasContext=f
inputCount=2
layerCounts=3,8,8,8,8,3
layerFeedCounts=2,7,7,7,7,2
layerContextCount=0,0,0,0,0,0
layerIndex=0,3,11,19,27,35
output=0.7021280054,0.5217403588,1,0.793138312,0.910535463,0.2956638411,0.0003785078,0.9999802458,0.9999999992,0.7997437175,1,0.8894129749,0.9999779685,0.0000001735,0.0000011062,0.9980499089,0.9989000297,0.0705255464,1,0.8742913889,0.9998616892,0.9972648855,0.7268269476,0.9502624653,0.7083394407,0.9999502666,1,1,0.9999999991,0,0.5181480264,0.0074291064,0,0.0006544295,1,8,30,1
outputCount=2
weightIndex=0,16,72,128,184,205
weights=-14.8137413293,16.1745359776,-4.1541306045,4.8052368749,-1.0914332304,-2.4743989696,-7.1266395384,8.3710122989,5.0039847982,3.4901015536,7.5484879385,-6.2912901291,-12.6156393416,10.8867766087,-2.1649841027,-5.8290846613,1.150398736,9.7717512124,0.7753825204,-3.6602335421,1.9278398519,-9.4550257398,3.2193384633,-2.1572648474,-12.0541894475,12.05744077,-8.1740700708,5.7680037899,-2.6741439367,1.5399301854,-0.4761381556,2.1484356516,-3.1654632913,8.084418399,2.4977258913,5.3857628268,-13.961161214,6.355016129,3.7927905295,1.181546094,-8.942572619,0.5279065216,-7.2598308029,4.619990125,0.6235747479,-2.0055343274,-1.096968124,1.005179802,1.3194727852,12.2856249175,-2.0491508098,-12.4954691115,4.4743931328,-2.9064414609,-0.6151091244,-4.1458121877,6.4259117171,4.5891523202,-12.880941034,0.6130243825,-4.4607982302,11.6508067534,0.0650855248,3.4229803154,-3.3233540583,-2.2000279517,-2.4030977872,3.5415504813,4.2990553004,2.0757111916,-0.7785889376,0.231314254,-11.123493455,-2.6446456693,2.0598865885,12.8006124814,-8.0357206178,5.0834655745,4.8268828281,2.3047124197,8.9167539538,8.2260719032,-2.2042549485,-1.6876487184,2.0815637402,1.5377588732,-1.5188904797,-3.4213795618,-10.3970228023,-12.8433378076,1.9432809457,0.7273848596,8.216166762,-5.2579684149,-1.9160331539,1.7304700705,-0.8988776789,6.0634604342,-2.0769540146,-10.5138580247,3.4611610639,0.648788454,-11.3727979292,-1.654634412,4.7390979704,-12.4978734401,3.6404477781,-0.262068013,2.4579518557,1.3291256138,4.9615185143,2.9122635886,2.2869076177,11.5527417798,-3.8134621489,0.5025774671,-1.4984579061,-3.2948206084,3.3997217151,-2.9432239113,6.9382629353,-4.2360767582,-4.123060275,4.6291763152,0.5726060907,1.8438644886,-3.9300251924,-1.5824221285,-3.6188826903,-1.9092461567,-0.3041405793,19.2090703811,-4.9545786709,0.9490441934,-9.0437088009,-2.4428394007,-2.8178521016,2.7015936786,0.1328243421,21.5425491789,-1.2858160953,0.4378005778,-17.8959366721,-2.1388381219,1.8390991101,3.6904303695,0.7746377517,-0.9437287464,0.7528737481,-0.5268785631,-0.0936577259,0.8527729466,3.3065479845,-0.7569064121,1.6470205737,-9.2482461346,6.8045434966,-0.8234796852,-13.0599670776,3.1788969859,-1.8780275388,-0.9398512623,-0.6885247496,13.670555899,-1.8762547822,-0.7320488237,3.5577869218,-1.3039038298,-2.1848759635,3.2354384811,0.2013667053,5.9061075276,-5.0416974136,-0.1152181555,7.9577936402,-3.1912202253,4.6609003297,3.8124120105,0.7782974609,-5.2422816615,2.4032459283,-0.2546741737,-12.4169563428,4.1420211246,1.7041852525,1.5610145629,-0.2179928694,-0.1913753574,0.7373602581,0.2402969731,-2.3407356057,-1.1209944688,-0.6554739212,-1.161934552,-0.2315449056,16.3144475932,4.8455727087,-1.4408546245,-0.4338357902,-0.9148809502,-0.6124022125,0.0560956762,0.684033545,-0.4086364423,-0.5442671471
biasActivation=1,1,1,1,1,1
[BASIC:ACTIVATION]
"org.encog.engine.network.activation.ActivationSigmoid"
"org.encog.engine.network.activation.ActivationSigmoid"
"org.encog.engine.network.activation.ActivationSigmoid"
"org.encog.engine.network.activation.ActivationSigmoid"
"org.encog.engine.network.activation.ActivationSigmoid"
"org.encog.engine.network.activation.ActivationLinear"
