encog,BasicNetwork,java,3.4.0,1,1572771993117
[BASIC]
[BASIC:PARAMS]
[BASIC:NETWORK]
beginTraining=0
connectionLimit=0
contextTargetOffset=0,0,0,0,0,0
contextTargetSize=0,0,0,0,0,0
endTraining=5
hasContext=f
inputCount=2
layerCounts=3,8,8,8,8,3
layerFeedCounts=2,7,7,7,7,2
layerContextCount=0,0,0,0,0,0
layerIndex=0,3,11,19,27,35
output=0.4549624757,0.3166605837,1,0.659525809,0.6989417148,0.0768956127,0.0000223969,0.2340195899,0.0414834724,0.0000439143,1,0.0000029986,0.4212395188,0.000014121,0.8983787442,0.9840916855,0.9926393592,0.0483603275,1,0.6233950112,0.9999966786,0.0000047873,0.0014595353,0.9737173327,0.9603125209,0.9991378895,1,0,1,0.001428246,1,1,0.5109602718,0,1,8,30,1
outputCount=2
weightIndex=0,16,72,128,184,205
weights=-7.7144873055,7.3737597076,5.1768470373,-4.5777260476,-6.4925186176,-5.2666760985,9.0899167579,1.092918609,5.2976184149,-9.3407195716,3.1525424593,-21.1111580111,11.9554670193,-7.2847878196,-8.0326499818,-0.47166502,0.3377742169,-10.5209072615,11.1290603382,5.9525569998,3.8294031694,-3.1011391075,-1.3550411186,-0.8794460068,-3.7288809003,-1.4175246383,4.0632024309,3.6188124547,-7.4342855238,3.0848378921,-5.3793120151,2.7023028374,3.9806802308,-0.8592974642,-2.7921501102,0.2165147345,2.1648819394,-2.7069568343,4.5620347679,-1.9818401083,-3.3525058326,-7.6925003784,7.4878166972,-0.2187452408,-2.1902635507,-5.847560059,2.5970746421,0.5645847751,6.6966721915,3.839949538,10.4990317999,1.5458779532,-4.5497372208,3.3581578497,-9.2393819242,-2.6015040434,-4.887547454,6.1999550616,-7.5622878675,-4.6077603557,3.1748954339,-3.1452198575,2.909679084,-1.7551546025,3.0283948695,1.9496960971,5.0123739216,-6.9600975081,-0.7641330021,0.3057819308,7.3050771006,-4.5066217934,0.4736553097,4.5330119709,0.6089724322,4.7509205779,-13.7409833667,-5.5107240755,4.6238453677,-3.5005819627,1.6375099483,0.2949706286,1.9614987258,0.8208967361,1.5238347688,8.470869706,-6.6823365563,-4.5765707381,5.1935295741,0.1285198661,6.1915086979,11.6802696066,-1.8613672,-18.5032032078,5.8765245856,-0.8412028142,8.3120774278,-13.3401338293,0.9484392298,-9.0707128649,1.8941775422,13.6876330669,1.9370303979,-6.5732039579,-3.5592083011,0.0086495765,-5.5887782288,2.1689458549,4.2709186931,7.1656263781,-2.8466591068,-1.8638218902,1.364010474,2.7909928897,-2.7978222507,-2.5880105468,-1.4043377189,0.420602356,2.9483912094,-0.7156209316,-6.7003355671,0.1293344824,-5.10258362,8.8492371033,-0.4794547925,2.4335973464,0.3921957868,-1.2067945355,-0.3948481105,0.2484452228,10.1746947274,-2.7263838842,-3.5771244231,10.4800164608,0.7126304484,1.1896425601,0.7410763584,2.9935957293,-13.1388186476,5.8188328514,5.0454681963,-6.9247139637,-0.2740437196,2.3142288247,-0.872947399,-4.873089316,-0.0840065871,-4.4548928589,-3.4263376139,4.3605341882,0.3203618076,-1.7231660376,0.6151357045,-3.5882040114,14.1785712147,-4.4455148634,-0.9630189817,11.0214736911,-0.9363527503,-3.1832243762,0.8727619497,0.5953547999,5.9391069605,4.2848142459,6.3761610643,-19.7458629838,0.1694973557,2.436750266,-0.5743504021,-1.0034521,-7.6365538759,0.8054817842,1.0603924076,13.0037755816,0.8090794034,-4.3097048968,0.4392909593,2.2596244935,-7.4656614483,1.5993627776,2.5786678322,-2.2911168261,0.556860529,1.7989420479,-0.9911118648,-0.8612086565,0.6711295426,-1.0673115651,3.0533060862,0.4567023102,0.8762386232,-0.337097406,-3.4468657128,-1.2564958932,2.2057242248,0.2704152237,-3.2307509685,4.9001635193,-0.0079297834,-0.8796173176,-0.1727541684,12.2634117053,-1.1597829824,-3.1341870585,-0.4611042582
biasActivation=1,1,1,1,1,1
[BASIC:ACTIVATION]
"org.encog.engine.network.activation.ActivationSigmoid"
"org.encog.engine.network.activation.ActivationSigmoid"
"org.encog.engine.network.activation.ActivationSigmoid"
"org.encog.engine.network.activation.ActivationSigmoid"
"org.encog.engine.network.activation.ActivationSigmoid"
"org.encog.engine.network.activation.ActivationLinear"
