encog,BasicNetwork,java,3.4.0,1,1572772003781
[BASIC]
[BASIC:PARAMS]
[BASIC:NETWORK]
beginTraining=0
connectionLimit=0
contextTargetOffset=0,0,0,0,0,0
contextTargetSize=0,0,0,0,0,0
endTraining=5
hasContext=f
inputCount=2
layerCounts=3,8,8,8,8,3
layerFeedCounts=2,7,7,7,7,2
layerContextCount=0,0,0,0,0,0
layerIndex=0,3,11,19,27,35
output=0.5306059509,0.2033871548,1,0.0000691462,0.9999999676,0.0025139289,0.3119720803,0.0613305391,0.8564735082,0.0000106926,1,0.0005874225,0.0000000719,0.9999358045,0.9999999993,0.9999412775,0.7507550916,0.5801393356,1,0.000560354,0.0045119123,0.3659823032,0.0034876888,0.9918762279,0.2106968581,0.9999537566,1,0.0000002078,0,0,0.9532406756,0,0.6517706793,0,1,8,30,1
outputCount=2
weightIndex=0,16,72,128,184,205
weights=-4.5663716124,3.1192790057,16.8842768796,-20.9395112113,-9.2281781606,-7.7997274187,-1.6158542351,10.7399572198,-8.8072283996,-11.0211291593,-5.3327866441,13.3258715774,6.407595249,8.7032150971,0.2303375456,-2.3344702102,6.0555021201,2.597014661,1.7824704236,-7.2528543776,9.4474780192,-13.6316809693,-0.0493934488,-3.2964914171,-1.8456082534,-7.7047620139,2.4870384724,10.5343244139,-0.3493005,-0.9591808225,4.2529789358,2.8258074075,1.216759439,4.5189107409,2.1451187159,-13.0517823251,-2.9595307122,19.133205344,-2.0688405106,-5.2820837685,2.6523839953,3.1963822757,2.520568621,0.6929278568,-0.8289701204,1.5219980603,-2.9115368503,-2.6304379866,1.0761163934,-2.1872718108,2.5847941637,0.6014220715,13.6457093141,-24.6515176267,1.3708728242,-1.8478206541,3.068719195,-7.924361437,-11.2032354991,-6.0674937993,-1.750099165,11.351213303,12.4174968279,5.0786486402,0.1933158001,-0.649283463,-1.2635627743,-3.2452685458,-1.6742926286,-3.1042710493,-1.925975688,-1.8152322569,-6.6831843175,-2.8352947815,-2.031184671,7.1712925542,2.8344829909,-3.7421830907,-5.7903076417,-2.9372248424,1.084465564,-0.4777508988,-2.8048125229,6.7218563991,-0.0297461419,-2.9312352539,-12.4297582724,-2.366431464,-1.6865719628,13.627370904,0.5896305574,-6.8516449472,13.2534050895,-4.6601178056,-2.2024171275,-0.5604756947,-1.8689315807,3.5350479219,3.0590228127,-5.6890898242,-1.910486069,-4.1615994648,19.7174866928,3.0915639406,0.2203088005,-7.667361703,-9.7614035855,1.3979222825,8.6812468986,-0.1093795469,0.8966869153,3.860403196,-8.5652568555,-2.2078240005,-10.2337576036,4.6677539401,3.9044842536,0.0297525818,-1.0772909368,2.0447063275,-0.5374290486,8.769908282,-5.9815060199,-2.6054705942,-2.0358397181,-3.243050097,6.04127406,-0.856103287,-0.7707820309,-0.7010208604,-0.5104543162,-9.5670421903,0.0875807934,3.1142507445,-1.2499227563,-0.3964647871,0.8851847683,0.3717859841,-0.7000235116,12.2096724969,-3.3267889805,-11.0399569178,0.3626759054,-9.8397484971,0.2822946482,0.808058899,-1.3067222979,2.7692380254,0.446367777,-4.0864433448,-0.6484224691,-0.5258183168,-0.9614767609,-0.6828716734,1.7008231186,-9.7157564846,-0.3318492977,12.8129872393,1.0777714961,-4.7446971329,0.3069494769,0.4419131624,-3.7046886541,2.9966754085,-7.0797831724,11.212444883,1.3161579236,-5.3596920379,-0.9679150185,0.8506871868,3.000118942,-2.899301467,-3.3559830411,-2.5296428497,0.6545579247,3.0917492805,-0.9013129216,0.1367816349,-4.162965035,12.0278387182,4.3215137844,-15.6748722672,-1.5667724688,8.7325418257,-1.047326561,-0.2244482985,-0.2748564813,-0.9766061002,-0.7821328374,-0.3073183245,2.8106151796,-6.1650825149,1.0854168416,-0.8512012043,0.1886834026,4.1639612865,3.4133350398,-2.2313098999,-8.0822803888,-1.5226621344,-0.2317919453,19.7618869852,-0.7875121765,-3.0627255233,0.5437647371
biasActivation=1,1,1,1,1,1
[BASIC:ACTIVATION]
"org.encog.engine.network.activation.ActivationSigmoid"
"org.encog.engine.network.activation.ActivationSigmoid"
"org.encog.engine.network.activation.ActivationSigmoid"
"org.encog.engine.network.activation.ActivationSigmoid"
"org.encog.engine.network.activation.ActivationSigmoid"
"org.encog.engine.network.activation.ActivationLinear"
