encog,BasicNetwork,java,3.4.0,1,1572772013053
[BASIC]
[BASIC:PARAMS]
[BASIC:NETWORK]
beginTraining=0
connectionLimit=0
contextTargetOffset=0,0,0,0,0,0
contextTargetSize=0,0,0,0,0,0
endTraining=5
hasContext=f
inputCount=2
layerCounts=3,8,8,8,8,3
layerFeedCounts=2,7,7,7,7,2
layerContextCount=0,0,0,0,0,0
layerIndex=0,3,11,19,27,35
output=0.9659122265,0.7666662559,1,0.9959926018,0.7665616278,0.8982712568,0.6061122948,0.0301953371,0.0369231781,0.0012622149,1,0.6186978462,0.8919604175,0.9968902988,0.0004522199,0.9841075318,0.010405901,0.0016717457,1,0.0001523736,0.9860560249,0.8795952872,0.9864462448,0.1999791857,0.6096994203,0.9999894149,1,0.9996894132,0.0000882664,0.9999925601,0,1,0.9946236643,0,1,8,30,1
outputCount=2
weightIndex=0,16,72,128,184,205
weights=-1.072849538,10.0585013748,-1.3416560521,-3.6164217187,-5.9222501023,3.3582193207,-9.3483470456,0.1659797766,-8.1131404162,0.3384715613,6.7048418335,6.6457538568,6.9162102652,-10.0566815583,3.7368725724,-0.8823189222,1.385244571,0.3664607414,4.2680953015,1.1020855952,0.1761007184,-10.1535881791,-1.9336292295,0.0119478651,11.48801218,0.9438578736,0.1425460752,-1.8026283388,-4.8887068111,2.8977910736,0.127176309,-2.1211364256,9.8684883741,-3.0166995653,0.9576896494,2.7436935656,-0.6800375661,0.6386722232,0.1105620182,-1.530226673,-2.6070132678,1.8779744895,2.1082634706,-0.4477221321,-1.2212378899,-3.2193486624,1.0316416512,-0.4990259445,-4.6860065416,-3.8060543974,4.5081383092,1.1174547644,-2.5615209316,7.0705776622,-1.1149485014,0.7791404026,-11.9099483561,1.4441112521,1.9418825524,6.8111814078,0.1999719132,1.2540462295,5.3192014185,0.6616158952,-0.6698346654,-4.0116646757,-3.6248638307,2.2394883075,-1.5061574885,-9.4828744422,13.9638576582,2.4891807644,-1.6794444156,5.2991797936,2.8775179815,-12.8400815944,5.0052446352,-13.4359563975,10.3894256596,2.1956260573,5.5833688512,4.4079858925,1.5786311105,-1.5033480092,-0.7035040052,-2.4325215233,-2.9174652944,2.3991953334,-3.4154153376,-1.5907283488,1.5077212134,-0.5962069045,-0.050105154,0.4368946312,6.2910900586,0.0537455004,0.0279912347,-2.985701338,-0.6440402669,-2.4753882159,8.3723623446,-3.4536962121,0.0937434687,-1.4108170342,-0.6453580882,-2.7456548287,0.1539146435,3.0884074176,-3.4478836869,-0.4846199784,3.2938368316,1.3426027252,1.8357168882,0.9563524678,1.4087662656,-5.5407131015,1.5389532903,-12.4142252957,5.4530139439,0.5364839492,3.0343707939,-0.6176399201,-1.3006992925,0.4614767514,0.6165471724,10.2426879093,-9.9017761839,-1.5613676405,-1.5616618505,6.3044376095,-2.0621942739,-3.8854174754,-2.5678733573,-1.6892435132,2.0974816157,-0.918188244,-0.7513583801,-5.5655499974,3.8755294214,0.4887734604,2.4526652926,-5.6546987637,-0.3863604174,4.3064132435,0.1104491855,0.4934394169,0.9719128144,-1.7289739988,0.2953264443,0.204378762,-1.5433740674,0.4076328093,7.2959406379,-4.800151753,0.423845766,4.8716402169,2.0477255793,-7.5638460652,-2.2269728528,2.0458063649,-3.3341653732,14.4854433219,0.9038064889,-1.6738984694,2.1352849598,-1.187056888,-1.1961372811,0.0870169393,15.7813593629,6.1042901331,-0.3589479489,-4.3678280422,-3.6860984935,-12.1883976861,-1.9832940658,0.8369647779,3.5251980777,-6.017047147,-1.0747154368,-0.9807488667,0.289285614,9.2766288426,-0.6297138948,-0.5088511732,-0.8886755739,0.5870994525,-2.4268424075,3.8857382561,-1.2671293683,-2.4070877361,0.8470535148,0.1697135268,-0.05918867,4.4170748906,-5.5269311053,-0.0019015699,-0.9139023189,5.0935142752,-0.3101260314,-1.2353197799,0.2405278449,7.8870802814,1.0497744666,-1.2519240143,-1.4042437391
biasActivation=1,1,1,1,1,1
[BASIC:ACTIVATION]
"org.encog.engine.network.activation.ActivationSigmoid"
"org.encog.engine.network.activation.ActivationSigmoid"
"org.encog.engine.network.activation.ActivationSigmoid"
"org.encog.engine.network.activation.ActivationSigmoid"
"org.encog.engine.network.activation.ActivationSigmoid"
"org.encog.engine.network.activation.ActivationLinear"
