encog,BasicNetwork,java,3.4.0,1,1572772028990
[BASIC]
[BASIC:PARAMS]
[BASIC:NETWORK]
beginTraining=0
connectionLimit=0
contextTargetOffset=0,0,0,0,0,0
contextTargetSize=0,0,0,0,0,0
endTraining=5
hasContext=f
inputCount=2
layerCounts=3,8,8,8,8,3
layerFeedCounts=2,7,7,7,7,2
layerContextCount=0,0,0,0,0,0
layerIndex=0,3,11,19,27,35
output=0.299999262,0.2727260528,1,0.0044554155,0.0000112888,0.0057825734,0.1466985471,0.8496480879,0.9982672406,0.000008643,1,0.9999834153,0.9222524058,0.0004216311,0.0022312425,0.6910257671,0.9132424347,0.9775453352,1,0.0000103053,0.1189693541,0.9689273295,0.0417460796,0.0080683953,0.4357505915,0.999999924,1,1,0.9859419754,0.9871537179,1,0.9999999969,0.9226248785,0,1,8,30,1
outputCount=2
weightIndex=0,16,72,128,184,205
weights=8.0672076686,11.2349646385,-1.4175993902,-14.3110958655,3.6738334798,-4.8328644913,-5.0138175905,2.9273114216,-10.7216835482,-0.7731365928,12.2422840328,2.3241547061,1.7998961321,-8.1874221799,4.0358274618,5.2991230127,-8.6719757192,-0.4211293689,7.533776571,-6.6237582272,3.1420624029,2.157626282,-1.4092393067,0.8985659668,-3.3173599409,-12.1544804775,7.5655712463,1.0497039262,-1.7094248234,4.4762436314,2.8066133074,-2.5206511071,-8.6954046043,3.0178577654,0.1834131622,-1.7429773194,2.953749131,-1.8235455195,2.2526600213,-1.8091165376,3.7511824555,-6.5710440311,5.2528719392,-1.6906015065,-0.3268809144,1.9759088264,-1.7539948478,0.6858740124,3.8334439972,-1.0830867492,-5.2926926336,1.196669053,-2.9423027808,3.2801956726,-2.005702886,-0.1048372793,-2.2813587977,2.7896146795,-2.7511271122,-9.745897151,1.4390349047,-2.950449837,4.9754871598,2.9241049043,-8.6411848099,1.007247531,2.8242047703,3.5285967076,-1.8241761919,2.7693152897,-5.2109768633,-0.1302435712,-13.1117658346,-6.4037467548,7.1162856873,-4.0210330952,0.0708673417,5.1926531167,2.5913756071,0.1870452397,0.7269730185,-6.2206530949,-6.8748154868,3.0320854739,4.1749827485,7.5653382315,6.068503423,0.3492408729,9.0578522821,6.5787233036,-0.6193222859,3.6290793291,-1.1448252843,-1.8092806472,-7.9719407556,0.6644328312,5.6068193374,-4.4959540596,2.2549151011,-6.9785065238,4.031669202,0.969364887,-7.8014698604,-0.1151246944,-3.9470982048,3.7436965355,0.4700658191,2.1683847021,2.3256736685,-2.2849733743,0.0667434306,0.723764185,3.0579168752,-3.9807213992,2.9579188205,-7.5500136321,1.9085722456,0.8749976769,-0.6397421642,0.5196734319,-2.1770370839,3.2971026904,3.6177553535,2.2226834674,-5.0541197697,-1.9882483881,0.3924723452,0.2978709243,13.2666947456,-5.2490728474,-7.3523629609,-3.2893548087,4.4208152299,-12.3471736661,0.5010204979,-2.0559951667,0.166744998,10.6535482005,-8.329447218,0.2175105602,-0.578115582,-5.2675118909,-0.5296656586,0.7702354935,9.4300234025,-0.5449372088,2.9259949134,-0.7030608767,-0.7391901703,-4.3279128152,-0.2980120194,-2.9060016697,-1.5618133772,5.1243570389,-6.881295208,-2.592286794,-1.3778088678,2.179985523,-1.606123908,2.1276703537,-6.4836639665,-0.3219883628,0.9355222371,1.895194403,-0.7999291842,-2.5443067737,0.3371927854,2.3180975143,-1.4750195347,-9.341409101,3.5275738287,2.561826907,-0.4904516047,3.3504514404,0.8358785143,1.7818377738,-2.6157928867,6.0085778573,1.5090457944,-3.7533656339,3.9876205607,14.0229808195,0.1304386487,-1.5777966941,-2.1549534649,1.4290893505,1.5574141837,-1.1032765385,0.3907710704,1.3534843198,-3.019920583,0.6836532368,7.9915388924,-1.1066903577,5.3221845111,-1.2293735785,-0.2820127686,0.7896417201,-1.8407816517,0.9192128378,0.3120695889,-14.2372329347,1.4855876111,-4.845111211,-0.1567405447
biasActivation=1,1,1,1,1,1
[BASIC:ACTIVATION]
"org.encog.engine.network.activation.ActivationSigmoid"
"org.encog.engine.network.activation.ActivationSigmoid"
"org.encog.engine.network.activation.ActivationSigmoid"
"org.encog.engine.network.activation.ActivationSigmoid"
"org.encog.engine.network.activation.ActivationSigmoid"
"org.encog.engine.network.activation.ActivationLinear"
