encog,BasicNetwork,java,3.4.0,1,1572772039756
[BASIC]
[BASIC:PARAMS]
[BASIC:NETWORK]
beginTraining=0
connectionLimit=0
contextTargetOffset=0,0,0,0,0,0
contextTargetSize=0,0,0,0,0,0
endTraining=5
hasContext=f
inputCount=2
layerCounts=3,8,8,8,8,3
layerFeedCounts=2,7,7,7,7,2
layerContextCount=0,0,0,0,0,0
layerIndex=0,3,11,19,27,35
output=0.6908646862,0.7454411527,1,0.9664998616,0.9965686876,0.9281896843,0.9951274628,0.0002886922,0.9913803223,0.0000168083,1,0.139921777,0.9999999986,0.9969930393,0.3670269409,0.0026567559,0.0030628005,0.9714472737,1,0.9982083307,0.1779985948,0.9639114249,0.329673757,0.0000361245,0.9464601154,0.000001887,1,0.8606758427,0.999999995,0,0,0,1,0.0164793859,1,8,30,1
outputCount=2
weightIndex=0,16,72,128,184,205
weights=-1.065138999,7.6318624284,8.9590369579,-9.1366005626,-1.453837724,-0.0768979579,-9.0498917836,-4.9188501394,5.3334590209,-13.4641364695,-3.4941436191,14.5026837478,26.9283321798,9.4396340929,-8.5215875408,-11.217095513,-1.3709373865,-0.7847276523,6.7410386509,-12.6032976421,-0.8031415173,-3.1602829767,-3.057309042,5.2254919997,-4.7742121207,-6.1519130056,14.800924399,-13.7431740356,-4.1787404065,-10.4285704276,-1.5017609045,4.2809250704,4.487357126,-2.8516987818,1.1868365192,0.7826377411,-4.8730656491,0.2177053776,2.6881166484,0.7134270533,-1.6447765517,-6.5176103392,-1.1065655571,3.859337623,2.7795506184,-4.1893033219,16.7660036139,-4.5280783765,8.6811921004,-2.7267430414,3.1970988607,-8.0703953561,-4.8688343345,-8.4295860465,-14.2019061616,6.9719182674,-5.9158893647,12.2759783148,-1.2686806032,-5.6158259552,-1.07810148,1.4463952154,-3.7315530986,0.2463004664,8.9469442026,-5.2372789786,-4.8791445013,-8.7565352783,1.3916642811,-0.238855475,5.3975391157,-4.1762494577,-1.034675891,-3.6808742012,2.1052268337,2.6453089261,10.1828485529,-2.6527909986,-1.4366408126,-0.5188726763,7.517466999,1.5513874849,0.4771697211,-0.4655567597,-22.1895495279,6.675377606,-5.8958322109,5.9678750223,3.6207179319,-5.8156764822,-1.7324621115,2.1773112139,1.4565990321,2.7798008867,16.0108171192,1.5458495576,1.8692213569,-15.9628808167,-6.8940438717,7.2328186836,-3.0586172729,1.7353998136,12.6282883706,3.0488825128,-5.4114522426,2.0244088556,4.3018300254,1.7245062576,1.9196708791,-4.4953175593,-0.5519841805,-1.3471114954,-2.4001880194,11.5426393323,0.922674199,0.6018065861,-4.0304794513,-2.8717744594,-11.1667728091,-3.8136333804,-0.7891334434,-15.7221901146,7.0438682178,-0.2886135969,8.3673226036,-1.7874161076,5.1717319656,2.1101712046,-0.2950450941,0.9396130924,-2.0173217846,-1.7044711044,-0.6514018346,4.0350706613,0.5989368197,1.5921985822,20.9128659207,-8.3496130935,-2.4496760375,0.0059870893,0.3998102518,-4.3804037933,3.7290010046,-6.8605997508,4.7669279506,0.5745964384,4.1423616301,1.7274327179,0.3791039698,-2.256238035,-0.687904691,0.8752211876,9.2238607563,-2.5935762998,-1.0028089941,-1.3173267615,-0.5475983724,-3.6125693048,1.0652347602,-2.459823926,-18.9929562421,3.7670970636,-0.0624728023,-0.7803312313,0.8318206294,-1.4338315655,13.1966072095,3.5675377425,-2.6250391718,0.8403513703,2.1579791853,-1.8202745089,-0.0430359651,3.1794388021,-4.3897767318,1.1841604051,1.2293289606,-4.3530718095,2.4529195013,-0.2043403412,-0.4000561201,-5.2729477652,20.726049879,-4.9541193547,-1.5436169537,-0.2459448191,21.5481948619,1.005679102,0.3995395237,-0.9214211112,1.8787899994,-1.4260413653,-7.9968416331,1.9963379017,-5.6780148027,0.2679997984,-1.9130139093,-1.343691001,0.1342329978,-0.5903653995,4.0816689265,-0.0176206671,0.7660067842,-0.2793449736,-1.8367334067
biasActivation=1,1,1,1,1,1
[BASIC:ACTIVATION]
"org.encog.engine.network.activation.ActivationSigmoid"
"org.encog.engine.network.activation.ActivationSigmoid"
"org.encog.engine.network.activation.ActivationSigmoid"
"org.encog.engine.network.activation.ActivationSigmoid"
"org.encog.engine.network.activation.ActivationSigmoid"
"org.encog.engine.network.activation.ActivationLinear"
