encog,BasicNetwork,java,3.4.0,1,1572772050209
[BASIC]
[BASIC:PARAMS]
[BASIC:NETWORK]
beginTraining=0
connectionLimit=0
contextTargetOffset=0,0,0,0,0,0
contextTargetSize=0,0,0,0,0,0
endTraining=5
hasContext=f
inputCount=2
layerCounts=3,8,8,8,8,3
layerFeedCounts=2,7,7,7,7,2
layerContextCount=0,0,0,0,0,0
layerIndex=0,3,11,19,27,35
output=0.3277474463,0.4265124978,1,0.9999232955,0.9998191923,0.9996783007,0.0001309751,0.1971289901,0.0642573419,0.3841170059,1,0.0000673294,0.978172593,0.9996020719,0.0000437005,0.1441229671,0.0000011237,0.0354580989,1,0.0012293627,0.999999668,0.9199198111,0.0004085232,0.9368771691,0.0003458409,0.0056815834,1,1,1,0.8277486311,0.0000000003,1,0.999999974,0,1,8,30,1
outputCount=2
weightIndex=0,16,72,128,184,205
weights=13.9198817709,-18.4639387877,0.3707628688,0.0344500568,-9.3553358843,5.9785788971,7.7938654423,1.9190315106,-6.8980955922,-6.199389681,5.3137449456,-11.6103745053,15.667187573,-6.9160536978,-0.1840262946,4.9158639314,-12.9451829482,4.2721820778,3.3643109686,-1.3382514528,-2.0062908327,-2.3690802904,-6.2610158241,2.445659064,0.7556545459,12.0063951881,-0.4872366028,-5.85791694,-7.5151601506,3.3128902538,-5.2755863959,-1.369017359,-4.8945602233,-0.0938729826,4.1828405353,-1.2770035049,-0.9551506241,-0.4208171542,-1.6550825195,4.1489504121,-0.2786222676,-2.2937660345,-4.0638310973,10.4355504144,5.7103146858,-1.948482175,3.3215060445,-3.5756564766,-9.1596917658,-2.0572385135,1.1856143763,3.6667195011,-4.2827757387,6.1808119411,7.0043457114,-0.2078089373,-2.3810627463,-1.6656058982,-0.1440959995,3.6349486738,9.6879464107,4.5546776355,-0.8402754572,-2.2716204768,-2.5245182584,-0.2565431113,0.7997489888,10.6316859643,-3.2759069059,-2.1747744898,0.1375339038,-0.5536325564,-1.4517392598,-0.4665339269,-7.6062984134,5.2141022967,-4.6055427126,7.180266784,4.7014785973,2.1431593757,-2.3455546908,5.1214911989,0.8827133998,-3.5541591756,-1.9382656294,5.3189054025,-5.5567970347,-0.2810110716,-1.0769741908,-1.968399064,5.6486192319,2.221604421,3.3077447697,2.4937320444,-0.5200003009,1.5045208111,-0.2035032154,-12.8912801067,-3.9832776973,2.8529784168,0.6679009962,6.3168828751,9.0384744722,5.8372695221,-2.3340855515,0.4400194599,-8.1500220699,6.6295090859,3.6981145536,-1.3225786949,7.1269093637,1.7713349169,0.9390205696,-3.0686165875,-6.2502333004,7.5689052606,-7.0820712047,-1.6177834629,-3.4484467409,1.7703643233,5.6971555458,-0.9404264455,2.840798566,6.7504482172,-7.7048841907,-0.7892539844,1.400222482,2.2249036442,0.3681769959,-0.5821703929,1.485461311,0.0840886852,-1.4771358086,-6.1429848494,2.5065883704,-0.0955039506,0.9794647198,1.4659015411,18.6414882106,-0.9149049947,1.518402649,-1.164700234,-3.0379122667,-3.3115380154,-1.9864187685,-4.8708499464,12.1566172572,0.7566002316,-5.6533950743,8.5705693029,-3.6268137638,-3.6812705733,2.1652228047,-7.5428424679,-13.6900301789,0.737838907,2.026429918,5.1109737158,-1.0083178019,1.7695667606,-5.8792714732,4.1468330031,14.844588463,0.7928633713,-4.8552637942,-0.301748985,-1.40175503,-2.700666878,4.2560296305,-9.2177731637,2.0335756282,-0.6263660687,0.499755753,-1.3988355154,1.9767453101,-3.7916519673,-0.6072234104,-5.0487457541,4.5929714009,-0.1341605594,-3.3788182916,1.4915305237,-1.6947108387,-1.423396345,-0.7959678332,1.0347048092,0.5424141479,-12.5062113649,5.2457596532,1.9276524011,-2.193543918,-0.1962278045,25.0049401458,-1.3371466212,-0.3786674012,0.1466453504,-1.0750865338,5.4728107978,1.0645985618,-1.1473176775,0.902237834,-0.4242033603,1.619702445,-6.1535570352,-0.5222323109
biasActivation=1,1,1,1,1,1
[BASIC:ACTIVATION]
"org.encog.engine.network.activation.ActivationSigmoid"
"org.encog.engine.network.activation.ActivationSigmoid"
"org.encog.engine.network.activation.ActivationSigmoid"
"org.encog.engine.network.activation.ActivationSigmoid"
"org.encog.engine.network.activation.ActivationSigmoid"
"org.encog.engine.network.activation.ActivationLinear"
