encog,BasicNetwork,java,3.4.0,1,1572772085580
[BASIC]
[BASIC:PARAMS]
[BASIC:NETWORK]
beginTraining=0
connectionLimit=0
contextTargetOffset=0,0,0,0,0,0
contextTargetSize=0,0,0,0,0,0
endTraining=5
hasContext=f
inputCount=2
layerCounts=3,8,8,8,8,3
layerFeedCounts=2,7,7,7,7,2
layerContextCount=0,0,0,0,0,0
layerIndex=0,3,11,19,27,35
output=0.3135596865,0.0892856905,1,0.999996444,0.9947944046,0.2940118494,0.406469628,0.0006628749,0.0000000016,0.0000458443,1,0.9998628875,0.0580732646,0.0424256292,0.0178307814,0.9996782416,0.9983432108,0.0017354706,1,0.9165699068,0.0360133302,0.0000339512,0.2655209841,0.0000000355,0.9985315834,0.839560786,1,1,0,0.999999998,0.0001179988,0.9999998125,0.9901584482,0.9994848423,1,8,30,1
outputCount=2
weightIndex=0,16,72,128,184,205
weights=3.7791616693,2.3621303807,-9.9680356854,-0.8275024745,-21.7269816846,14.2875899525,15.5289847548,-3.6317463035,-9.1518075223,-5.3408610189,-14.154917848,16.8929387383,1.6887823387,-10.7014107831,-20.4529840719,9.4375108916,0.4217002237,0.1314883159,-0.4134500089,-10.5471045995,10.3301725998,1.6447889246,-1.3021996641,0.3565300495,-0.1578339876,3.2195554824,-4.7206565517,-0.9312946265,3.6434871568,2.7280359027,-2.0918574858,-0.921673804,-1.0790639927,14.4243749427,-6.84135473,-1.8249743022,-7.545710682,10.7638045717,-4.3839751608,-3.5070235598,1.0573430566,-4.3006016603,1.691484852,15.4624671029,-2.7821247126,0.1127709512,3.1647033228,1.1296557173,-8.4344129674,-12.137743561,13.1333823746,-0.2490169162,0.6732568359,-1.7247782626,1.0512773884,2.3141778446,-6.807048263,9.0284741018,8.8599287641,-0.3989928685,0.9813376208,-13.1776485561,7.878328161,-2.1982484808,-5.0510770432,-1.9381099769,3.8658966597,-0.6993160974,1.4653050565,-4.0425957303,5.6214664928,-2.4175115867,1.3537306844,-0.1269866537,-4.0580043707,1.2618346594,-0.0706154232,5.7546339391,0.0821934993,1.5082602039,-2.4484434185,0.651051136,14.1711905724,-9.4393926423,-20.7770335466,3.2703422377,-7.8423410335,5.258959358,3.7452514619,1.7720773996,-1.9824183352,0.7000845174,11.3812919748,-6.248635701,-1.2019077214,0.4494605235,2.5120177591,3.4416253253,0.137840063,5.924161352,3.6906609139,5.0098194971,-19.373710674,3.2547291736,-1.2999590484,0.4652166236,-13.0707064355,-1.4294435637,-7.1310586698,0.4447401962,9.3972484281,1.2624800872,4.7408782165,-9.14751005,13.8309962373,-14.0356733593,3.0778089586,5.3611831557,-3.3042138942,3.5323754158,-0.540052514,-1.7603898913,7.7966726318,8.4271853065,7.4731159567,-2.8641833715,-1.0698554495,-4.2760195837,-2.8726206562,0.8973497621,2.3756790187,-3.4938478974,1.940270638,-0.3757225334,-1.4311029587,2.7561034591,-1.2212768762,-1.5273899818,-0.190012652,7.6186515205,-0.0836987462,-3.200696853,1.9992219124,-0.6220940167,6.3848229306,1.9098506935,2.2926562318,1.1203546084,3.0772051424,-16.993156793,-7.136874862,1.9137483119,3.9622404101,-5.0149163292,-1.9125903484,-1.7633718729,0.3886298585,-10.0554902624,7.4144807913,-0.9096718577,4.240074908,-5.5084396098,-1.161381629,-2.216276334,-2.5716302671,-23.6010286882,6.0507039081,-0.3405242901,2.7692900539,-3.8650665837,-0.4487484694,-2.2514752706,1.5875492063,5.8006742229,-2.4643880574,-0.6661918258,-5.6203377313,2.0947518109,-5.5562221412,0.3132447713,-5.5602988777,20.350982145,2.430307339,-4.1879677733,-0.9227784584,1.2643634167,-0.240666867,1.8670449392,-8.7474134165,-1.2035224126,-0.1989169757,0.696804461,0.7403156405,5.6182970921,-1.5544208122,-7.3584703135,-0.3983706077,0.6529689788,-0.9123674951,-0.8922134306,0.2761530947,3.4643661791,-1.6376142943,0.2090177457,14.4009042078
biasActivation=1,1,1,1,1,1
[BASIC:ACTIVATION]
"org.encog.engine.network.activation.ActivationSigmoid"
"org.encog.engine.network.activation.ActivationSigmoid"
"org.encog.engine.network.activation.ActivationSigmoid"
"org.encog.engine.network.activation.ActivationSigmoid"
"org.encog.engine.network.activation.ActivationSigmoid"
"org.encog.engine.network.activation.ActivationLinear"
