encog,BasicNetwork,java,3.4.0,1,1572772121225
[BASIC]
[BASIC:PARAMS]
[BASIC:NETWORK]
beginTraining=0
connectionLimit=0
contextTargetOffset=0,0,0,0,0,0
contextTargetSize=0,0,0,0,0,0
endTraining=5
hasContext=f
inputCount=2
layerCounts=3,8,8,8,8,3
layerFeedCounts=2,7,7,7,7,2
layerContextCount=0,0,0,0,0,0
layerIndex=0,3,11,19,27,35
output=0.7674433617,0.8292733298,1,0.0001027201,0.7591430568,0.9839851459,0.000240914,0.0000000019,0.1711126571,0.0079985113,1,0.0000001729,0.5382514244,0.0001194172,0.4516852367,0.9882674946,0.9997114183,0.8550490205,1,0.9701805919,0.0000000183,0.6385202199,0.7105443933,0.0036271269,0.148955093,0.4255176943,1,0.9971789298,1,0.9999975737,0,0.9999980717,0.467094053,0.9999999445,1,8,30,1
outputCount=2
weightIndex=0,16,72,128,184,205
weights=0.1567654029,10.5889392407,5.4091810952,5.8142009613,-14.6527300419,15.8609728628,12.0862891155,-14.9792450007,4.0145570849,-7.3591101161,-2.044642565,-14.0521170356,-7.1567995064,5.3780585135,-7.5525524798,8.322129498,7.6405813772,-4.6233124592,-2.3969254609,-4.1378866832,2.6692457712,-6.1564410735,2.1204332457,-3.1219266919,-7.7460713282,-1.9857416633,4.4230635246,-5.1151986818,-1.2455794137,7.284266631,2.683117873,-3.8186479516,4.095483306,7.9818705348,-6.065765139,-5.2795366431,-2.8047794013,6.6028109187,1.9259831021,-3.2685897739,4.0160051149,-6.0919235049,-7.1471167895,-6.2970808232,8.7596271225,-2.7479179972,-2.3088276682,-6.14226082,11.2346842246,-5.8654878369,-7.2552100816,-3.1699899471,-0.6994812066,-13.425590623,1.3077157064,-2.5093862563,-7.2108773356,3.6541845688,-6.6885968834,8.3971121757,-16.635840086,5.5938912753,3.2145768304,0.7630784855,6.0459442855,7.6227081931,9.6492427238,-5.3838798423,-1.6756353587,-1.1856733271,-0.1020504121,-3.5641717827,-6.3121014762,10.2509917504,-6.6994375509,-3.7151349768,18.4624402171,7.058205453,-2.0756656278,-2.7641352192,-6.8121709299,-6.76174851,10.2746811119,9.385844475,-8.7163346345,-3.5526330256,-3.214870945,-4.5385269084,-2.854807433,-7.3429081742,-4.6005338567,-0.5783709167,6.9317386538,9.1008318955,4.2577522876,-6.1071035458,-5.7512743168,1.045122133,1.6564771942,4.6156727543,-8.5236437262,-2.6107656143,-5.167197968,3.6671135097,6.0736710315,-12.1149416539,-4.6266224621,-0.1444562325,6.9904081093,7.1148759789,-3.9734863019,2.2035038217,-1.3576262632,7.0691213413,2.6205342072,14.1382566709,-10.3866470748,2.5597194741,-2.6973030618,-1.4475963629,6.2856735521,0.8435979852,-7.1811912994,1.4088431081,-0.2741557703,-5.6490943528,-1.5927639228,0.7810199658,3.7671631187,-0.7753165529,-3.5160209587,0.8650142445,7.1996136626,3.4502375135,-2.7336891972,-2.060380094,-10.7768956658,3.0043908149,-2.6300257788,-0.3428793939,-6.6516134368,-9.0796086563,2.2957598975,1.1516298929,2.4394144589,0.3197307353,-0.1863725344,1.0032425081,2.2378266713,-17.2883787168,2.0312673275,1.8092651968,17.7248471442,-4.3143791495,2.9409839605,-0.9958988542,-12.5112055904,-0.6853251056,-0.7322617685,-1.8398578214,-16.0242382638,-1.3814556256,2.0545604106,1.0095862139,-1.4430467969,19.2999002165,1.6827110183,0.4357167155,-1.3115705851,4.9033256191,6.6787708577,0.7137212391,-14.0764317344,5.4524782293,-0.8580683422,0.3706229847,-3.3454014401,-2.0306511162,4.4143435311,0.472654209,6.3544366954,-7.9987244437,-1.9208053482,-0.0453432233,-1.1867083027,0.2909401056,6.6332771748,-1.8110486901,4.5943107787,-0.3526386761,-0.4052636844,0.5271991243,0.3552893341,-2.808433666,-1.1518264351,-0.4481281559,-3.1205311469,0.7179896421,16.5834147026,0.631957079,0.1593648284,-9.9684157962,0.7631176827,0.3247958928,0.8587911099
biasActivation=1,1,1,1,1,1
[BASIC:ACTIVATION]
"org.encog.engine.network.activation.ActivationSigmoid"
"org.encog.engine.network.activation.ActivationSigmoid"
"org.encog.engine.network.activation.ActivationSigmoid"
"org.encog.engine.network.activation.ActivationSigmoid"
"org.encog.engine.network.activation.ActivationSigmoid"
"org.encog.engine.network.activation.ActivationLinear"
