encog,BasicNetwork,java,3.4.0,1,1572772134014
[BASIC]
[BASIC:PARAMS]
[BASIC:NETWORK]
beginTraining=0
connectionLimit=0
contextTargetOffset=0,0,0,0,0,0
contextTargetSize=0,0,0,0,0,0
endTraining=5
hasContext=f
inputCount=2
layerCounts=3,8,8,8,8,3
layerFeedCounts=2,7,7,7,7,2
layerContextCount=0,0,0,0,0,0
layerIndex=0,3,11,19,27,35
output=0.7460415622,0.6000038498,1,0.9999731979,0.8283035777,0.873522712,0.9998803425,0.4890173372,0.0256320023,0.8110219319,1,0.6970131138,0.9949675245,0.999998702,0.113144798,0.3534260628,0.0009133807,0.993996517,1,0.9999999243,0.9993122068,0.9995069197,0.9973394963,0.8185384246,0.0000026426,0.6383212347,1,1,0.6396673718,1,0.9998919096,0.9999564118,0,0,1,8,30,1
outputCount=2
weightIndex=0,16,72,128,184,205
weights=-0.4876376467,-20.9396694155,-2.1963092966,11.0708693035,8.794107114,-13.587486003,0.6583331054,5.2725008624,-13.8441705032,6.3053868048,10.9816637367,-10.4992594211,1.4169261803,1.7539986759,6.282507593,4.0986651549,-9.0978762071,5.8438034128,0.0369940072,3.4471148983,-3.4272062103,-0.3292950452,14.7159755777,-2.7891332399,-19.3319523575,0.4662815196,12.3202439039,2.4344040704,-1.487358308,-15.0713038238,-3.1082929309,5.6177424429,7.1713438065,-2.4054818962,6.1119534768,4.445468697,-0.1339281503,-14.9205551816,-4.5409349877,-2.7129647223,1.5489433604,3.0455424298,2.6836568501,-1.3169343146,1.130628774,-18.1736964411,1.8866635981,0.1279274771,1.0738414359,-4.381112232,-0.0823459141,4.3835378106,3.3608959541,-3.1626061242,-2.5238784684,4.4768032637,11.0284119856,2.3561736432,-6.755147448,11.1851122691,-8.5421860862,-2.6037059392,-1.6772169236,-3.4910528645,0.4490592743,-0.0071184885,3.5091297418,-4.3766671937,0.4310226456,1.9114458791,-2.0599661298,0.0303371744,4.1703601006,-1.6859702473,-0.8123154661,9.3348875273,-10.6815975791,-4.810030333,-2.8279945328,0.3979081963,0.9141602095,7.2323335033,1.9198784392,0.1375632987,-7.7506993793,0.9842801472,-1.0633023357,2.1121208251,-0.7129472399,11.3441510075,1.6462808555,5.2993466342,0.8721829382,-7.5945030529,-4.1723583117,-2.0500025443,-2.5117581883,-3.0500723102,7.8171862425,1.7189127135,-7.027442667,3.9859839123,6.0577310512,-4.1415091682,0.2381286043,-3.1718898912,1.2137298339,-2.8321546039,5.7900634301,-1.9122461823,0.2393194825,-0.9530923243,7.445402103,-11.1754577095,-2.2360576113,-13.7673748895,-1.7067383951,3.5853053669,20.5811030147,0.9502939968,-6.6400481649,11.6452765048,-2.6127360686,-0.0415904622,9.8475105952,5.0205681324,-5.1572727289,-2.0034801843,0.0047913577,-2.6799068499,1.0069227141,8.1854621479,6.9786181145,0.4350129837,1.0694595731,1.9357653087,-2.6347970559,13.2657116906,-2.2949684079,3.3622565313,2.7150418048,0.0293019682,-6.4064843371,-2.3513596861,-3.4207620268,11.1769042566,-1.1237175937,-1.7134565602,7.2204808564,-1.3433481326,-1.636489841,-0.4975707698,-8.8673480747,11.5400045506,-1.9429681516,-1.5172108903,12.9748873957,-0.0078757626,0.8054487369,-2.1021473382,-0.4281259983,-3.0330374438,-1.7366798432,2.1145211315,3.8716653985,3.3726811803,-3.0810744386,-0.3743718646,-0.2570519086,-2.6635813477,-2.1562481835,-3.8712496857,-2.7132535018,-0.0180349996,9.2291265241,-2.1426607371,5.2610492816,-15.3892822187,0.2165179992,6.0477158921,-2.3958361384,-3.2435718109,2.9423395814,1.2832091763,-0.4919633272,6.2498500612,0.8014244898,-1.3861203679,-0.2218726791,18.3190640546,0.6779845327,2.016546673,-0.3710181929,-0.5043707895,0.4143228414,0.7377154049,-2.3966609391,1.0529881809,-2.3756776362,1.6454558648,-5.5115437286,0.8732311258,5.1227982737,-4.088188774,-2.7043192181
biasActivation=1,1,1,1,1,1
[BASIC:ACTIVATION]
"org.encog.engine.network.activation.ActivationSigmoid"
"org.encog.engine.network.activation.ActivationSigmoid"
"org.encog.engine.network.activation.ActivationSigmoid"
"org.encog.engine.network.activation.ActivationSigmoid"
"org.encog.engine.network.activation.ActivationSigmoid"
"org.encog.engine.network.activation.ActivationLinear"
