encog,BasicNetwork,java,3.4.0,1,1572766565160
[BASIC]
[BASIC:PARAMS]
[BASIC:NETWORK]
beginTraining=0
connectionLimit=0
contextTargetOffset=0,0,0,0,0,0
contextTargetSize=0,0,0,0,0,0
endTraining=5
hasContext=f
inputCount=2
layerCounts=3,8,8,8,8,3
layerFeedCounts=2,7,7,7,7,2
layerContextCount=0,0,0,0,0,0
layerIndex=0,3,11,19,27,35
output=0.0249902849,0.0006892148,1,0.000394245,0.0053204329,0.2001103993,0.4648327457,0.8997530831,0.9643036152,0.9856643179,1,0.7589038018,0.0001671043,0.3374358691,0.8101789894,0.0000029763,0.6063386942,0.000002483,1,0.985668605,0.9999999855,0.9770917378,0.7839776441,0.0024660917,0.9584763497,0.0000000046,1,1,0,0.9599215565,1,0.2753099094,1,0.9113738895,1,8,30,1
outputCount=2
weightIndex=0,16,72,128,184,205
weights=11.0290073062,6.439561437,12.8069051896,-10.990825407,-8.1461102246,0.3310564403,8.5297934047,-2.5537331667,2.4994367845,1.6368769625,-0.7111308876,-12.2277964065,-3.3263284339,17.2517958448,-16.8049525562,1.4581696625,-3.7445601898,5.6535531851,6.2889501763,-4.0470653427,1.9377140023,-5.0606353121,-2.9884132581,-0.7721369594,-1.5045761341,5.6551140163,-1.8596398057,-7.9250909492,1.2005562274,3.97756125,-2.5095837483,0.5465222956,-0.7596719251,-1.8121037007,9.1668203683,8.0098030776,0.5902325412,2.6439567257,3.3280122386,-11.9945152362,18.1613775163,-0.2848109727,4.3066096212,-1.1444713665,1.1948017039,-6.001196301,-6.6450373293,-10.8107999521,-0.0935545318,-3.9837691695,4.8487609812,-5.9929632684,-4.8145988523,-0.9198737674,1.5134234219,6.0431413359,-1.0785885234,9.0995459024,-11.2798501461,9.6938235088,5.2807696715,1.8951205827,-1.911560667,-1.0832208684,9.9849043494,-10.9329360041,-4.8585689466,-3.9335390303,-4.328742106,-7.8570217271,-3.4226749487,6.2451730247,-3.2712711636,-6.8499155538,-2.2451826481,23.0372759267,3.012437905,-0.417258799,-1.1208029707,-4.2534723966,-4.7010459116,12.1363402913,-6.5480499423,-3.1077607259,-4.83349603,-1.491711339,10.72090825,-5.9232420185,1.5516905135,5.8108765258,-2.6419585236,-14.8184524623,-3.0217184937,8.6807247242,14.1560944815,-2.1291172256,3.3492948748,-0.043150787,-13.1401778584,4.0402743184,-2.4655921452,8.5142969278,-2.7825655496,-0.2899677752,-3.4747670036,-3.9437357195,-4.7405447872,-0.3268755642,1.7499655959,-0.0787524687,4.3942034172,-0.3967306769,-0.1271622728,3.8226932453,0.2074185398,1.7642363777,-9.3349738945,-2.263241445,10.1566774822,-2.6589100748,-3.3025540472,-9.1110734219,-2.424646027,7.1866802601,3.0405096297,-1.897834748,4.7663565095,-1.9933266783,0.6456008954,-5.8162320488,0.6416816257,0.7683545053,-1.2811561453,1.6654807117,-0.4166554064,1.2679113168,0.7576894264,0.8371833242,1.7295179623,-0.1799588758,-5.6611880619,0.1723574107,18.2858697976,0.5301830525,1.6880896613,-0.1771870863,2.785322476,2.1430755386,-13.7298511101,2.9198345274,-4.8230976513,2.5040014228,4.1096780601,-2.6285922658,4.7429385065,3.9758879286,-15.9245988964,3.8091171791,-15.4671545372,3.3220271908,0.231639371,1.836510669,1.3484641673,0.0237238195,3.9054139705,0.216885204,-10.1709689951,0.4250366308,-1.6947374533,0.2811768464,-1.9936701616,-2.090784119,-7.6612623482,-0.2377654027,13.4745374892,-1.09498452,-1.6167153562,-0.5331673656,-0.1981317834,-1.2943755316,13.6761817298,-0.8817147232,-20.5920206187,-0.218513032,1.046760705,0.7671627854,0.5723302898,2.1985460085,-4.4264518894,0.2404192118,0.424935712,-0.0129199132,0.1641246485,2.6982567922,2.3332935318,-0.7674033183,0.3053536837,-0.1975925605,2.5171006495,1.0066117875,0.7829060521,0.7494910862,-0.4289555552,0.1711903013,0.6264621158
biasActivation=1,1,1,1,1,1
[BASIC:ACTIVATION]
"org.encog.engine.network.activation.ActivationSigmoid"
"org.encog.engine.network.activation.ActivationSigmoid"
"org.encog.engine.network.activation.ActivationSigmoid"
"org.encog.engine.network.activation.ActivationSigmoid"
"org.encog.engine.network.activation.ActivationSigmoid"
"org.encog.engine.network.activation.ActivationLinear"
