encog,BasicNetwork,java,3.4.0,1,1572772142628
[BASIC]
[BASIC:PARAMS]
[BASIC:NETWORK]
beginTraining=0
connectionLimit=0
contextTargetOffset=0,0,0,0,0,0
contextTargetSize=0,0,0,0,0,0
endTraining=5
hasContext=f
inputCount=2
layerCounts=3,8,8,8,8,3
layerFeedCounts=2,7,7,7,7,2
layerContextCount=0,0,0,0,0,0
layerIndex=0,3,11,19,27,35
output=0.5500068716,0.3717909167,1,0.9980520363,0.9999999999,0.9202654691,0.2253537075,0.003599562,0.9954887333,0.2964566929,1,0.9997988964,0.9994198185,0.7157783331,0.0055100712,0.3798103524,0.737883125,0.1709865404,1,0.8545372577,0.5392581152,0.5890800686,0.6315491701,0.9999632712,0.999998065,0.6560810158,1,0.9989373584,1,0,1,0.9850641158,0.9976856553,0.000000003,1,8,30,1
outputCount=2
weightIndex=0,16,72,128,184,205
weights=8.2783858972,0.7189171716,-14.0694582091,7.1753336855,-2.4297908341,5.1986471339,-8.1646788584,-0.1958048795,10.0048556558,-14.5617169493,8.2980289843,-7.5573317641,-0.8732703509,-3.3715723757,-3.3200161119,2.462238884,-2.811140016,2.1676887088,7.2916849216,-0.4828574057,15.5471478271,-7.5041874527,0.5014475847,1.2130997648,2.073770621,13.8635266929,8.9093801391,-6.6792697414,-3.6694769863,1.9788709941,-7.149014179,2.0498076408,6.8013179083,7.0182085061,-8.9770723049,4.0687921906,-1.0668885463,-3.5080017154,2.6943707522,-2.4319434166,3.9635131058,-4.9770532508,-5.7629290962,-7.4845072425,1.6629540779,2.6660051398,0.408845082,1.2742198665,0.0368122411,-0.1233710497,-1.4716653069,0.4876506238,-2.6520159369,-1.0855162644,-1.2574603894,-2.4628872352,-0.0939118627,4.7094347118,5.1045599474,-5.6605595341,-4.4874854379,2.0352885548,-5.008626494,-1.7797008404,-0.9292669798,-2.8719540218,4.1476983459,-3.1553575672,-2.4606593467,-3.5579109587,-2.5379035422,3.9775469142,1.399855914,-1.1002166013,-0.7537383174,-0.2635337664,10.4450136516,-0.9624477403,-1.2310147103,-0.1555312653,4.1619923982,-8.0070187976,-3.3682689574,-9.7655532962,13.6828702462,3.3704458598,0.4650389448,-0.9934416004,-7.9220583366,7.8150527228,3.7846119416,3.3547790429,0.8885317763,0.2761178337,0.8507953254,-2.5919750026,-2.5412284043,5.135478772,-2.4826825994,10.243590231,-4.4586008694,-1.8072755972,-5.0372919368,-1.2296779212,-6.3659076515,0.644501111,5.5658200035,1.3015808777,-6.7036484166,0.7208520747,8.9673398519,0.600523683,-1.0584390322,0.3967523438,-2.9364880718,-2.4086210307,6.110592482,2.7116206137,-4.0979766411,-1.1568709094,3.0652994487,3.0835507349,-0.5906931819,2.739020589,3.6257860982,-9.2367460196,-1.4877014031,-0.6556266241,2.6603097462,2.141701646,-4.5258208708,5.1571336814,-0.3841843142,-10.1402411527,-0.533899888,2.3095413218,0.6947684291,-1.0737334474,3.5573284664,2.7204342866,-7.5229105518,5.5951080961,-0.101044587,-0.3549844834,4.2559470586,1.2157074355,-6.8038586396,-1.768123557,-7.1385000063,3.0364333943,-0.8515412283,0.6636295009,-2.8293011459,-1.529871129,0.9458245237,0.5668719777,-6.5194310398,13.318325405,0.5569261408,-2.5372823429,0.8397855996,0.4331280044,-2.1459810965,7.1227088102,14.0018977121,-13.1855731745,-0.3777707834,1.1794725979,-2.7618009887,-0.6973949203,0.6432341449,11.4775091272,5.6647560766,0.398910838,0.93804841,-0.8439943572,4.5376148056,-1.8731628514,1.1022711113,-5.6351737088,0.6417402014,4.5964661308,-0.4294701557,-1.5965617914,-0.230981052,0.2739233657,0.4760816145,0.5271768581,0.8252313437,0.7359923027,0.6127421235,-1.1494717209,1.1680390107,-4.2446457526,2.4322181644,-1.2136131886,-1.1041051675,0.7674266868,-10.0010191836,-1.9037534253,0.2458268536,13.9215334767,-0.6720497419,-0.4821450965,0.2090991541
biasActivation=1,1,1,1,1,1
[BASIC:ACTIVATION]
"org.encog.engine.network.activation.ActivationSigmoid"
"org.encog.engine.network.activation.ActivationSigmoid"
"org.encog.engine.network.activation.ActivationSigmoid"
"org.encog.engine.network.activation.ActivationSigmoid"
"org.encog.engine.network.activation.ActivationSigmoid"
"org.encog.engine.network.activation.ActivationLinear"
