encog,BasicNetwork,java,3.4.0,1,1572772153003
[BASIC]
[BASIC:PARAMS]
[BASIC:NETWORK]
beginTraining=0
connectionLimit=0
contextTargetOffset=0,0,0,0,0,0
contextTargetSize=0,0,0,0,0,0
endTraining=5
hasContext=f
inputCount=2
layerCounts=3,8,8,8,8,3
layerFeedCounts=2,7,7,7,7,2
layerContextCount=0,0,0,0,0,0
layerIndex=0,3,11,19,27,35
output=0.8909088936,0.6440671332,1,0.050138169,0.1124237294,0.6654259618,0.3122606534,0.9981457759,0.6828118861,0.0000886869,1,0.9924217995,0.0172255366,0.9999969564,0.6297878278,0.1390247453,0.7746794288,0.0003946968,1,0.8231105014,0.9999780689,0.9557965772,0.3410667424,0.9998987242,0.0283146609,0.3842069316,1,0.000000018,0.9999998085,0.0000005878,1,0.0022975231,0.9623122732,0.0000303198,1,8,30,1
outputCount=2
weightIndex=0,16,72,128,184,205
weights=-0.9136959024,3.6944606079,18.1118138985,-15.5309360676,-6.742965017,0.6254387905,-3.6142178125,0.8318794016,-8.7248626157,0.280262562,-0.1109635994,-5.0400538139,0.4883833961,10.4867153259,10.4455873846,-5.0022082231,-3.2975628487,-3.907856841,1.7678210901,3.2603322731,-1.9574315829,-6.2307380877,-1.8192216185,1.6768950291,-2.7252555259,1.6260988767,-4.4133121173,5.0141604034,1.3526065612,1.5943889181,-3.2528368775,0.4439124435,-1.585227074,-7.9000841119,7.1134231638,4.5493703463,11.5243522216,-8.2619604934,15.7761737009,-2.7896994055,-8.9896843195,2.0238771342,1.1822388235,11.4782703053,3.0376294099,-0.6618198074,-0.9891795487,-0.2232025104,4.2368319778,-3.6112178745,-1.6092464168,2.4692706971,8.4512238842,0.8487979733,-2.6663115493,0.3686154397,1.5124250911,-0.8928535065,2.2012239398,-0.3925038793,10.3599683526,-8.958196408,-0.3364941814,2.8266888849,-0.973676924,-0.9362059276,-1.9850962205,-5.4157676251,-5.2370068302,-4.7575438309,12.1393709243,1.4568437435,3.8260671382,-1.5393752742,3.5694993541,-5.5470902904,3.5786950854,-0.2861954954,-6.022706899,0.4888872856,-5.1637709994,4.9817140817,-1.4893003494,4.5731214952,-7.1545950634,3.0482609381,3.9436396853,0.6408774442,5.5534227497,6.8574489171,4.1488380783,-2.43466641,8.2016971535,4.6403681683,-6.7142636211,-7.6135556182,-0.1372756381,-3.7079669432,-3.1511953524,-3.3308589002,0.4968302212,-4.5762689611,9.8200731865,4.3599876833,5.1742278743,2.9463878636,-6.5142418219,5.0576148936,-2.0944201795,0.6335738178,-1.3191079617,-1.9443135078,-4.1347651053,13.5207067917,-6.9147333276,8.1300318768,-3.0256271855,-2.0053643609,-6.4257466008,0.5049967838,-10.725968317,-4.4603229031,2.9151811843,9.4391666684,1.2957297772,6.0299262107,-8.1363653135,1.1058922921,2.9933965057,-0.4130772522,0.0729757973,-2.7821903328,1.9153862583,5.3915030274,-13.2164601909,-0.4594768269,5.2673916352,3.0396559054,-0.0643522575,5.7992591837,-12.4428263936,-0.9593319194,-1.4405405974,2.8404785457,0.3544974773,0.3857715993,0.5320553566,-0.0747372289,-5.5622509224,1.4722667833,13.5607911531,1.3582961101,-0.8018086755,2.8811078471,-0.9367235822,3.1937873118,2.8457270763,-9.6570076315,-14.4141726386,2.5535177673,-2.825384649,-1.3079796131,-0.9719604564,-2.4551107043,2.7645849605,14.8196203652,2.7910909951,-1.3068866297,4.7244409849,-2.3738986841,0.5449364893,2.9243310581,-0.5990915251,-1.6174766398,0.4363958154,-2.52820472,-0.7319414968,0.3001806292,0.0570113119,-1.9808284301,11.5456818057,0.7645337013,-9.0480277417,0.4469458509,1.0433798165,-0.671912383,-6.0220601434,0.9761724735,0.2416926698,0.4084143738,-0.6691085344,-0.2854132036,-0.4316704601,-1.1755221992,6.8084991951,-0.872703062,2.1012072548,-0.2540885419,-15.2606252844,-0.4534709192,0.5026083949,-8.2104799806,1.3107785594,-0.6714639951,-0.7459886058
biasActivation=1,1,1,1,1,1
[BASIC:ACTIVATION]
"org.encog.engine.network.activation.ActivationSigmoid"
"org.encog.engine.network.activation.ActivationSigmoid"
"org.encog.engine.network.activation.ActivationSigmoid"
"org.encog.engine.network.activation.ActivationSigmoid"
"org.encog.engine.network.activation.ActivationSigmoid"
"org.encog.engine.network.activation.ActivationLinear"
