encog,BasicNetwork,java,3.4.0,1,1572772162976
[BASIC]
[BASIC:PARAMS]
[BASIC:NETWORK]
beginTraining=0
connectionLimit=0
contextTargetOffset=0,0,0,0,0,0
contextTargetSize=0,0,0,0,0,0
endTraining=5
hasContext=f
inputCount=2
layerCounts=3,8,8,8,8,3
layerFeedCounts=2,7,7,7,7,2
layerContextCount=0,0,0,0,0,0
layerIndex=0,3,11,19,27,35
output=0.693227074,0.9120093707,1,0.9999989401,0.9240975578,0.2068667168,0.21090356,0.0000012241,0.0760409086,0.1841044414,1,0.007417274,0.9999924366,0.6104956486,0.0331114258,0.9999988927,0.9999999998,0.9752398591,1,0.9999994997,0.071835072,0.9988200233,0.0441570547,0.3644206994,0.0034680695,0.7748825944,1,0.1343666281,0,0,1,1,0.9998654165,0.9999999821,1,8,30,1
outputCount=2
weightIndex=0,16,72,128,184,205
weights=-11.3086194509,9.7240355379,-1.4625769762,4.4347759648,-3.6650881984,6.110278768,-7.0716666578,3.3424468017,11.5624988518,-6.7280245378,-15.2273225082,1.9443576731,-8.4221229539,3.2986513563,19.0029409862,-4.0161093245,1.0858303447,-1.1488270121,0.0700605402,0.2747547039,0.6911976276,19.9287570083,-6.3190921852,0.3888992899,1.3901210947,8.4581862226,12.7758272769,5.5492051542,-4.8740053932,3.0526939225,-12.9675970512,0.5154301697,7.1422821708,7.3618083549,-4.4449054464,-0.5312880173,-1.4062700143,1.8796713657,-9.9101126349,3.1638755634,-2.1947386061,-3.4653267503,-1.383177518,2.6954227765,-0.5055233347,0.4038844604,1.06706924,1.9782563653,0.384502812,-4.3051431461,-2.5711160867,5.1255359299,8.4279875931,-9.1171777724,-4.3857186579,-2.9447661588,-1.0389537789,0.6626666235,0.5946156168,-3.5045639805,4.6161129394,-1.9359149258,-9.1425351674,2.8366509319,0.4428576089,3.9001794862,13.9627782858,-1.3522040617,-3.4896947758,-14.6056111634,0.0217363761,4.2024439843,-3.337936702,1.4243601955,-3.2860095846,-4.0879077075,5.7919064705,-6.5012744394,3.2319338446,-2.7907536256,3.9553107845,-5.235063341,10.3455711613,-3.2941601848,4.1948772354,-0.3583295783,-1.0390079884,-2.6973108692,12.0687389139,-5.8938109395,-4.4611558728,-0.8050353234,4.5178353217,-6.6735146273,-11.064580586,0.2459878023,2.4608715975,-3.1317993535,-1.5340255477,7.3978027142,-3.3378984922,5.7757245491,-2.8070695882,-1.0330338718,10.158934943,-2.6572323254,1.1017108536,1.9287728281,5.2814717277,1.6403538526,4.4146441866,-2.7912583833,-2.0813962197,-2.0425185135,17.4688023014,-8.9918208386,-3.6513304913,-2.0890936182,6.9192050486,3.4836768522,-15.8593455828,-7.24191625,11.94134717,-1.3257608696,6.1338369449,2.3668360481,8.0031741278,-0.2607312604,-5.2024162559,-1.3656045666,-0.1352804474,-2.5501347496,0.5067783275,19.7933749262,-1.6213300569,-0.9189044395,-1.3688570847,0.8912762467,-0.1995429035,-0.5692882165,3.7570995985,-7.1287413664,0.966650743,0.598411942,-9.9290993319,-1.7800824355,0.9065696566,-1.4058030055,-4.2325790844,16.9833521449,-1.8225578401,-1.4449070424,8.9813375006,1.3242555132,-1.0095166515,-0.0233023221,1.0541622536,-5.4619204409,0.432585333,-0.2838928492,18.6463480183,1.2416683065,0.6902664461,-1.3829671665,-0.0668149942,0.5799594963,-0.6263906768,-1.5653834263,14.1638812657,-0.1281379709,-1.158526863,-3.5305142078,-4.5743009665,7.4237468704,-4.014528555,-2.8672401563,17.4642021686,0.4242750676,-0.0576210232,-1.2594549984,3.2572199769,-0.4225628504,-1.7972692815,-0.8885062487,2.0278474064,0.1986330855,-24.0446611844,-0.9657391571,-1.4252235157,-1.3822238178,-0.9963126557,-0.948928306,-0.664669719,1.2981691379,0.833519738,0.2032052505,-2.652851641,7.7893483083,0.2100550829,-2.2421608214,0.3608313416,16.0255376162,1.1639367287,0.2509456179,0.9968831852
biasActivation=1,1,1,1,1,1
[BASIC:ACTIVATION]
"org.encog.engine.network.activation.ActivationSigmoid"
"org.encog.engine.network.activation.ActivationSigmoid"
"org.encog.engine.network.activation.ActivationSigmoid"
"org.encog.engine.network.activation.ActivationSigmoid"
"org.encog.engine.network.activation.ActivationSigmoid"
"org.encog.engine.network.activation.ActivationLinear"
