encog,BasicNetwork,java,3.4.0,1,1572772173912
[BASIC]
[BASIC:PARAMS]
[BASIC:NETWORK]
beginTraining=0
connectionLimit=0
contextTargetOffset=0,0,0,0,0,0
contextTargetSize=0,0,0,0,0,0
endTraining=5
hasContext=f
inputCount=2
layerCounts=3,8,8,8,8,3
layerFeedCounts=2,7,7,7,7,2
layerContextCount=0,0,0,0,0,0
layerIndex=0,3,11,19,27,35
output=0.5714276031,0.4743591669,1,0.0530011541,0.0000000002,0.1005421711,0.701100845,0.9683558552,0,0.0045676583,1,0.9999140909,0.000006833,0.9981277686,0.5176174595,0.0381496549,0.000726868,0.9999999968,1,0.5348787296,0.9999999952,0.7201686087,0.6224650535,0.85416431,0.9999999999,0.1851466525,1,0,0.9881293434,0,1,0.9572935026,0,1,1,8,30,1
outputCount=2
weightIndex=0,16,72,128,184,205
weights=2.0014209125,-13.3915562188,-10.0420846518,15.7520183761,-7.7966851331,-1.8712763447,10.1028942886,-2.3486807678,20.510590896,-1.0733297019,-0.0127314989,4.7820260811,-5.8570149135,12.0932503201,-17.498272713,1.2104599717,4.677999565,-2.0923450894,3.9542862837,-5.7658787765,-11.6648998379,-1.8221174837,-6.3715299277,-1.7050647426,-11.1156434955,0.5632060697,-0.5856947037,-1.3418529932,4.1925891622,0.1178851161,-9.7260018619,-0.5169308359,-3.9719742233,4.2782674351,-2.5795141777,8.8045825836,4.66378783,3.1658685477,-0.6242665762,0.2417114152,-16.2237092813,-7.7895021262,12.336402184,2.5245385632,5.4708411374,5.3894037119,3.2799477398,-0.0377124019,2.1310287443,-6.8799029795,0.5802703153,-5.6135573769,-2.3541258877,1.4070218779,3.8357093967,-0.1301837746,-12.9630177271,8.9534019247,-20.7966996407,2.0858251987,-3.6817065433,3.7195350657,-1.6553555633,4.4441667521,8.8761232973,7.7672049999,-1.4009323703,1.8045144511,8.6442851432,-7.7356089586,-14.05973307,-0.0597497121,5.6264847434,11.6195907207,6.5361638991,0.425683566,3.984288506,-6.8020435625,-6.0603171267,-5.7182025032,1.7746664634,-6.4800961876,-4.9188037945,-0.9930282009,-6.2990610451,-1.0194860433,12.7206849736,1.8423514568,10.1711711624,7.2959849428,2.786501322,-17.1903561675,2.1810603352,-2.3935082771,-3.6701021568,3.4460990002,-12.060193324,-1.6490726468,-6.6178557136,8.7466977594,13.0639347132,-1.7391094789,3.2571250254,-2.5309122982,-7.0955776241,-7.2208745775,-6.9390976715,2.673310051,-6.0110512324,14.8072506661,4.9011071629,0.5418353388,-0.0308513356,-1.269234922,-4.202155454,0.4637402212,-9.330899774,0.4825034835,9.7874919377,2.4727931299,-5.2989944011,4.8229785238,1.9941744817,4.5420253778,12.7045294439,6.298792109,-10.816428114,-1.834934937,-2.1161152269,-3.7464587308,0.0566508658,9.484234785,-16.5846284025,-0.6447435627,5.1285280036,5.1053219097,-0.1643791514,18.2428669929,-0.2149813615,-3.4114214984,11.7614114109,-0.0523567613,-2.8635228883,-3.8587114087,3.2645287741,15.7911911233,0.0297685369,-5.7509603701,-6.1049875713,-1.7050448466,-1.2886165618,-1.7745993327,2.3098389089,-14.4168957418,-0.8901049568,-0.1419608354,12.7001646735,-1.4420669155,0.5726743146,2.1572834691,1.9213581122,4.0709783709,0.0728089574,-6.1957412376,7.7018480947,0.2083679288,-2.2272281967,-1.2049698909,0.2246127173,13.1908754983,-0.2091589894,-4.6616585646,24.8958808107,0.9551590025,-4.2391787133,-4.8420912406,0.9851047732,-17.6115374272,0.7125265062,3.495793177,2.9524879048,-0.042557302,5.3011847394,4.2972415815,3.8946913651,-5.7916547618,1.2264247811,-1.3723054834,0.1553633793,10.7392865675,-0.874805121,-0.64282769,0.6315878911,-1.5437303992,7.9493703849,0.0765573412,1.2190526137,0.4335655087,-19.6496272063,0.6691562272,-1.1704139717,-1.1137285887,0.8783183756,1.6873105501,-0.6254368181
biasActivation=1,1,1,1,1,1
[BASIC:ACTIVATION]
"org.encog.engine.network.activation.ActivationSigmoid"
"org.encog.engine.network.activation.ActivationSigmoid"
"org.encog.engine.network.activation.ActivationSigmoid"
"org.encog.engine.network.activation.ActivationSigmoid"
"org.encog.engine.network.activation.ActivationSigmoid"
"org.encog.engine.network.activation.ActivationLinear"
