encog,BasicNetwork,java,3.4.0,1,1572772182226
[BASIC]
[BASIC:PARAMS]
[BASIC:NETWORK]
beginTraining=0
connectionLimit=0
contextTargetOffset=0,0,0,0,0,0
contextTargetSize=0,0,0,0,0,0
endTraining=5
hasContext=f
inputCount=2
layerCounts=3,8,8,8,8,3
layerFeedCounts=2,7,7,7,7,2
layerContextCount=0,0,0,0,0,0
layerIndex=0,3,11,19,27,35
output=0.3333344706,0.2000080253,1,0.9939242736,0.5317190262,0.9873731028,0.2072765085,0.95417883,0.9160287321,0.2315420389,1,0.9836467905,0.337710044,0.4088921576,0.9998251029,0.0792388591,0.5528379759,0.3008947939,1,0.9993487025,0.000308467,0.2954664405,0.0000794754,0.1871809682,0.0042311993,0.0038430352,1,0.499403527,0.0010975078,0.0000130358,0.0000060835,0.0000002637,0.0000006113,1,1,8,30,1
outputCount=2
weightIndex=0,16,72,128,184,205
weights=4.395313096,3.4817911582,-9.0708772303,-7.7669945844,-6.7449099446,7.4960444556,0.9480841368,3.0029075193,-1.1209731499,-12.6940364732,-2.9960605759,6.930041521,2.3150413167,8.2920592372,-7.6644735104,-0.0307063518,0.6887438732,0.8870127102,-1.4780631712,2.1008764769,1.9981073155,2.4086721562,1.3531092075,0.7271083615,6.6876803443,1.8552463151,-0.3616274879,-6.7628878931,6.7841238269,0.5408309524,3.2523965602,-1.9834194913,6.8224494121,-5.4887475564,5.8910509358,-3.388017977,2.9970145508,1.4557834938,-1.531307651,-0.1009655611,-5.6750707996,6.1837067722,0.4428319725,5.9739683411,-1.8759616541,-4.1221547798,0.085916383,-1.5997685488,1.3221014766,-4.7288436581,3.9188663582,0.3162437097,-8.6777391314,-2.8140754089,-0.6833733226,3.8629852784,-5.215575958,1.4682956217,-0.2795152552,7.2738006515,7.0938754626,1.9265838522,-2.114716337,-1.1251296562,3.4632774685,2.9726907836,-1.6447610525,-3.4361306441,4.7903913934,-0.2261677635,1.5663978186,-2.2279861087,2.3205530555,3.7766809975,-5.4129518482,4.4014014062,-0.5415769481,-9.322376962,-2.658383642,3.5266658426,1.3005838884,1.2461892187,8.5118912038,-5.6511276377,-1.8306610377,0.5401373842,-10.9628847202,-4.1056558625,-0.2611953126,7.2762557876,0.7470477843,2.3633248683,-1.8352817263,-0.5814952605,-2.0529254423,0.0231980062,10.1231313078,-6.5779877118,3.141369271,2.9980608125,-10.7147487319,1.0252539268,-2.625642477,-0.3804292483,3.138565791,5.5464572789,-7.6507173381,-6.8318887987,-2.113665277,5.6157035231,-3.5449495446,-2.9443930776,2.2176446452,0.8382046183,-0.736654998,-2.3872452067,-0.3110707288,2.9117358922,3.8380376447,-1.7553116596,0.1491995526,0.8374718208,0.1277410834,-2.828285016,-0.6580435495,-1.6223394284,0.7961249161,-0.9029415605,6.3742550796,-0.0539724551,-12.6086280541,0.3686419006,-8.6202914994,10.3951428068,3.6932752613,0.4595090277,-2.677566994,7.360887771,-3.5080081458,-0.7758073651,0.444992537,7.4658955524,-4.1415469681,-2.6128865923,-0.8953956041,-13.0358799465,5.0193129847,-0.4698781562,-1.7122929352,10.1124971884,-1.3950653904,0.9874870856,-7.5133332145,5.1580478104,-0.0234264159,0.3889213865,5.7222141546,3.7526094166,-3.0653264574,-2.6281394505,-10.6300400139,-5.1735428634,7.0312016743,0.8580063028,-5.0358872642,2.9562452906,0.3545462804,3.4912812436,-8.5997656045,1.2248684604,3.7504787072,0.1414191363,1.6418494619,7.505186376,-0.651290426,-0.5163850084,-7.7313733267,-10.5671262658,4.646031608,0.79576193,0.1939673844,-2.6013705244,-1.5961167284,-0.0889169048,-1.3019014164,-0.1253174276,14.1723482667,1.7164309559,-0.3411131511,-10.3116683277,4.7281318872,-1.3920074606,-7.3126325256,-1.0209224676,-0.1439367784,0.4755642585,0.8535136318,-0.624324262,-3.2470033643,1.584612677,-0.8854679269,-0.4204656166,-1.2352741223,6.293604249,-0.5751921001
biasActivation=1,1,1,1,1,1
[BASIC:ACTIVATION]
"org.encog.engine.network.activation.ActivationSigmoid"
"org.encog.engine.network.activation.ActivationSigmoid"
"org.encog.engine.network.activation.ActivationSigmoid"
"org.encog.engine.network.activation.ActivationSigmoid"
"org.encog.engine.network.activation.ActivationSigmoid"
"org.encog.engine.network.activation.ActivationLinear"
