encog,BasicNetwork,java,3.4.0,1,1572772191569
[BASIC]
[BASIC:PARAMS]
[BASIC:NETWORK]
beginTraining=0
connectionLimit=0
contextTargetOffset=0,0,0,0,0,0
contextTargetSize=0,0,0,0,0,0
endTraining=5
hasContext=f
inputCount=2
layerCounts=3,8,8,8,8,3
layerFeedCounts=2,7,7,7,7,2
layerContextCount=0,0,0,0,0,0
layerIndex=0,3,11,19,27,35
output=0.166664953,0.0006461348,1,0.9951760104,0.9619953735,0.9945971312,0.9999323946,0.0000011627,0.0000001109,0.9412327257,1,0.9985537224,0.3959939108,0.9751791627,0.0002989097,0.9137436946,0.0000004869,0.9998438562,1,0.0000005992,0.8903114916,0.0051020386,0.9807078105,0.9995460396,0.4618038495,0.9974953857,1,0.0377114449,0,1,0,0.9999998052,0.0000012387,0,1,8,30,1
outputCount=2
weightIndex=0,16,72,128,184,205
weights=10.8352321891,-2.0556941244,-7.9278166635,1.4596386062,10.1120672143,-7.8299013891,-5.363414344,1.0588088404,4.7277215691,-10.0457327119,8.459163293,-10.5053297441,1.0063990677,2.1330984498,-7.2077545121,6.490510224,1.8427243091,-0.7850634253,0.4619419344,-5.1095247931,6.3368901499,0.0673339583,-1.4861030952,-0.9532318423,9.7128257904,1.0203721079,-2.5495299933,1.6856030312,9.3167048967,3.04013313,-10.4521632147,-2.4483437281,10.0974325607,-6.9987727051,0.3686849307,4.6760437149,3.1885928464,1.2145041385,-4.0988562402,-1.272222358,6.0246445118,-6.2943171047,-4.0207556236,1.1568215864,8.8984063855,0.0284221017,3.5705362804,-1.7018948388,-4.0237505093,9.4633760412,-3.1434917231,3.3578219619,-9.0675179761,9.2133596473,0.6177125224,-2.6620123695,-7.237131907,-0.0466363486,-4.0486896285,3.3501890501,-0.4622754814,5.5458574451,-2.8395610839,-1.5610965272,2.130754678,0.4308816442,-0.5373880124,-4.1694892229,-0.9760447184,1.7763352888,3.1469171768,-1.2539703064,9.5136882683,13.1727950292,0.9861930711,4.4763953874,-8.0316110211,-3.9996915599,1.6608177977,-1.3672692872,-8.3900305167,-5.7769599501,4.8981122759,-0.8304185596,7.774344036,-1.9596703167,-1.4080700555,0.0492329091,0.8636232016,1.3523395363,0.116169469,1.4787286829,-2.2604203866,0.1013281725,3.0818773064,0.1545823934,-0.3801558814,-1.0492678649,2.6393078977,0.2049856727,-3.2143287779,3.6422894974,-7.9516557169,2.067194517,8.6582276245,7.0337083384,1.0151497813,2.3536338,-2.6127491611,-6.0369151042,-4.0104757311,3.184488764,-3.5276134243,-10.4184943544,2.9425213307,-2.8432875385,-6.7208953503,6.0237171247,-1.0780683904,2.525394177,-1.6624258648,1.1612327373,-6.9838561108,0.2080671581,9.2948488757,-3.4506057864,2.3034644841,-2.4325233461,2.6410184441,-4.9508640915,-4.8270072711,0.5001246875,-3.2456965594,9.329239529,-0.8567191168,-6.354652076,-6.2581840911,-2.1357122794,3.1332564412,-1.5409260116,-3.6823400937,-13.3386533933,0.5907081941,2.879031407,2.4381365802,-3.2364624534,0.9908636057,0.5743598216,-5.5778122136,-2.5771283917,0.7027362789,-0.7779949367,-2.641679417,-3.3855141914,-0.4467535853,-0.7538730481,3.7103569522,2.752058368,-0.1073963543,0.7645897339,-13.3644815696,6.4334442763,4.8526805097,0.2035765737,-2.257381975,2.4665061927,-0.336833324,5.6057383726,6.9472964295,-1.2396283684,1.6053538755,0.9723328736,-3.5551380658,0.9180763996,0.0745206074,1.5347069215,0.9295594517,0.3378496256,1.7640266612,-0.2092481847,2.5422445884,-11.035350738,-0.2979427468,1.6458006629,1.7971794085,-0.1446866953,-13.2761851432,1.3717772855,-6.3063774139,-0.1782706284,-0.0448959499,2.5769759828,-4.5899200382,-0.7655801516,-1.152861069,-0.6906828979,-3.1691770232,1.4064903909,-1.3898284954,0.8369903645,-0.7542334771,2.3296008741,-0.7976375564,-0.7504917319,0.2030040502
biasActivation=1,1,1,1,1,1
[BASIC:ACTIVATION]
"org.encog.engine.network.activation.ActivationSigmoid"
"org.encog.engine.network.activation.ActivationSigmoid"
"org.encog.engine.network.activation.ActivationSigmoid"
"org.encog.engine.network.activation.ActivationSigmoid"
"org.encog.engine.network.activation.ActivationSigmoid"
"org.encog.engine.network.activation.ActivationLinear"
