encog,BasicNetwork,java,3.4.0,1,1572772204412
[BASIC]
[BASIC:PARAMS]
[BASIC:NETWORK]
beginTraining=0
connectionLimit=0
contextTargetOffset=0,0,0,0,0,0
contextTargetSize=0,0,0,0,0,0
endTraining=5
hasContext=f
inputCount=2
layerCounts=3,8,8,8,8,3
layerFeedCounts=2,7,7,7,7,2
layerContextCount=0,0,0,0,0,0
layerIndex=0,3,11,19,27,35
output=0.6191435336,0.3831313324,1,0.9999755611,0.9776961386,0.939475291,0.5196158905,0.9999389683,0.9998905648,0.9998756336,1,0.0036200795,0.0000031623,0.0937013055,0.9942238247,0.9999999404,0.9942910821,0.728654444,1,0.0044958712,0.0107679993,0.6627707823,0.0013950151,0.9990910696,0.999930722,0.0007034326,1,0.9999999994,1,1,0,1,0.024436739,0.9459649602,1,8,30,1
outputCount=2
weightIndex=0,16,72,128,184,205
weights=-12.9893603213,-13.8279556896,11.3723080278,10.2600855136,4.2401649093,5.2497989705,-8.7495876792,10.2385593853,12.5976779518,0.0864253421,-12.5626321564,-0.3289362219,-15.2635609921,10.7706919155,9.2998539642,-5.9905242899,-2.6602303566,-10.9079786244,4.3618999226,-6.8600684684,16.5271442794,-6.0333807649,9.6271238288,-0.5023516753,-4.6336536737,-6.0712876028,6.1173627028,-0.0342232904,-10.0027434684,15.6570697034,-0.5085558206,-1.936327209,1.8980813583,-9.4730226,-4.3551892614,3.2426201118,6.8480933698,-2.4347994119,-9.11766962,2.1360621927,-2.9633394347,2.0435635323,0.154099459,-4.7617159004,-1.6754387772,6.983349649,1.3818748985,-1.4659558968,3.6251808189,-5.5571498483,-11.3475753963,3.7541404206,-2.7364148528,7.0451216859,1.8904653722,1.3757932619,2.870003092,-7.4604346334,-9.9594905385,2.2710531785,-0.7166683353,7.2156119147,-3.4153415966,3.8158380863,-6.7043865574,-4.4835205815,-18.1632690652,4.4904553175,4.845799497,-3.9486840984,0.077656707,5.2776006578,6.3907337728,-1.8574791433,-3.7079490822,-0.7132526232,-1.482435058,-0.8673073837,0.5227137625,-0.8198806914,9.6866404736,-2.1636689859,-9.5804111525,15.7984896411,-4.9662434919,3.6118463049,-0.7796754292,-5.0061844895,18.2629301547,-2.671279355,-0.4194304015,-6.3515572955,-1.4516188522,0.4640485248,0.7187158471,-1.0499760427,-1.3384034351,-5.1890779975,-0.9519206038,3.1764269866,0.257394086,5.7706646847,-0.1315496068,-0.1907446169,-15.811473714,-12.7407317254,2.9430692,6.5946190764,4.3202346594,6.9368409916,0.4442484676,3.6303531422,15.1968465267,-7.7547695992,20.2222152171,-3.6017835006,-3.6731629795,0.4317225254,-0.4311570168,-4.9840530666,7.5205365084,-1.8609962781,9.3889855598,6.7886412421,-0.9061612843,-4.4507054226,-2.317387455,0.0991836234,9.0705619977,6.4474075961,3.6183331401,0.9336068829,0.2852340758,5.9606817155,-28.1109007954,1.6246409268,3.4325191641,1.7665856525,-3.660637363,0.7112542452,0.7315170072,0.9814680254,-7.8060278814,0.5699103355,7.9882345688,-3.9427061532,-2.7119185642,0.4947437444,-5.7818540276,-1.8830225228,10.4902924065,-4.7535235958,-4.8499697668,-4.8128163535,-7.27132809,0.023870183,-1.082200131,-1.493022626,12.8726347456,-0.6977165196,0.3702562631,1.405504633,-0.0801894121,0.7362211285,1.3732923302,-0.1819587931,1.410975621,2.6031818881,-2.0804972593,-0.5190251956,3.548798047,0.693247107,0.0019387639,-3.2092285592,9.1759104661,0.0244333715,-0.6713474076,-3.786373256,0.5957176922,-0.8422911019,-0.3557038617,0.0515237041,-2.0906323479,-1.0647221428,-0.628772639,1.3373116189,-13.8280268592,-0.8753423389,4.6110632746,1.1552141466,-5.9587929598,2.5662210215,0.4975166262,-2.302322438,-0.2394997561,0.0176443246,0.5204651137,1.0974087479,-0.1860650017,0.4218427155,-0.2192784467,-0.4833156353,-0.7279832447,0.0864340989,6.0934157987
biasActivation=1,1,1,1,1,1
[BASIC:ACTIVATION]
"org.encog.engine.network.activation.ActivationSigmoid"
"org.encog.engine.network.activation.ActivationSigmoid"
"org.encog.engine.network.activation.ActivationSigmoid"
"org.encog.engine.network.activation.ActivationSigmoid"
"org.encog.engine.network.activation.ActivationSigmoid"
"org.encog.engine.network.activation.ActivationLinear"
