encog,BasicNetwork,java,3.4.0,1,1572772215273
[BASIC]
[BASIC:PARAMS]
[BASIC:NETWORK]
beginTraining=0
connectionLimit=0
contextTargetOffset=0,0,0,0,0,0
contextTargetSize=0,0,0,0,0,0
endTraining=5
hasContext=f
inputCount=2
layerCounts=3,8,8,8,8,3
layerFeedCounts=2,7,7,7,7,2
layerContextCount=0,0,0,0,0,0
layerIndex=0,3,11,19,27,35
output=0.5306130877,0.3846143792,1,0.684027705,0.9452618577,0.5276497714,0.0001842136,0.0003888528,0.0041453286,0.9532925584,1,0.8372723643,0.2008821857,0.9990008089,0.0074539137,0.0000001153,0.6984868505,0.0000409978,1,0.4231046769,0.2699922064,0.9644475426,0.0014270244,0.9999986247,0.9999995628,0.8192943885,1,0.6072511005,0.9998726011,1,1,0.0003301116,1,0.0000010808,1,8,30,1
outputCount=2
weightIndex=0,16,72,128,184,205
weights=-0.2396147119,-16.0068010455,9.8741750428,-5.0142884524,0.7891175851,8.3609468705,14.0101331152,-3.1827765676,-7.4212007641,5.6560556779,-9.314775479,14.7975203974,9.0393814367,-4.3490103184,7.8088051851,-3.2575041856,4.9213933014,-2.6043347687,-2.0320523612,6.2601545018,-4.4779302767,3.3891760462,-8.9783944915,-3.2086052488,-3.8876092439,8.2492904868,8.9527572957,-3.2577989395,0.4499576846,-11.1835025293,0.6355597843,3.3387284226,-0.2578968352,5.575900017,-1.5781301591,-7.3942426211,8.1981864552,-1.3783639577,-5.7057025446,1.8012143693,-3.9348301374,-5.4537870664,-2.1982210382,-4.4281104368,10.3797642147,-0.6239796752,-2.0092674554,-1.5441828288,1.6314245158,-4.9658951488,-5.8903590623,4.2355086446,9.5963300614,0.4440972631,4.0834347504,-2.6777697156,-4.1374448269,-2.6489501737,2.0034999633,3.9755354619,-0.2471384431,-6.5239014674,-1.8575870028,1.0404800369,2.9940351504,-3.4983754016,-5.3088562207,3.0584749752,-15.0134995047,3.1833560011,2.2627598811,4.2690874567,1.2037295979,1.0080850679,-3.3235121637,-0.5809385522,0.7020101783,9.0968673369,-6.7830607222,-0.1787740012,1.1469786182,5.28948284,-1.0295171726,1.8792329326,-1.5281780548,1.6182592358,0.3985716238,-2.7205974259,-3.0916905081,-0.1918646911,3.2692662538,-9.3826829277,-1.2147529598,4.231801764,2.574250048,0.0017118194,-4.1542702395,12.213366699,-6.1031629789,5.7448305713,-4.5866527005,10.8143352996,-4.6853921911,-2.9423430069,0.3682968816,-1.7112163918,-5.4915275747,18.2861958114,-5.0480739337,-8.7490900605,-2.1884809631,5.1905165647,6.2466518614,-11.3630464937,-0.6744017893,10.3173661794,3.519462958,0.3997583687,-2.2213158549,-0.1985535804,1.0734194901,-0.4359564816,-0.327431736,4.9218550975,2.5209839196,-14.4740336744,0.6107722326,1.322996324,6.6101760363,1.4670181786,-0.7023108874,-1.7728045333,-0.1038568712,-1.4768649244,-0.0785602731,-1.838894463,-11.1532096096,-3.2440049213,1.8681611388,1.8518243233,6.8053484597,4.352365574,-0.1162200917,0.9471308966,9.8755640322,-2.7411919762,0.0679254667,-0.3304752552,1.9957735187,0.5996070342,-0.2325393576,-0.2932740345,-16.8879922362,-12.0915482423,5.1250362916,5.2758357624,1.26856301,1.253888138,0.9798212569,4.1393438593,4.8447148121,4.5385125272,0.0222890251,-0.3197549388,-6.3395750932,4.7251172846,-0.3691922555,1.5914149112,-5.0405645888,15.2219690984,0.3551816976,0.2586510788,4.34992201,1.2312583104,1.4093465134,0.6371312018,5.1520424149,-5.5074192248,0.7260662814,1.2032594831,4.2459618064,1.1811880649,-0.096400272,0.7777930096,-0.9878096138,-0.164306992,13.2674585767,-1.3409335252,0.7171804226,-1.8198847582,1.2761610083,0.7015674222,0.886307921,1.9201697088,0.9882462412,0.7722748663,0.6289431991,-0.3284645267,-3.1933594518,-1.4526077585,5.1559397686,-0.8955635168,-1.1575807553,-0.1663723139,0.5140064284
biasActivation=1,1,1,1,1,1
[BASIC:ACTIVATION]
"org.encog.engine.network.activation.ActivationSigmoid"
"org.encog.engine.network.activation.ActivationSigmoid"
"org.encog.engine.network.activation.ActivationSigmoid"
"org.encog.engine.network.activation.ActivationSigmoid"
"org.encog.engine.network.activation.ActivationSigmoid"
"org.encog.engine.network.activation.ActivationLinear"
