encog,BasicNetwork,java,3.4.0,1,1572772228960
[BASIC]
[BASIC:PARAMS]
[BASIC:NETWORK]
beginTraining=0
connectionLimit=0
contextTargetOffset=0,0,0,0,0,0
contextTargetSize=0,0,0,0,0,0
endTraining=5
hasContext=f
inputCount=2
layerCounts=3,8,8,8,8,3
layerFeedCounts=2,7,7,7,7,2
layerContextCount=0,0,0,0,0,0
layerIndex=0,3,11,19,27,35
output=0.9999908326,0.9663909392,1,0.0003754272,0.9999972252,0.0001145072,0.96805896,0,0.9356557757,0.81699619,1,0.0004491737,0.9999815716,0.4349628982,0.9047576314,0.0000009134,0.999999414,0.9997806171,1,0.9999997008,0.4668539973,0.9999998354,0.636963733,0.0008423151,0.9984966373,0.9988615865,1,0.9988162698,0,0,0.0384881344,0,0,0,1,8,30,1
outputCount=2
weightIndex=0,16,72,128,184,205
weights=-0.0273548874,4.4384400154,-6.4632402289,-6.5540787559,-0.6704461497,6.7029290762,11.6809609936,-2.3080299463,1.5571515408,-6.7913416337,-14.1710586185,20.6656521159,-18.4434209285,-13.9281405768,-8.1981310879,9.8753509799,-0.6612601596,-1.4059450245,-2.0170447076,-1.063764884,-2.1280920072,0.1217191432,-2.1289033797,-2.6343461604,-4.3126035656,-1.5091090896,2.7393626537,6.7573504964,-15.288918354,4.5612935751,0.4207334563,2.0187604065,14.8871515516,12.3009571066,11.5394538842,-17.0705815518,5.0947783866,-11.706521945,-0.7167705118,1.4664524498,-9.1493416256,7.4155846167,2.5674163999,-5.5851146467,4.601214534,-2.9242376396,2.4335434222,0.4277293751,2.2631130703,5.6941085216,1.679893727,-2.2418854523,-5.4587536894,-12.005205711,-23.6387558738,7.1049023788,0.6143667811,-3.9473243921,4.7933605198,2.7702438055,-3.0669386792,0.5256439869,5.4377888661,-3.9295938293,1.592282307,-4.9090020199,-11.1572739125,3.9108540349,9.6371005669,3.6685544027,2.621660821,1.4293022377,-3.2391154273,8.0453241511,-9.0419957755,-8.5287422374,-14.3345430574,11.0215589948,-13.7421364801,8.9835417739,3.8290129322,3.5187919844,-2.4151446226,0.9439256298,-0.8583356119,6.8878046714,1.9058022938,-1.5366340256,-1.4089383636,-5.2758737974,2.9641666996,5.1225860761,3.3698527291,-2.200396268,-5.1344550545,4.7061620107,-4.7623109999,-15.6849592394,9.667998092,19.3026073819,1.4722922456,-5.023253158,-6.3677607952,3.7480532486,-8.4146494551,13.0177359038,-5.5629994053,-11.4785238069,-1.404945236,-1.4451472005,0.435226742,2.3150013863,13.49203843,-8.2706693483,10.6085193778,-2.5338203181,2.1097948779,10.5257882852,-3.4739662483,-11.3172036427,0.7833186493,-8.4328412033,12.786637861,7.6925942683,-10.0218195628,1.0057497798,-10.7283556764,3.6118664451,15.4414721779,0.5472398616,-0.9309121752,-18.5018299664,0.2859512305,-3.4424667621,0.5246190416,0.3112038168,-2.1193977877,-0.2816442997,2.7766261838,23.1050900217,-0.3437090061,-3.4276372192,-0.6948916004,1.0948384399,5.4794979153,0.280266645,-1.4559513985,-33.3155989496,1.0852271515,-14.4960558306,-0.3733129486,11.4292313698,2.5796032515,-0.5540172538,-4.586586911,-24.4074828,0.3263718517,9.2512725364,0.4934799092,-1.0749412386,-6.380547213,-0.4833273713,-0.0729900543,14.0189222426,-0.2689107988,4.791032166,-0.1802460402,-1.2450815096,14.5661928583,0.8566949793,-0.6001816256,6.7893198883,-0.1283012847,-0.7256210945,0.3166132882,-8.3117122535,20.3397524202,0.4299125151,1.02377024,-9.545731844,0.9900710812,-0.1630519632,0.3062352667,-13.1712976409,-0.1832212015,0.4049997703,-3.9463232953,-0.8736282033,-0.7050914839,-0.1169733529,1.016330243,-6.3618169231,-0.4063638812,2.2184253494,0.1724031738,-26.137654921,0.1646130526,-1.2106237866,0.7851371462,1.8206352688,-3.6990505359,-0.4206871563,-1.035460631,-0.6374627702,0.8805158183
biasActivation=1,1,1,1,1,1
[BASIC:ACTIVATION]
"org.encog.engine.network.activation.ActivationSigmoid"
"org.encog.engine.network.activation.ActivationSigmoid"
"org.encog.engine.network.activation.ActivationSigmoid"
"org.encog.engine.network.activation.ActivationSigmoid"
"org.encog.engine.network.activation.ActivationSigmoid"
"org.encog.engine.network.activation.ActivationLinear"
