encog,BasicNetwork,java,3.4.0,1,1572772239022
[BASIC]
[BASIC:PARAMS]
[BASIC:NETWORK]
beginTraining=0
connectionLimit=0
contextTargetOffset=0,0,0,0,0,0
contextTargetSize=0,0,0,0,0,0
endTraining=5
hasContext=f
inputCount=2
layerCounts=3,8,8,8,8,3
layerFeedCounts=2,7,7,7,7,2
layerContextCount=0,0,0,0,0,0
layerIndex=0,3,11,19,27,35
output=0.3291084225,0.250018122,1,0.4282306508,0.8966030225,0.7282297291,0.0000145176,0.0000009585,0.0609086077,0.000004223,1,0.999999999,0.9976546008,0.000000033,0.2647900063,0.9999999995,0.0002249384,0.8796981802,1,0.999827308,0.0031412502,0.9704662761,0.0085733344,0.0000436946,0.2846123256,0.0380416606,1,0,0.9927905165,0,0.0000000741,1,0,0.5633952106,1,8,30,1
outputCount=2
weightIndex=0,16,72,128,184,205
weights=-7.5302792821,8.6484234766,-0.086675482,-2.4457339654,-16.4053206445,9.9051235174,-6.4765204707,-5.7818355622,11.2933007319,-0.6097822791,-8.9999416961,-9.7751258363,2.5947846145,-6.1205099734,11.5870611917,1.5389868081,0.1024254299,5.7679404624,3.0639716743,6.5050381665,-5.003145578,-0.9111398551,-7.5149598281,3.7458663228,-6.1999414258,-2.3246470428,2.0670970743,-1.9545679061,7.3730076622,-4.9436840063,-10.6878473116,13.2269078859,-1.6331976371,-0.474017912,-3.7634913703,10.2343804741,5.0793645687,2.944495294,-9.8711701321,3.9854251888,-12.6132804504,1.6680610342,8.1034993435,1.5538243958,-1.3891676716,5.6450162658,-2.0195483496,2.5620500393,2.195811101,-20.3754097883,-3.73582024,1.3195129344,1.0317294242,-2.2142212436,-2.9308859542,5.4716348963,6.7396681249,-0.0035657512,9.0944481639,3.041720978,-8.4476546028,2.8371251718,-3.5155579688,1.262579723,-8.0130488336,-1.5977167,13.7106046096,-0.5256028909,-3.5610661336,-0.1522032211,3.2732248328,-1.9471235878,7.5408378295,2.0145721849,11.1683029274,-6.3733579908,-14.4094971599,0.635947068,2.9146556186,2.0578983826,7.1095891031,-0.9527626781,2.1012846367,-3.4545953118,-5.9316321815,8.877425794,-5.3404631769,-5.3852309641,-3.0985047042,-2.9897194681,-14.2060173113,8.6573016216,10.8192980977,1.9262095842,-1.2561215964,-0.9067750065,3.8906557792,-10.7979258475,-1.3035846206,-3.4661548299,-1.6561954564,-2.2866815552,6.3671925862,-3.1738110289,8.4025146099,4.9172967793,5.569110642,-7.3271734524,-14.1298314385,4.1083207622,5.646653559,6.2295839572,2.200355025,-3.7126377321,-8.0188913689,1.9056301581,2.307367796,-0.1522733218,-5.7328327444,-2.560721357,8.7579878687,-9.9961063936,-9.4252241637,5.1747811472,4.2647763155,-2.4803224641,5.3050041316,2.8709298554,2.0076461412,8.2726043496,-0.4022065589,-0.4198277765,-2.2988491897,-0.8275079861,9.7699967482,-2.7546552066,-0.6213354002,-10.1770312072,2.9421403827,0.2231632405,-3.0251246877,-0.1904411026,17.1202770786,-2.2766855893,2.4980107046,-9.794217123,1.8326115071,0.2703065679,0.4559972454,-0.8893358829,20.6231631762,1.1408611095,-0.2238692506,1.6389437844,2.9681558462,-0.5803456462,1.6222952002,-0.904852642,-14.3954620235,0.1104231087,0.4108327024,1.7393589608,-0.7853631059,-0.2732022595,0.0461771197,0.6989991557,-20.7782649561,-0.1048635323,-0.0384835345,-5.1340261676,-1.83077758,0.1099165841,2.1680432549,-0.0206538039,-3.0187016548,3.7079946778,1.2850508668,-7.3004006908,0.6902909454,0.7596947008,-1.4465565886,0.6227036066,11.6956212539,-1.125221148,1.6035136969,-1.7741200029,-1.9346643221,-1.3655088365,0.2148573679,9.4034720263,0.6842603785,-3.7207420292,-0.4217923734,-0.8149578515,-0.3076532963,-0.6684350644,1.5592985414,0.8180494057,-0.0424540851,-0.890414207,-0.950187885,0.2390165358,1.1729745525,0.3528713315,-19.7149834239
biasActivation=1,1,1,1,1,1
[BASIC:ACTIVATION]
"org.encog.engine.network.activation.ActivationSigmoid"
"org.encog.engine.network.activation.ActivationSigmoid"
"org.encog.engine.network.activation.ActivationSigmoid"
"org.encog.engine.network.activation.ActivationSigmoid"
"org.encog.engine.network.activation.ActivationSigmoid"
"org.encog.engine.network.activation.ActivationLinear"
