encog,BasicNetwork,java,3.4.0,1,1572766576715
[BASIC]
[BASIC:PARAMS]
[BASIC:NETWORK]
beginTraining=0
connectionLimit=0
contextTargetOffset=0,0,0,0,0,0
contextTargetSize=0,0,0,0,0,0
endTraining=5
hasContext=f
inputCount=2
layerCounts=3,8,8,8,8,3
layerFeedCounts=2,7,7,7,7,2
layerContextCount=0,0,0,0,0,0
layerIndex=0,3,11,19,27,35
output=0.2678599865,0.1599982002,1,0.0132925091,0.1097846225,0.9968896635,0.5995706829,0.5902811436,0.0059521674,0.5628789824,1,0.0000868017,0.4263457779,0.5859936838,0.0000940882,0.0192470822,0.4687868817,0.041044043,1,0.0000032453,0.0862414521,0.4020566007,0,0.254663642,0.8013977428,0.0065359073,1,0.5015367763,0,0.9987704251,0,0.0000000246,0,0,1,8,30,1
outputCount=2
weightIndex=0,16,72,128,184,205
weights=-1.6744930515,-13.1049599411,-6.8406384333,-9.4643194655,16.646799219,-16.2892951094,-5.7328095065,6.4469070725,0.4635593207,9.4343421286,8.6775278881,-22.3934986215,2.4080221387,-1.0944618704,18.8493081031,-9.9489766252,-0.2915972321,-1.350545825,-1.7685384415,-0.644797363,0.1990584065,-1.6637270042,-1.0559787192,-1.8754914009,8.0020084829,-5.2611765519,-2.3574962183,-1.0590650914,-3.2813954613,2.5840568209,-1.5162500091,0.4450387788,-13.6939047147,0.5782355398,1.7688514238,2.7754206048,-3.8418756203,8.3208718384,-6.9250152992,0.9452326215,-4.1946764197,0.7676203493,-12.4265371028,-12.2840874635,4.2265451347,11.0382669579,6.1401784885,1.8518359,6.9516044927,-1.7550683811,1.3757015769,-6.2311259979,-2.2558528943,1.7064411349,6.6109332648,-0.7206539086,6.1339771215,1.8530706367,-7.6344862783,-1.0745596797,6.0636150192,-2.7110948734,-7.9412382412,0.0454099894,0.4568788278,-11.0080305251,10.0294725992,-14.9779362471,11.2636145098,-6.0232424931,14.5354402041,1.0804760193,-0.0071606539,7.3258580812,2.1367645751,-0.6544924389,-8.5035465339,-3.9762512251,5.0770933009,-5.523770855,1.1751288911,-1.5630748773,9.7913519484,7.8192730062,-1.7657166415,-1.7451080856,-6.6015567035,-2.2073190853,-6.2793706912,1.3300689997,1.4243789179,-9.2758303023,6.3615468823,-4.8596547661,2.369356852,1.9190358979,8.5341761852,-2.9983444497,1.5395550505,8.6601644165,18.8422064191,-7.9295357043,-0.3542350461,-8.0730159674,-0.1473690187,17.6145518296,8.3979831796,-0.6136563539,-2.281276438,-0.4665030217,-6.3800487911,-7.8300176635,-0.9295488243,-0.2950153366,-0.4903066876,-3.5826697871,13.2259034461,-10.4060209483,-4.5214533469,5.0983183291,-5.0160936495,4.4816704019,-0.7524324015,-9.3524139994,-2.9877823365,-1.8740808264,5.3062936532,-1.0070862772,0.6460649168,0.7997921095,-13.2677337044,2.622817753,-0.5985676954,4.4171521064,0.0205837961,0.2891006311,-7.281060053,0.9403765589,-11.8695763051,-6.5798220051,-0.0614946456,-0.6790614824,-0.7132927264,13.1462857401,-2.2733122925,1.4080928672,-7.7664957142,-0.9900166394,0.2526618057,-1.5421666929,-0.222238412,8.5001927155,7.8531133533,-1.0540090307,-27.5895027407,-1.4590800638,-0.198542214,-7.5138963208,-0.7987552706,-0.2155859164,-16.3329501861,-3.450069535,10.8988109431,9.2504364816,-0.0494999616,7.2606542059,0.5831625741,-3.7677268334,-6.9115048043,-0.8004496709,6.5545980922,-1.0047784387,0.6485015864,0.1888271819,-0.9550941804,-1.685111635,10.7101406364,-0.599200717,-10.919767886,-1.1651147217,0.5289823684,0.1447592095,0.6696679144,0.5109250522,-0.4427062865,-0.1660167457,8.5282997869,0.4864345169,-3.0417503949,1.6117323554,-1.1137101894,0.2966182264,6.7109911666,2.7576178695,-6.0038705693,0.0743761964,-0.816253658,-0.3742164642,0.2355178362,3.8893272983,-4.9831681826,1.3874067326,-0.7137503716,-0.8962962996,0.2948506511
biasActivation=1,1,1,1,1,1
[BASIC:ACTIVATION]
"org.encog.engine.network.activation.ActivationSigmoid"
"org.encog.engine.network.activation.ActivationSigmoid"
"org.encog.engine.network.activation.ActivationSigmoid"
"org.encog.engine.network.activation.ActivationSigmoid"
"org.encog.engine.network.activation.ActivationSigmoid"
"org.encog.engine.network.activation.ActivationLinear"
