encog,BasicNetwork,java,3.4.0,1,1572772256819
[BASIC]
[BASIC:PARAMS]
[BASIC:NETWORK]
beginTraining=0
connectionLimit=0
contextTargetOffset=0,0,0,0,0,0
contextTargetSize=0,0,0,0,0,0
endTraining=5
hasContext=f
inputCount=2
layerCounts=3,8,8,8,8,3
layerFeedCounts=2,7,7,7,7,2
layerContextCount=0,0,0,0,0,0
layerIndex=0,3,11,19,27,35
output=0.9999793162,0.869564022,1,0.0079972815,0.4207547515,0.0000009227,0.9951866084,0.1768974266,0.0016448204,0.5295304884,1,1,0.7732798803,0.3915236583,0.9989583237,0.7544389447,0.9999994465,0.0007375197,1,0.9952693695,0.0254088752,0.9997905913,0.0000003861,0.0019490776,0.000347345,0.3400557176,1,0.0000000001,0,0.9588776832,0.929671291,0.0000000003,1,0,1,8,30,1
outputCount=2
weightIndex=0,16,72,128,184,205
weights=-15.5757837338,-2.2716413241,7.4854925352,5.7231765171,10.8057891884,-21.0189639164,15.0923401833,-3.697924771,-13.3049713216,9.6472322109,9.5615438767,-2.0090467695,-9.8474745656,16.586357647,0.7952224355,1.2373786785,8.0924977954,14.1215671355,-4.835033087,-1.1591201117,-3.5939714523,-10.8812969633,12.1379147533,-7.1983321728,2.0005219391,1.2931226482,-2.479579892,12.1892602947,-2.8693135215,-12.3649609769,-3.7221772205,0.0065288366,-11.1174767684,-8.139879099,-5.1918464571,5.1840805344,2.8316694972,-0.1566842307,15.5851335728,-1.6211945476,0.3439939853,0.2643127377,6.4182912153,-2.7650441874,2.6719307091,2.4094671193,9.6680836856,0.5999928918,-3.542940899,-0.9115989738,-8.0719021713,-15.9636509328,16.4708609581,3.4461305739,1.1321622855,5.9444912977,-2.9216187711,-3.7314295186,5.7870287825,-5.1782931301,2.8246424009,0.9234281477,-4.2846270792,-0.7455673129,1.7477132763,-4.5200451309,-13.8734298863,5.8516485206,-2.3530191128,2.255900799,-4.4717116027,0.9746369742,17.9513644564,2.5296420364,4.3713925767,-23.2029607668,0.9196380337,6.0075980112,3.9730001334,5.3802844251,-5.6130615165,3.0695862625,6.8446124979,-1.0673338771,3.2341749231,9.1708003776,-5.204140995,1.6524682579,-5.5885248539,10.0357383895,5.2296439935,10.0752574261,0.0362383427,4.5578944014,-10.4892500316,3.2029015986,14.7208512454,-14.2774726362,-6.0216082976,-20.9282971432,1.1461080401,1.5009461136,13.8686939816,-6.1210844819,-4.242260936,-13.0961170814,4.6531382226,-1.152043884,-1.885316561,8.2886962068,-2.8046243733,1.9797394854,1.7370181528,-0.2122520654,11.4106767481,5.1829448778,-13.0797663741,9.3247910529,-4.2795654695,2.7529217118,-8.2867484312,-0.7169841431,-0.6687415089,16.4789591693,-2.135344993,-12.2221708924,7.7575376394,-0.9067080069,0.2310198622,0.4027872634,9.2669082332,-2.4900126347,-1.4612134497,1.3371251004,0.3224574851,-2.5591083994,9.6905011871,0.5153111342,-8.7100682917,1.291931374,3.3885035827,-0.4042968823,-0.6709744881,3.9081959827,-10.3216622118,0.7511158391,-3.0632597194,6.5937615394,4.0775374495,1.7559883416,0.0641397789,3.522285731,14.3416591031,-0.2611977325,-25.8458120893,6.8744657466,3.6081666068,-1.2817572661,0.9771266459,4.9064896593,6.9470396381,-0.7926395263,7.7461528682,-2.488414683,-3.16793782,-7.2779626857,0.1795085301,-4.0746907791,-5.2057777966,0.3007755617,-5.5001235418,4.6147036836,9.9384264386,-5.0340739228,0.7734337364,-1.9469825057,3.1815135255,0.4840182169,12.9793484717,-5.7411705136,1.2107203499,-3.6806690974,-0.6360768024,-4.0905830231,1.5268461098,-1.323037913,4.0563476948,-0.9225387345,-1.1714445553,-0.1819073389,-2.4327265438,-0.2570056097,30.3211931995,0.3506791559,0.1641572437,-5.1484995778,11.5192856921,-3.8812774931,2.4242458033,-2.8751390553,5.5020300724,-0.3860942585,-0.9453228882,-0.6964337702,-0.8507845296
biasActivation=1,1,1,1,1,1
[BASIC:ACTIVATION]
"org.encog.engine.network.activation.ActivationSigmoid"
"org.encog.engine.network.activation.ActivationSigmoid"
"org.encog.engine.network.activation.ActivationSigmoid"
"org.encog.engine.network.activation.ActivationSigmoid"
"org.encog.engine.network.activation.ActivationSigmoid"
"org.encog.engine.network.activation.ActivationLinear"
