encog,BasicNetwork,java,3.4.0,1,1572772341210
[BASIC]
[BASIC:PARAMS]
[BASIC:NETWORK]
beginTraining=0
connectionLimit=0
contextTargetOffset=0,0,0,0,0,0
contextTargetSize=0,0,0,0,0,0
endTraining=5
hasContext=f
inputCount=2
layerCounts=3,8,8,8,8,3
layerFeedCounts=2,7,7,7,7,2
layerContextCount=0,0,0,0,0,0
layerIndex=0,3,11,19,27,35
output=0.4769836422,0.2867492552,1,0.9999999996,0.3945143598,0.9999999831,0.9999999981,0.9935264139,0.3925005908,0,1,0.999993079,0.9602470475,0.979526487,0.9999999725,0.6273508097,0.0000011352,0.1231692199,1,0.0596582983,0.7758110368,0.999999238,0.001007646,0.0002104428,0.0000030232,0.3874189423,1,0.0000000454,0,1,0,0.8305558389,0.9999995423,0,1,8,30,1
outputCount=2
weightIndex=0,16,72,128,184,205
weights=1.4244636471,11.2956464665,-10.0747572283,-12.277267003,11.7896367524,-11.4899163789,-7.3493633098,9.1756185576,-15.9751417233,-9.5621070234,13.5109805469,-10.7209375291,3.7824588083,25.7305134651,-0.0192069599,2.1890480902,7.1303478959,-1.2366461942,4.8578777186,1.5675474795,9.6806574335,-12.2033793809,4.650773357,2.6617757407,-14.3224405411,0.5047339647,-1.0956993943,15.3893326552,-0.7409931331,-7.1449012443,-7.8946735826,0.5304826951,2.0143205633,3.1568209989,1.4088618318,4.348839348,5.4217330643,-12.3704093412,6.2185912908,2.9567494551,0.7406548735,1.0904599077,7.8290375925,10.9498404746,-0.6181592911,-2.187036673,-4.4035339459,0.6182566723,-2.1833929629,1.2258154045,4.4172281914,2.6086305873,2.0885502795,-4.9128287142,2.4925491559,-2.5128533359,-4.1689999764,-4.1362779989,7.6882057503,5.1904505855,-14.2297181225,-7.0942525072,0.6023735146,3.8355944496,-10.4925050677,-18.5868825395,-7.4288872191,2.4515344835,5.6199070424,-0.8582341067,4.5745271171,4.4473189977,-14.6197633064,-4.9885368697,5.6468600476,-2.8471672472,2.9024947212,-9.3543873145,-3.7535675242,12.4329277901,13.228557024,-3.8861844978,7.8177625507,0.6002008422,-8.3737692762,-0.2911975561,-8.1562064463,0.7535286723,-9.2412778497,-2.1193747901,5.4315453692,4.0542415307,-0.8742623939,-1.7900743931,-3.6586146988,2.0454701017,-9.8286139126,4.5025675239,15.4025393899,-4.6523071014,-7.1346536514,-2.2117162647,-1.2276808899,-0.4200000093,-5.9937361371,5.2201972279,1.7423109371,-6.2434531162,3.4372984451,10.0451243608,-9.0117345412,-1.4168975819,12.0126611228,1.909424951,-12.196517353,0.4076814675,0.0930124911,2.2830145845,-3.8113292331,-2.2140778804,0.3796292818,-3.1680751731,1.3992420401,-8.329937354,7.8812168322,5.0827820439,-4.9046567031,0.9800604638,4.0294905387,-1.960924005,1.63636636,0.910618244,-25.3787888855,8.3378298054,-0.1359985162,8.3466986941,5.9692603436,-10.7225860872,-0.9885767051,-0.8617209907,1.5252066295,0.0525487592,-0.0006006231,0.9106781266,-10.8191393331,3.3336875104,-1.6387965048,0.2065090288,18.4528172973,0.8777906913,-0.386396933,-0.4777140692,8.4489799903,3.4409897679,-1.3209456837,0.0431668385,-6.3260918789,-0.16580183,-0.4374728093,-0.1582106021,10.9827999511,-7.1380861646,-3.327894934,0.3419573477,1.6876335066,-3.7235253446,-0.6289579621,-2.8163421122,15.1115170557,-5.6268190385,-6.3940021594,-0.1210013903,-13.5344862014,2.9095398939,-0.4914430315,2.0164120051,4.0075835459,-7.7782836736,-1.5456848488,-0.3840771961,10.6630799,-4.026431614,0.1085642783,-3.7423434604,3.3776259565,-1.547222576,2.4870554981,3.1212140683,-6.9628863663,1.7104039023,-0.6458357823,1.1953994529,-1.8993686939,-0.7427811964,-0.772051941,-0.0408424169,-1.8671954916,-0.1589768812,21.2964420927,0.9373051751,0.2053522436,0.9381123205,-0.8440449621,-0.786091545,-0.2423198688
biasActivation=1,1,1,1,1,1
[BASIC:ACTIVATION]
"org.encog.engine.network.activation.ActivationSigmoid"
"org.encog.engine.network.activation.ActivationSigmoid"
"org.encog.engine.network.activation.ActivationSigmoid"
"org.encog.engine.network.activation.ActivationSigmoid"
"org.encog.engine.network.activation.ActivationSigmoid"
"org.encog.engine.network.activation.ActivationLinear"
