encog,BasicNetwork,java,3.4.0,1,1572772376444
[BASIC]
[BASIC:PARAMS]
[BASIC:NETWORK]
beginTraining=0
connectionLimit=0
contextTargetOffset=0,0,0,0,0,0
contextTargetSize=0,0,0,0,0,0
endTraining=5
hasContext=f
inputCount=2
layerCounts=3,8,8,8,8,3
layerFeedCounts=2,7,7,7,7,2
layerContextCount=0,0,0,0,0,0
layerIndex=0,3,11,19,27,35
output=0.7352996629,0.8682879375,1,0.0000002021,0.0712853988,0.3732194664,0.9957701849,0.0310087011,0.0438874842,0.9997737857,1,0.0250503636,0.1756297288,0.9980923241,0.5956553839,0.0300580574,0.9921593802,0.00127124,1,0.99993926,0.9988282729,0.0000007486,0.3461283525,0.1243873044,0.3626554413,0.0952987556,1,0.0000000627,0.9746423112,0.9999947095,0,0.9999926884,0.0000000015,0.6747754964,1,8,30,1
outputCount=2
weightIndex=0,16,72,128,184,205
weights=-11.7785619096,14.2339044001,-1.5315953036,-14.7715374014,-3.9933722127,-4.2793532658,13.2984968901,2.3038410328,-6.2286586345,4.1331192961,7.4389317919,2.6182225123,10.3094602479,0.8422301396,-1.3048885594,-2.8442796364,12.8761599785,7.3812948902,-11.4702203092,-3.9508734316,5.8989423757,-4.0043269401,5.9951594773,0.5561947634,-5.2008146416,-4.9428745734,-10.3305496323,7.54637893,-7.2669687913,8.0724963071,-2.2252512782,-3.5408540273,-3.4048303791,-7.6447595605,-0.6205363205,5.8423039917,-3.3926868368,2.1066542459,1.3241034314,-3.9409802745,5.503648091,6.1533815981,-7.8561979115,6.8612496657,-6.9922789016,9.0505666005,8.2763676736,-0.7829078546,4.0462607691,0.0587026534,-2.2398124061,-11.2925650423,3.2494848869,6.9229926543,10.2149367282,-1.5710122251,-5.6199434909,-0.9537960591,2.9122397879,-11.6143402835,-1.0711878803,-1.8481296621,2.4060678038,3.1012886107,2.557235203,-1.0649904921,-3.1241853983,13.6382067086,10.2270014377,7.5037759042,-1.6278196921,-4.2389360754,3.5812801392,-11.3374728293,0.2131324164,13.409315991,4.0006531676,-2.0743466782,2.2068623689,-0.5153848829,-4.0015859877,-1.6931149674,5.4275921152,2.4200168933,1.1182039968,5.9534276867,-3.6560991262,1.3588800564,5.2223979923,1.0068417007,-6.0748106006,-13.9367732814,3.044441283,6.3598365784,-1.5452566445,2.3182761337,-12.8435490169,4.1247715712,-1.5098959029,9.9448731671,-2.5318991982,2.1541065029,-0.0385199322,5.205432334,4.1382325092,-5.3107307379,-1.0612158753,-3.4288621702,8.3418284513,-4.7304196715,-4.3908144443,-0.0244173598,-1.7462748066,2.5803303503,-2.8681118288,14.3919013887,-5.6243291252,1.377326369,-1.7549137498,-0.6046739368,-5.4856830295,-2.028323264,9.0707648032,8.9143915288,0.6139835313,-1.8975279028,-1.5203348575,-1.4840613754,-0.699093572,5.071138166,2.7771853655,0.1538569653,3.8084770007,-6.3817472452,-7.9683834225,3.5575508283,0.1126722451,-10.1994740678,2.3804517541,0.6988188512,1.7080817329,-1.3464075126,15.8195611946,1.9257823805,-0.0713716148,-4.6618096421,-2.8785867867,-0.2969995974,-0.5360886288,10.2301030126,-5.0572267912,-2.7343682856,0.5682798578,-3.8986341448,1.2327823931,-0.0482714939,-3.7393465704,-8.4886729682,8.3387593158,0.0434252645,0.6453937027,-3.6836663268,2.8582115189,-0.1469455187,1.69157621,-1.4341627369,-8.9769002153,3.1463653392,-0.9673895873,0.0323398242,1.7217108931,0.8240594914,1.8400995365,-5.8351905655,-8.8902267332,1.8417423666,-0.208391631,-9.5361036459,2.1291966153,0.1435417078,1.9643672236,1.9070648031,1.6052599128,1.8669738218,-1.0110888103,-0.2523309605,-0.9258010031,-1.2663379712,0.3421879564,3.5140536285,0.8566437457,0.1603526299,0.4858620732,-0.9813591198,-0.6100089789,-0.2748239295,-0.1388183873,0.4422187951,-0.3299799929,1.9950097969,-0.9732178339,-7.1103764104,-1.0983316663,-0.0682139942,11.5629374699
biasActivation=1,1,1,1,1,1
[BASIC:ACTIVATION]
"org.encog.engine.network.activation.ActivationSigmoid"
"org.encog.engine.network.activation.ActivationSigmoid"
"org.encog.engine.network.activation.ActivationSigmoid"
"org.encog.engine.network.activation.ActivationSigmoid"
"org.encog.engine.network.activation.ActivationSigmoid"
"org.encog.engine.network.activation.ActivationLinear"
