encog,BasicNetwork,java,3.4.0,1,1572772390178
[BASIC]
[BASIC:PARAMS]
[BASIC:NETWORK]
beginTraining=0
connectionLimit=0
contextTargetOffset=0,0,0,0,0,0
contextTargetSize=0,0,0,0,0,0
endTraining=5
hasContext=f
inputCount=2
layerCounts=3,8,8,8,8,3
layerFeedCounts=2,7,7,7,7,2
layerContextCount=0,0,0,0,0,0
layerIndex=0,3,11,19,27,35
output=0.2940929348,0.2352244815,1,0.6267075146,0.0526545176,0.0010410777,0.9998335334,0.6939799088,0.9999998286,0.9838819696,1,0.6938813218,0.0002447126,0.3869517616,0.3411647364,0.1702906742,0.5332044352,0.0000000026,1,0.9977994808,0.0000433227,0.9676222365,0.000358108,0.9994535132,0.3632037949,0.9700175584,1,0.0000000261,0,0.9999979767,0.0000076407,0,0,0.9698724717,1,8,30,1
outputCount=2
weightIndex=0,16,72,128,184,205
weights=4.0927374236,6.7102666649,-7.7090798451,9.8404898862,19.2723013655,-12.8295828768,-16.0241751951,1.5961988395,17.0563226261,0.9366984017,17.8481872071,13.293560637,-9.6487408421,-11.092574104,-6.3718708399,-1.1698447434,-2.8282117377,3.0421122945,10.8732880175,-13.2795730597,0.6851614445,12.3683759883,6.613980528,-3.9086489174,1.1888852467,5.4047975458,-0.4644532499,-7.7517455962,-2.419878845,-0.6706528676,1.7914949999,-0.1221585687,-5.1551908455,-11.5147476738,-3.5796332072,12.2464929394,1.7237601501,-2.9365787224,11.1801973581,-4.8072184622,8.1450899606,-1.132956482,-2.70579439,3.8159584993,4.2609736838,2.5109904199,-14.8693545188,0.7297667851,0.3020711166,12.3432534486,-1.4823160918,-1.463969575,-6.9837962384,0.0629137476,-11.4707823108,2.8349393245,3.2091945357,-10.9941240692,4.5058448222,-1.7352152332,5.9568097278,3.0193865821,-10.523228942,9.5792075971,-1.8773501134,-9.1640237172,7.4866337665,-7.0066174327,10.5802585302,-0.7803864684,3.057202324,3.5242989478,-1.2960311355,0.6563168948,-1.3457464124,-1.1945988026,3.8070285029,8.6857442198,-1.2425446453,-2.340272366,-6.3575180699,12.4300275999,6.2017690888,6.1653181599,-7.5730952247,10.6568610446,1.4592171924,-5.6924911698,0.7021796475,4.7255335208,4.0375103192,-1.0960871475,-1.1675579148,-14.8774160824,0.4556738749,1.061067135,4.5239256757,7.8225767727,-12.3787594413,-7.254787908,4.9605477373,3.2016695924,4.2772733585,-3.4615824275,-5.9266894748,-2.4333104151,6.8626044791,-0.58894153,3.3539681304,2.1929879488,-7.0624753791,0.3920750516,2.2905199059,-0.8758996185,4.2586346885,-3.5161673044,0.4075827831,-11.9497379,-1.9641663781,-0.4338125898,-13.494211063,12.5165022899,-4.6290652306,8.8120190489,-12.3352894975,3.3796565733,8.972837771,0.5547891249,0.1154780428,15.9743332051,-1.9710426967,-17.8071520077,0.8569755364,7.3214717946,6.3296597716,1.9490710192,0.7436373335,-3.5277125722,-11.6421063184,1.704941917,-0.1204810784,-1.1892557425,-1.41761726,2.9701878652,0.7731653574,-8.8994549487,5.0898786257,-10.0557128547,0.3165837435,-0.5522226527,-7.3762623939,5.4616122083,-0.8779472057,3.3079794024,-4.4595660161,10.6315003715,-0.474387675,-0.1693735622,8.475803955,-11.695290902,-0.7035569216,8.2209575421,7.2239535813,-3.1564331271,-0.0595096436,-3.6477765978,4.6625707129,-4.2345600424,-0.4441296814,-11.3175114634,5.599221114,13.608742875,-0.5906333071,-0.0229932907,-1.7804523048,-4.4339876566,0.5124021471,3.1922009733,8.6870908166,-5.1579921584,0.7287228542,-1.6362387887,-3.8237743479,-1.501758124,-1.3656519473,-0.2437547984,0.7765218762,4.9119584759,-1.2672915066,-30.3965022842,-0.8434178416,0.7159945752,-1.6216962926,6.3674526714,-1.1290248412,-28.8508867984,-3.0764858902,-2.1317771192,0.5215780525,1.3020845036,-2.9231778788,0.358668247,-0.2013258161,0.2606132556,-2.7360658642
biasActivation=1,1,1,1,1,1
[BASIC:ACTIVATION]
"org.encog.engine.network.activation.ActivationSigmoid"
"org.encog.engine.network.activation.ActivationSigmoid"
"org.encog.engine.network.activation.ActivationSigmoid"
"org.encog.engine.network.activation.ActivationSigmoid"
"org.encog.engine.network.activation.ActivationSigmoid"
"org.encog.engine.network.activation.ActivationLinear"
