encog,BasicNetwork,java,3.4.0,1,1572772408345
[BASIC]
[BASIC:PARAMS]
[BASIC:NETWORK]
beginTraining=0
connectionLimit=0
contextTargetOffset=0,0,0,0,0,0
contextTargetSize=0,0,0,0,0,0
endTraining=5
hasContext=f
inputCount=2
layerCounts=3,8,8,8,8,3
layerFeedCounts=2,7,7,7,7,2
layerContextCount=0,0,0,0,0,0
layerIndex=0,3,11,19,27,35
output=0.2641422259,0.4149561676,1,0.2882650627,0.1114478313,0.0012143334,0.9999920068,0.8701097918,0.7686089933,0.0000041719,1,0.9999999701,0.7342804125,0.9994532955,0.0734317832,0.9999958045,0.9998282128,0.0000000012,1,0.9997737443,0.9977259907,0.9513541765,0,0.4682119345,0.0026013467,0.7312479642,1,0.0000000066,0,0.3913040974,0.0000000004,0.9731517146,1,0,1,8,30,1
outputCount=2
weightIndex=0,16,72,128,184,205
weights=-5.7624047505,3.2691192244,-1.3882820726,-18.7589801797,16.5806126084,5.2787531923,-0.7070294206,0.5484830148,-16.1580468682,31.2079925356,-19.3348146694,-20.737756398,-2.3480617658,6.5213242709,-7.1727824675,18.6280459536,-6.7179383873,21.9425044646,-2.0714766659,-18.1229630369,-10.7502201498,-0.8678941098,-11.3836769326,4.7212275574,-6.4644555895,7.9366388637,3.8068262191,0.2767974572,-0.3483630025,8.9917181027,4.0982397445,-13.9061824689,-11.7256854055,1.3833025371,14.1994746496,24.7756804604,-1.0119127021,-2.9714736176,-2.3569526927,-8.0305543478,2.8165943584,-1.6115867519,18.8502792906,8.2281589067,-8.5714238032,2.5290263083,1.4473101368,-3.2977087766,-13.3308913705,-3.4158035847,3.7830212185,0.3266664317,-0.5033089146,17.8270816609,5.9660120874,-3.3846746264,17.6800752832,0.7019785034,-3.8859084136,15.1201706134,-15.0204729988,-5.1962373399,2.0905478485,5.9941871597,1.8788778363,-0.2341797931,-3.5874414527,-4.0815951768,-7.0893500227,-1.1846518139,11.9890367047,-1.9350829101,-5.7338241715,24.5659331848,0.5343135586,-0.7696847148,-1.917694734,-31.1369388315,-13.1379059249,8.6269125298,-1.5269896899,0.2926512938,9.2200054038,0.5348590881,-0.4048182449,2.7221566278,-9.2942720633,0.4584941533,13.9580875716,0.6901930699,-7.2235996896,-1.3415338422,5.2499070357,6.1680660215,-7.1686386736,2.5076419897,10.8994591348,2.4657385894,-28.1755129156,-0.4035403584,12.4662007862,5.415450481,8.3908830602,-1.0740910806,-3.2555174232,2.8168459615,10.0358826576,-21.8223984758,-0.9801110556,-11.2607475234,1.5031070225,2.6671957555,-3.4948034147,3.0723257879,-0.940796002,-5.7113587049,7.5854112602,-15.9676319813,-1.4536610021,7.5457300003,-4.7292319508,0.882752712,-4.8396880857,-5.9975980868,-2.9896758942,20.6861174347,-2.0338858681,-9.2477912401,1.2291120167,-0.0033853966,1.4940669292,-16.6118466379,0.38815076,3.9291637713,0.1033952166,3.5020905072,0.215737383,-0.5500162393,22.5866989321,-4.422379293,7.1287755988,-4.8912096473,-0.8213712735,-4.8005041917,-1.3130599942,0.481678027,-20.4338618652,11.0900470382,-23.7560860241,16.2922037601,0.5996084834,17.7952464266,0.7321000398,0.7889231124,23.9426302195,-2.0680901259,-23.1115834258,-9.757458337,-0.4451767844,-10.0610244849,1.5028098514,-0.4276233395,27.1320124305,-24.3761257127,-10.8103913322,-0.9749024039,-0.0832672831,0.7508616373,0.6618520558,-0.7362133474,4.9904838046,-6.4454103127,-14.8186531674,2.9295767708,-0.8126386834,3.589302929,0.2363607969,0.3078696776,-10.3535500082,18.8103697387,5.6605521928,-0.772880637,-0.3691543036,0.3166545564,-8.5447077339,1.6603585735,-0.2875677921,-1.3744501653,-2.5029568816,-1.008698993,-0.712198539,-0.274497526,13.4906802883,2.4769669796,-1.0993640396,-8.3588812928,-0.931366449,0.1670790283,6.0288987771,1.1888195171,0.6498260675,0.7831138778,-1.5566058078,-1.3442090425,-0.8588668725
biasActivation=1,1,1,1,1,1
[BASIC:ACTIVATION]
"org.encog.engine.network.activation.ActivationSigmoid"
"org.encog.engine.network.activation.ActivationSigmoid"
"org.encog.engine.network.activation.ActivationSigmoid"
"org.encog.engine.network.activation.ActivationSigmoid"
"org.encog.engine.network.activation.ActivationSigmoid"
"org.encog.engine.network.activation.ActivationLinear"
