encog,BasicNetwork,java,3.4.0,1,1572772441564
[BASIC]
[BASIC:PARAMS]
[BASIC:NETWORK]
beginTraining=0
connectionLimit=0
contextTargetOffset=0,0,0,0,0,0
contextTargetSize=0,0,0,0,0,0
endTraining=5
hasContext=f
inputCount=2
layerCounts=3,8,8,8,8,3
layerFeedCounts=2,7,7,7,7,2
layerContextCount=0,0,0,0,0,0
layerIndex=0,3,11,19,27,35
output=0.3176402766,0.2584257207,1,0.9839962625,0.7524841609,0.9996548314,0.0000255506,0.0000000002,0.2811294676,0.7987659178,1,0.0299760151,0.9693674145,0.4948098005,0.999973932,0.0000420945,0.9999820514,0.9837697282,1,0.0002138717,0.4186120702,0.254644284,0.9999987103,0.7692078896,0.4852485698,0.2840374584,1,1,1,1,0.0104987483,0.4712802127,0.0000405136,0.0000192538,1,8,29,1
outputCount=2
weightIndex=0,16,72,128,184,205
weights=3.854910299,2.1674253768,4.8601843363,-7.7786657135,11.4862329707,-9.993255392,-12.554303877,1.7902325936,-2.3764382736,14.4792743419,-10.4021564341,4.2776250794,3.0102693123,-0.2380970848,5.05429399,-3.1829902812,-1.5181433228,-6.786797202,-0.3967752769,5.8524106077,-2.6026174333,3.7422505999,0.1834891193,1.1646930828,-2.2768726366,6.7275882418,-1.1081588296,2.9556143091,-3.7501164047,3.3563311443,-8.5827481043,-2.6612225664,-1.3759261051,0.9371392794,0.6416497618,-2.7520907659,0.0450944737,2.5143083707,6.8871316794,0.2488523486,4.3764981867,-1.0361725641,0.6732154221,2.7628206656,2.1517423496,-12.4342620447,0.8611421436,-1.2106608079,4.6161600639,-1.6923179802,2.1722982903,-4.4008967473,6.5361482412,-4.9494325882,-13.6159873478,0.5809850384,9.3558215194,0.2605758421,-0.0580882541,-2.1326446039,1.6254341864,-2.9725185335,6.0824258034,-2.3218879234,-3.4374475331,-6.9097268938,8.0177934521,0.5506337571,-3.0815487766,-1.4537689243,10.8639507145,-5.5719512878,2.6570922968,4.9507575636,4.4101985056,-0.8256319891,-7.6411125742,4.9177742453,-4.6825986992,-1.0260447067,4.6942513764,3.0934453172,-7.1633767572,1.6141105541,5.2657815722,2.5085309105,-6.3919822646,-1.0835530338,-1.0263801141,-1.5972695943,10.8792369989,-0.1422360885,-2.6190200447,-0.4954289333,-2.9921730929,1.124860994,-7.5787872794,-4.4787795188,0.3426680469,4.3493547708,5.1824176803,3.919518802,0.8774239504,1.8571400842,3.8517054613,-0.5643765532,-0.4558948542,0.7830574003,-9.7965585279,0.1731438946,-2.3546035006,-2.386718729,0.2924334846,0.333298396,-4.8866587816,11.2274135853,6.6228747308,-5.5683026605,-0.5519211509,-1.4302355678,-8.6963340928,14.8853880996,-4.096555974,0.7191508394,0.9242627665,-2.3479474884,1.7457941438,-1.8682978352,0.075312975,-0.5619403221,-4.267372178,8.8770305715,-7.3066866453,-15.4723495378,4.4456347196,-0.3450805463,1.6353145274,0.4934264181,-2.1856359028,-6.6349936474,-3.1474415681,-8.2940655392,10.2937457418,1.2815452629,-0.0110513069,-1.5405706664,-1.2539520436,14.5865276256,2.657560787,-1.8046968737,2.4679207836,0.3260095505,2.8101697742,1.5355992925,6.7489502392,-12.9156804876,-0.0125271699,-1.3673935984,-1.0780316949,2.6079358482,0.7679692631,0.4897126795,0.6771022316,-10.5876144081,-0.1923286001,10.2504996771,7.689364029,-0.5297062265,0.8373589164,2.18504332,-2.1620751678,2.6774898009,-3.483062894,-9.8801900125,-0.4884392039,0.6944480989,-0.2071720486,-1.151451497,-1.1429845252,-4.7616188606,7.8426574444,0.4157399492,-4.1976673905,-2.068947906,1.1820766429,0.5508106205,-0.0959431281,1.4396202801,0.8897044375,0.8745551585,-5.8764678937,3.7686250503,1.1202320728,1.4411119245,-0.4443781047,-3.1878753508,0.0423066576,0.1896388843,-5.9529866466,2.3562837215,-0.3512597538,-18.7775680228,1.420486048,-1.1463739933,11.0231764942
biasActivation=1,1,1,1,1,1
[BASIC:ACTIVATION]
"org.encog.engine.network.activation.ActivationSigmoid"
"org.encog.engine.network.activation.ActivationSigmoid"
"org.encog.engine.network.activation.ActivationSigmoid"
"org.encog.engine.network.activation.ActivationSigmoid"
"org.encog.engine.network.activation.ActivationSigmoid"
"org.encog.engine.network.activation.ActivationLinear"
