encog,BasicNetwork,java,3.4.0,1,1572772453631
[BASIC]
[BASIC:PARAMS]
[BASIC:NETWORK]
beginTraining=0
connectionLimit=0
contextTargetOffset=0,0,0,0,0,0
contextTargetSize=0,0,0,0,0,0
endTraining=5
hasContext=f
inputCount=2
layerCounts=3,8,8,8,8,3
layerFeedCounts=2,7,7,7,7,2
layerContextCount=0,0,0,0,0,0
layerIndex=0,3,11,19,27,35
output=0.357143795,0.1153029306,1,0.2305590282,0.9933341336,0.994378318,0.999936102,0.0010261962,0.4788353141,0.0011906928,1,0.0000009086,0.9998687227,0.1904713842,0.0000084133,0.0055552302,0.9999998767,0.0000002269,1,1,0.1873559148,0.0230879749,0.7896806908,0.022198306,0.9999288268,0.000000177,1,0,0.9993474175,1,0.9632242863,1,0,0,1,8,30,1
outputCount=2
weightIndex=0,16,72,128,184,205
weights=-5.8793015723,-0.773533197,-1.7153254289,10.4800910952,5.8340585388,-7.0118666943,-6.0024469385,-3.8789290468,0.7672533732,-11.7412255325,12.5431503303,-12.5346389026,-15.1528020194,4.1316581466,16.8219094756,7.5267178851,-11.8447390505,4.7289641395,-19.0881754501,-1.066742206,6.0171930827,0.2427021511,5.7615233861,-2.573860041,2.4855767345,0.2316619764,-10.0783556246,-8.3115689875,-6.7543745347,8.2388800271,-8.3253053334,-1.5092134085,1.5215241117,7.1908714359,4.5484841103,-0.5880909126,-7.4486229063,0.2215252449,0.8016911464,-3.0609396985,-0.699725379,7.9948561035,-4.6502025761,10.4210774842,-4.466932887,2.8351597196,-6.2909366599,-0.2603472484,5.4527493597,-1.078845744,10.9141440233,11.6217394148,-6.0145209059,-1.2186456449,8.9259264168,-6.629044775,-2.5896430439,7.9796468209,1.779202105,7.5874527132,-11.2490233093,-14.631747314,5.0361110574,6.2919780744,-3.150583067,-4.9258588554,-1.0743439787,11.4088579605,7.3230150095,4.2853016439,-7.2474030193,-5.9282582163,-9.4474890776,1.8104312693,-4.5689702241,2.006738701,10.2669860876,-5.9163060488,-7.0512004199,-0.5942508065,-3.3668896674,2.2824457561,3.6802315062,-0.4326673635,-23.8345999745,9.3046336764,3.1657424295,3.3591427652,0.5231471096,5.2356148325,-6.3047957594,6.4433839894,0.0204906155,-7.5028139942,-0.8736598278,-0.3918463304,-17.9180451267,-2.685536035,6.9942273824,6.0318166332,1.3418197764,-3.9025047123,-4.9796760202,5.6832581231,5.7172065918,0.2149253067,8.6408536612,-6.4530146093,-5.0992736181,-6.9495759034,-1.4598535181,1.0136791707,-1.9431495173,-5.0343717699,-14.5012669687,14.4472226078,-1.1482422107,2.0158315188,-1.2557945669,5.7305922962,-20.8900076274,3.8044241149,5.5405700689,2.4988974279,-0.7952934422,-1.1188621667,2.2999448178,3.9137794692,-0.3487035971,-2.6807238371,-0.3515123449,29.6446222392,2.5330563303,1.3677960197,0.786237525,-1.5061121594,-0.5528084038,-5.888206469,2.0168510473,-1.5278107451,1.5788752611,-0.8871469341,0.9614754649,2.2929788964,0.1445201403,-21.0539411715,1.6107911876,10.4601327384,4.3463222342,0.2874376021,-0.9230260492,1.2625497397,0.6624907001,9.9650840021,-1.2290744635,-19.4369586661,12.1611052969,1.9646350444,0.8759045829,-0.8454593779,-0.6201020094,14.1758058111,0.6214279334,-18.6339744029,-0.8022196266,0.6836239273,-0.4931802983,0.177642556,-0.1321940613,-5.9082840159,0.0424364603,13.5090043888,2.0760394524,0.2391139008,-0.2181162023,0.324074277,0.9160830926,-6.5125666614,0.2695842032,-5.0136995434,-3.6940333644,3.2791356091,-0.0947725507,-0.7848723112,-1.9512494401,-1.3191355299,0.2541201313,-2.9668415983,0.2390991084,23.8956797603,-0.224824429,1.2302093935,-0.0458361912,-0.1845905889,0.4538673959,-8.8738485519,-4.4772832474,5.898547694,-1.2079195761,1.5855948005,-4.0531025187,0.9145341809,-0.7340717768,-0.7838646639,-0.2137645564
biasActivation=1,1,1,1,1,1
[BASIC:ACTIVATION]
"org.encog.engine.network.activation.ActivationSigmoid"
"org.encog.engine.network.activation.ActivationSigmoid"
"org.encog.engine.network.activation.ActivationSigmoid"
"org.encog.engine.network.activation.ActivationSigmoid"
"org.encog.engine.network.activation.ActivationSigmoid"
"org.encog.engine.network.activation.ActivationLinear"
