encog,BasicNetwork,java,3.4.0,1,1572772518027
[BASIC]
[BASIC:PARAMS]
[BASIC:NETWORK]
beginTraining=0
connectionLimit=0
contextTargetOffset=0,0,0,0,0,0
contextTargetSize=0,0,0,0,0,0
endTraining=5
hasContext=f
inputCount=2
layerCounts=3,8,8,8,8,3
layerFeedCounts=2,7,7,7,7,2
layerContextCount=0,0,0,0,0,0
layerIndex=0,3,11,19,27,35
output=0.1076919536,0.1481469234,1,0.000000079,0.3992092953,0.9796389656,0.0855058965,0.9915010816,0.9999989962,0.7421850902,1,0.9999826342,0.0000103465,0.0017976996,0.9520822529,0.8210945962,0.2017995873,0.0022474214,1,0.000001038,0.0037040055,0.9717403293,0.9999870038,0.1599340101,0.0340671773,0.9999999981,1,0.9999999993,1,1,0.9999895866,0.0000067692,0.0122879176,1,1,8,30,1
outputCount=2
weightIndex=0,16,72,128,184,205
weights=-9.2420639179,-7.184886457,21.9720436229,-4.1017163582,-17.9932171583,-12.0725094687,-0.6724178932,9.991638651,13.712416317,-2.6563592152,-7.0553745999,15.3074692037,1.7930158481,5.0173940629,14.7447209538,-12.8244045853,-13.3504705647,1.2387501822,3.7202633436,0.8639849895,-3.2583523953,-0.0564673959,1.9505661226,-1.1508897089,0.7261115118,-9.14585648,0.091671167,-1.1023609412,0.4555852986,4.5855222447,5.4460603636,-1.3970662995,2.9616747366,2.6162044245,-13.8985913401,-3.9382940279,-0.3442079736,12.5049459224,-3.6162295647,2.4537376472,2.7965870975,-3.1791723938,-10.1549214305,-13.168412808,17.7645450824,9.9394688494,7.6084389176,-9.2198757406,9.4192887047,2.1136426291,-13.8191712192,-5.4701182404,6.8197978829,-2.5866317992,0.9507307663,-4.5068753018,5.6634491993,-13.3900617418,-11.5529450096,1.0823669489,5.3665340834,1.4744854391,6.7178698626,2.4197347613,-2.1905293894,5.7751175588,-0.7396329505,-4.7258050662,7.3925705179,-4.2220158557,-14.8725995277,2.5638994569,12.1779494237,14.2846850115,13.3515491469,-17.7662894199,-2.8261298493,-5.4977671385,17.3731331159,-1.0339555864,-1.7099098343,-9.4237320105,-6.0461061043,-6.5313940059,11.5990561898,-4.1914252279,0.696776608,-1.4464624645,-3.2950222239,-7.2737256466,4.081407313,-8.4988379656,21.7790761686,-9.9041310142,-1.9156661155,-2.9899864603,1.3247546881,-2.5844212011,4.4484337444,-2.0870937309,-15.315560239,0.3551283977,0.0095312299,3.1909304769,-5.4625230457,-16.2399179762,6.9671920002,8.4144559209,-6.9651346497,5.3263101208,-18.7555789747,6.0873800327,14.5410321454,-13.0055099723,-0.9908997636,23.3335901573,-1.6541852815,0.1693752331,-25.8284399533,2.3899133457,1.3952633058,4.0806363629,-8.8648815577,3.9205596747,-5.9978731001,10.2190335335,-0.9508137465,0.144960262,2.9753857679,3.229446029,6.9627627573,-29.9762524815,-18.1888647392,0.9869756059,0.7030239005,2.3151417978,0.1769820452,-1.1852728297,8.0430702128,-15.2172025657,-1.2216739425,-2.461280388,3.5957779996,-0.9778906456,-1.9089304804,-2.3833736929,-3.8891933169,16.0350061375,-4.3295852081,-12.8008132231,-2.7197065289,-1.4386576008,0.6678177811,0.6469743696,8.7745653756,-0.3660482692,-11.8629598337,-0.3442267473,-0.0230210228,1.5548599508,-2.3910036097,-2.3069518511,-12.0888436568,16.7221623215,1.137316009,15.786601829,-0.37175945,-1.4161409362,2.3155816318,1.7327446348,3.794233768,-14.4251121572,1.984014887,9.6334907535,2.0602444819,1.0590085447,4.9394159477,5.3599338641,-0.6643111506,3.7564467481,-8.5193068108,-22.0790883569,1.8250382869,5.1347496272,1.3911151942,0.3534477234,-0.6602659757,1.1874537468,0.6489503914,-0.2092726264,-0.7150871187,7.1864076283,1.3331907643,-2.2964207208,0.7189859564,8.2741903404,0.9349073872,-0.6435324963,-0.0764057033,1.8486253283,-0.107076507,-15.9634821883,-0.8095646797,1.9618565877,-0.7508111195
biasActivation=1,1,1,1,1,1
[BASIC:ACTIVATION]
"org.encog.engine.network.activation.ActivationSigmoid"
"org.encog.engine.network.activation.ActivationSigmoid"
"org.encog.engine.network.activation.ActivationSigmoid"
"org.encog.engine.network.activation.ActivationSigmoid"
"org.encog.engine.network.activation.ActivationSigmoid"
"org.encog.engine.network.activation.ActivationLinear"
