encog,BasicNetwork,java,3.4.0,1,1572772530850
[BASIC]
[BASIC:PARAMS]
[BASIC:NETWORK]
beginTraining=0
connectionLimit=0
contextTargetOffset=0,0,0,0,0,0
contextTargetSize=0,0,0,0,0,0
endTraining=5
hasContext=f
inputCount=2
layerCounts=3,8,8,8,8,3
layerFeedCounts=2,7,7,7,7,2
layerContextCount=0,0,0,0,0,0
layerIndex=0,3,11,19,27,35
output=0.5135126892,0.3076912869,1,0.92076658,0.3574696946,0.0268245158,0.0000386697,0.0296692565,0.9999240271,0.1592567845,1,0.0082607777,0.5287495102,0.5707419382,0.6496754069,0.1833806808,0.9991059009,0.9999987471,1,0.1062139345,0.9999469482,0.9999927573,0.9998653008,0.0000086766,0.0008851919,0.1316750447,1,1,0.9553191998,1,0.0000018233,1,1,0.9886377157,1,8,30,1
outputCount=2
weightIndex=0,16,72,128,184,205
weights=-12.1005207968,7.1928443706,-14.1521933475,14.2416968144,-8.4942326527,1.5900040055,2.743360424,7.2289058024,1.1692237248,-2.8941158185,3.9541919086,0.4532495228,-3.2013110269,-7.5036025991,-10.9639014478,8.3850434853,1.0049668971,-5.2071473227,-4.4184196928,4.5802956324,8.6359082966,-1.6866481129,3.9112131775,0.9341282238,-2.6829971622,3.4602742481,4.563923485,9.6470608378,-8.1810162426,-6.8629330468,-5.8207244338,2.9116555976,2.3559952852,6.2412172237,-0.4422061738,0.9285670995,-4.972881353,-1.3849534696,-5.8812228099,0.915228309,-1.5601594841,-12.2070723319,1.8178950208,5.4611493979,4.1761835118,-3.9598892486,-4.0808148943,-1.0072401702,1.9121155509,1.0340656116,-5.3739457493,-7.6609935307,-0.6341375259,-2.8104251868,4.3174464952,2.6009723158,-2.8906241375,2.9846179515,0.3308231134,-1.406317775,-0.1826733319,11.5910976278,-5.2090858707,2.3175002783,-3.4026834136,10.4558011017,-10.3152144756,4.2079469499,-15.4790694152,0.1876997497,-0.656379293,-0.7032245977,3.5709646063,1.4969878777,-2.1705463361,-5.5190468869,1.5898076109,-1.7815352024,-0.71391757,1.1202663122,3.5920603154,8.558608747,-5.7930176433,0.109126613,5.5176702624,10.8920228685,3.5841125675,-3.6223203453,1.1372564695,-9.7368785113,10.8973514603,2.2238078263,5.1712374368,6.2143414299,-1.5409811214,-3.0229694627,-14.3039149127,-5.340218666,3.3017134768,1.2933406477,-2.8709932173,-11.0214813198,1.7394659314,2.6627039524,7.6552271298,-10.5047764996,12.7976527947,2.9472967072,-3.6456226242,10.9333052743,-11.8679611749,-5.9938733489,5.7028380238,6.6338406644,-1.9023274887,2.3212641895,-8.5197622406,3.3032969079,4.2740428371,-1.2046828286,0.7471327051,9.3672337174,1.9456441542,2.0280833727,-10.045694711,-0.2958209492,0.9669193657,0.0435427325,0.8163913847,-25.195261863,5.1181708294,0.8082831662,4.2924661042,2.9154413715,4.3703397129,4.4763524313,-3.5266884663,-12.6784683719,4.757085895,0.1378866421,7.2284836072,-4.5867515659,10.8234420336,7.3835804158,-3.7759786102,19.3340477931,-1.934337437,0.2129149927,-3.0617046141,-5.342374008,10.0894571201,-2.4950987771,7.7362277261,1.9294948274,-4.0369107053,0.6954819078,-3.6099587944,4.1700305102,6.2900142998,-3.4088874843,4.0532574632,-5.2258615822,-3.0600129878,0.6057356585,1.6245554151,2.836504465,-14.6938372412,2.4100690249,2.8467876345,-16.3963274514,1.8020617284,-0.6129612713,2.3023815592,5.7578389235,-6.3763241722,2.2297117266,0.7467266263,-13.8811288202,1.7369501818,-0.380683478,2.142171453,3.2344803435,2.3067405863,1.2338213103,-1.4855219963,3.2661194175,0.131296169,-1.7598859019,-0.1467167273,21.5430906755,-3.4578668973,5.5271333619,-0.946446121,-0.7262157478,-0.2175793044,-0.87776631,2.2475576875,0.3880052106,-0.256269518,-1.8958579383,1.5001611529,3.1263750522,-1.0725914398,0.3902058922,1.3405832255
biasActivation=1,1,1,1,1,1
[BASIC:ACTIVATION]
"org.encog.engine.network.activation.ActivationSigmoid"
"org.encog.engine.network.activation.ActivationSigmoid"
"org.encog.engine.network.activation.ActivationSigmoid"
"org.encog.engine.network.activation.ActivationSigmoid"
"org.encog.engine.network.activation.ActivationSigmoid"
"org.encog.engine.network.activation.ActivationLinear"
