encog,BasicNetwork,java,3.4.0,1,1572772547653
[BASIC]
[BASIC:PARAMS]
[BASIC:NETWORK]
beginTraining=0
connectionLimit=0
contextTargetOffset=0,0,0,0,0,0
contextTargetSize=0,0,0,0,0,0
endTraining=5
hasContext=f
inputCount=2
layerCounts=3,8,8,8,8,3
layerFeedCounts=2,7,7,7,7,2
layerContextCount=0,0,0,0,0,0
layerIndex=0,3,11,19,27,35
output=0.23572833,0.0004292864,1,0,0.0030167291,0.9064863832,0,0.9999999719,0.9998871974,0.9372465134,1,0.2388709616,0.9999999996,0.0326530529,0.9999879243,0.0000001435,1,0.3463298601,1,0.9974265322,0.9934610716,0.0010485317,0.9999997637,0.998942167,0.4427732677,0.9994478421,1,0.0002171749,0.0000000002,1,1,0,0,0.0373127914,1,8,30,1
outputCount=2
weightIndex=0,16,72,128,184,205
weights=26.826663264,-28.4895686562,-18.3462932043,-34.7672973274,25.6814496692,-20.6127276981,-13.3841361704,23.0135555089,7.6802899301,21.0196772801,-8.0007768789,-0.9199797734,-11.9992712688,22.5260529923,-21.9099345693,9.4469963832,10.1342312969,-3.4660800639,3.693078194,-10.2342650435,2.9439014624,-51.1298644851,7.7278722624,4.6292314874,-0.4878154219,-10.4189745636,5.7899988545,0.73576819,-15.0591385854,2.5631499227,9.0136072245,-1.8747108527,-9.0816677822,15.3158284939,13.8313379493,-0.8850150868,-6.9607642944,-1.5727201981,-15.0406393549,-3.659900113,1.0904432007,-8.8992231189,-4.7574908481,-4.5695999475,8.6530388074,-15.4498154791,6.9901060943,-2.6236629855,-0.8600785762,11.6946140116,-2.9383719186,8.0863953793,-17.3930342461,0.1653475777,-4.2461590468,-0.7871991491,-2.8235997656,2.1481569553,-13.9634405042,-3.1834260574,4.5714458589,8.0408292857,-5.0259075337,4.9552062962,4.9203504992,9.4598222898,-9.6465192982,-0.7051679698,10.0442661221,0.3862137918,5.9444883916,-9.3562402531,-2.2620803963,3.747565874,13.8889665467,-3.1677417899,-1.7272122444,0.0297929765,0.6250118474,1.615023672,5.6649631222,-11.3452289458,-21.5837448454,16.8357717127,20.3522264611,0.1711894355,-3.6635176076,-6.2248618994,-9.6972260177,-2.5471497317,1.9979927258,-2.9990991531,3.1216291046,12.7510233265,1.8429999713,1.2050276906,1.0809560549,0.478992382,-8.382531424,22.7484377285,5.0858971405,5.0144651738,-9.2725851321,-11.0027012682,-15.7451584405,2.7410036096,5.6658536098,-11.8770191777,-4.7270820066,11.9214636019,2.9998203441,5.5410282565,11.4240521889,-15.097669503,-18.594462798,0.7682006112,21.4074003647,-3.8257697162,8.7604906064,9.2254781468,2.3767826326,-5.1268899674,-0.3911978946,1.682706288,-16.508588268,6.2030250823,6.4782592316,7.6751017009,-8.5098235372,0.5322854857,2.1991232685,2.341164393,0.7643242833,0.3070473645,-25.0448675535,2.355978531,-43.8945573203,0.1215657096,1.4184466638,1.6102159425,0.7569774944,-0.7637922987,-5.7076181983,2.2172589336,-21.3954578092,0.0471607607,-2.8102837643,-2.7308752977,-0.4903762964,-0.4283052312,44.9408868207,-2.9903797352,-10.0648303253,-0.1152414836,4.6669285279,4.8024348514,0.5908910685,0.5030754447,-10.1853629312,6.1712192921,-5.3808965146,-0.0579574184,3.3992636419,1.7215976374,1.4173307834,1.2424964967,-16.0141065843,2.328312752,-31.0024736681,-0.483811012,0.3349800882,-0.3127422027,-1.112050734,-0.1898958687,13.7229866777,-0.757462253,4.3244684924,-0.9873942233,1.9477076735,2.584272832,0.383833201,0.9280748187,0.6671949986,2.9433096158,-1.1730836578,-0.6146471146,19.389492498,-0.9213289469,-0.4984760859,-0.0604904576,3.8223594719,4.8519122753,1.3179563718,-0.4861962887,2.0518042765,0.6363625871,-2.1578741423,-0.4953687265,0.2722477191,-2.2605812944,-2.5505902974,0.1592967524,0.9966945639,-0.0981099497,-8.2806503699
biasActivation=1,1,1,1,1,1
[BASIC:ACTIVATION]
"org.encog.engine.network.activation.ActivationSigmoid"
"org.encog.engine.network.activation.ActivationSigmoid"
"org.encog.engine.network.activation.ActivationSigmoid"
"org.encog.engine.network.activation.ActivationSigmoid"
"org.encog.engine.network.activation.ActivationSigmoid"
"org.encog.engine.network.activation.ActivationLinear"
