encog,BasicNetwork,java,3.4.0,1,1572766607528
[BASIC]
[BASIC:PARAMS]
[BASIC:NETWORK]
beginTraining=0
connectionLimit=0
contextTargetOffset=0,0,0,0,0,0
contextTargetSize=0,0,0,0,0,0
endTraining=5
hasContext=f
inputCount=2
layerCounts=3,8,8,8,8,3
layerFeedCounts=2,7,7,7,7,2
layerContextCount=0,0,0,0,0,0
layerIndex=0,3,11,19,27,35
output=0.2491944868,0.1827460515,1,0.6298567275,0.9999927385,0.5996421687,0.2649486353,0.3675065179,0.9991588881,0.9979037624,1,0.3544557944,0.0000010837,0.0242776662,0.9997593546,0.9982522536,0.5709020559,0.0049635586,1,0.9736052129,0.6324529452,0.0030379028,0.9084854471,0.9942556102,0.999999405,0.3444869933,1,0.0000000001,0.9999865275,0.0000000013,0.0378106517,0.1522988825,0.8148790829,0.0000012411,1,8,29,1
outputCount=2
weightIndex=0,16,72,128,184,205
weights=-10.0277215068,-9.7411824646,8.8373565001,0.4591788055,-8.7826359299,6.0784921713,5.23261444,1.4659670143,8.0452472468,-4.9434669297,-9.7636466878,2.3612721791,1.962117831,7.3316659923,-2.4463461547,-1.9980683219,6.535539379,0.3984368946,-4.3619575783,0.0798296163,-5.0884359065,7.9853222099,-0.1462653345,-1.2374385259,0.6840364128,-7.8362942562,5.0958420327,1.6661519661,4.2369996585,6.1324044486,-2.1907321216,2.0812807708,-6.4205333868,5.9283356451,10.9505545889,5.7791212509,0.7553336814,-5.5091762813,-3.6679862656,-0.954428457,0.739299755,0.5024301832,-1.0950331678,-0.8193135527,-0.9905700998,2.2223355543,-0.0371825524,-0.7164653352,7.5305060454,-1.7644191123,3.7110236711,1.7086380569,-1.2768854198,-1.826098821,-1.0199580043,-2.6882403864,-3.3686531769,-0.1301675675,-8.827870401,2.897654712,3.5329752229,3.2427945837,-0.5575045092,0.2159944533,1.5966482594,-0.4669225516,-1.3738731129,2.2778258562,5.3646656563,0.6459597226,-1.6532896922,-2.3602143707,-4.4689514903,-0.0197211667,-8.4487655802,0.5143107415,-3.5816389927,7.4270922588,-6.7082140282,1.7672491345,0.4131233514,-2.4037046236,2.311880281,-7.9578634836,3.1701631524,-10.5511734883,-0.4372938598,2.1553508347,-7.0512178203,-12.2894640985,-1.6394824812,3.8817819537,5.1258059035,4.2629164597,-4.0910498213,-0.5275345907,2.3028385852,1.0312733326,-0.5710691265,3.7291740069,-3.1138801686,4.3584750403,-4.5597494708,2.3597872774,-0.253597176,1.9317309057,-4.7227594368,2.4335270091,-0.7250430159,3.0509347494,-0.4434096552,0.999070843,-4.2684388738,-5.4678920333,-0.6818206627,7.0665904684,-5.4739589251,3.8866421355,4.7885929087,1.3879345014,-0.877610527,-1.2931561966,1.8266965694,-6.448979194,1.346268471,-1.1496860738,1.0246539307,1.6830750889,-0.014137458,0.0094197572,-1.4786816499,-2.3836370787,-7.3471724963,4.8506588629,-2.5001746114,0.8548154265,-1.0006851167,-2.7845936063,8.7775364777,6.2257316454,-6.4360330281,7.6841248594,-8.29811364,-2.1895101003,0.8838901418,0.9042997832,-2.3496726229,1.0906775695,-8.9795947837,-5.1968820617,1.6926334433,-1.1366615444,-0.614263024,-4.283895514,7.6012437882,-0.9040020777,6.0650087487,11.9424871548,0.6786023625,-4.0420783185,0.8574950238,2.2866575788,-0.6308324321,-1.9313908411,0.2599635214,1.0890521971,-11.0093874315,2.0131466644,0.2570598613,1.1066870384,1.3080077546,-5.1712567911,1.1183245727,13.5976871015,-0.7100244965,2.1727284856,-0.4922480425,-0.3526887061,-1.2121086402,4.9728504766,0.8219395292,1.7356723998,-10.2371949092,-2.0182354721,-0.6684749894,-0.6197780041,-0.1467636101,1.5881063364,-0.0611688857,0.2838967943,-0.1361897326,-0.8637910893,5.6721673627,1.7534670262,-0.2813925381,-9.1039730093,1.432934368,0.1055502791,-16.2411162328,0.3555640517,0.3897257524,-12.6645287145,-0.4858537246,-0.7595333677,12.3137631412
biasActivation=1,1,1,1,1,1
[BASIC:ACTIVATION]
"org.encog.engine.network.activation.ActivationSigmoid"
"org.encog.engine.network.activation.ActivationSigmoid"
"org.encog.engine.network.activation.ActivationSigmoid"
"org.encog.engine.network.activation.ActivationSigmoid"
"org.encog.engine.network.activation.ActivationSigmoid"
"org.encog.engine.network.activation.ActivationLinear"
