encog,BasicNetwork,java,3.4.0,1,1572772563928
[BASIC]
[BASIC:PARAMS]
[BASIC:NETWORK]
beginTraining=0
connectionLimit=0
contextTargetOffset=0,0,0,0,0,0
contextTargetSize=0,0,0,0,0,0
endTraining=5
hasContext=f
inputCount=2
layerCounts=3,8,8,8,8,3
layerFeedCounts=2,7,7,7,7,2
layerContextCount=0,0,0,0,0,0
layerIndex=0,3,11,19,27,35
output=0.1666902501,0.0499866696,1,0.0008673347,0.0000000003,0,0.9998204894,0.993598937,0.1878672533,1,1,0.0000004192,0.9999999984,0.9999710749,0.9850238499,0.9999999744,0.0414047221,0.1534567015,1,0.0000000979,0.0628170203,0.0000426108,0.9999999852,0.7943269584,0.0002744267,0.9999926777,1,0,0.0000000971,0.98656088,0.9234791866,0,1,1,1,8,30,1
outputCount=2
weightIndex=0,16,72,128,184,205
weights=1.1352041984,27.1595559816,-2.0151792657,9.2128629786,-10.1459396094,-14.553675964,21.5443567481,-19.5506647123,21.729046238,15.8464854958,17.8141865509,-16.4973057208,25.0019385869,-5.0955583628,-2.7360129614,-7.6178198227,2.1342085305,2.9849669104,0.684771449,-11.964359483,0.1901259711,-3.0162437148,-1.1865101615,1.1830808008,23.702351959,-3.6414532752,-10.0184092814,-4.0562546014,-1.9539547518,2.7078523917,4.9287421403,-3.1325819164,25.4457251037,-7.3526670611,-3.0661809345,-4.0206207773,-5.0422656143,-9.6010919921,-6.9815430122,-8.7567481138,14.4845428919,0.1333469671,-24.3316829496,27.6040890816,-2.3693376117,1.2021373518,-11.2815182529,9.6828250172,-2.3815745238,-2.4153060212,40.3059248157,-16.7277447697,-4.851018272,-9.9608526226,-12.1466460024,-9.239926115,3.4543404036,-1.6305041515,-16.8219058123,8.7753754287,2.0738960625,-18.1583212475,10.9664655082,5.3391062675,-27.4496281207,3.0919922045,-2.9013359073,20.4416933652,11.4528309838,-10.9116950952,1.9445390273,-4.8384426937,10.5506821966,0.4191511023,2.3424369403,-0.9754082564,1.0199092593,-3.9108387843,-13.9784996882,-0.5665154429,0.2049690167,-24.0036025827,-3.8350601075,1.9904694736,1.9031111107,-10.1544086497,11.7084637832,6.5693752225,-4.5674102051,-26.1141982536,-12.7453210649,3.6724567355,4.8266635867,1.007417924,2.8426198596,1.7424519182,-0.5150694517,-1.3406780669,-11.1794959882,2.2871460424,9.4461161352,4.6638800179,-0.5725164967,-4.9483175641,-3.4256727529,2.2122731269,-1.0381949503,-2.2776648737,-1.5969155779,-5.9493953956,20.4895963414,0.4017920263,16.0863551814,-0.3551907274,5.4194658455,-10.0956913483,-8.3433648224,3.8085505192,16.9740722315,-3.3719368133,1.7568038412,14.3531130307,8.0102235541,6.5814799442,-2.2474893793,-0.5252405283,-5.7425185967,-1.6633219404,-15.1548145043,-0.4560246404,-24.2728926522,2.100422291,0.1690003414,3.4125118099,-1.6119669537,4.0671623724,-9.8789027373,-0.512534345,-12.7900297608,3.4629758137,0.6154842884,3.1608406584,1.0245827813,2.5320810521,-2.0139678994,-0.0914305344,-15.1592753436,4.8252405342,-0.8516565508,4.5568825317,-8.3137785582,4.1930758141,-9.685255309,0.1133334994,11.958967266,1.6949571404,-0.3095427326,2.242552045,0.9084485837,1.5140844097,1.7458984738,0.1652427451,16.5405721499,5.3834349538,0.9187359116,-3.2630420999,-11.5177314142,-5.1577906178,3.0284354387,-0.0876720158,-15.6645018326,1.6023041479,-0.6490961586,2.2125769661,0.1933122511,3.3678491194,16.0994224956,1.2047129261,27.2218163836,-3.1946411285,0.5497929079,-3.3552737093,-6.7415715675,-1.9843773415,2.9794799369,-1.4599444684,-14.9795825753,-1.3726339997,-0.1804670771,0.2474344027,-1.7456269329,0.1087005961,15.0000527564,0.647564149,0.1225924186,-6.3677002619,-0.8433964489,-0.8370631873,-0.6423741514,1.659633044,0.8153486944,0.5138571195,-3.4924424812,7.6675839362,-0.6517445568
biasActivation=1,1,1,1,1,1
[BASIC:ACTIVATION]
"org.encog.engine.network.activation.ActivationSigmoid"
"org.encog.engine.network.activation.ActivationSigmoid"
"org.encog.engine.network.activation.ActivationSigmoid"
"org.encog.engine.network.activation.ActivationSigmoid"
"org.encog.engine.network.activation.ActivationSigmoid"
"org.encog.engine.network.activation.ActivationLinear"
