encog,BasicNetwork,java,3.4.0,1,1572772573779
[BASIC]
[BASIC:PARAMS]
[BASIC:NETWORK]
beginTraining=0
connectionLimit=0
contextTargetOffset=0,0,0,0,0,0
contextTargetSize=0,0,0,0,0,0
endTraining=5
hasContext=f
inputCount=2
layerCounts=3,8,8,8,8,3
layerFeedCounts=2,7,7,7,7,2
layerContextCount=0,0,0,0,0,0
layerIndex=0,3,11,19,27,35
output=0.1714260637,0.0001533391,1,0.0757978852,0.9876684758,0.5251898866,0.2386528235,0.783927478,0.9769087865,0.1062269835,1,0.0005802954,0.8942255737,0.3039155188,0.580281682,0.9999962439,0.6113357841,0.5365603538,1,0.0000904732,0.5830208254,0.4049722124,0.1311242148,0.9999999234,0.9999474287,0.3791936116,1,0.0067544999,0,0.9999980434,0,0.3938398102,0.0000574381,0.0000000007,1,8,30,1
outputCount=2
weightIndex=0,16,72,128,184,205
weights=-7.9724918565,7.8505781156,4.3233500216,10.1373855168,3.3092285004,-13.4025393855,7.51101986,-3.7139295467,4.7862228444,-3.1078996043,-11.4682168856,6.5911810658,-6.0073647187,0.379512064,-7.8720877486,3.5488884978,3.9285372661,3.5926902069,1.3196126498,-2.3867785644,-1.458583666,7.8615355211,-1.5679252304,-7.2380357285,-14.8358622222,4.149662121,0.0741349929,0.7516208927,0.0302027459,3.16808136,-1.3909332527,-0.9982637481,-6.2762931413,9.5977139225,2.5840903239,2.2833276413,-12.3636641103,0.3169162685,1.8593402117,0.5838746063,5.8493924416,3.7656920152,6.4875617274,-3.9289760623,1.625308964,-13.1765032372,-2.6270007047,3.6168995873,-0.4641119287,4.8282019572,2.7916278462,3.8898862736,-0.2498152399,3.8676812084,-7.7111897265,-4.1112976409,-12.0717861673,0.5702008799,7.5563093635,5.4814005347,-6.7120298035,0.9276275318,1.2821352329,3.2217918539,5.037698875,-1.4324748695,-7.9283857057,1.855171478,0.7702433399,1.8401320952,0.3477053911,-1.6005479213,7.3483856709,-9.8076433715,0.0343161864,6.4825554348,-9.3857361626,1.9972383127,15.0353337704,-0.9106148564,-2.4555673969,7.0527230057,0.5190488018,-2.8873063133,10.2054884174,-12.6623246794,-2.7544829622,1.6920362086,7.1665121906,-0.6539948077,-0.776349855,-0.6597989362,3.222600012,0.5776826582,-4.684223369,-2.0711857952,2.6592593242,0.4838762732,1.1892397336,-7.9942729742,-1.2430424918,-0.7717850108,5.8553930753,0.4026722,-5.1163079394,-6.3409438085,2.8947402284,-0.7858192146,9.8823490685,3.3792751565,4.464884888,0.1657317103,-3.496436586,-7.2066326495,6.2075258617,-2.7627582842,2.2447506423,-0.7398251935,12.0798175322,-3.5823009297,-2.7332841657,4.6997850305,-0.1589596435,-0.9487355035,-1.4576582083,-2.8341004423,3.9825402025,0.3769098088,5.0568609817,-0.3635535877,-10.3652414115,-0.563341357,0.7958875792,1.5079915303,0.3097015992,0.7071589502,-9.3840034942,0.29428054,-8.0539954704,-0.5648287845,1.7546135799,0.2549707615,0.9372690944,7.7614992649,5.2457797381,0.287499294,2.6585053654,0.010519276,1.0863582189,6.1422991391,0.4269699571,-3.5069263526,-1.4002161551,-0.4067886132,-0.6822370554,-0.8200064345,-4.2294093363,15.0409386086,-0.8885295957,0.4654842308,-7.9233133726,0.9156127247,13.3923090568,0.1190449754,-0.1513113653,1.5228283957,0.7570223263,3.1048879873,2.3466037816,-0.7858431144,9.9987591652,-0.4507013559,-0.2163307453,-9.5690567614,0.1855126856,-0.0755527159,17.1557861483,0.6734595877,8.7865752484,-0.3595053601,1.1080141251,-4.3598991077,-0.2977831105,-9.8315387963,0.9386594363,-0.2177613263,-5.9672046293,-0.6978130014,-0.9611293705,-0.8505202181,-1.3728255097,0.6391003581,4.9538760375,-0.9441485704,-0.9849650125,-0.0539462878,-1.1475921928,0.4923258465,-6.0202378911,3.079084934,-0.8109980208,-10.0674832953,-1.0323089348,-0.4221589323,-0.1836821594
biasActivation=1,1,1,1,1,1
[BASIC:ACTIVATION]
"org.encog.engine.network.activation.ActivationSigmoid"
"org.encog.engine.network.activation.ActivationSigmoid"
"org.encog.engine.network.activation.ActivationSigmoid"
"org.encog.engine.network.activation.ActivationSigmoid"
"org.encog.engine.network.activation.ActivationSigmoid"
"org.encog.engine.network.activation.ActivationLinear"
