encog,BasicNetwork,java,3.4.0,1,1572772591985
[BASIC]
[BASIC:PARAMS]
[BASIC:NETWORK]
beginTraining=0
connectionLimit=0
contextTargetOffset=0,0,0,0,0,0
contextTargetSize=0,0,0,0,0,0
endTraining=5
hasContext=f
inputCount=2
layerCounts=3,8,8,8,8,3
layerFeedCounts=2,7,7,7,7,2
layerContextCount=0,0,0,0,0,0
layerIndex=0,3,11,19,27,35
output=0.6129054252,0.3870945733,1,0.449636409,0.0001345,0.0025667823,0.1719666931,0.0146137856,0.9996921608,0.5532264924,1,0.9916243634,0.1072641644,0.8897677674,0.0000158275,0.8288821679,0.2084563605,0.7077748851,1,0.5091689262,0.9864968564,0.9921228682,0.0453452504,0.8947537076,0.98735274,0.0007801948,1,0.6218770398,0,0.0000005106,0,0.0011677996,1,0,1,8,30,1
outputCount=2
weightIndex=0,16,72,128,184,205
weights=17.984563531,4.1281237201,-12.1718968573,-8.5648691562,1.4830710985,-10.0099456923,3.7214890393,1.802951266,-7.4800551413,6.0015317775,-1.848638798,6.3205690547,6.008080282,5.9852374669,-5.6194194521,-1.1416100447,-4.8832003855,-11.2105129136,0.5541424993,-5.1752429311,1.2318341504,1.4555019498,3.0784455944,1.8463702149,-6.4350028892,6.4669333098,-2.1093980673,7.2063095945,-1.9764623283,18.1663240754,-0.8685202246,-2.8835308294,-2.3454770699,7.6694851537,-6.4240757671,6.1082229996,4.5947813126,-12.109857152,-1.9884880942,1.3797244483,-2.4632299123,6.6462506954,3.6681867569,0.4076410211,0.0547286799,-12.8989244183,-1.0166362863,0.2571497502,2.0578128909,0.9115201663,1.7496913351,-5.10400802,-3.1100553282,-3.0762510817,-4.5983078191,-1.4324570765,-0.7882738577,-1.3143963861,3.0304678483,-10.4161596944,-0.7752732272,-8.3336709357,18.526520697,-4.4207528042,2.6325594309,-8.0738125254,1.0097989114,3.6067134381,-2.0154003834,-13.2959987799,7.1739061236,-3.0646528368,1.5096752357,3.3268115004,2.6633586466,-7.0973055836,-1.7413331535,-1.1835991828,-1.0087900671,1.1303798023,-5.8586515585,-8.9835772766,-3.112215683,-6.7314627615,6.831766648,7.6590345386,0.9348552225,-0.5563884671,8.0783139346,0.988319973,-0.6266213388,-4.1223663566,-3.8441990897,2.887650316,-2.3446548113,-1.6009035119,3.4095306532,-7.4520664945,-0.4386109984,3.7859944559,-7.2771487009,2.732849273,11.865650208,-1.3711418299,-0.52861033,-1.6503990846,-0.2093980095,0.9271084704,0.7122405323,3.2967751568,-0.0797444064,-0.2515979627,10.9902562068,-18.521684507,-0.9673789105,-0.6168666604,3.8598909885,9.6942461244,2.9514094611,-0.6984329139,-6.2281811851,3.3532041335,-7.3945455646,4.9965732836,-4.7828072468,12.6462980043,12.382104617,-0.3589834075,4.0480080379,-0.8788334139,-14.5448703142,-3.5660642398,13.80741829,0.903938177,0.1670269722,-3.4007384871,-12.3023743431,1.1009389177,-1.5505098274,-0.9578719537,4.4697285985,0.2124390286,-0.963940403,11.7241437742,9.1457762827,-0.0638091918,-0.5087416668,4.2232489514,-10.6335591964,1.47043882,0.8518681734,-2.3096858642,-1.7015237166,0.4028244249,14.0862656851,0.4125432004,2.4042542089,-1.0614238321,0.7925089337,-0.9302968317,4.270709735,-0.0644728752,7.9211407738,-4.0613478498,-0.161741553,-0.6270981726,0.7216245019,0.1116719301,17.2886810651,0.2766685968,4.8853667203,0.1107810551,-2.7963156486,-2.4514719703,-0.8617230796,-3.9391120157,-14.6414049089,0.6976959245,13.0797906019,2.2254309676,-0.4098559241,2.2052508562,-0.7618801095,-0.2548118343,-0.9822254325,-0.2030532167,14.4469229148,-0.5503963342,-1.9751879064,0.8779332458,2.4679267913,-0.9141354835,-6.8070558425,1.6609858801,-2.9789879848,-0.7169714713,0.3781492392,-0.3269447086,0.0316818387,-0.8544758386,4.5947532059,0.2355509834,-0.6952885672,-0.6482391077,-0.110850653
biasActivation=1,1,1,1,1,1
[BASIC:ACTIVATION]
"org.encog.engine.network.activation.ActivationSigmoid"
"org.encog.engine.network.activation.ActivationSigmoid"
"org.encog.engine.network.activation.ActivationSigmoid"
"org.encog.engine.network.activation.ActivationSigmoid"
"org.encog.engine.network.activation.ActivationSigmoid"
"org.encog.engine.network.activation.ActivationLinear"
