encog,BasicNetwork,java,3.4.0,1,1572772601050
[BASIC]
[BASIC:PARAMS]
[BASIC:NETWORK]
beginTraining=0
connectionLimit=0
contextTargetOffset=0,0,0,0,0,0
contextTargetSize=0,0,0,0,0,0
endTraining=5
hasContext=f
inputCount=2
layerCounts=3,8,8,8,8,3
layerFeedCounts=2,7,7,7,7,2
layerContextCount=0,0,0,0,0,0
layerIndex=0,3,11,19,27,35
output=0.41177285,0.0392115474,1,0.9999751415,0.0224019887,0.8281110391,0.9999996981,0.4254172565,0.9925013974,0.0655726906,1,0.7248101825,0.9982239975,0.9999335097,0.3259097651,0.999851329,0.0033546688,0.4776649941,1,0.000581632,0.4403134925,0.0076986306,0.962005811,0.7699657885,0.0000210557,0.0000026481,1,0.0000090227,0.9840818016,0.0022431123,0,0,0,0,1,8,30,1
outputCount=2
weightIndex=0,16,72,128,184,205
weights=5.2596632634,1.4136735845,-11.7487766137,5.0426722954,6.9212964575,-0.8955486198,-10.3231432421,-2.3399115158,-14.2693132576,8.8077325398,0.9481629896,3.8580732754,-11.5278385659,10.8476256488,7.9530761944,-0.1540382667,-6.7817329788,2.0810927251,6.4581774723,3.2736632881,4.941901292,-5.151330078,4.8055576898,-1.3036421095,-2.6158937766,-7.3500854177,-3.5392709912,7.9224577812,4.4576794652,1.6753706148,2.6243156432,0.6979578179,-2.3475457144,-0.662425017,1.86673761,9.6997220195,-0.4463885525,-1.7893585733,-4.6683140531,1.5894396269,-0.0446812765,5.4437139052,6.3173464348,2.3681863869,1.6789336017,-3.8736141674,-1.9821434882,1.8038155876,-10.2054270497,9.9274593071,-4.6686923943,-2.9285095091,-3.8707514772,5.6771859572,6.3743654275,3.6157272051,3.0052209033,9.9501927102,-5.2883328608,5.1564958876,4.1422754876,-2.7938906858,-5.5451921034,-5.1013381602,-7.3566455267,7.2713275564,-3.0028612549,6.3628554074,2.5245136834,-4.1758341769,-4.5269311671,-4.0018449935,-9.6059364937,4.3688660383,-2.8675494535,-7.8887489193,8.6621552434,7.0415153758,-3.0971358092,-0.0082395943,-1.7446059892,-4.5198797281,0.9337696932,10.8714336671,0.831845632,4.9119746315,11.5303157072,-2.7834063752,4.0565052056,-3.8250776817,-0.3085004353,7.3515511475,7.7647671116,-1.3924181922,4.7118790466,-1.7481861491,1.9122120508,-2.3664283405,-0.090724744,5.3384026285,-9.5627691017,-6.1757758969,6.3434971049,2.5423570861,0.0416682832,-0.4505785369,-0.6895756048,5.0848407227,1.1240197319,-8.7087035085,-1.1573294916,3.260389989,-0.5327405177,1.6614344063,-0.1622833026,-8.1112878823,0.0837775677,-1.8451039133,-4.2013585924,1.314615509,-10.9941549706,2.2109167786,-0.716054492,2.6182951477,-7.6738514339,-1.1635163515,-1.6547758766,2.3388279884,8.2351589861,-7.2270390798,5.0965947183,-0.0912708568,-0.1071561369,1.3227263614,0.8537162241,-0.3485997605,5.5198587038,4.7375341848,6.500731385,-1.017316057,-1.0621599381,0.971927797,0.4529276096,-4.9166427135,0.9286707559,-3.0545294644,-0.1625150683,-0.5133620904,2.483921131,0.0059868779,-2.3368008426,-1.8527213741,-0.4143763486,6.9570565592,-18.8062398635,1.4821648963,-0.0773597855,0.3068129304,0.6731301271,-3.5725372425,6.4481799997,6.9172840863,-6.1123956219,-1.2752444178,3.6161454031,0.9418328867,3.2045121752,-5.5854027363,8.4935031405,-10.6335597839,-3.2612557627,-1.8648506719,-0.2190962852,0.9783972827,-3.0586923955,-0.2967883605,2.7850569763,-12.180079595,-0.166924714,1.5484582765,3.5602513457,4.1557715973,-0.5848113709,-0.8551392509,0.8715105515,-0.9133975567,8.814086307,-1.6494475476,0.1204407273,13.7066045815,2.1768832391,-0.3592296691,-12.7358211568,0.686655175,-3.4319362116,0.9549312797,2.8837811769,-3.3054040026,1.2872800884,1.2730266725,-3.4307876663,0.8805885695,2.535689866,-5.1994169532,1.5934657137
biasActivation=1,1,1,1,1,1
[BASIC:ACTIVATION]
"org.encog.engine.network.activation.ActivationSigmoid"
"org.encog.engine.network.activation.ActivationSigmoid"
"org.encog.engine.network.activation.ActivationSigmoid"
"org.encog.engine.network.activation.ActivationSigmoid"
"org.encog.engine.network.activation.ActivationSigmoid"
"org.encog.engine.network.activation.ActivationLinear"
