encog,BasicNetwork,java,3.4.0,1,1572772609907
[BASIC]
[BASIC:PARAMS]
[BASIC:NETWORK]
beginTraining=0
connectionLimit=0
contextTargetOffset=0,0,0,0,0,0
contextTargetSize=0,0,0,0,0,0
endTraining=5
hasContext=f
inputCount=2
layerCounts=3,8,8,8,8,3
layerFeedCounts=2,7,7,7,7,2
layerContextCount=0,0,0,0,0,0
layerIndex=0,3,11,19,27,35
output=0.7793071969,0.4861077077,1,0.0007877235,0.4195585123,0.9967819805,0.0000000037,0.9231446841,0.0010300974,0.0023742667,1,0.0663629244,0.9765957346,0.0351440198,0.9999703952,0.9999999975,0.9995669313,0.0008378473,1,0.9998292177,0.1146178641,0.8992584805,0.9942795958,0.8973361429,0.9999817756,0.1017444704,1,0.0000004881,0,0.0203625298,0.0000000061,1,1,0.0011338159,1,8,30,1
outputCount=2
weightIndex=0,16,72,128,184,205
weights=14.1887851607,-10.3528566355,-11.0516391936,-1.2825014071,17.7826852784,0.4196944469,-0.5178126155,0.1949664234,-11.9798053984,-5.6853485749,7.4473629412,11.6389074269,-0.5540672777,-7.5116527776,12.5497361498,-4.5947819601,1.5528157761,9.4302322858,2.0652901769,-2.4847348325,-11.4693914373,-1.2968520392,-1.3386457862,-1.2792672671,7.9361864227,-1.1515022627,-0.3071579916,-3.390909766,0.3553350264,0.7749934759,6.2826613068,2.5396450144,0.5858784146,10.3314074062,-2.8283343096,-0.1661996762,-6.8786398521,1.3648389421,-6.0030922021,1.3922923689,2.6230796846,6.4858959069,-3.0677487902,-7.3621973161,-11.2995324601,-8.1194470301,5.3697849816,0.9654430166,-6.3067218934,-0.7717982504,7.6045840548,5.1813727536,4.4989188257,-5.2608506177,-4.1011722899,-1.0272566387,-0.5304750629,-2.9053279428,1.2960687875,-4.4886162576,0.2556624299,-2.5855147136,-0.2968932327,2.7673790751,1.4290242204,8.7782912414,2.6717898142,-9.72553582,-6.2965401194,0.388248879,10.0752187024,0.8230027634,0.115130621,6.5511927074,0.4341871324,1.0035135706,0.6265264963,-4.0357204006,8.5772917214,-2.2974134826,-6.4444913327,-7.9162506508,6.7065151229,-8.9249422204,1.4120706903,13.2715445098,-1.9399284773,-0.4161414055,-0.9828660369,0.2178428675,2.7227535685,-1.5779173459,-2.6573136687,1.8394536345,10.9199508821,-3.8003242293,10.0121192565,-2.3525987547,1.9019903328,0.2274171932,-4.3601245526,1.104811153,-9.8640940742,2.5616115411,9.006194852,-8.9413218108,5.8713618949,8.4668266656,4.6758157164,-5.5645850658,-1.9644571792,-0.2851185734,6.260036417,-8.1387978839,-3.5133290097,2.354248799,6.1901635176,-0.1642717618,-0.489164919,-2.1039441463,-3.2441472736,9.7107336444,-4.0381143695,-3.6730916748,-2.6884582194,1.9399901832,8.9225232859,1.8948004084,-3.4995726873,0.0014019993,-10.5280240062,-0.1105434852,3.2619611022,2.4816639994,11.9214590805,3.1321871213,-11.0312095708,-2.1747272449,14.3920111897,-1.2348204786,0.4293320236,-3.008747892,5.8317726718,0.2353356769,-8.4823348479,3.2323316623,-0.5937972874,0.7703157763,0.3895228623,2.6647919338,-3.4225570731,-0.8493264069,3.8947716896,-0.2208090232,-14.7157855861,-0.1870992397,1.7031782922,2.7066724882,-7.810271788,1.0566323356,-6.6111464885,-6.7446516554,-0.5261493099,-0.5734651903,1.3482003124,-0.8791894073,8.4828203474,1.7000585049,-6.1945497426,1.581624368,-2.7901328841,0.3207192027,2.3046383169,5.9588001336,-12.6689180503,2.720475366,-9.4843081986,-1.2781144712,16.9490757056,-0.1815807723,0.8319331588,-4.3517112089,-5.5332006552,1.0029401478,2.2265546625,-0.9441685944,-4.0201567205,1.5675924521,-1.6142634782,-3.8068106236,1.3172445822,-0.1862367558,-8.8243401197,-1.4409051667,-0.2157870156,-0.9098180546,0.9093585838,0.9319939076,-0.8360206463,-1.080782623,6.1099943009,-0.5810322602,1.8291204285,-0.1708458225,-16.2886207068
biasActivation=1,1,1,1,1,1
[BASIC:ACTIVATION]
"org.encog.engine.network.activation.ActivationSigmoid"
"org.encog.engine.network.activation.ActivationSigmoid"
"org.encog.engine.network.activation.ActivationSigmoid"
"org.encog.engine.network.activation.ActivationSigmoid"
"org.encog.engine.network.activation.ActivationSigmoid"
"org.encog.engine.network.activation.ActivationLinear"
