encog,BasicNetwork,java,3.4.0,1,1572772622912
[BASIC]
[BASIC:PARAMS]
[BASIC:NETWORK]
beginTraining=0
connectionLimit=0
contextTargetOffset=0,0,0,0,0,0
contextTargetSize=0,0,0,0,0,0
endTraining=5
hasContext=f
inputCount=2
layerCounts=3,8,8,8,8,3
layerFeedCounts=2,7,7,7,7,2
layerContextCount=0,0,0,0,0,0
layerIndex=0,3,11,19,27,35
output=0.7744384992,0.6969698605,1,0.2858265981,0.0000030925,0.8692047461,0.9999766214,0.5310066902,0.0996907834,0.0784511262,1,0.0341323588,0.724984091,0.956289056,0.0000000006,0.9998309205,0.0000015758,0.000159816,1,0.2004870222,0.9986806875,0.9999983789,0.9045230736,0.9682116382,0.958075694,0.0000026572,1,0.9995492744,0,0.2921302773,0.9999999978,1,0.9752010282,0,1,8,30,1
outputCount=2
weightIndex=0,16,72,128,184,205
weights=-0.42107633,7.6044428039,-10.7985295495,6.1784649282,-0.3992245653,8.3295595153,-13.0468814053,4.9668424876,8.0515910018,-19.1087417925,16.4153857092,-1.4670974645,-12.8564501394,-9.3729473631,15.3209303945,-7.7103446183,11.6322175793,4.3267724121,1.3290494872,3.7384172621,-4.7599220012,-0.0763199013,2.163584754,-0.9618005953,3.2070890646,-0.2233844903,0.2637842602,9.8918020119,-10.0281437965,-1.5164547366,5.0850501788,-2.8606633415,-10.5242360528,3.4225492278,-12.2692013167,1.4117208463,10.2367721424,13.0950924346,5.8172148911,1.2687801269,-3.6579575408,-2.0761545094,0.8554429742,-4.2487135125,9.5226788121,-0.945894187,-9.6379331092,1.9561207215,-6.1941348017,7.2299878911,-7.4219886589,9.6313569495,3.4847915832,3.6276146207,-1.4628778843,-1.292427429,0.6662125735,-17.1681671445,13.998848141,14.9344269565,-2.2585240951,3.3714363252,1.0685880925,-0.9057355521,-4.7541075814,-10.6597897361,1.5439260138,7.6123468379,-3.3385612219,11.7344152073,10.5036218369,7.2867269469,11.0900721099,1.214613178,-2.4283071505,1.260744373,-1.0704831856,-6.4758892583,10.183320616,1.749542963,16.6092940207,0.7661518816,-4.0678287055,0.5364819398,-2.8963533746,2.3517806258,3.3349929233,1.0078839243,-9.4804065245,9.4249012937,-9.4579546118,5.4318107265,-2.6705019845,-4.3088719881,-7.3885576724,6.832290692,-4.1304076419,-4.4788662097,-1.4536764987,-3.5606788676,-4.7589586491,-8.0553748842,15.9975980525,0.9989738032,-12.0221243846,4.4444141014,-0.1852011717,4.6560385812,1.5498803571,-2.0939821777,-8.3337726187,3.1360114612,2.4243262058,-0.5800809363,-8.6741591084,-0.9188645464,-0.4112670522,-2.6265296019,6.6657112961,-0.8475779525,8.9342699264,-0.3994363243,-3.7978376845,-0.5453441821,-5.3967911503,-1.2990844342,5.9919437956,0.6273256587,4.3026034579,2.1001727871,-1.1290831466,6.0904311133,5.5796331374,-24.3684562365,0.8612535749,6.7400013021,4.4990736337,-3.7361815871,0.2681814908,1.1608532029,-0.5240455322,1.9721675392,-1.1399447663,-0.5061328585,-0.8992238589,0.614857076,-0.386790367,-2.8050905368,-3.0439880318,24.581194514,-0.6013784733,-3.7783222186,2.0584266368,2.5284199422,-0.3364888343,0.705439339,0.0180336047,0.0908222827,-0.9767403827,-0.5227199958,-0.8834578928,-1.8357583958,1.0249309662,-2.2807191673,-2.2896958716,10.8571218673,-0.4869448022,-2.0174645915,2.488540212,0.1027755408,1.2492176151,-3.8778748977,-3.8699858819,11.6808812147,-0.2533331952,-3.3666384175,-18.2095407486,0.45491157,-0.218070921,6.8119290706,7.301806344,-15.3243937875,0.7106726261,6.2574173621,-0.1524738605,0.4332917829,-4.0747616652,0.4868240586,-2.4275170046,-0.4573544785,-0.7101167053,0.152080079,0.2334710618,1.3194001709,0.3388123265,-0.7733432922,1.039122707,0.8645334757,0.1559502853,-2.9367764406,-0.2067734856,33.3692575347,-3.3292105386,-2.1777078978,0.3326219602
biasActivation=1,1,1,1,1,1
[BASIC:ACTIVATION]
"org.encog.engine.network.activation.ActivationSigmoid"
"org.encog.engine.network.activation.ActivationSigmoid"
"org.encog.engine.network.activation.ActivationSigmoid"
"org.encog.engine.network.activation.ActivationSigmoid"
"org.encog.engine.network.activation.ActivationSigmoid"
"org.encog.engine.network.activation.ActivationLinear"
