encog,BasicNetwork,java,3.4.0,1,1572772635106
[BASIC]
[BASIC:PARAMS]
[BASIC:NETWORK]
beginTraining=0
connectionLimit=0
contextTargetOffset=0,0,0,0,0,0
contextTargetSize=0,0,0,0,0,0
endTraining=5
hasContext=f
inputCount=2
layerCounts=3,8,8,8,8,3
layerFeedCounts=2,7,7,7,7,2
layerContextCount=0,0,0,0,0,0
layerIndex=0,3,11,19,27,35
output=0.8913044317,0.6521739119,1,0.9465411502,0.0247979345,0.0405731534,0.0138878292,0.7795637589,0.1629024913,0.998609772,1,0.6055690159,0.0000252887,0.1896268575,0.4523269548,0.0015150599,0.8320896797,0.0014933778,1,0.0046547524,0.0051562507,0.9211052921,0.3483036418,0.0025644714,0.0595374166,0.0360753822,1,0,1,0,0,0.6150592068,0.9985987674,0.0000499281,1,8,30,1
outputCount=2
weightIndex=0,16,72,128,184,205
weights=-19.9065738215,-15.622104279,-3.3342878403,-0.0408477317,15.6573659359,-4.9566221516,7.2218892672,2.8594539386,8.7245974319,17.7748595087,10.6804121593,-9.4002891846,-3.7024534256,-4.7230569422,-1.7252647972,-2.9945874889,-8.8690828364,-3.8765752947,1.1401895699,2.4966633665,-3.4032317284,5.0409882182,10.0852119051,2.6948641433,5.0033107058,7.2010204002,-0.6504065321,-9.1911478955,-13.3913292825,-8.7186421436,4.6739021933,4.8468230199,-6.1754365042,15.7040613971,-11.1573383281,3.2144387427,-4.2959033303,4.836560609,3.6243619736,-2.7855760396,2.2571302714,9.0466708538,3.4524037136,-2.2623436901,-0.7564592981,-9.9587760587,-0.2117900731,3.0268735202,3.5232547108,0.1686176924,-2.3095916892,-5.981240569,-3.2584797197,3.7478241618,7.2907626269,-0.8514921004,4.6082084052,-5.6262176126,2.9380566747,-12.2813574418,2.1599327494,-1.3860465971,4.6422039521,1.7139299327,3.6273499051,-7.1962813261,1.7563134226,1.0458791495,1.9714180558,1.2833280812,-1.0417071762,2.5050688295,1.5996115994,-4.4743282238,-0.2995730526,-3.4236103023,4.0425168898,7.3224858008,5.7215172651,1.2600088518,-1.0631137988,3.38990964,-12.2924224003,6.2759737506,-7.268374992,0.4447474518,2.384297566,-1.55483989,3.1297164127,-3.0887409334,-2.161353304,-6.8036121096,7.9611216293,-1.8096573096,2.9101769623,2.8918190372,0.7453617517,2.1061636806,-3.0300888094,5.8820993375,-19.848274699,2.593575603,1.254997244,0.3878826654,-1.9654871721,-4.6231314331,-4.5209442351,-1.6210834132,1.0847497657,2.2878544511,7.4658354574,-2.1372298874,6.0645148429,3.8783713685,2.735215951,0.3595189842,-5.5712057888,-4.7043007198,-10.2902455538,-0.4267664841,-12.0548618794,-5.0671559586,-7.9858073936,2.4934927459,3.2570912385,3.6874292546,2.9372103398,-0.2695571622,2.623162303,0.9604552372,1.2177043926,0.7554291805,3.7859715877,-10.3529917355,0.4153432876,1.6842111943,0.8650614348,1.5020854901,5.1997707941,0.7691457174,1.224104462,-7.0644831005,-9.5906827427,-0.4622952318,-9.9014967927,0.6007789387,2.9269423646,-0.0803959975,8.5176408848,-3.1511766511,5.2625391967,-0.2356738137,10.6059602365,-0.6914195384,-2.8213791551,-0.4270689632,-5.5394014148,3.0766820314,-2.3900470415,0.3997237132,-9.9183780552,6.6911144768,-4.4250677166,0.144418165,-9.1407451259,-14.3547852802,3.0154312253,7.3020701799,3.8769774228,1.7208956758,-3.7082784867,0.7661304039,-6.3840951487,0.3991709547,6.0627985282,-0.9529804036,4.4367395768,2.6703915373,-2.2329182824,-0.5613769138,-11.8521691235,-0.4630028525,-1.948625551,1.7964431765,17.2122377142,-8.9548525243,-2.2730117843,-1.2559263709,5.9887248246,-1.0789460893,3.2552730993,-5.9061094772,0.4057631441,-0.9763662645,-0.5319837639,-0.9910608196,-1.4532645834,-0.1591471935,16.8691614681,-1.7037115572,0.5245838748,4.4611770312,0.5714103243,-0.4411397816,-1.2419649465
biasActivation=1,1,1,1,1,1
[BASIC:ACTIVATION]
"org.encog.engine.network.activation.ActivationSigmoid"
"org.encog.engine.network.activation.ActivationSigmoid"
"org.encog.engine.network.activation.ActivationSigmoid"
"org.encog.engine.network.activation.ActivationSigmoid"
"org.encog.engine.network.activation.ActivationSigmoid"
"org.encog.engine.network.activation.ActivationLinear"
