encog,BasicNetwork,java,3.4.0,1,1572772732222
[BASIC]
[BASIC:PARAMS]
[BASIC:NETWORK]
beginTraining=0
connectionLimit=0
contextTargetOffset=0,0,0,0,0,0
contextTargetSize=0,0,0,0,0,0
endTraining=5
hasContext=f
inputCount=2
layerCounts=3,8,8,8,8,3
layerFeedCounts=2,7,7,7,7,2
layerContextCount=0,0,0,0,0,0
layerIndex=0,3,11,19,27,35
output=0.8968282752,0.8260840764,1,0.9328250148,0.5705207426,0.9998558231,0.9959990602,0.3727461605,0.8746823037,0.0940025217,1,0.9940644286,0.9338925503,0.8082763056,0.9950150168,0.7163731877,0.9615199603,0.3690847042,1,0.0000218712,0.0880179875,0.9720707388,0.0013039161,0.8616772667,0.1114449388,0.3319209783,1,0.0004002733,0,0.0000032945,0.973821981,0.9999911884,0.0003822302,0,1,8,30,1
outputCount=2
weightIndex=0,16,72,128,184,205
weights=7.9810849981,-13.4766471365,5.6322405028,-4.7622299622,9.5305937465,-3.6921867618,-3.4084241248,1.5153673319,-7.7470691156,-0.5970325625,7.970490486,0.3904854118,-13.3912271551,-2.6012157822,9.4801589422,7.1427465386,6.1187119329,-2.3911675976,2.5876451844,0.6044815052,-2.25368799,-6.8134767162,9.6429998538,0.6953077199,8.9434323713,-3.66271297,9.7361193661,-10.9572840634,2.5714638291,-8.2145249984,4.9410249314,2.0800413276,4.0966802392,1.0973861594,0.1445398828,3.1613903564,-0.2689569845,2.3263501568,-4.2430752344,0.0065571879,-2.909042389,0.8821854736,0.0214844064,2.6313007,6.6883514901,-3.2809965082,0.3325513384,3.1902254537,4.4812077054,-9.8853538856,6.342862862,-0.9298359748,-8.3329283263,8.5014487151,-1.5522982279,-1.5766861538,0.8714363348,-0.9631336139,0.5187725042,3.3451627704,0.8177786374,-2.0267635749,-2.5309309848,0.5254762434,12.634737323,-1.453007137,-3.391655395,1.2881782551,-11.311289525,-4.1392097494,-5.1195882046,1.9637317004,0.5946240129,5.6028789286,3.6839069979,6.28825209,8.2303415849,-4.0136332032,-9.5521207441,-2.4355958319,-4.8778044977,3.7831517597,5.9331383593,2.4996149264,-1.0922052957,-6.198432938,4.2622997351,-3.2383224973,6.1843500882,3.428492476,2.581453331,4.1514240508,-3.2328524467,7.7384097994,4.1155383657,-0.8205885707,-6.3195219477,4.1611209653,-0.8856234128,-1.7829956696,8.8148516089,-9.5911505703,0.5186519165,-0.905397494,-8.0393212751,-4.6290541405,-7.5819234134,-1.2900269025,8.8949055774,-5.1790185491,10.3619910898,-1.8207189899,1.7215841283,3.3244798673,5.2248991793,-0.9312239669,-3.8493866525,-13.2085984333,-0.5884872586,2.8322582996,-5.5951366139,-3.5230829042,-0.3181490669,-4.5254568122,-0.6895848135,7.3328713056,-4.1549456239,1.2453375868,4.399265414,-0.4750453182,-0.2880886198,-10.1964204478,-0.1990729156,2.4029250535,-3.1778723401,-0.6044271049,2.4350069635,-1.3844464138,0.0755975236,5.5756481547,-3.800542215,7.1411552543,2.1911979225,-3.9709635576,-3.0474837825,9.5981571967,-0.7330866993,4.8732189166,-0.6188456886,3.7980930785,-0.760572386,-0.5772833195,4.701419385,-1.628884163,-0.507123079,-1.8771781542,-1.6908047227,3.117922194,-2.924374298,-3.1253231429,7.6025652075,-1.5066004921,-0.1464181974,10.2998272594,-3.0122026995,-5.1962382409,-1.3799969603,-5.1897872926,-2.9211014608,0.8089778995,1.1000004588,-14.1868428448,5.9192159871,-4.8123785674,-0.231515867,5.8232346553,-7.7877720548,-0.5076134391,1.0930114477,-6.7233421809,2.858287912,15.6258692228,0.9531153586,2.9867070932,3.0407341635,-0.6677589061,-12.1160688662,2.4382565721,-3.3205984955,-2.1677729856,-1.196694623,-0.0938954193,-0.2328227218,-1.2709427534,0.1218607081,10.1280292118,1.3008328237,0.0639156504,-0.6846967695,1.2245794159,-0.4112763075,-5.3274512612,1.1924300603,-4.1175011889,0.6250118377
biasActivation=1,1,1,1,1,1
[BASIC:ACTIVATION]
"org.encog.engine.network.activation.ActivationSigmoid"
"org.encog.engine.network.activation.ActivationSigmoid"
"org.encog.engine.network.activation.ActivationSigmoid"
"org.encog.engine.network.activation.ActivationSigmoid"
"org.encog.engine.network.activation.ActivationSigmoid"
"org.encog.engine.network.activation.ActivationLinear"
