encog,BasicNetwork,java,3.4.0,1,1572772754234
[BASIC]
[BASIC:PARAMS]
[BASIC:NETWORK]
beginTraining=0
connectionLimit=0
contextTargetOffset=0,0,0,0,0,0
contextTargetSize=0,0,0,0,0,0
endTraining=5
hasContext=f
inputCount=2
layerCounts=3,8,8,8,8,3
layerFeedCounts=2,7,7,7,7,2
layerContextCount=0,0,0,0,0,0
layerIndex=0,3,11,19,27,35
output=0.029850807,0.0000001512,1,0.0028819538,0.7762595358,0.9829080081,0.9790467101,0.9818487706,0.0002155555,0.2904658724,1,0.3059331067,0.8484857511,0.0015500913,0.2383265573,0.9265907534,0.3947160814,0.0022747572,1,0.9937129279,0.0650570592,0.9981639744,0.9560127266,0.0086888511,0.047671148,0.9926268537,1,0.0002726498,0.9999999947,0.4870173665,0,0.9999999994,0.000049556,1,1,8,30,1
outputCount=2
weightIndex=0,16,72,128,184,205
weights=-6.2564551744,-7.5134982443,-1.294546115,5.5545692325,-3.7043765645,-4.4418441217,-10.8911349424,5.0050525433,14.7314691291,3.6724150324,-15.2260069606,3.1701526851,-10.1455013531,7.13627244,3.1041252953,2.3221672266,11.4832340801,-1.0094448932,1.0121313184,2.4596162713,-3.9790304332,-5.3371380722,-2.3499498351,-3.2918307445,-2.1372450728,0.2122799454,1.3666345644,-9.6695639628,5.9285588637,-3.3151883312,5.5640626634,-0.1773133913,-11.4848675197,1.2076336016,-7.4567303965,11.7137980514,1.9845907771,1.7695656718,1.2318217349,1.2205146491,3.6002809507,0.3870358852,0.508177966,1.8520330448,-0.9457089736,1.5460234803,-1.0687720597,2.2407437874,-2.7619198856,6.6089929298,-4.3419125258,-6.6895894103,3.7837296713,-5.3311765401,4.9544063817,-0.5838753061,-2.6366481451,-3.3181574123,4.6413021214,-10.3232056074,-0.8431284911,2.1920459937,0.4898276585,-2.4520447528,-3.0796472428,-4.9898046967,-4.3176436287,-0.243721357,7.8205389081,-4.4163998188,3.8247525355,-1.1643156491,-4.6877622182,7.3395666133,1.8686663657,10.6977373868,0.7372785406,3.2700315029,-2.878228431,-6.0360965337,-3.6634225796,0.6302895785,2.1425512028,3.6736906405,6.1028438889,-7.3355669305,-3.1661584256,3.1109288519,-1.0448909045,-3.6531380383,-6.3537662546,4.0021844259,6.0712922907,-7.1909464168,-2.70418594,0.2983509057,-4.3411791358,16.8194099847,-5.4773830689,2.609232689,-4.3471769869,2.4906072547,3.6766516811,1.3001538626,1.1132369437,-3.1925924533,1.2234354035,-6.1798700704,6.4234754455,-3.798714624,5.3241134242,1.1641886242,3.2078644049,-2.3464893987,-8.5073414504,2.4167714347,-3.1814278215,-3.6333194335,0.4944010521,2.4287776649,-2.4073363436,2.8577416217,2.8907310131,-7.0356185538,-0.5971272334,9.9674965848,2.8667151224,-3.3521543647,0.5045881444,0.5633538748,-2.3225992594,2.7243525894,-0.1241769378,-1.5091942245,4.3288869531,1.4259723823,4.7881789533,4.6513067629,-13.8170110119,-2.7256760318,-5.704418935,3.1309589536,-0.3087515496,5.4243066215,-2.8674451014,-0.1705763366,-9.5125300549,1.1008848704,0.5548407235,-1.3125444036,10.6383602724,-0.0906961638,4.2866797859,7.5211405139,-14.6248359454,0.2914654621,-0.6496910506,0.3092624395,0.335686716,2.993099734,5.2183049639,1.3485197609,3.8623968374,0.8516057647,-3.697564258,-7.4879738599,-5.0900451306,0.8199958598,-0.1433460036,2.8461569401,-14.7902338357,3.208438975,0.6608737844,14.103187469,-1.2354821695,1.9363083223,-1.502646757,-0.6225932273,-0.8610870741,-2.4860336912,3.4047074437,-2.1405182578,3.0316797907,-0.4914035865,10.7154199033,-3.1225848781,-0.2528626823,0.4827408484,0.6373618538,-3.9251006282,-0.3674265551,-0.3043612386,12.0183073899,5.5960771373,-5.026433188,0.0168183879,-0.9143029156,0.7692239218,5.4181425879,0.9364083333,-0.5645275266,-0.4677982078,-2.9640941466,1.9296908164,-6.9926368942
biasActivation=1,1,1,1,1,1
[BASIC:ACTIVATION]
"org.encog.engine.network.activation.ActivationSigmoid"
"org.encog.engine.network.activation.ActivationSigmoid"
"org.encog.engine.network.activation.ActivationSigmoid"
"org.encog.engine.network.activation.ActivationSigmoid"
"org.encog.engine.network.activation.ActivationSigmoid"
"org.encog.engine.network.activation.ActivationLinear"
