encog,BasicNetwork,java,3.4.0,1,1572772766063
[BASIC]
[BASIC:PARAMS]
[BASIC:NETWORK]
beginTraining=0
connectionLimit=0
contextTargetOffset=0,0,0,0,0,0
contextTargetSize=0,0,0,0,0,0
endTraining=5
hasContext=f
inputCount=2
layerCounts=3,8,8,8,8,3
layerFeedCounts=2,7,7,7,7,2
layerContextCount=0,0,0,0,0,0
layerIndex=0,3,11,19,27,35
output=0.5999965343,0.6111125432,1,0.9971185191,0.9197667005,0.9887066498,0.0176828446,0.8164503317,0.0063713186,0.9494775849,1,0.6549554763,0.3133693071,0.9966659123,0.7991947718,0.0000001441,0.9995870124,0.3500587527,1,0.0041644188,0.8635691514,0.5156715586,0.0390883199,0.9999996307,0.9970321119,0.0000034166,1,1,0.7914923062,1,1,0,1,0.9946117847,1,8,30,1
outputCount=2
weightIndex=0,16,72,128,184,205
weights=-5.6756605454,-14.4941727333,1.3933340969,1.1541561049,5.5060623509,-5.4243622164,15.4493131878,-1.1316357791,3.5157339451,1.4621731007,15.3266686314,10.0489517034,-15.2539640056,10.3182316573,-5.5436761792,-2.0777841504,3.8693440004,2.067283144,2.4868639515,-0.6844373173,0.9082904503,0.6574974344,-6.7716994676,2.4461869732,-0.876634956,8.896594718,-1.6845735832,-1.7059576814,-5.1969634889,6.3529050828,-10.2665025779,0.5113665114,6.9828416929,-5.4253875911,9.497095855,1.6244131237,5.1415075957,-2.4617872898,-0.9428918786,-6.3739336184,6.9870824493,0.6560518286,2.5806644707,1.5410154351,-1.3093070527,-7.1539065108,0.0331729194,-5.4634257416,-8.6366226096,-4.0094849678,-3.7145046284,1.4569810782,0.099243129,12.3179579943,-8.52115242,1.6132752047,-3.306479912,-4.2374014753,8.6204120691,-5.0171380799,3.4503806639,-3.9994991405,0.0682171832,-2.1641218939,-1.2254965526,9.8288182581,-7.321771353,14.9447435261,-3.0196758446,1.8525793499,7.3311335626,-8.4084517273,-1.3124924572,10.3675884435,6.1390190813,-0.7833357899,-12.4217721015,3.8514939656,-2.5821968068,-2.860155075,-2.9127138334,1.2966190874,-10.9176974019,3.097553639,-3.149591246,10.3175813691,3.8800747382,-3.5205199246,4.4513269075,1.3488712456,-0.9978300009,-3.2809935794,0.9850672262,6.8557589259,-7.0522781325,-2.6608177565,1.9548453288,7.0928990525,8.2704052011,-6.6705804736,-11.0943910666,1.3208455803,-4.6343248109,1.0213260379,7.1914125913,-6.0687514938,2.3598833714,-2.7123389671,-3.5349763367,-8.8214505616,1.8736346665,0.6773493386,8.5421246878,0.2150646985,-7.9831660296,-2.4887279406,9.5255114855,7.3413313022,-0.3402410176,-5.0606943967,5.2117956955,6.4428584093,7.7189141762,-1.8189736671,5.0001176755,-18.5076686635,-0.4858094089,3.3389630911,1.9434572716,-8.5277937132,0.2143716435,1.0433843191,0.7439497613,0.5985732453,-3.5524707697,1.0062204828,-3.831117689,15.6950550714,-3.9643361572,-3.6206093499,-2.0970501951,-4.1213290729,9.7213324053,-4.7088187453,2.7269809976,-16.2335552157,0.7595274356,1.2629077078,-1.027906867,0.8789044364,7.066676747,0.2545202815,0.1763604777,0.8080389468,1.2823502467,1.0380018415,-0.3353907839,1.954280656,-10.4647506197,2.1157556561,-0.661897559,16.3935150464,-0.9766147395,-1.6593713513,3.3531388676,0.3035572014,4.8780069622,-0.0211631915,0.7856628772,19.5208051374,0.7152821494,0.8247548647,1.7539157691,-0.2307381108,-13.2063767219,1.406621409,7.0346822818,3.1637749253,-0.1513313653,-0.0360280672,0.1003217644,1.9798047444,-24.7506645395,0.6992030154,-3.0579264025,6.2687366925,0.1746142275,0.047809176,0.28373067,-7.5604492911,0.8972570629,0.8309801914,-0.2025289764,1.5656408625,0.8504851261,-0.1493790786,0.3890171938,-4.9347498292,-0.1182681922,-0.6810150931,3.5921688133,0.5527935884,-0.7295330405,0.2829612997,2.5655636111
biasActivation=1,1,1,1,1,1
[BASIC:ACTIVATION]
"org.encog.engine.network.activation.ActivationSigmoid"
"org.encog.engine.network.activation.ActivationSigmoid"
"org.encog.engine.network.activation.ActivationSigmoid"
"org.encog.engine.network.activation.ActivationSigmoid"
"org.encog.engine.network.activation.ActivationSigmoid"
"org.encog.engine.network.activation.ActivationLinear"
