encog,BasicNetwork,java,3.4.0,1,1572766618350
[BASIC]
[BASIC:PARAMS]
[BASIC:NETWORK]
beginTraining=0
connectionLimit=0
contextTargetOffset=0,0,0,0,0,0
contextTargetSize=0,0,0,0,0,0
endTraining=5
hasContext=f
inputCount=2
layerCounts=3,8,8,8,8,3
layerFeedCounts=2,7,7,7,7,2
layerContextCount=0,0,0,0,0,0
layerIndex=0,3,11,19,27,35
output=0.0858895438,0.0001302433,1,0.0315512463,0.9526567265,0.0632936684,0.9999784464,0.3401622711,0.0246349268,0.0070820447,1,0.1874407622,0.0000001588,0.4142107761,0.0000000002,0.1447797057,0.0120966208,0.3578144565,1,0.9994208729,0.9999899429,0.0226654978,0.9864496999,0.9988103534,0.4190064337,0.1783403448,1,1,0.0105275124,0,0.999999999,0,0.8957947418,0.0092642022,1,8,30,1
outputCount=2
weightIndex=0,16,72,128,184,205
weights=-9.6835680141,-11.1371865692,5.4155017589,2.5797405509,-7.4845430339,15.1421574499,-1.4230929507,7.8111147239,3.4472488229,8.6121885672,-11.6412204696,-14.3290684004,-3.1095066943,13.5172768411,14.9946173506,-1.575077784,-8.7018066534,-5.0678990241,-12.2608410168,-18.6793880085,5.6524307891,2.6542459615,4.3934064086,0.8630750753,11.4769556156,3.7458691026,2.1928897143,8.1550709834,-3.5562021785,-5.6470080281,0.7959504306,0.2406344787,-2.9907815623,8.2681106486,-6.7545275891,-4.0535735344,-6.8802329256,10.0385695005,-5.208616772,3.4022103667,3.7018906895,-3.1040359286,-2.2509037324,-0.0104546433,-5.6707953611,-11.4555613224,7.9281684856,9.1061854908,10.7213774799,-4.5257961999,-2.5726076932,-1.8405510377,-2.7079789986,0.770947393,3.4874241413,-2.4717080157,-6.8900999468,7.3989016389,8.339281069,1.2842515106,-5.8019729288,3.5524879387,-7.6569876954,-2.3045665592,-7.4720105132,-1.6418700806,-13.6387085637,4.6824648482,6.626815737,0.3374979436,-7.609430379,3.8660274667,-1.5146820701,-0.5798197044,1.7602467362,0.0589571464,1.8259234595,-13.7242742395,10.8467027088,2.52124091,-6.5464447711,-2.9969003139,3.9922417099,-3.2345904523,-2.4781968613,-8.9786214719,2.5301861956,2.7705249248,-2.2271284872,-11.5881409874,-7.8922902737,4.3950596482,3.8500646365,1.3254206871,14.1048172142,2.3943533044,-12.0862640989,-1.6354207816,2.0761678238,-0.5825286766,-10.3152126456,-3.9858331465,12.9359295425,1.365385824,-4.4621127808,-5.333667491,-2.2842006839,6.2014943703,-1.0822575877,8.0973835024,-4.1777477042,0.3844822778,-11.9974726619,-9.7796279388,-3.1416958848,8.9017019286,3.2813644186,9.4703557755,0.535725072,1.3163801858,-7.3768081049,-0.9718789433,2.2146733988,-4.0771354503,8.896966525,-5.9516688232,9.4379763535,3.6554681263,3.3321145875,-20.0672177655,-0.8602694956,2.906307945,0.5088177631,-1.3964952961,4.0223668547,2.6399537951,-1.8230029815,-17.454386877,-0.9985984537,-1.1524297147,0.2341771186,17.6768556259,-2.4299796045,-1.1459189819,1.818111881,4.123326507,0.5058737397,0.598444729,0.64038057,-6.9487152555,-1.5830011702,0.0153377289,-4.1454135786,-4.3884756305,0.3266898762,0.1220268101,-0.5832184353,7.6226835159,0.8536309611,1.5210221162,2.4414835163,-2.4469482202,-0.6872887586,-1.9909486734,-0.8909306125,6.8063482413,-2.3833866323,0.2331232982,1.2834533309,-14.8074030711,0.4671465941,-5.1744530827,-0.8686655303,-11.0001697825,12.4890452077,13.4582246664,-4.5288779129,13.9757255146,-0.7784790095,-4.0309587925,0.0537021083,10.7777308337,-3.8265165213,-2.7341103987,-1.6970870206,5.1436723139,0.8477273136,1.4387208127,-0.1862500675,-10.4654443782,-0.6523076061,-0.9679106338,-0.3757497422,-0.889464195,0.7254093493,6.11451429,-0.5575309906,-1.355893876,-0.1877555029,-0.626195638,0.296579303,-1.7364652722,1.0927449196,-0.0846229324,-10.8755615286
biasActivation=1,1,1,1,1,1
[BASIC:ACTIVATION]
"org.encog.engine.network.activation.ActivationSigmoid"
"org.encog.engine.network.activation.ActivationSigmoid"
"org.encog.engine.network.activation.ActivationSigmoid"
"org.encog.engine.network.activation.ActivationSigmoid"
"org.encog.engine.network.activation.ActivationSigmoid"
"org.encog.engine.network.activation.ActivationLinear"
