encog,BasicNetwork,java,3.4.0,1,1572772775600
[BASIC]
[BASIC:PARAMS]
[BASIC:NETWORK]
beginTraining=0
connectionLimit=0
contextTargetOffset=0,0,0,0,0,0
contextTargetSize=0,0,0,0,0,0
endTraining=5
hasContext=f
inputCount=2
layerCounts=3,8,8,8,8,3
layerFeedCounts=2,7,7,7,7,2
layerContextCount=0,0,0,0,0,0
layerIndex=0,3,11,19,27,35
output=0.2666853616,0.0006079319,1,0.0017697527,0.994874265,0.6248439362,0.69265857,0.9989791228,0.0351375291,0.1555780468,1,0.348223718,0.0000048906,0.3905991516,0.0000000233,0.458482026,0.0000045407,0.9987123875,1,0.9990246192,0.9999998249,0.7674618936,0.2419940135,0.001205577,0.5643789083,0.8005738677,1,1,0.0841799279,0.0049132045,0.7819881442,0,0,0.0000210889,1,8,30,1
outputCount=2
weightIndex=0,16,72,128,184,205
weights=-5.4491416347,-10.7912497924,-12.2359077437,-4.4478346168,12.0002323533,-5.3803138546,-3.2094285556,9.1608245169,-5.2331597805,3.7869412973,1.3036269437,-8.9316733547,-10.7086036765,14.8016373667,-2.7003970071,4.8066291559,-3.6885772462,8.7050790253,-0.0907733809,8.1546582711,-0.9107376145,6.8337181121,-1.6241204807,-2.9757257994,11.1228580617,1.2189868316,-4.0238843892,-15.4992266901,-3.333437072,4.0240053533,2.1173126189,2.3805360438,11.1629970476,0.0750885173,-12.3199155345,-12.7077632741,-0.7267493539,2.9879891544,-0.717940583,2.4852920581,3.2017341108,-8.0504991847,6.9399736491,6.1311773859,2.8780124014,-5.4309142052,0.1793101217,-4.5116219685,-1.3812003303,7.2512705036,2.9833530466,-9.0657233469,-0.1223377887,-2.9388185083,4.0250697035,2.2379239565,-4.4637518189,3.5404941411,5.8382908446,2.3402731906,-5.5139533602,4.0223852206,-0.07599743,-1.4348505571,-8.7182194247,1.8100947634,4.8046310273,-6.2715805354,-1.4228651046,-0.0211725605,-0.5339363659,0.6532995077,4.8705575337,-6.1919300972,-5.910368645,4.497072626,1.7242002899,-0.1617220215,0.7828534482,3.6094457785,-4.8196886314,-6.4164147184,-0.1340439163,-0.1988632096,-0.150538968,6.6616348014,-10.1905983397,3.553033945,-1.4260555378,7.863111018,-10.0184872743,-2.367388668,-0.3726545537,7.1751747709,-2.5268444606,-0.6476807604,-9.6357255773,-1.3833860341,-11.7519958995,3.5570360169,-0.7945285783,12.4739783413,-9.0882645838,1.8316436026,2.5407250295,-7.9704263664,2.8893498272,-4.3162586961,-0.4105624854,-11.2025290589,15.7660714177,-2.206172866,-10.5776372676,-1.2578951572,-2.3939314843,0.0493025791,1.3048077965,3.5250468594,-2.7413189303,1.551707209,2.0215041004,3.7994929489,-0.1074346911,1.5980312189,-0.1565080397,0.9023093403,-1.1570748337,0.9476586711,-0.5438251947,-1.9805055186,-6.0513340543,11.9115446137,-1.0570878804,0.1888336551,0.9408294379,-1.6427242739,3.9743104715,3.1780901893,-12.4790254967,10.3119860642,0.4422146963,1.0293978062,0.2444467127,3.3137071473,-3.6308720853,-6.7359670574,8.025485156,12.2811189984,-4.9706198243,-0.0243502758,-0.9029827817,-4.2511612367,-0.9913097392,4.5872946478,-1.8128839933,1.3728452646,-0.0575175105,-0.2728522747,0.4481475308,-1.6012777905,-3.0368313653,-1.412000247,1.2827436249,-2.4188452579,0.7486122935,0.5236488503,0.3625116345,-1.6786989793,3.180740681,13.0106378806,-4.2243685976,-11.0586482494,2.2710994318,0.9098591133,-0.8960450825,4.651483705,-0.4791064843,-14.8405180675,5.7511913482,7.1253835664,-4.0811322072,-0.7534552838,0.6770442805,-2.4819714027,-1.3937969298,6.217921368,0.8496845099,1.464552154,0.2075612994,-20.3301196244,0.8183066159,-0.2694066684,-3.7751564609,1.6108626638,0.3459497345,-21.9881032098,0.4431894076,-2.5167464481,-0.3069588925,-0.5735166507,-2.5709656543,-0.0244669258,-0.616640059,-0.2065236672,0.3620878602
biasActivation=1,1,1,1,1,1
[BASIC:ACTIVATION]
"org.encog.engine.network.activation.ActivationSigmoid"
"org.encog.engine.network.activation.ActivationSigmoid"
"org.encog.engine.network.activation.ActivationSigmoid"
"org.encog.engine.network.activation.ActivationSigmoid"
"org.encog.engine.network.activation.ActivationSigmoid"
"org.encog.engine.network.activation.ActivationLinear"
