encog,BasicNetwork,java,3.4.0,1,1572772789872
[BASIC]
[BASIC:PARAMS]
[BASIC:NETWORK]
beginTraining=0
connectionLimit=0
contextTargetOffset=0,0,0,0,0,0
contextTargetSize=0,0,0,0,0,0
endTraining=5
hasContext=f
inputCount=2
layerCounts=3,8,8,8,8,3
layerFeedCounts=2,7,7,7,7,2
layerContextCount=0,0,0,0,0,0
layerIndex=0,3,11,19,27,35
output=0.164179371,0.0002193036,1,0.1345482285,0.091242997,0.0000000069,0.6676133487,0.9999999841,0.9786671919,0.1811833136,1,0.9960935945,0.9574029922,0.9927737513,0.9999999513,0.0053413607,0.2649108851,0.296168009,1,0.7467626583,0.8555940697,0.9879771554,0.7592404212,0.055128566,0.9994437591,0.3490262296,1,0,0,0.9999986937,0,0.9966842316,0.9999999888,0.0005663347,1,8,30,1
outputCount=2
weightIndex=0,16,72,128,184,205
weights=-17.1049358285,3.466883537,10.603017205,10.468237362,-8.2900514293,-3.2374772595,2.3931176976,4.3937915017,6.2564360618,-11.9497233731,-5.1362714164,-4.7506054148,3.9929370567,-7.1708535084,11.3163197163,-4.0301164131,-7.8249468833,9.8292968654,-2.55624167,-7.807473277,-2.3085974997,-4.8353618806,8.1520631209,5.7465855711,-7.6039170491,0.7849095988,8.7538064351,-8.1266955761,-11.4091804463,5.2056431024,-2.3854239244,3.3487279844,-2.5361771155,-0.2198357302,-4.7609480949,-12.3223156118,2.3296082786,-1.6444221948,3.5547864257,0.3638498379,2.3476588649,0.6735609855,-5.6040780016,1.6382287414,3.0734883412,1.9141123029,4.4160806332,-0.1919817011,-1.1626831875,4.4084511891,9.8561810105,2.9785414215,-14.5372009232,2.3164377646,1.6283588299,1.1131218859,4.4969513397,4.861195902,-0.6402213809,-1.2261542095,-4.4741619308,0.8088525718,-0.3687175616,-3.5269867236,-1.5543605974,-7.2176894459,-4.8627476136,6.051807082,-1.168134066,3.0411914731,18.0828252931,-0.4289830842,-2.3471518919,-2.5333550494,0.9593969699,-0.0384608694,-6.0812464374,6.7883503947,5.210486342,0.2749308281,-2.01747659,2.0965356792,2.4113807243,5.171903952,-8.1451405363,-7.1835824566,-5.1214952309,5.9322782181,6.4698056103,-6.5037432082,-3.4711917628,-7.8618509637,0.0301051393,12.1652287967,-2.057681119,3.6124938659,3.4834943943,-6.7206877541,-3.3871869549,12.4258393963,-1.5506994215,13.0247790696,-4.1837036496,2.4269946986,1.4317970178,6.8069528132,2.3284115955,0.0621755684,-0.0834792034,-16.5016939313,2.0895712381,1.3000580944,-4.7713109235,1.3289271349,-3.8919448841,4.7984962519,2.4500308433,0.3615501955,4.0907195608,-0.316827475,-8.194222595,-7.7047568001,6.540620414,-4.5700284356,7.707740956,7.6176022964,8.6378171653,-2.1996688882,0.5035075749,-0.4888252977,-0.5392842442,5.1924563716,6.4704866166,-6.251663265,2.359817387,1.4219985563,4.2744894141,0.6315225037,-2.1125765364,5.0730915336,-3.5152432516,11.652783963,1.0718361689,-4.2580618021,0.6529899358,0.5787392606,-3.5071683917,8.1753879594,1.4898839078,7.4832947119,-2.6437306313,-1.0507263584,-2.1422194039,0.4523324332,10.3714180282,-2.7879828304,1.4943675313,-10.0854297773,0.0291568288,-0.6268842325,0.1260556435,-0.3789956346,-0.3600687572,6.6237618785,-4.9695861396,2.1563641614,8.4685000678,0.3106354387,1.294138248,0.0260592051,1.4993887183,0.0554645615,17.4010009961,-14.7239332006,-5.7786387976,3.3782683386,0.4086287476,-0.7150774393,5.8193379645,2.9948861294,-6.5945726828,5.8685537024,-7.7026661274,-5.7341373791,1.633628279,-6.3740330615,-1.7341909724,-1.0118127715,-0.6421752435,0.1192622557,0.6455557297,0.5608598587,-8.4419578827,9.5964885824,-4.9076099877,5.2919179118,-2.4376788131,0.2831943553,16.7113444495,-1.599941574,1.3852140025,-10.453729974,2.265793315,-0.9379019184,2.5349521951
biasActivation=1,1,1,1,1,1
[BASIC:ACTIVATION]
"org.encog.engine.network.activation.ActivationSigmoid"
"org.encog.engine.network.activation.ActivationSigmoid"
"org.encog.engine.network.activation.ActivationSigmoid"
"org.encog.engine.network.activation.ActivationSigmoid"
"org.encog.engine.network.activation.ActivationSigmoid"
"org.encog.engine.network.activation.ActivationLinear"
