encog,BasicNetwork,java,3.4.0,1,1572772800545
[BASIC]
[BASIC:PARAMS]
[BASIC:NETWORK]
beginTraining=0
connectionLimit=0
contextTargetOffset=0,0,0,0,0,0
contextTargetSize=0,0,0,0,0,0
endTraining=5
hasContext=f
inputCount=2
layerCounts=3,8,8,8,8,3
layerFeedCounts=2,7,7,7,7,2
layerContextCount=0,0,0,0,0,0
layerIndex=0,3,11,19,27,35
output=0.6437511762,0.545459385,1,0.9999230729,0.0537563153,0.9995773865,0.6960493664,0.0436823384,0.7565878108,0.999655806,1,0.0134572959,0.0189822232,0.9955411676,0.0000249893,0.3711687742,0.9999696654,0.1688903495,1,0.0016591578,0.9274329594,0.9799141876,0.9983559658,0.6545644195,0.0096094392,0.7640644431,1,0.0000344537,1,1,0.9999999997,0.9996230195,1,0.5198696345,1,8,30,1
outputCount=2
weightIndex=0,16,72,128,184,205
weights=-11.4190684873,-0.3870819199,4.0359614389,-8.9860055161,2.8110715345,11.6242169854,2.0960617291,3.2382533208,6.0329412063,4.5431530115,-10.6548271558,2.2720631056,-8.7787750796,-4.3929344584,9.7067469218,-3.0217908306,-6.0601183295,6.9314254134,3.5561563844,-0.6019468351,-0.4179842133,6.6239815327,-5.3366860874,0.3149461098,-2.5334736457,2.1267372514,0.220096542,-5.5411470024,-1.9419219696,-2.8748581026,4.223215673,-0.2110008507,-3.1506533006,0.3053394342,7.5230377876,4.4747808845,4.0391148702,2.2321356828,-8.1539295717,-2.0385138003,3.1045853412,0.845758324,1.6517656624,-4.9457752056,-6.7957405039,0.9647503952,6.3545120242,-0.3891257473,3.8449666528,-1.409581002,-0.4147090204,-3.1179951875,0.4630888757,-2.1135142609,3.2997272018,-1.3139203903,-0.0803591354,-5.1310932117,-4.6434571818,-8.9905729717,1.1849684444,1.6298223816,8.8966087629,2.2833731799,0.935337588,5.0985034303,3.3095615064,-11.5039105683,3.992296756,0.4058966694,6.5217971679,1.5809066769,3.4182240594,0.1729623918,0.0004478536,-1.0051565497,1.1205005908,5.8578547262,-4.7678154254,-0.6045147029,2.3403379983,1.5531344905,-2.5387927418,1.2833813137,-6.4700000917,-5.6419427259,-1.4838006441,1.2400959436,-13.4539717068,0.1547340019,0.4278626633,0.7537640321,0.5526391331,-6.4857805217,3.0525044835,1.4836995472,4.9218119612,-4.0132399014,3.6847865512,-2.8395834462,-2.7393103762,15.9188562273,-3.1035430089,-3.6476615982,0.3656951311,3.577593184,-11.2859038415,4.1596876275,2.854980864,-0.9300672326,-0.7400067964,1.7661591451,-3.3113253029,-0.1898495598,6.9854571324,0.1053148159,1.4210956899,-0.7762004999,2.1245347254,1.088445836,3.5871325936,-2.5508844857,-2.7116663539,-2.6917684517,-3.3037014437,-6.366111387,15.9112473841,-3.8227040919,18.2592761213,-0.2028648164,-0.0726511282,-1.0283346762,-4.6987697368,-1.076555712,0.6692167543,0.3290855606,-2.5228637349,0.8935920397,1.2273614971,0.9865556268,-0.3080966904,-0.5208604478,-1.2841548166,0.9369215234,9.61674815,-2.546747305,-0.4568027991,-1.0965657721,9.1405407459,-3.0571427481,6.3591176049,-1.3986285062,-0.7425292387,2.4562858087,1.9265022081,0.6364806566,-0.063288484,1.3138312841,-0.6712358656,0.488102207,-2.3798744337,-0.6251250186,-1.9048261873,-0.5868269099,5.9379074803,-2.4694964738,4.9718538699,-2.294864441,4.8782761947,-2.1268040133,0.719165304,-0.6063154934,-7.372343787,-0.5942887292,14.0677928645,-1.9711324267,0.9663625635,1.3834385923,-1.0308572668,-1.4877636011,7.4637763283,3.3522282565,-12.7059724191,-1.8974992381,1.4182007279,-0.5138901377,-6.2047625318,0.4526258837,1.1459509033,-0.2248956079,-0.8173047745,2.4897021718,0.0386333101,0.9692915787,0.4954311537,-0.7244000107,-2.6012598875,0.6092164474,10.4165257813,-0.2336973678,1.1377885627,1.028452022,0.7374521105,0.2516322721,-13.3690646302
biasActivation=1,1,1,1,1,1
[BASIC:ACTIVATION]
"org.encog.engine.network.activation.ActivationSigmoid"
"org.encog.engine.network.activation.ActivationSigmoid"
"org.encog.engine.network.activation.ActivationSigmoid"
"org.encog.engine.network.activation.ActivationSigmoid"
"org.encog.engine.network.activation.ActivationSigmoid"
"org.encog.engine.network.activation.ActivationLinear"
