encog,BasicNetwork,java,3.4.0,1,1572772816638
[BASIC]
[BASIC:PARAMS]
[BASIC:NETWORK]
beginTraining=0
connectionLimit=0
contextTargetOffset=0,0,0,0,0,0
contextTargetSize=0,0,0,0,0,0
endTraining=5
hasContext=f
inputCount=2
layerCounts=3,8,8,8,8,3
layerFeedCounts=2,7,7,7,7,2
layerContextCount=0,0,0,0,0,0
layerIndex=0,3,11,19,27,35
output=0.3913059478,0.2954533938,1,0.0112001368,0.9847250213,0.000403092,0.0894835692,0.3239218648,0.0392032183,0.1086913772,1,0.8814766895,0.0007154161,0.8376535543,0.5304181892,0.9999753958,0.999972118,0.0005071517,1,0.9985267122,0.8530165039,0.99869957,0.0000093484,0.8580250003,0.5897781622,0.9989940736,1,0.1907803633,1,1,0,0.0000002779,0.8454865319,0,1,8,30,1
outputCount=2
weightIndex=0,16,72,128,184,205
weights=-7.8946968396,-8.3433293733,-15.8741541159,-10.328083624,16.9856894953,-3.6213772601,7.7952743298,2.585727699,12.7228681496,3.7014151207,-2.0337617763,-8.7477006678,-14.0809220845,-8.8351793426,-1.0227975975,1.1458332271,-9.6386617919,22.3312673316,1.4833438632,-2.9638220937,-0.1924725585,7.672342696,4.1730757262,-3.1525268607,11.2518464181,2.2365094437,-0.096525663,-0.2599044757,6.1336724613,-7.8483460031,0.0478576276,-3.820399558,-0.4818470243,6.0735886486,0.6042767338,-2.5235987341,-1.8235418322,-2.1624224489,-0.2720613216,-2.5771654577,4.8592205763,-2.5581208659,-5.0865058212,10.5071754863,-6.1965861159,-1.5154085546,0.491229644,-0.202332954,5.9345315909,11.1059191897,-6.9206919226,-0.7910527849,6.3996367124,-6.0752377738,-7.417836929,-0.0788208673,1.5941900189,-7.487992284,-1.0988684071,-0.0282127108,-8.5250708754,5.2805117876,-0.5734274854,-0.4186654461,13.9703179492,1.2976764659,0.488204771,2.832289131,-9.8533439914,-4.6351159272,-0.8125920899,-1.8423600533,-7.0178058518,-2.7023029039,-2.9010672104,-13.0351493706,0.2563454793,6.4412432848,12.7365398777,-2.5261023987,13.4938383902,-13.2103623314,1.5622194843,12.6980080428,2.8547754198,-2.1344116663,-9.2748638383,-2.9326435296,-6.3216336629,-1.7408694617,2.471738551,3.801301028,10.5689059473,0.0660035895,-2.7327311378,0.5922918926,-1.2748653093,6.8324823498,-4.645235685,-5.8990784649,-1.2978563119,5.4012147278,0.8909145779,-2.7561036331,6.7920340336,3.1792384417,1.0191956317,-10.4143748268,-1.1083374854,-1.7826475936,3.0259228093,-0.919704163,4.6763233263,2.0582700935,-2.8684466676,-4.0354629459,-0.392572948,1.2723217928,8.3999859827,-1.8780026938,1.940755437,1.6992278105,0.752562414,-0.7927277196,-12.3033909556,-5.2041446186,1.2214658456,0.6805357115,12.2849019734,0.031102181,-7.6385268045,0.4320079893,-0.3644053848,17.6193767305,1.1970215125,-3.1144546848,-11.5248719036,-0.3387665231,1.7916845241,-0.55522254,-0.7666630354,2.9108528042,-1.3928966633,0.0431732048,5.4325628367,2.5853993335,0.7446964791,0.2607472532,0.0908137261,0.6403934666,1.364654272,1.7357927946,0.3960256796,0.0742891899,-0.2449091124,0.3031371443,-0.135698443,-13.9484050954,1.6983656268,0.3079541693,18.9708670279,1.7747517607,-0.7885907184,-0.5491882256,0.6366712006,-4.1494360316,1.6597789925,0.7018444097,11.5485413138,-0.0036137913,-0.1463170931,-0.5087210279,0.2103266273,-2.6771844402,-0.5304292186,0.5732676948,7.472598161,-3.5570109287,1.7970024483,0.9504967806,-0.2056424937,11.1499603662,-7.0139859582,-2.1919177976,-1.3556257334,-0.268785902,17.463635391,-2.3572236057,3.4833283452,-0.2634592212,-3.0116321226,7.7649716041,0.1406812787,-0.6672349536,-0.7187305491,-1.0027406091,-0.976335194,-0.2659641966,0.6937151321,-0.6499396919,0.2329010184,-0.0878820412,1.0115855172,-5.9062528166,-1.9244649333
biasActivation=1,1,1,1,1,1
[BASIC:ACTIVATION]
"org.encog.engine.network.activation.ActivationSigmoid"
"org.encog.engine.network.activation.ActivationSigmoid"
"org.encog.engine.network.activation.ActivationSigmoid"
"org.encog.engine.network.activation.ActivationSigmoid"
"org.encog.engine.network.activation.ActivationSigmoid"
"org.encog.engine.network.activation.ActivationLinear"
