encog,BasicNetwork,java,3.4.0,1,1572772827141
[BASIC]
[BASIC:PARAMS]
[BASIC:NETWORK]
beginTraining=0
connectionLimit=0
contextTargetOffset=0,0,0,0,0,0
contextTargetSize=0,0,0,0,0,0
endTraining=5
hasContext=f
inputCount=2
layerCounts=3,8,8,8,8,3
layerFeedCounts=2,7,7,7,7,2
layerContextCount=0,0,0,0,0,0
layerIndex=0,3,11,19,27,35
output=0.0596047835,0.077356374,1,0.5015829533,0.2625296942,0.000011855,0.9962974031,0.0003824675,0.9999673764,0.0759730476,1,0.9150443461,0.0019356728,0.3166568173,0.9914232738,0.9999688592,0.9678484329,0.4207754526,1,0.0443283575,0.7085161182,0.000008178,0.9971717397,0.3699530011,0.2176183588,0.9679786933,1,0,0.0277320304,0.9976794936,0.0000144903,0,0.999997226,0.999999925,1,8,30,1
outputCount=2
weightIndex=0,16,72,128,184,205
weights=-0.724690042,-6.6686025208,-7.7193306814,-8.5654136482,-0.7019618256,4.2666382954,8.7309396844,2.9598781186,5.3553334401,5.0923750576,3.556320423,-11.542986991,-16.738778224,3.6199511225,0.6756018545,1.3335835751,-4.7040699868,0.1213329225,2.8646263486,4.8351809002,-4.8663542502,2.3170503339,8.8591632748,-2.494353984,8.3641433799,-1.2163407377,9.9245577707,-7.2910193722,-0.2927882185,-5.1771208509,3.6513007096,-0.8311921862,-4.2694137737,0.4167112848,0.4557876522,0.9218459685,-0.598696827,-8.4799451873,0.0308585395,0.2978764059,-10.2581705449,1.861764302,-0.5868341242,-0.2746236573,-1.7029882785,9.3703134671,6.1071092654,5.5003522415,-2.7967407953,3.8424440376,-5.9484941276,-6.1477514635,-4.7352700396,10.0495271076,-0.6291585599,-2.0646872155,3.1011338023,-0.9658634697,2.5992667264,-0.596088678,7.9405491682,1.9751519167,-9.2606802481,1.3072537221,3.9886060463,9.3024740292,5.7782703497,-4.5392453651,0.7888593667,1.6703667356,-9.8424067697,-1.7595892215,5.8570963808,2.7947736035,-2.1460797242,1.4528139869,-13.2987422667,-7.4553341857,4.5569676273,0.8196576531,1.4371346901,1.1577930962,1.7216790827,0.2281978958,4.7917753528,6.4643418385,-11.8428107439,0.9271471308,0.9012514189,7.8600629115,11.3130716714,0.5748383582,-5.9902589512,-2.0859221825,-1.1499472522,-3.1682422707,-1.0054435514,2.2773187103,-6.8507229594,2.9849812958,-1.5104043518,-2.7487917447,-0.3251186858,1.6763330914,7.6124324677,5.7899232143,-3.8303349214,6.4796609839,-4.4351771534,0.6613252033,-0.1145227562,1.0837017419,-1.7339262004,4.4182406709,3.5374429542,-4.403909697,1.0614416803,1.8181766589,8.5778294074,-4.3490012165,2.4687591274,-6.4646796113,-2.7248678219,-5.7496703559,10.7632215006,-4.2631981678,4.3452979529,2.6244421042,7.6266423586,10.8962224507,6.6123049164,1.0085002326,-0.9141358197,-2.9611554187,-3.267992266,-3.7408005692,-2.8763055639,7.1540958223,7.1122294188,0.2871676143,-1.1360706515,-1.975556954,-3.5011301286,-0.9292577704,-2.5964376249,2.191472957,-15.4045528986,-0.9309482519,-8.874242681,0.847923421,1.7299562016,1.0161135182,-6.3477212129,-1.2958024094,4.8770193005,0.8190406815,0.5611156961,0.7419733788,-0.2938309101,0.5873420267,-1.9403331479,0.7265101865,-15.4046552341,0.4044123633,-8.8232223149,3.5826942123,8.4026426052,2.8310104759,-2.1272365435,1.3478703691,-9.3901546209,1.1005367929,-2.4205194449,1.2528531347,4.979838532,1.8186819865,1.3741351138,-8.9225920886,6.5444924189,-0.3091743492,9.9502273845,-1.5626290994,0.6262496235,-1.9366760598,2.5188599496,-3.0405722071,2.6154692874,1.2816649005,-0.185501068,-8.2453305403,0.0264052267,0.4930726365,-8.939774279,-1.6163250835,0.0507425685,0.2663074906,2.0154519498,-3.9731313083,-0.7947396035,0.6690737156,0.2704508458,-0.6708834176,-0.1204430614,0.6098919264,-0.926866271
biasActivation=1,1,1,1,1,1
[BASIC:ACTIVATION]
"org.encog.engine.network.activation.ActivationSigmoid"
"org.encog.engine.network.activation.ActivationSigmoid"
"org.encog.engine.network.activation.ActivationSigmoid"
"org.encog.engine.network.activation.ActivationSigmoid"
"org.encog.engine.network.activation.ActivationSigmoid"
"org.encog.engine.network.activation.ActivationLinear"
