encog,BasicNetwork,java,3.4.0,1,1572772835928
[BASIC]
[BASIC:PARAMS]
[BASIC:NETWORK]
beginTraining=0
connectionLimit=0
contextTargetOffset=0,0,0,0,0,0
contextTargetSize=0,0,0,0,0,0
endTraining=5
hasContext=f
inputCount=2
layerCounts=3,8,8,8,8,3
layerFeedCounts=2,7,7,7,7,2
layerContextCount=0,0,0,0,0,0
layerIndex=0,3,11,19,27,35
output=0.6000241691,0.725716495,1,0.0000007808,0.509824398,0.0264166709,0.7165743158,0.8405842184,0.929252378,0.1265898024,1,0.1705299753,0.9996056442,0.067041525,0.8718820947,0.8841241048,0.367175877,0.9995236728,1,0.6443154493,0.2052176214,0.2390555037,0.994497193,0.7479094691,0.9876170812,0.0000013057,1,0,0.999821009,0.9974143293,0,0.9999995617,0.9923082617,1,1,8,30,1
outputCount=2
weightIndex=0,16,72,128,184,205
weights=-3.0334150107,-3.3019801172,-9.3198885956,-9.1114702801,8.858556249,-0.3072117076,11.6016246963,0.2347114706,10.4715899427,-8.1840178198,1.6439939711,1.9125206056,-3.4731887027,11.5773694739,-7.4235465781,-3.1675362452,5.7578611889,-0.6451172835,5.8752736807,-10.4617546725,1.1193305661,0.2278861138,-2.5435267072,-4.2033776695,0.5739593895,9.7542715459,1.1428870659,-5.7015914693,-3.5606559543,-0.6417727805,-1.6543436526,0.122755985,-0.3391770163,-2.4001898119,-1.2707572612,9.7058560838,-0.159604371,-0.827771066,-4.7702660827,-4.3140321185,4.7876778664,-7.1982461481,5.5236239766,-0.5446538223,6.1413519515,1.7785706704,-0.9176947871,2.2455507624,7.2413787745,1.4964729331,-4.3235623211,8.4312836938,-0.1559122879,-2.61019421,-3.1359245811,-3.8987236149,14.4530905913,-2.3520127198,2.857286273,4.5462227473,-0.9476331304,3.7410678383,-4.0736335508,1.8422230076,1.5515788611,-4.2124863441,-2.6622180165,2.4062405006,-6.1831297349,3.9332659567,6.6625064934,-2.5415770871,4.7269911414,6.2071003807,6.4653549897,0.612266387,-3.9702752724,-1.7624011581,-11.5092949643,-3.3458325912,-6.6449336643,1.6975688879,-1.1282823838,2.5774276913,-4.5411603775,12.1709985687,-2.9189870306,0.8534969612,-0.7460004186,2.9832483274,0.987905347,-5.1035556537,6.5329656987,-2.6617238643,-1.1286303037,-0.1825979392,10.3063954616,-3.1499753598,4.385623346,-10.1690087132,5.2307249592,1.3208573299,-11.6059389246,-0.2283877567,3.9424445194,1.4769192843,-1.3688408742,-0.088116504,6.373717859,-2.759998077,-5.6494152745,-2.4374648394,5.0679462227,0.1835041287,1.1197325818,-4.5308394838,1.5762260324,2.0840452559,0.2838797516,-2.8462504293,-0.8451152713,0.3572230087,-1.6114346355,4.767990015,3.0483399911,1.511898915,-3.0739184263,-0.0094445141,-1.006687881,-5.8893977649,-3.195116361,-0.501297053,3.2864129727,10.4550980047,-5.094874807,1.1031257956,0.5180763986,3.4754973316,-9.1668435301,1.3140422014,2.5710421344,-2.3670244542,2.2432915331,1.8487538681,-1.5767736965,2.0166636868,-7.4187709264,-1.2312463622,0.0320756483,2.1972276003,0.7912459174,1.2217723919,0.9497100103,1.1349804582,9.4636011265,-0.1627161395,2.0454007925,-8.371195966,-1.9610724057,2.845549695,2.219769258,4.3259640369,-3.6519966351,2.0347752708,-3.8491890786,10.7206714333,-4.9693266408,-1.4148390876,2.7030442646,8.3534867555,2.4752425756,-0.4835503161,-0.4785465525,-6.650702911,-0.3619442656,0.9981811275,-1.1041651454,7.1031710914,-13.8133481569,-1.5576165039,2.3409056287,-11.7917144947,0.9479809044,1.5390541958,0.8573349112,-4.0402688619,-0.6270272627,-0.6611714543,0.5616618275,-2.9324872604,-1.7174560588,0.6226247428,1.016087526,0.6665347496,-2.4821380554,-0.3379409867,-0.5001272618,0.5841059012,1.1183135368,-1.5177154438,0.1887614629,11.338766663,-1.2961704002,1.8550807953,0.1200906117
biasActivation=1,1,1,1,1,1
[BASIC:ACTIVATION]
"org.encog.engine.network.activation.ActivationSigmoid"
"org.encog.engine.network.activation.ActivationSigmoid"
"org.encog.engine.network.activation.ActivationSigmoid"
"org.encog.engine.network.activation.ActivationSigmoid"
"org.encog.engine.network.activation.ActivationSigmoid"
"org.encog.engine.network.activation.ActivationLinear"
