encog,BasicNetwork,java,3.4.0,1,1572772846746
[BASIC]
[BASIC:PARAMS]
[BASIC:NETWORK]
beginTraining=0
connectionLimit=0
contextTargetOffset=0,0,0,0,0,0
contextTargetSize=0,0,0,0,0,0
endTraining=5
hasContext=f
inputCount=2
layerCounts=3,8,8,8,8,3
layerFeedCounts=2,7,7,7,7,2
layerContextCount=0,0,0,0,0,0
layerIndex=0,3,11,19,27,35
output=0.4118865093,0.2328490779,1,0.0789618747,0.9994041732,0.2368456319,0.3170491503,0.4161316452,0.864745505,0.902612414,1,0.9708800716,0.4776197235,0.0160042569,0.9899522101,0.9879170751,0.0062962428,0.5768021848,1,0.0007545437,0.0189700491,0.004170932,0.0866931318,0.9991375827,0.0003515262,0.0000012008,1,1,0.9969571406,0.9780671281,1,0,0.0000000004,1,1,8,30,1
outputCount=2
weightIndex=0,16,72,128,184,205
weights=7.6333109151,-7.0740796088,0.9837560211,-7.4487264136,-6.3989958482,-1.950534358,9.7333340957,3.8036784182,3.0067150021,2.9014958831,12.3355558694,-0.646097728,-6.2300031515,8.773971304,-12.6150054242,-0.6545440659,0.7073368808,2.0264252271,1.0864520779,-0.1729295898,-0.3376979289,0.5781758796,-2.8023539531,-2.0109509637,0.8753525359,-2.0208967223,2.2490436105,8.115478346,-0.9904972249,-1.7421767761,0.0707738751,0.4190680377,-7.3674933878,-6.4156985065,1.1727551434,7.4966745918,-0.521117428,0.4635206908,10.4677850214,-3.918892646,2.0333093742,8.1985373329,-3.0064172233,-1.1084326697,-4.690423518,-3.3235049894,-6.4145377692,2.8427565523,3.3194956685,-0.2889219549,-5.4928205433,-3.5295572036,-3.4356306582,7.7628522108,4.9858819008,0.6278640403,5.1322665845,-0.5097994828,-0.3795877866,2.4164129048,-5.7226509918,-0.1735777424,2.4849421062,-1.048828757,-1.3652733561,0.3749635145,-4.8038079001,-7.490225247,6.7020537025,7.6979881252,10.2477531772,-1.7156004863,-2.2907044456,-1.1676544309,4.1803672074,3.6036366401,2.7217737256,-0.108625819,-4.5818821591,0.4814297752,-1.3388995112,-4.7717320835,6.4958527279,-0.762646307,-0.4081786284,5.7602266219,-4.4209944936,0.4467787692,7.2664198608,0.549622817,-0.657291313,1.3933903149,-3.5098241197,0.6764334262,0.5124897263,-0.7461730974,3.4827538314,-9.7038037564,-6.6511738354,4.3249135303,3.6533811886,-9.5210489,5.9345873948,0.7776683311,1.1504055403,-2.178499902,1.0742573663,-4.5842833983,2.2855973558,-2.6184505544,3.8862310534,2.5544984916,0.5120997175,1.3640882354,8.960013695,0.3991045558,-6.3168395791,-8.4084524752,-2.5116110905,1.1546301163,2.4433380253,-4.1403600194,-5.1594699798,2.8312232267,0.2543724722,-16.8681071543,2.5663760182,-0.0857955233,-5.5305795386,-2.3356921803,-7.1889541614,0.8145573952,-0.0222535308,0.6271456837,3.524405536,3.3628388798,-6.252190138,2.3780858875,5.1811794524,1.9447731031,-1.8985573672,6.6661338674,-3.3430757355,-3.7336398662,-1.0475605591,6.9516673164,-13.8712731801,-0.6777439984,2.2562163425,-2.7783712846,1.9201370055,0.9662533971,0.4710373748,-1.0442724954,-9.4605421022,4.7904586411,-0.2077755583,-1.6314822995,1.2143144624,1.4636324173,3.4131004887,10.4835274482,-0.1676957921,-2.7243093103,0.9227583598,-1.3824673301,-2.1085667012,-1.8129257438,3.1922445951,-1.0196511295,-14.4084839195,4.7450542302,0.7354237654,2.5112122477,0.6376103086,-1.4187708039,-2.4069251514,-10.1587665376,1.3245119688,-3.0275092857,-2.9008097425,0.6277313371,0.318377337,0.3158961009,-16.4051848038,5.5077039553,1.8133779541,-0.5958492013,0.4671908619,-3.4570221285,-1.995591342,0.190877597,14.0359946237,-6.2141399946,3.2286736444,0.0967998405,1.1776876855,-6.5284457023,1.4050146133,0.9974569946,-1.0316788246,1.2347378706,-0.586047319,2.647405783,0.5796712861
biasActivation=1,1,1,1,1,1
[BASIC:ACTIVATION]
"org.encog.engine.network.activation.ActivationSigmoid"
"org.encog.engine.network.activation.ActivationSigmoid"
"org.encog.engine.network.activation.ActivationSigmoid"
"org.encog.engine.network.activation.ActivationSigmoid"
"org.encog.engine.network.activation.ActivationSigmoid"
"org.encog.engine.network.activation.ActivationLinear"
