encog,BasicNetwork,java,3.4.0,1,1572772855625
[BASIC]
[BASIC:PARAMS]
[BASIC:NETWORK]
beginTraining=0
connectionLimit=0
contextTargetOffset=0,0,0,0,0,0
contextTargetSize=0,0,0,0,0,0
endTraining=5
hasContext=f
inputCount=2
layerCounts=3,8,8,8,8,3
layerFeedCounts=2,7,7,7,7,2
layerContextCount=0,0,0,0,0,0
layerIndex=0,3,11,19,27,35
output=0.0001865044,0.0000330314,1,0.00282651,0.5037872134,0.1577550573,0.8041960004,0.0000000004,0.8333934766,0.5669347245,1,0.4010866149,0.0000584645,0.9999993333,0.9997074017,0.4272082814,0.0000006672,0.4404015129,1,0.9998728685,0.3178955913,0.9976563464,0.4850721539,0.0041876395,0.0398876413,0.004661995,1,0,0.000740903,0.9641733626,0,0.9999999959,0.9997512118,0.9999999875,1,8,30,1
outputCount=2
weightIndex=0,16,72,128,184,205
weights=-8.3881958467,8.2505833743,9.6449679568,-12.5010971237,-0.9140629813,-9.5498500925,-4.5391143307,6.3442556165,-2.362792141,-11.8585810517,12.8214380092,-4.5863832318,11.0642419833,0.973692435,0.6695596648,-3.8625001128,0.2260440267,-8.2316299738,-7.3364559631,-2.4883191039,0.8015537708,0.081768844,3.5467124899,1.9635700835,-2.4163793822,6.7427616222,-3.6673326046,2.8827734482,2.118525106,-4.3903067588,2.9571224737,-0.4380371885,11.0377839211,-6.3794946299,2.6324525511,0.4167864995,-7.9463505429,-2.2393074623,-3.0383863327,-4.4180188853,-3.1508609564,-1.8520062865,6.394622578,-6.7685366047,8.3179325891,-0.7279346312,0.3891216217,-0.6763158282,0.8829762128,8.1522520066,-12.6515774091,-3.7161618793,-2.2108576393,10.5239942006,-2.825903384,-3.3933956559,-0.4749889861,-3.4192427863,-11.3195672296,11.3949926728,3.5858152773,8.2732611658,-0.0539339299,0.2203408832,0.092669492,-3.585860207,-0.027760588,-1.2677494577,2.9642481414,-3.0255852754,0.5185144573,0.0328320558,-2.6463790911,-0.3656321177,-2.9352871138,9.2461729847,-2.7777565446,7.7835905086,1.9903292984,0.496566948,-15.91724531,-0.2974629553,3.0749407883,0.6943280139,-2.2780944888,-5.6150934497,-3.2514422589,3.1068898372,9.6651295796,-4.4412661731,6.9016707945,-1.9269860991,5.3269507111,-1.4197151789,-6.5111840301,0.0827365029,1.3684594735,-2.9503186183,6.8809272413,3.6761333832,-1.4399910666,-6.4747399823,-11.8293638428,-0.6225250837,8.2427642672,-0.9513427328,-6.1001858611,-2.4899694865,0.9797163857,-0.6063886885,5.3375445308,-0.943634067,-12.8193865177,4.2607967083,-4.4917801411,-1.3554395993,2.5810250991,-3.5765778205,-1.8731146928,2.5223822573,2.5060106192,-0.1882330794,-2.2972785877,3.2529576238,1.7651953269,-0.6804710735,-1.0791807006,-1.9466293386,-0.0726647329,-14.0372548378,-5.1466073356,0.5693303786,-1.6533172221,8.6389277936,8.1458126284,-1.1864902185,-1.7591802111,3.8294812887,2.9683873812,-3.9497222467,-0.4369183596,-2.4046652543,-0.7360797591,-0.0512719458,2.2576979891,1.3493129957,-3.0719979861,-5.5691610868,0.725583664,7.9912086115,0.6199096731,-0.3200771079,0.379235687,-5.5400956886,-1.246990249,1.0865236436,0.6914240318,-7.667832019,7.5024098094,0.6187809284,-0.5335189849,-1.7417318419,0.4945515475,-3.8872982956,-0.0028080224,1.3665152353,-8.0859668821,0.7756349407,0.5305366054,-8.9816195389,5.9840016695,-1.0104141739,-2.6994080882,-3.4996229229,-0.1959269506,-2.5498570041,-4.566206936,12.5799393667,-7.7475160824,-3.5127959898,-4.3271779042,-0.5326381817,10.6163177371,-3.6596448362,0.9540150779,-5.5791696454,-1.5027229249,1.8091831832,-0.2788337331,-13.3153531246,-0.1283667261,0.2088012171,-1.944523265,2.9294226511,-7.1259533084,0.6178468685,0.9498781725,0.4158442847,-0.7682413225,-5.3920585595,1.3739917069,10.215377012,-2.2835052371,0.999376668,6.4822059474
biasActivation=1,1,1,1,1,1
[BASIC:ACTIVATION]
"org.encog.engine.network.activation.ActivationSigmoid"
"org.encog.engine.network.activation.ActivationSigmoid"
"org.encog.engine.network.activation.ActivationSigmoid"
"org.encog.engine.network.activation.ActivationSigmoid"
"org.encog.engine.network.activation.ActivationSigmoid"
"org.encog.engine.network.activation.ActivationLinear"
