encog,BasicNetwork,java,3.4.0,1,1572772864928
[BASIC]
[BASIC:PARAMS]
[BASIC:NETWORK]
beginTraining=0
connectionLimit=0
contextTargetOffset=0,0,0,0,0,0
contextTargetSize=0,0,0,0,0,0
endTraining=5
hasContext=f
inputCount=2
layerCounts=3,8,8,8,8,3
layerFeedCounts=2,7,7,7,7,2
layerContextCount=0,0,0,0,0,0
layerIndex=0,3,11,19,27,35
output=0.4375009183,0.3157900782,1,0.0015140036,0.9987725874,0.9971750707,0.0000002901,0.037548579,0.2248336668,0.075247289,1,0.7392390871,0.0000022972,0.0001166077,0.9844106668,0.9732964892,0.9450281742,0.98724829,1,0.9990164792,0.0036116181,0.0000001926,0.9278255087,0.3857834568,0.1472737475,0.9737694163,1,0.9937142794,0.0242694895,0.0764276339,0,0,0.0000004278,0.0000000517,1,8,30,1
outputCount=2
weightIndex=0,16,72,128,184,205
weights=0.3756423188,-8.6274049623,6.8942134875,8.1538667684,-2.3613616282,5.7904340216,6.1976888212,-0.1893820521,-7.1674736461,-4.8236821298,-9.9736821148,-1.0269513952,-7.9504349357,17.0286983215,-5.7440162464,10.9030579384,-0.4550052897,-4.7017109889,6.5228152713,2.459288349,-6.3361565705,5.4431585996,-3.4785737413,-4.1195877367,10.5743832145,-5.225660409,6.4506057001,2.5575723063,1.6679299788,-7.2791138523,-0.7414133811,2.3537161038,-7.065478128,3.0818802553,-0.4338306758,-3.428949321,-0.3786988238,9.5461173932,9.9704515707,-4.0310165186,-1.9537295145,4.271318522,6.0915919867,-0.1136821133,-4.4975114975,-6.3348032914,-3.0374565555,-0.1349064073,-1.7517657782,-2.5328651355,5.8392446732,-6.7404240431,7.6876649648,-3.3624615576,3.9884339652,-3.5565351042,-4.6025221632,-3.6180942833,-0.4990653101,-5.9308823594,2.6482888186,-3.2657405412,6.4917247887,2.1028403019,2.5038882514,1.2211169602,-13.0624821521,4.1544057891,-4.4314140537,-2.1976916863,-2.774883751,0.6816199983,-0.61936005,9.5117018335,-5.9647503806,-0.2557119797,2.3365752572,6.4104562375,-2.4297503988,2.3841855942,-6.4833370502,-3.2482803421,12.3814192913,-2.3960447301,-1.1349458829,-3.7112027911,-0.8777905793,-2.4328582867,-1.288564391,9.2356834013,-7.2969063092,0.4011295209,2.894929655,-0.8351307556,-11.0532651309,1.5946945555,1.2356111658,6.0031946956,-1.4861343065,2.72592183,-2.5110535397,-3.9362007034,3.0604030388,-1.0715053818,6.8488832935,2.0153727236,1.7048736014,2.2259610874,0.5554237061,-9.7143913023,-4.7489580276,0.5219554868,-7.8523542463,-7.1593424454,-7.2881623636,1.4824628212,3.4287381383,0.8083512696,4.077079924,3.9274815215,-3.457690993,-6.8026112751,1.0812224515,5.1437692897,5.7564354054,-10.813794061,-1.4865402078,3.8749921543,3.4164095937,-10.10798411,-4.7367974921,9.0728796346,1.9303072655,-0.9316715546,-0.2677653157,4.1357910065,-3.3895810802,-4.7947633381,13.0996043001,-8.5793417503,4.7310055811,0.4960377694,0.7526965957,-3.1365116535,-8.0172318815,17.2140458887,0.7618611059,1.971684753,-0.3540263855,-0.0572921317,-0.0242850421,-7.9719140929,3.3864945601,1.6490475295,-3.1678076458,-0.010879887,-1.8977236968,-0.7628663563,-0.6573629977,-0.6093641311,0.7360595567,5.4236744964,-0.2078365721,0.4586955818,-1.0703784278,0.2379417787,-0.3978136967,-1.3122496502,-1.3687957893,-9.7205991392,12.6367345319,4.0717293477,2.7191809625,0.2112916888,-1.14422207,-1.1258353412,3.0078417191,-11.4443705291,-6.6816102787,-0.499036627,-0.5819944122,-0.8469699408,-0.1866181382,1.4137222887,0.0137583027,0.2518317249,-2.6018489407,-0.1645864747,-0.4583790491,11.3740968251,1.2608881419,-0.1043560697,-9.4483278708,2.4992907571,-4.2101776037,1.7778559949,1.4111236508,-5.7332572482,0.468086522,-0.9270200529,-0.237581251,-0.1210167388,-0.7369174845,-0.3482887539,-0.4342998782
biasActivation=1,1,1,1,1,1
[BASIC:ACTIVATION]
"org.encog.engine.network.activation.ActivationSigmoid"
"org.encog.engine.network.activation.ActivationSigmoid"
"org.encog.engine.network.activation.ActivationSigmoid"
"org.encog.engine.network.activation.ActivationSigmoid"
"org.encog.engine.network.activation.ActivationSigmoid"
"org.encog.engine.network.activation.ActivationLinear"
