encog,BasicNetwork,java,3.4.0,1,1572772916750
[BASIC]
[BASIC:PARAMS]
[BASIC:NETWORK]
beginTraining=0
connectionLimit=0
contextTargetOffset=0,0,0,0,0,0
contextTargetSize=0,0,0,0,0,0
endTraining=5
hasContext=f
inputCount=2
layerCounts=3,8,8,8,8,3
layerFeedCounts=2,7,7,7,7,2
layerContextCount=0,0,0,0,0,0
layerIndex=0,3,11,19,27,35
output=0.0003220858,0.0003207827,1,0.0422649029,0.9999999972,0.0000023242,0.9996217145,0.9980240824,0.0001136204,0.0052171944,1,0.1054098105,0.9992166445,0.114851483,0.0845883238,0.947812744,0.9052648343,0.954018944,1,0.6916194883,0.999945682,0.9141838775,0.6943503675,0.6207313939,0.9733419309,0.8114619314,1,0.4091290725,0,0.9998525928,0,0.0000155185,0.9999999978,0.0000069329,1,8,30,1
outputCount=2
weightIndex=0,16,72,128,184,205
weights=9.269087711,2.6245280006,-4.4351404997,0.0818348421,-10.5208201517,8.8577918562,5.0230778961,-0.6656300932,9.3748263991,-9.4326270642,-10.6663272714,-12.0356221141,8.8197783658,9.3441119777,-5.175398518,4.2466572243,-5.479095954,5.94552676,-3.560733729,3.1962545466,-6.2675761023,1.0282746606,-2.1133673245,-1.3195232214,-3.5925828355,7.8810065586,-9.0628040526,-3.2081898372,3.9733329801,3.8189752237,7.8932105835,-1.2337473933,6.4543126907,-7.9833444329,2.4452938861,2.4586215614,-8.4816701313,-0.2734679583,-0.6206055859,2.71446137,-3.3140517599,6.1553733531,-5.7337150882,-9.0369470126,5.2521406063,0.1370072295,-4.7920814292,2.9708737858,2.5044786342,5.1568918525,1.2867166141,-4.0886937656,-5.4983632857,6.4183879733,-2.7503673279,3.0309505535,1.2674166335,-6.1522558055,2.3788400362,4.4484349845,-8.616013281,3.2219570786,0.6759159704,0.8866114036,2.6377193572,-2.191652995,2.86575342,0.3672983847,-3.6682534014,-6.6126653152,3.6995843189,2.2346819894,2.1579287048,3.4734368915,2.0958274006,-1.2653762956,-6.9236846012,-2.9946870358,-0.1946056492,-0.7710629746,5.412109675,-0.4679325602,1.0479412517,8.7018605108,-10.5049786749,-2.4799836193,6.6348663095,0.4264764874,-5.3970620913,5.993708982,2.4151329117,-5.7990032448,-3.3031992619,2.1198424047,-4.9538236709,1.5227860723,3.1766755624,-8.7859770399,-1.5151896202,-0.1007746164,10.890190122,3.1844035823,-6.5269134581,1.0989516227,7.2523434564,-4.5844848851,-2.2030449088,4.423070702,-0.5106210595,3.8163277139,3.3062957982,-4.6700466453,5.183617717,-2.9097664001,2.1956166812,-3.1797595915,-3.4121169603,-3.347078005,5.72074541,2.5160218165,-11.516944243,-2.3733209295,6.6385030875,2.5726384683,3.3513653292,-1.0829187723,7.0058254985,-1.1953439299,5.0082461203,0.8065081477,-1.2468102269,0.3779414342,10.6243613319,0.2208076336,-11.9690932156,-0.2155806946,0.4528243232,-3.0195851063,12.1650218263,1.6234551507,1.0551327681,-0.849996098,-0.2878764066,-1.6779102576,-1.1806625211,-0.7754835621,-0.6615905687,0.806950969,-8.9011688561,1.865099835,5.224851664,1.64536332,-1.875221625,-0.4883961347,-1.4549377791,-0.7592139863,-12.9988031416,1.4392909981,0.5018541121,1.6033754737,12.0541907381,6.6114410568,-9.2423418871,0.6091952187,-8.0629743863,1.8291673635,-4.9496797441,2.9729054771,8.0807163077,2.2660013967,-0.6213991557,1.0680741758,-3.6573005166,0.6314392566,-2.7435132165,0.281531663,-5.0396369713,2.8679546439,-2.3611181851,-1.6625557559,-6.0445893561,2.7067628898,0.2995958589,3.1754985136,1.3016031767,0.1488335771,-15.245399636,0.8831088098,-3.3184959011,0.8240773287,-1.3692578128,0.6219179167,1.1186895177,2.144238437,-4.3355531542,1.1318708455,0.9133189485,-0.5583888668,-1.6283496773,1.2327888843,0.3510092788,-0.4673314631,3.8172278461,-1.372301121,-1.2480155985
biasActivation=1,1,1,1,1,1
[BASIC:ACTIVATION]
"org.encog.engine.network.activation.ActivationSigmoid"
"org.encog.engine.network.activation.ActivationSigmoid"
"org.encog.engine.network.activation.ActivationSigmoid"
"org.encog.engine.network.activation.ActivationSigmoid"
"org.encog.engine.network.activation.ActivationSigmoid"
"org.encog.engine.network.activation.ActivationLinear"
