encog,BasicNetwork,java,3.4.0,1,1572766629912
[BASIC]
[BASIC:PARAMS]
[BASIC:NETWORK]
beginTraining=0
connectionLimit=0
contextTargetOffset=0,0,0,0,0,0
contextTargetSize=0,0,0,0,0,0
endTraining=5
hasContext=f
inputCount=2
layerCounts=3,8,8,8,8,3
layerFeedCounts=2,7,7,7,7,2
layerContextCount=0,0,0,0,0,0
layerIndex=0,3,11,19,27,35
output=0.3636462513,0.1818266913,1,0.99999997,0.0081839613,0.0000046046,0.0043843535,0.4417827861,0.78856172,0.9999993782,1,0.749340041,0.9937935763,0.9998253794,0.4706448488,0.0669025768,0.529131104,0.1107495656,1,0.4622318581,0.9998475452,0.4138216008,0.999971296,0.999806633,0.5709743989,0.9999006982,1,0.6279137511,0,0,0,0.9987036506,0,1,1,8,30,1
outputCount=2
weightIndex=0,16,72,128,184,205
weights=6.3473440369,-11.5411999663,2.5603872773,8.5378938792,1.1069977885,15.4627867884,-12.8898098791,-6.6425215548,-7.6950912658,0.5372669801,-16.7842850133,-4.9727388569,-11.1594074063,18.8903664415,-6.1160936538,2.3584574918,2.665618323,0.9800570175,14.8322791334,3.4437929374,-6.3567509757,1.2858027149,-0.2998573963,-2.320437312,-1.8618753904,-1.2251243931,2.8208966722,-7.413285427,0.7508489619,-2.473645401,4.4083021099,-0.745610852,-10.3526681818,-10.0239071915,2.414113031,4.2709878548,-2.2752865774,-1.6362651278,8.2409884472,1.1124336551,-1.1095925752,5.5165020873,-2.5791401037,-13.8504984584,0.6459436729,4.3804593911,-1.5670307521,-3.1662704534,3.472177941,-4.0300562844,-3.2067326955,1.5553701026,0.6492328415,9.8546362363,-4.6948281965,-1.0944616553,7.7000331572,9.6593620679,-5.6681504628,-20.3575736554,-2.1875194931,3.1185148049,8.5597913585,-1.2564753959,-1.1258577882,8.8969368456,4.4083198863,11.0674419574,-2.712649609,2.1099940568,-3.9037883235,-3.8264172945,-14.6102323375,6.9831206514,-2.5451611847,4.0782979792,-2.8171236152,-0.8879589603,5.6817513352,-4.5161902591,9.7002181006,0.2280771765,-1.1012026474,-5.5410996253,-4.7308261539,6.1426554026,8.8386295028,-1.2543449642,1.8120120562,9.4690200815,-0.2413260108,-6.6799752707,-0.5306399978,0.6567422137,9.2904068209,-4.0067061646,-5.7005382807,5.7999843245,-6.8065583677,-5.7817922283,-12.3014986893,10.455665936,13.2627829486,-1.6156218549,2.4106370085,-0.921689624,0.7201807946,-0.87867293,1.9159734314,0.5691508373,-6.8886657574,2.4000332907,3.1884756374,-4.1177549095,0.5682678426,-3.8831698991,0.5879045547,0.254639271,6.506967471,-0.8316391157,8.7689640875,-9.6713538789,-0.5863563506,-3.9921627391,1.1824399212,5.2847398578,2.8605867988,0.7082073525,20.0483993795,-0.0470616313,0.191612022,-0.4768761962,-15.5583800576,-0.3252140379,0.9433897154,1.8547947069,11.6021237792,-0.0759286783,0.3699562881,0.0490660435,7.0275895357,0.4379472416,-2.5051567824,-3.0099653476,-6.997873276,-0.3940721817,-0.9702596576,-1.360543192,2.0567088171,-0.6087335072,1.0607473341,0.9310817063,3.7403054257,-0.0150603288,-0.9540728054,-0.8519665934,10.3068429098,-0.652898093,-1.3358620151,-0.8477651735,-2.3688925405,-0.901415125,0.0759315175,-2.6170466332,11.2171691035,0.9403161251,-0.1186024581,-1.0458378817,5.7543333644,-0.523116056,0.2811412158,1.2560714902,-7.3493406952,0.7211730507,2.4949523061,1.5174638075,19.1920730108,0.338582986,0.5139640978,-2.0159580837,-3.1479068347,-0.0900329209,-0.4692544252,0.7793614674,0.2916420793,0.2098445266,-8.1051952947,-0.8385256124,-0.8889927625,-0.3611598704,-0.7363430319,-1.0767253983,-0.4862294419,1.0161480314,-2.755819107,0.6296722099,-1.2631337795,0.3054413233,7.5887364603,-1.7204549749,-1.4524340208,0.7989855692,0.6346890382,1.9653728353,-0.9194673577
biasActivation=1,1,1,1,1,1
[BASIC:ACTIVATION]
"org.encog.engine.network.activation.ActivationSigmoid"
"org.encog.engine.network.activation.ActivationSigmoid"
"org.encog.engine.network.activation.ActivationSigmoid"
"org.encog.engine.network.activation.ActivationSigmoid"
"org.encog.engine.network.activation.ActivationSigmoid"
"org.encog.engine.network.activation.ActivationLinear"
