encog,BasicNetwork,java,3.4.0,1,1572772952468
[BASIC]
[BASIC:PARAMS]
[BASIC:NETWORK]
beginTraining=0
connectionLimit=0
contextTargetOffset=0,0,0,0,0,0
contextTargetSize=0,0,0,0,0,0
endTraining=5
hasContext=f
inputCount=2
layerCounts=3,8,8,8,8,3
layerFeedCounts=2,7,7,7,7,2
layerContextCount=0,0,0,0,0,0
layerIndex=0,3,11,19,27,35
output=0.5070410598,0.249996894,1,0.9479969133,0.0675616405,0.0001291648,0.0033376557,0.673085858,0.9126874006,0.7441368646,1,0.0000519175,0.0015401051,0.0022741264,0.0048187125,0.0007367379,0.6259199832,0.1240032596,1,0.9999141241,0.9982886926,0.0289230329,0.0026503015,0.8978834284,0.4396206546,0.3994858005,1,0.9512603196,1,0,1,0,0.0051963674,1,1,8,30,1
outputCount=2
weightIndex=0,16,72,128,184,205
weights=-9.2465027201,-6.4447158712,6.658026559,-9.0084173623,8.5322537213,4.8677584356,-6.9127718228,4.2168119683,-1.5178701016,0.5623523778,-14.2728933267,15.4570446334,10.8724625739,-10.0774939055,6.1678224401,-2.457636005,6.8350066048,7.8721043297,-1.8566998829,-0.0784470506,-5.5533948821,2.653534739,-1.8173342604,1.4637161786,2.6897205748,10.469844064,0.2861333135,2.8517963352,-7.2264751714,-13.549952876,6.0472640142,5.0812101785,-6.8323078055,3.081915966,10.3102325739,10.040754929,-9.3314185827,-5.2479755601,8.2847197238,-6.7661589013,-4.1751574618,-7.0220572891,9.2619430948,-8.810291767,13.9621217463,-10.8222904862,-0.8496088964,1.2022352662,5.8754950982,-5.886152937,11.737091877,0.6389654268,1.2068277798,13.8643355281,-20.4405232635,-5.4429973099,2.3805562402,-3.0498303034,3.6505034265,-1.5413307337,2.4155206469,7.0374347454,-8.1486015558,-1.0455998403,-8.0733747887,-1.4772142937,4.3954897553,0.280682176,1.8883454325,4.6995893481,-1.8520818419,-1.6543658257,2.6585343263,-5.5273555849,11.7887478936,-2.9365278801,-4.3577870507,-3.4060646004,-1.9577197339,-1.1471530188,-10.7764156428,1.1389730029,6.3418752338,-2.9815282817,-6.9225818891,6.0152185887,4.7042237134,4.6805653323,-7.6082966882,-2.7066687405,6.8836686708,11.0562586129,-1.0016039335,18.0954080034,-2.5639177463,-2.0341442745,-4.4355220736,0.5223128547,-1.4088335737,3.0328885008,-6.3460534229,13.2044060717,-1.5312885593,-0.8791717125,3.4041409165,-14.1205195881,0.5017730102,2.5509190863,1.0268422239,1.8438781484,0.7694322228,1.4187228323,8.0467990276,-18.0404743165,-5.3742897436,1.9205142258,9.4426455435,-1.1335974179,2.0151199787,1.8435432196,-17.907813756,19.0702241614,0.0179020961,-2.2881108334,-3.4159052678,2.4822883551,-2.8889811454,0.0491050903,-4.1417360257,3.5256449859,-0.2776045781,5.3659949688,-0.9950083423,-20.3170929308,2.3242624009,2.1920630208,8.0368100506,-0.0873080776,-0.8952522316,-0.8942052978,-0.2836967808,-0.725203779,-0.3009493136,0.009917472,5.1377846779,-1.32120412,0.1685922484,-2.8700921951,-0.1972339256,22.6875265912,-2.6216831454,-1.7060514253,-16.2927610813,2.7167587049,0.5458348726,2.68924284,0.8689204319,10.9758581123,3.0246083509,1.0805845851,6.293588567,1.1403668059,-0.6025592294,-0.7997540564,-1.2373549889,4.1561752467,-2.1433477059,-2.0317779014,-4.551038647,1.3929252994,0.7643938717,0.0604794859,-0.5145565776,23.4819922591,1.151410892,1.3596839916,1.9535842529,-0.6371387368,0.0814385888,-0.6416703853,0.8831259727,2.4060516652,-0.8249902041,-0.1746786488,-0.2452665402,0.2705876293,-3.1842022896,-0.2997067416,2.0758015512,0.0164030947,-1.0351776595,-0.5106913106,-0.5217545996,0.6017649093,3.6120091263,1.0473602829,-2.4022206643,-0.7576955675,-0.529325316,1.4725207109,-0.1704920614,-11.9199894088,0.842134882,0.8339901072,-0.1479843804
biasActivation=1,1,1,1,1,1
[BASIC:ACTIVATION]
"org.encog.engine.network.activation.ActivationSigmoid"
"org.encog.engine.network.activation.ActivationSigmoid"
"org.encog.engine.network.activation.ActivationSigmoid"
"org.encog.engine.network.activation.ActivationSigmoid"
"org.encog.engine.network.activation.ActivationSigmoid"
"org.encog.engine.network.activation.ActivationLinear"
