encog,BasicNetwork,java,3.4.0,1,1572772961392
[BASIC]
[BASIC:PARAMS]
[BASIC:NETWORK]
beginTraining=0
connectionLimit=0
contextTargetOffset=0,0,0,0,0,0
contextTargetSize=0,0,0,0,0,0
endTraining=5
hasContext=f
inputCount=2
layerCounts=3,8,8,8,8,3
layerFeedCounts=2,7,7,7,7,2
layerContextCount=0,0,0,0,0,0
layerIndex=0,3,11,19,27,35
output=0.2740341383,0.0769291648,1,0.4967355856,0.7812755747,0.1234444672,0.0383700477,0.0018689067,0.0000123014,0.9252486098,1,0.999719196,0.9996343995,0.0000354748,0.2644008606,0.0000001955,0.7220499006,0.4933459885,1,0.9999981113,0.9999993526,0.0000003146,0.2166032805,0.1028261737,0.9648487308,0.99493799,1,0,0,0.9978194899,0,0.1267468307,0.0000000251,0.9867815976,1,8,30,1
outputCount=2
weightIndex=0,16,72,128,184,205
weights=-8.8390882536,-0.0550369816,-8.2717175068,-0.6041526022,11.1434088399,11.2809013318,3.8981232233,0.8760196989,6.9016471133,3.2191991951,-15.8058609113,11.0273358617,-13.016988694,-3.7941000061,-4.2620400602,-2.9323488109,-3.4197690743,8.5443158158,3.8578403137,7.2288440781,-1.7088923875,1.9997851167,-10.6297912484,-3.2466699542,-0.8138164586,-2.8399783443,-1.5366795885,-0.7600836758,1.8930327269,4.0844270688,1.477767062,1.4484536231,-1.8290919444,-0.195789157,4.7363729929,-11.8152547005,6.9346911082,5.2084772638,0.4298545824,-0.7849661492,-4.7782144925,-5.4938476587,8.9841954397,3.3692749568,-10.6908784967,2.317398434,0.8027807291,4.0868775089,1.4042766447,2.6683612821,1.2241025998,7.6513337399,-8.3869666602,-10.5060624521,-2.8221143543,-3.3966799473,-3.9365463595,0.5438730593,9.2646831241,2.9735472139,1.2636816198,-2.1981613669,-7.4883134418,-3.4190477352,4.5684437117,1.594331069,6.3631630659,-2.0304140843,0.4866141597,3.6828696994,-14.0890706548,1.1831737966,4.5348373554,7.3910060717,1.5055880352,5.194170685,-6.2596083304,-6.02883631,-0.2133695308,1.799523989,4.1301348279,2.4058562735,-5.6307996418,-13.7183434753,-2.2635504867,6.3083124825,1.3468189385,-2.8447545549,8.3314338142,-5.961042861,6.9467928712,8.5344963842,-7.9405162555,-4.7064021796,-7.6854388081,-1.4616394746,3.2306560006,0.7208930667,2.4448859733,-2.0763744284,6.4395915132,-3.0282854641,-1.4864486821,-0.7864096203,-3.8279449476,-4.7661855987,9.3102162854,9.1118567478,0.6784777368,-8.5753249723,-1.4516583616,0.8210850834,1.9273868506,5.2426273352,-0.6186440891,4.8966994223,0.6229426919,-3.5565005839,-2.1311666349,-1.7881865544,-2.3001020505,-7.0768745664,4.0990162802,-14.7155817944,6.8252998414,8.5888772346,5.1046530291,-1.5298079153,-0.518632122,-1.9736013916,15.0590764859,0.3554299785,-1.0211925103,0.4417954486,7.3292097756,-8.9495150154,0.3214720183,-0.0537536685,7.5103438065,0.7613633039,-6.6909238936,0.459538157,9.0626603133,-1.3384422273,0.9296121276,-3.4825188638,-10.1160572519,0.1338849262,8.1760222077,0.377359711,-2.9293956841,-3.0234686643,0.0612993965,2.8659540009,-16.1900747578,0.0048611367,5.1712717929,-0.6584256968,14.7384629834,-0.3298859616,0.4447822457,2.4887920733,0.6251057571,0.3421431639,0.1011892749,1.1574388079,-5.2406881311,2.3686367493,-0.1389992807,0.791337914,12.7881913361,-0.8926148503,1.3240548075,0.5485618021,-7.1314044597,-2.5786770269,0.5240026007,-0.9888235748,8.6501577843,-0.4810333099,1.5996624864,0.7527085259,-2.4352392647,-1.1500821256,-0.677711805,-0.6543303803,0.109197753,0.9552368902,-3.1133851244,0.865324485,-2.3258279519,0.2597020553,16.9415754977,-0.9782863635,-0.8718656334,-0.028590905,-0.9465978991,-0.176427424,10.9355720386,-3.083103499,0.2711079455,-0.9673830777,0.2051966375,0.5034074828,-12.4309588246
biasActivation=1,1,1,1,1,1
[BASIC:ACTIVATION]
"org.encog.engine.network.activation.ActivationSigmoid"
"org.encog.engine.network.activation.ActivationSigmoid"
"org.encog.engine.network.activation.ActivationSigmoid"
"org.encog.engine.network.activation.ActivationSigmoid"
"org.encog.engine.network.activation.ActivationSigmoid"
"org.encog.engine.network.activation.ActivationLinear"
