encog,BasicNetwork,java,3.4.0,1,1572772969968
[BASIC]
[BASIC:PARAMS]
[BASIC:NETWORK]
beginTraining=0
connectionLimit=0
contextTargetOffset=0,0,0,0,0,0
contextTargetSize=0,0,0,0,0,0
endTraining=5
hasContext=f
inputCount=2
layerCounts=3,8,8,8,8,3
layerFeedCounts=2,7,7,7,7,2
layerContextCount=0,0,0,0,0,0
layerIndex=0,3,11,19,27,35
output=0.1163717703,0.0002503628,1,0.001126063,0.0262721302,0.9968453643,0.7718155179,0.9711130013,0.6550662107,0.4502009523,1,0.40197565,0.5030820415,0.7589950872,0.0326052475,0.9576744399,0.6357622799,0.4317689061,1,0.9507339087,0.0003323884,0.2106465945,0.6981923493,0.0002502354,0.9826762971,0.4908636281,1,0.9999999997,0.9999999275,0.9984592689,0.2411222316,0.0000000001,0.0000082421,0,1,8,30,1
outputCount=2
weightIndex=0,16,72,128,184,205
weights=-3.9533677008,-1.0941799912,-8.8140861724,9.4818126325,-7.091747691,-1.9081832165,6.6559153208,4.6143978745,10.7803190572,6.7043002337,2.8544161144,-1.6316265021,3.9223101199,-10.1154871114,-11.1815541668,-2.2154677444,5.0319766817,1.5672467599,0.238499016,-2.8946099932,-10.9646791927,1.0577076283,-3.9946645599,1.8671873104,-0.731724318,-6.4740576314,2.3558962165,3.4638993134,-8.2137082012,6.3982368426,5.8686213023,-0.6981480816,7.0112979373,-0.2104386815,2.3992628993,1.4513684123,5.7153625111,-5.5058407355,-4.6274629812,1.1998124223,-0.8999126591,-3.1479889263,-4.8810503146,-1.2495080626,-2.9519399966,5.8729240995,6.792809495,3.0697544645,7.8624434093,2.394597505,0.514414374,3.0908578601,2.1145265729,-4.015432639,-3.4953655527,0.6956679661,1.0120170595,2.9947513303,0.9886154874,0.6624805963,-0.5084557916,-4.5012469356,6.6367855947,-1.5608821646,5.35679059,7.9257633878,-1.2079365055,3.274917582,2.165052365,-0.0517416539,-10.1708494569,-3.179492405,-6.8429108154,0.2460075174,-9.2690487034,1.1320332631,-0.1537452098,1.3097192745,7.7075743154,2.2002226923,-5.2715257246,0.527422292,-6.4249811814,-1.4422854009,0.4068407922,1.2950855235,7.3983178027,2.4800475366,1.0905037224,0.5375563963,1.4878836674,-3.4272488919,-1.0988606562,-1.3289109816,2.103846103,2.4631445354,-1.624239188,0.3297168057,1.2831085764,-0.8226868436,1.7816070547,-3.9406533156,0.1126593032,2.2747279239,5.8465067404,-9.9354059885,-2.02195943,-1.6319664533,9.5470666682,1.1913984556,-0.5102067438,-1.79341381,-1.2779526063,7.2840063269,2.0325029031,2.555737716,-0.9957670325,6.5062770449,-7.072313315,-3.3647202748,2.264329095,11.6867549154,0.397862428,3.8549532428,-7.1363569016,-0.4125616064,-2.9137680666,-3.3691408598,-2.7589428326,-1.4883600612,10.1710504422,-3.967503686,-0.3343255403,-1.3629043845,-0.0236633322,-1.9914140456,-1.1632452214,-7.3395202284,-2.2157745701,8.9238800996,1.428690352,-9.2723148408,-1.7931186354,0.5545821301,-2.9121215309,-5.3410501767,7.421786341,3.8816270157,0.7787639905,0.3215036136,-4.5254714749,-1.4141615777,-0.1465165633,-0.4982015292,-0.7257006296,3.9694060045,-8.087943617,-0.9592920717,-1.2830614992,1.2509011899,-1.5915928246,6.0841756173,-13.2010223999,-0.3730375438,-1.6210680888,2.6097468267,0.0043450653,0.4851687483,-1.8045650013,4.0935655259,0.9341942507,2.5288623902,-0.500952975,-5.7004161684,-0.6066825132,0.2067309977,2.162892155,4.5565384725,-7.3616264758,-0.7172393323,-0.5822270365,-3.3242034054,4.7841186658,0.7672740835,1.0757249945,0.4172314882,0.790047668,-1.6315463021,0.9340937204,1.468576728,-1.8423596268,0.53615819,5.1280876077,0.8013156932,-0.4439336575,5.7609474472,0.5427415226,-0.9215524786,-0.1333701602,1.477647467,-0.5653740965,-6.566201632,-0.8352799998,-1.0802058582,7.8128987912
biasActivation=1,1,1,1,1,1
[BASIC:ACTIVATION]
"org.encog.engine.network.activation.ActivationSigmoid"
"org.encog.engine.network.activation.ActivationSigmoid"
"org.encog.engine.network.activation.ActivationSigmoid"
"org.encog.engine.network.activation.ActivationSigmoid"
"org.encog.engine.network.activation.ActivationSigmoid"
"org.encog.engine.network.activation.ActivationLinear"
