encog,BasicNetwork,java,3.4.0,1,1572773022944
[BASIC]
[BASIC:PARAMS]
[BASIC:NETWORK]
beginTraining=0
connectionLimit=0
contextTargetOffset=0,0,0,0,0,0
contextTargetSize=0,0,0,0,0,0
endTraining=5
hasContext=f
inputCount=2
layerCounts=3,8,8,8,8,3
layerFeedCounts=2,7,7,7,7,2
layerContextCount=0,0,0,0,0,0
layerIndex=0,3,11,19,27,35
output=0.8768113471,0.9374998736,1,0.9127935874,0.2375142977,0.0000146576,0.0492175513,0.9996319753,0.0013607032,0.9899075707,1,0.9870885863,0.9491188635,0.999997201,0.000037202,0.8461959708,0.747213833,0.999832813,1,0.908519289,0.941005671,0.0044583478,0.3797400427,0.057042259,0.6458683332,0.9988154392,1,0.0427785115,0,0.0011717721,0.9999846263,0.0073017716,0.0004807559,0,1,8,30,1
outputCount=2
weightIndex=0,16,72,128,184,205
weights=11.2285040902,-6.524379661,9.5853233458,-9.1764343386,12.296371864,8.5109827602,-11.1465089771,-7.5550108263,-4.9420793466,-8.5421031696,-16.1352367723,9.0661368784,-0.2011913786,-0.1969615199,10.0897993142,-0.9845419252,-3.5328207917,-2.7918611844,-5.4741966889,-5.3832687544,-0.7760348129,-2.8504221974,12.08215505,4.6660460943,-0.7492785145,-7.5249285733,6.5591438147,-8.5802308978,-1.137455985,3.2562745556,0.3018633516,-1.6159418684,-2.2323301883,-6.0810147679,5.5055921847,14.9297005656,-6.3999930613,0.532549932,-2.8718224115,-0.7724968126,-6.3132129724,1.9802781055,-0.8107481332,4.3485270925,5.7111967116,5.0335006944,-4.5727340464,-1.8201931769,-4.9379127392,-0.3937134898,-1.4145715812,-4.0818116704,15.2137722829,-5.3691358873,4.0392230371,1.6690622893,-8.5156563637,-2.2954010455,4.406311797,-3.6156152286,4.2012633135,-2.7902502219,0.5426855958,-2.4330147628,6.7641553875,1.7057600583,-0.6068723326,6.5108783589,5.1910723751,-5.7263042737,1.0041765711,-4.2212346561,2.3230862239,3.3584017338,-2.2122286143,-0.2554382795,1.6822812909,-8.8047203669,4.7625389937,0.0064988555,4.2722014321,0.9827352083,-1.4817089876,1.8836535836,-2.3678909183,-4.2346993396,0.1893634233,0.0922011965,0.9097870002,10.9570746762,-9.563568823,-5.7620006618,-7.0745361577,-2.5319738069,2.4674791519,3.4540397864,1.1744708189,-4.101463985,3.7470391538,2.6271200771,2.3982771136,1.3448059268,-8.4449897284,-0.9913516345,1.4546917066,3.9447633929,-2.0069121026,3.6219658198,-9.8959732994,2.9562959917,-3.4065579331,-2.6374130535,4.9997602146,2.66431239,4.9634255308,4.742661011,-2.2595600134,-2.4814300174,-4.7506910335,-1.3121801494,-1.1495514706,4.2333805597,4.8009703724,2.1645246507,-12.3674245826,-1.8547265924,8.0324608073,-1.2059472209,-2.1892302165,0.5001558031,8.405112388,1.4942575575,-0.2225806796,2.2385937744,0.5635582584,0.8858055427,-10.0668680241,1.4333365544,2.8115845758,1.7354218232,-3.1543175912,5.0675482559,0.0879093343,1.4820596481,14.8262628893,-1.3958840187,0.5373784768,-3.252995534,-2.824037506,-1.5809127392,-0.9638273822,-2.7690578156,4.713668975,0.4939552598,10.8354542863,-0.4142191109,-0.8676391225,1.0419948923,-0.9382698049,-0.2849450813,12.5844604862,0.058153524,-2.3532006282,-1.7747179686,1.5775693214,-6.7023273517,-0.5429963834,-1.5744223452,7.2554347672,0.6152656687,-4.4445731712,0.7471030785,1.0658566429,13.0128990833,0.7402140098,-0.4653720552,-0.6431678597,2.1190331052,-1.6287316051,3.4268472111,2.3986224361,-11.2496864208,-0.6041136094,3.3277198706,0.8160054628,-0.1224913368,-5.9613024948,1.1751288691,-4.1049589903,1.1282213218,1.768260838,-0.9400077758,7.3060809867,0.9847603884,0.0907459063,0.4823792979,6.4295543439,-1.8665551552,-0.352089805,0.6226117069,-0.403680325,-0.5101539113,-0.5304511395,-2.821641723,-0.4611770812
biasActivation=1,1,1,1,1,1
[BASIC:ACTIVATION]
"org.encog.engine.network.activation.ActivationSigmoid"
"org.encog.engine.network.activation.ActivationSigmoid"
"org.encog.engine.network.activation.ActivationSigmoid"
"org.encog.engine.network.activation.ActivationSigmoid"
"org.encog.engine.network.activation.ActivationSigmoid"
"org.encog.engine.network.activation.ActivationLinear"
