encog,BasicNetwork,java,3.4.0,1,1572773033959
[BASIC]
[BASIC:PARAMS]
[BASIC:NETWORK]
beginTraining=0
connectionLimit=0
contextTargetOffset=0,0,0,0,0,0
contextTargetSize=0,0,0,0,0,0
endTraining=5
hasContext=f
inputCount=2
layerCounts=3,8,8,8,8,3
layerFeedCounts=2,7,7,7,7,2
layerContextCount=0,0,0,0,0,0
layerIndex=0,3,11,19,27,35
output=0.4310557364,0.1929738737,1,0.206453798,0.0007430055,0.9999960497,0.6481549554,0.0007589124,0.6591868049,0.6387938915,1,0.8730660576,0.5945558641,0.5822180744,0.000000096,0.999959915,0.5748422557,0.4364282087,1,0.5823533447,0.1066731167,0.9500879023,0.9999991422,0.9074153581,0.6603372253,0.6546965374,1,0.9998677013,0.2147168526,1,0,0,1,0,1,8,30,1
outputCount=2
weightIndex=0,16,72,128,184,205
weights=5.0317313553,4.4158065796,2.3548752451,-9.7782439746,4.77984913,3.7804315856,13.2677775107,-8.3077080791,-13.0137455608,4.0425204591,11.1578258534,-8.416402064,5.8829587699,-17.8336386115,-2.2389891321,8.7317704657,0.9718840152,-4.6268839651,-3.0053687306,8.716682968,12.0058160135,-11.0019781323,3.5327309489,-4.9169501806,-1.2100572229,1.455633137,1.8696259437,0.8480878759,-5.3419102708,-4.1763149351,-3.5965687337,1.2104732422,4.2578750031,-6.3355136616,-1.6650397229,-1.6848666985,6.4610196382,8.6350325355,4.5446668911,0.0525883879,4.6740738988,8.477728951,2.631600641,4.7939406636,-6.1094054712,0.9512234825,0.6239544249,-4.7524399085,-3.3956539664,2.7840305092,0.7297727471,-3.8617992688,-5.8582795441,-1.1687654345,-2.0846240049,1.1413061849,8.104378128,-1.0986789571,9.5265960149,-5.8574119255,-7.0016475127,-1.8419912437,5.9830376729,-5.860259981,-4.6539925843,13.2051362603,4.1680610268,-5.0649467324,-3.0268305181,-5.8832401629,-1.7806566173,1.5412379109,4.5009608054,-7.5586562776,-2.5103806751,-1.8188514863,1.5882109853,1.0556829542,-0.8363847427,2.7267368894,-13.0772439761,1.622345337,12.3243304277,8.1351389125,-0.75505305,-11.156740201,-3.3004018993,-1.8058621625,-0.0757479063,11.2828446777,4.9649667856,1.6781478245,-11.4336282195,-1.3609343902,0.1795496946,3.9332949852,4.8886594128,-0.1027532009,-16.7188933997,-8.303332677,0.7466047544,-1.9384963917,0.7198369771,5.3240444528,11.3226770164,-3.3276370122,-5.9220378837,-1.4167008495,-1.8560302612,12.4325467965,4.9893757397,1.1367845108,4.3553907704,-7.498630582,-8.5664445554,3.0384725203,-2.7659683206,3.6705678692,-2.1396020927,5.1524263522,5.9595932247,-0.5571227641,-5.7746372647,-5.0459545651,0.1412134805,3.0872054664,2.5107746082,3.0550019646,-0.8579681644,8.1062490013,0.194687845,0.3006608095,0.7689112464,0.0692791569,-10.2683464464,-0.8142189854,-3.3108227531,-5.0011444273,0.727108714,-0.4762974374,-0.1142471777,0.5207260458,-2.0157902444,1.0111965769,12.2766914305,-19.0566804549,0.747237838,0.255016657,0.6302203738,-2.9083767788,3.422311405,-3.0758467546,3.5059103637,-1.1612929008,1.5455091242,0.1718368632,0.9402225506,4.4721315697,-10.8923436753,4.6951720405,-6.6263448449,-7.6136584205,3.1577426559,-0.7757775069,-0.8221925197,4.087166362,1.1807197596,3.2978169621,0.2101822644,10.0930044459,6.4331939327,-0.0883744671,-0.4533759677,-3.3805822806,0.1335665398,-4.7651068922,-1.9296833335,3.3819325696,3.6194590277,-0.8537553597,0.5619025714,-1.2574714704,-2.7352495594,-0.5189692409,-1.5308374196,0.4769577019,6.8682844265,0.6793521923,0.1714128607,-11.8739275135,-0.505204711,1.4373257992,1.0482403031,-0.8475047105,-0.7172514003,0.71037059,-0.8138425442,-0.613978302,0.5831044601,1.6362366058,1.51175563,0.4415293819,1.9409222276,-1.4540498397,-0.5959411879
biasActivation=1,1,1,1,1,1
[BASIC:ACTIVATION]
"org.encog.engine.network.activation.ActivationSigmoid"
"org.encog.engine.network.activation.ActivationSigmoid"
"org.encog.engine.network.activation.ActivationSigmoid"
"org.encog.engine.network.activation.ActivationSigmoid"
"org.encog.engine.network.activation.ActivationSigmoid"
"org.encog.engine.network.activation.ActivationLinear"
