encog,BasicNetwork,java,3.4.0,1,1572773071268
[BASIC]
[BASIC:PARAMS]
[BASIC:NETWORK]
beginTraining=0
connectionLimit=0
contextTargetOffset=0,0,0,0,0,0
contextTargetSize=0,0,0,0,0,0
endTraining=5
hasContext=f
inputCount=2
layerCounts=3,8,8,8,8,3
layerFeedCounts=2,7,7,7,7,2
layerContextCount=0,0,0,0,0,0
layerIndex=0,3,11,19,27,35
output=0.1849360641,0.0003480848,1,0.5675899933,0.0000064033,0.000005695,0.9999998439,0.0000000003,0.9848551109,0.6366728546,1,0.9999999996,0.7548375192,0.0035177301,0.2028687781,0.9999999185,0.9999981882,0.003524573,1,0.3924146999,0.999592774,0.999999866,0.0056841057,0.999855653,0.0001998734,0.0000041455,1,0,0,0.9999999959,0,1,0,0.398949863,1,8,30,1
outputCount=2
weightIndex=0,16,72,128,184,205
weights=3.2843837172,0.8307540062,10.6445989439,1.4671390901,-5.1874737454,-11.5256193647,12.3156310163,-1.3046073435,-14.4911018704,10.8249936359,-1.0360802688,9.3895348287,12.0537503189,3.3500054511,-5.7182366537,-8.7859325706,-3.2198332394,5.4027373724,1.3176735793,2.5589810659,1.1750696659,-3.6486241846,-22.9031613836,1.4441687357,9.1431796516,-8.3161768166,2.0984866716,3.7485809417,-10.4392410428,-7.6815949773,1.4588741809,2.5233210617,-6.5992850086,-1.9779542992,1.1267614407,-9.3850362482,-0.441440671,-2.0746840902,1.483314129,0.4272642212,5.511367244,-1.1799873054,-4.9464442972,7.4760206711,6.7451482681,3.5522634713,-0.8839099976,-0.7412029234,-17.7241499653,1.9518558014,4.3735030918,-1.335557849,-3.2293910336,-2.8428273423,3.5285240331,0.6463214728,9.9740269888,-11.906348383,2.2556391505,7.7026529461,2.9800920376,-2.9172236911,-12.1921388239,1.5976990783,-2.0787819224,1.1636351393,5.2902396557,-6.1885773824,2.5831651389,3.8177527394,-2.2832200906,-3.3946251225,-5.0463425887,6.1738408126,2.7267611468,-8.3266679279,8.5385386231,-12.1981259976,-2.8428076305,6.1463129181,0.5956620661,-2.1655154508,8.4726761774,-6.0996752375,0.8453008719,8.1131495141,-7.7639687447,-6.2293037277,2.4302464199,-2.0029925377,-1.5004785197,0.1943759427,-5.1211202509,2.9363983812,2.5035662105,2.0212542444,3.0160656788,-1.7281487895,1.4499331773,-3.5118979829,-0.251258515,-1.1003544933,10.9970144611,-2.0031378129,1.3319759371,4.1603132754,-6.5174920436,-3.1240144534,13.3410065572,-0.4189916374,0.8383169517,4.8377620975,-3.5091675487,3.5707476748,12.0569931626,-8.2331865911,-0.1589774751,-12.6843695249,-1.7085253555,-0.8197715978,-12.0195061639,2.8393207857,-10.9212648671,7.2363651069,-0.7335028325,8.6738603688,-8.2069750723,7.8458296122,6.3279762724,-0.9838255021,6.0991328928,0.7034388734,-2.6699190739,0.2109874254,-5.2314161999,-1.7793144067,-2.8018774231,-0.8057897177,11.3548797015,0.355881214,-2.8802234875,-0.2685721114,1.9243004386,-1.4366205793,0.2638923837,0.0596281378,7.7467798067,0.0109093405,8.3207186265,0.461675805,-19.2159797433,7.4242455911,2.1018993629,-0.3542961286,-6.5809470746,-0.0233067608,3.0168119526,-0.5607352166,-14.4361771038,4.1590648283,-6.1478570264,-0.1658002872,8.6097801978,5.1612166548,2.6343561836,0.6838342253,-12.5347730372,2.5997560483,-4.0625088231,2.2394097751,-4.4396767097,0.3570211656,4.6295384625,0.9827683575,-30.9768184284,3.6507093183,6.2683962489,2.7866642117,-1.0248335106,-2.7278281255,-2.1108005253,-0.094387084,-12.89905479,-4.1117642866,5.3091381036,-4.1880646308,2.7850525573,1.8126246255,-6.2103010154,0.0469107398,-9.8128331278,2.5791299559,20.4517983277,0.3413328982,-1.6622635721,0.0940651864,2.3238449908,0.3932945151,-0.2245795843,-0.9164749127,-1.1983248611,-0.8931156065,1.3740873376,0.1672981415,-16.4214855472
biasActivation=1,1,1,1,1,1
[BASIC:ACTIVATION]
"org.encog.engine.network.activation.ActivationSigmoid"
"org.encog.engine.network.activation.ActivationSigmoid"
"org.encog.engine.network.activation.ActivationSigmoid"
"org.encog.engine.network.activation.ActivationSigmoid"
"org.encog.engine.network.activation.ActivationSigmoid"
"org.encog.engine.network.activation.ActivationLinear"
