encog,BasicNetwork,java,3.4.0,1,1572773080834
[BASIC]
[BASIC:PARAMS]
[BASIC:NETWORK]
beginTraining=0
connectionLimit=0
contextTargetOffset=0,0,0,0,0,0
contextTargetSize=0,0,0,0,0,0
endTraining=5
hasContext=f
inputCount=2
layerCounts=3,8,8,8,8,3
layerFeedCounts=2,7,7,7,7,2
layerContextCount=0,0,0,0,0,0
layerIndex=0,3,11,19,27,35
output=0.6825385413,0.6190474831,1,0.000012092,0.0189602454,0.0029819873,0.9986573686,0.4442764388,0.2681422256,0.1603809133,1,0.4633881333,0.8419810164,0.1857691724,0.5356740513,0.0000009556,0.9641672476,0.9989988958,1,0.4560110802,0.4533579238,0.0081741428,0.0004144559,0.0255481816,0.1112168653,0.9999988176,1,0.9999993798,0.0476258375,0,0.9030708459,0,1,0,1,8,30,1
outputCount=2
weightIndex=0,16,72,128,184,205
weights=-9.9920503736,5.5597959523,1.1183496797,11.4967185672,-11.890769654,-4.4423794348,-0.7782315942,-4.2256575141,2.261278867,-4.4097386545,7.1454801617,4.1195905751,5.6951579259,4.1687484392,-7.1971388665,-6.0600358533,-3.8484435219,-9.2935563255,-1.3199503831,-2.6546662995,7.5338434145,0.6755593771,-1.5420096166,0.8417188544,1.3801475019,-7.7699937802,-1.8546462502,-3.8364856879,1.2596347081,-0.1508798889,4.8374577822,-0.3311260677,2.4877251,-4.2160966819,1.434220911,-3.0724285493,2.8233699652,-2.3789581952,-1.140099789,1.3969677246,14.8501677158,-8.4386937312,-0.9255097925,1.4982685486,-3.5442205694,0.4610222123,2.0250487642,3.7374357779,3.2549618426,2.0245952472,6.1082510692,2.6304365154,-7.6629977637,-0.4997823439,-2.9667604852,-2.534915248,3.361093162,-4.1862340731,-0.0077657332,-1.0901864677,-1.5417544461,0.4789737059,-2.3005726629,3.3850577667,-0.7070493236,-1.8046140996,-4.9580983997,7.4412440427,-0.1264579126,3.7041968236,-6.1803435713,-0.2706357854,6.9658681585,8.9493983354,-5.1831468113,-0.0574694037,-3.963299762,0.2554989011,-3.8816615457,-3.3836158887,-1.3171834085,-12.7343985307,0.6593486447,0.1237188458,8.1767622753,4.0919259435,8.0175027711,-0.6399937608,-3.5414617671,-3.3007824872,-0.2713964832,-0.6687013977,0.9407477241,1.9152279872,4.0436396889,-2.644536676,-6.2476740843,-0.6786658357,3.6918293367,4.7839150367,-4.3933086217,6.1129711,3.0676468778,-0.367801726,-7.0379871158,0.2905440131,3.8676873893,3.4083581903,3.780546256,2.4051031087,-9.5972475045,-1.583059722,-1.7267253766,-2.2185668008,-4.1750507584,0.7433381034,-1.7590076456,-0.3311648227,1.9034449736,3.2977603858,0.1003343744,1.8931522905,-0.0906629937,-7.2079737152,0.8550024606,-3.0613043167,4.4197133732,1.9042661109,2.1355595044,5.2282574576,3.7921107769,7.3534837492,0.5431512869,-4.7253637514,0.200614206,-4.4763231294,-4.6953592307,8.0015922181,-2.0414819556,12.4847603729,-2.4931143622,-0.3435897996,1.0793622094,-6.80387184,-1.3086083275,7.0878251439,-4.6110020984,-5.1789994266,-4.4605306251,-1.218635757,-1.1014869592,2.068111371,0.4531899994,5.4767622957,-0.4746238453,-4.5839196104,0.0741302042,-5.8154756182,-5.6565665048,1.4529252074,1.7674822623,0.6053575648,-2.411849302,-4.985371371,-4.374715533,-0.5513591992,9.486250196,-0.3841180184,0.319825414,2.0822744663,-5.0984579116,-3.6063065179,0.2034414965,-1.697961172,0.0129992342,2.4573449429,6.4056140863,-12.5050512753,3.0771283058,7.6630414862,-0.9458365257,-0.0420998149,-0.7963021116,0.9597334657,-1.2614831305,0.7805578405,0.9684106847,1.1655706886,-0.547838746,4.1150143047,4.4192612732,-2.414722356,2.1799332858,-0.6963037853,0.1754144311,2.5398180139,2.0259113096,-5.4676965368,1.168333897,-3.34175011,6.643925502,-0.1955144279,1.5598004244,-2.0626988207,5.0084378993
biasActivation=1,1,1,1,1,1
[BASIC:ACTIVATION]
"org.encog.engine.network.activation.ActivationSigmoid"
"org.encog.engine.network.activation.ActivationSigmoid"
"org.encog.engine.network.activation.ActivationSigmoid"
"org.encog.engine.network.activation.ActivationSigmoid"
"org.encog.engine.network.activation.ActivationSigmoid"
"org.encog.engine.network.activation.ActivationLinear"
