encog,BasicNetwork,java,3.4.0,1,1572773113959
[BASIC]
[BASIC:PARAMS]
[BASIC:NETWORK]
beginTraining=0
connectionLimit=0
contextTargetOffset=0,0,0,0,0,0
contextTargetSize=0,0,0,0,0,0
endTraining=5
hasContext=f
inputCount=2
layerCounts=3,8,8,8,8,3
layerFeedCounts=2,7,7,7,7,2
layerContextCount=0,0,0,0,0,0
layerIndex=0,3,11,19,27,35
output=0.7435898714,0.6000007632,1,0.895307455,0.4926890666,0.0074030283,0.9482399623,0.9876218965,0.998056113,0.0012306983,1,0.0002412784,0.9936033996,0.9706694687,0.9998093411,0.0789175617,0.8530261058,0.9999515392,1,0.049324999,0.9999999842,0.0023977751,0.999157378,0.9783025793,0.0036829534,0.0604130239,1,0,0.9999999505,1,0,0.0000370408,0,0.3703047101,1,8,30,1
outputCount=2
weightIndex=0,16,72,128,184,205
weights=-4.8404049263,-5.8208305329,8.5902044177,-1.6414915886,1.570310048,7.038453342,2.4325874888,1.1805182275,5.6814896828,-8.7446506063,-0.4082653928,14.5459679996,-10.8548867908,-8.2383234138,-1.5271037564,4.7818485437,5.8313388054,-0.2106298288,-9.1989670299,7.2253200361,-4.476786364,1.4134741116,-0.768625165,3.9753834486,4.6137001902,0.5118805144,-6.4070424329,3.0401533126,9.9473801478,3.6330835513,-1.9431339559,0.6994832607,-4.5635290809,-8.3224163002,4.8551558214,-0.7183109823,2.8662094505,-1.3559981179,-1.5179693053,1.8256724246,-11.856993442,6.2478242141,-2.2894732021,-6.643860269,2.4198843348,-1.6812651988,5.2167649452,1.5945855675,-0.4038095151,8.3231078351,-2.6345981097,4.5059126307,3.8329716934,5.1487064169,-4.3233095099,-6.2094993049,0.6202988725,2.4404461772,-0.3134052684,-3.3956437136,-3.4539965242,1.2653320733,10.8033859305,-4.0942988086,4.0780714352,1.0726063436,-3.6008937082,-3.583208488,-1.3363992878,1.3217653911,-0.8529304213,-0.8570143377,8.0502921193,-2.6063641366,-7.8432592637,3.0063670405,-10.3897381168,-0.9035119265,-1.4126669881,1.1479170476,1.2300601636,2.8796819403,-10.4146327247,-0.4003762131,-0.6198898646,-2.7703809519,1.5805301954,3.0513860757,-1.1427291329,2.8639194664,2.0352228934,-3.3603029217,6.1355896383,-2.5810526437,-2.2683699446,-1.8115240312,0.5384099005,-5.9805320559,-4.2096625013,11.298734756,0.9526536758,-0.2990431103,-3.138520354,2.4984138813,0.1307062628,1.6243107646,4.8326799453,-0.9372636951,-1.7272508076,-0.7741218038,-11.5607071871,-0.7719750714,-2.4262840232,-0.5236837094,-5.9548323865,1.2535670539,0.8895346614,-5.6358080886,2.8161826788,0.1440511606,-0.2833387493,11.2092757218,-1.010686171,-0.1978749061,-0.4682100445,-7.1973244754,3.1048622472,-0.7634780153,0.8795401864,-5.1522501145,2.3806654241,-0.7045469649,2.524984198,-0.2449452413,-7.9497580143,2.7565825179,1.0722873666,3.9017972048,5.8919369761,0.2840354227,-12.3925872973,0.4029287031,8.4446712446,5.0409179784,0.7137863464,0.7101910772,-1.3852913718,-4.4488430183,5.2961668067,-0.4579923884,-12.3025509067,-0.8002166562,-0.4925803606,8.7067727552,1.2430675328,-1.8968006845,-6.9702524933,-0.3169920787,-9.7031204984,0.7216786986,0.8722998252,4.3245775264,2.0076966088,4.1427531384,-6.1803323241,0.3454706211,-13.0371625055,2.3043033009,0.1246393802,-0.219873146,-1.452074831,3.3734963485,4.0584585476,-0.1378829774,-6.1904283557,-1.6362081356,-0.1094992732,-1.6109333496,-2.4885756008,6.7833131012,-11.3594612751,0.8006809167,7.1442071164,-1.2898395934,-0.6247387408,-2.6183727755,0.0862983117,-8.3159486,2.7631298987,0.4551189614,-0.4674912117,3.5962046883,0.0602025965,1.404374026,-1.6231704767,-2.5093332593,1.4408007402,-0.5858431316,-4.1545666595,-0.6116973125,-0.6777559486,-0.7218711069,0.9401209486,0.171551942,-13.1984356776
biasActivation=1,1,1,1,1,1
[BASIC:ACTIVATION]
"org.encog.engine.network.activation.ActivationSigmoid"
"org.encog.engine.network.activation.ActivationSigmoid"
"org.encog.engine.network.activation.ActivationSigmoid"
"org.encog.engine.network.activation.ActivationSigmoid"
"org.encog.engine.network.activation.ActivationSigmoid"
"org.encog.engine.network.activation.ActivationLinear"
