encog,BasicNetwork,java,3.4.0,1,1572773149982
[BASIC]
[BASIC:PARAMS]
[BASIC:NETWORK]
beginTraining=0
connectionLimit=0
contextTargetOffset=0,0,0,0,0,0
contextTargetSize=0,0,0,0,0,0
endTraining=5
hasContext=f
inputCount=2
layerCounts=3,8,8,8,8,3
layerFeedCounts=2,7,7,7,7,2
layerContextCount=0,0,0,0,0,0
layerIndex=0,3,11,19,27,35
output=0.144443639,0.160916017,1,0.8848964748,0.0026379231,0.9999999984,0.2188015412,0.9993755199,0.9838278952,0.7793595608,1,0.0002370139,0.0000087556,0.3630123896,0,0,0.999999996,0.3417585088,1,0.978546682,0.063199492,0.0000198673,0.9999973803,0.9543901536,0.9999995467,0.6010831851,1,1,0,0,0.0000000014,1,0.0079447593,0.7183405125,1,8,30,1
outputCount=2
weightIndex=0,16,72,128,184,205
weights=5.7457242563,12.9789499059,10.4921330028,-12.3477282572,-6.5894144756,-2.5933167413,-1.9598278753,-4.0238147459,-12.7736783202,-5.6203158045,-1.9719580429,5.1377471748,-23.2790108481,10.1766894335,25.1282461692,4.1830154361,2.5700796686,-6.6579491943,0.7943482058,4.0033998714,0.4274236433,3.4439411896,-5.4437936905,0.1672512658,4.0403142582,0.784617927,6.0015946033,2.0765135704,-3.4204076431,-7.707652903,6.1903216798,-2.5226818977,-0.4330285292,-11.4124383486,-1.018099042,-9.6456756417,-5.6124742867,15.3258062977,-1.3821423526,5.7918436928,3.6021000752,-9.3111258932,-8.6360961544,-1.5600355228,-7.7251926013,0.9720107766,9.934099171,-2.5055001256,-14.002366688,2.5470052829,1.9050163282,-3.6403754352,15.0198471361,1.4888846133,9.7325163527,1.8746634952,2.002302742,-0.5484910394,-4.7767925284,0.2327110272,-5.7423508629,4.4760250306,-5.8891236693,3.3783613574,-12.4323717117,0.820538388,-6.3186108568,4.7362956389,13.4073695428,0.7818298883,2.5401846855,1.9086519731,-12.291835191,-2.6448333566,-6.5926392756,-3.9527182115,2.0820244431,-2.6899287604,20.4843042457,-3.8089362668,-3.3878972332,8.8172698914,5.9058300057,-1.3585358579,-3.6572171523,-6.3096047201,7.1953939597,-2.0544462569,4.4699050441,1.5438542472,7.3290466655,-3.210050332,3.8376273921,-0.0493264876,-9.517131814,0.2833220919,-15.8139240317,6.873751422,10.0145730907,-0.1713306183,-10.3157707809,-7.2099473351,4.5777129856,0.8124513263,-13.701583037,13.5751438573,5.531460344,-6.6422934457,-8.7855215927,-5.4487646899,1.0559582733,-0.552449445,12.1645202883,-4.501819704,-4.9730805221,3.8969405136,5.5060473014,-0.3966598291,-2.9775813834,0.7482444812,-1.2719036986,6.485075561,-8.0789096708,0.5903591034,-3.198868919,8.8300627343,-16.5601922007,3.7660624543,-1.9279168474,-1.4545804175,-0.3360378698,0.7773581883,-3.408901591,7.4617168342,17.6595066013,-3.5878129551,3.211288299,0.8865000195,-0.4122382099,1.0651613141,3.4486522731,-0.8948515691,-19.3430269514,4.545874609,1.2064225271,-0.9649901505,0.8526807153,1.0342375133,-2.5880858407,8.2585840753,-10.5436813768,-1.9364087494,3.3989023404,1.0990502071,0.0241306116,0.8774321329,3.1702592784,-8.0897954292,4.3290607873,3.2378144694,-2.6420169919,1.8443391119,0.3276703341,0.7767034751,-2.5625350207,9.6921170426,15.7491597898,-3.1447601086,3.0541573622,-5.3251237849,0.5592416522,0.6072806341,2.8373278128,-14.2895499645,9.5604630734,1.9611718937,7.2820591078,-5.3946128564,0.3233681584,-1.0846687738,4.2861078917,-3.7106120219,-21.9923597014,4.6692962845,-0.6119647931,2.7905057543,-1.2048644882,0.949671988,-1.9011580011,1.3722609043,-0.6612513834,-1.0612867772,-0.3125105727,-1.7647655109,-0.2301017785,0.6003293065,0.9316052271,0.6512356811,-0.080533162,1.7249147581,-0.1542870323,-13.9979733812,-0.0714289506,0.1382646379,-2.6402626739
biasActivation=1,1,1,1,1,1
[BASIC:ACTIVATION]
"org.encog.engine.network.activation.ActivationSigmoid"
"org.encog.engine.network.activation.ActivationSigmoid"
"org.encog.engine.network.activation.ActivationSigmoid"
"org.encog.engine.network.activation.ActivationSigmoid"
"org.encog.engine.network.activation.ActivationSigmoid"
"org.encog.engine.network.activation.ActivationLinear"
