encog,BasicNetwork,java,3.4.0,1,1572766661116
[BASIC]
[BASIC:PARAMS]
[BASIC:NETWORK]
beginTraining=0
connectionLimit=0
contextTargetOffset=0,0,0,0,0,0
contextTargetSize=0,0,0,0,0,0
endTraining=5
hasContext=f
inputCount=2
layerCounts=3,8,8,8,8,3
layerFeedCounts=2,7,7,7,7,2
layerContextCount=0,0,0,0,0,0
layerIndex=0,3,11,19,27,35
output=0.4782900415,0.0009145551,1,0.9545795588,0.9999923379,0.0092460678,0.0010576731,0.3687379156,0.9999994364,0.9956334843,1,0.9735294042,0.3328835158,0.000112989,0.7077344093,0.9997166688,0.4037681486,0.9999919859,1,0.0715026516,0.1807557032,0.9998211086,0.0939377106,0.9259386151,0.1228196037,0.0018689161,1,0,0,0.9439729461,0,0.9560038019,0.8330422722,0.0000004921,1,8,30,1
outputCount=2
weightIndex=0,16,72,128,184,205
weights=10.6711522524,1.3085628818,5.0785973535,7.5906116792,10.4128621493,-10.4646353195,-2.0680336576,-2.9528806807,-11.0581823887,8.4432877386,9.1050059906,-5.4748875218,-0.023033527,2.1236873079,-11.7460527831,4.6177097597,-0.6091412168,10.8355349521,-8.799622776,-2.8780954585,7.8966092984,-10.7548404903,-1.6575821545,0.1749350674,3.2443416631,-1.2719695378,2.0311480471,0.6187833801,-0.0192227041,-0.0828763975,10.6304454908,-1.971670298,-3.6388904725,5.0876247279,6.7372283627,1.2334535305,-2.0095361032,-5.0540725891,-0.3770310415,0.7276621811,-0.5780543132,-4.1995657706,0.5880864006,-9.0428859001,-1.8404587995,0.3966605034,4.53001283,-1.3402096886,-5.4437158813,3.8742438993,-1.114306664,-6.933632034,-0.3010128786,-1.4264986307,8.0770618446,1.1795116258,10.1610233379,-4.3461496039,1.9291101509,0.1678135434,2.09302881,-0.0341416136,4.6793348964,-0.9332711735,6.1107383459,-4.4379713157,-0.4794978561,-6.0108730556,3.2830537222,-0.6518012956,-2.4626843802,4.6556314477,-2.1788243141,-1.0849468321,0.0453341333,0.9581686549,3.3918842581,5.7499797651,-2.8706737201,-0.020060446,7.917556836,2.0324942213,1.6346254747,11.9292585042,-4.6457693776,-3.3794175484,-3.2422838751,0.3391919839,6.8693225535,-1.0214036864,-7.1047106879,-4.2444173017,1.5411903627,7.1857095432,1.2522526078,-4.204440416,10.2706087721,-4.5259691541,2.2261333095,12.4341048103,-1.434976475,-4.401497045,-1.047077659,-0.5543943337,3.8038509254,0.6457744123,5.3034593812,1.6644937425,2.8140049718,-1.7567020519,-4.526801539,-0.060349698,2.6437320712,7.7094259124,-2.1001905719,-8.6080095892,3.7102641013,1.328797879,3.4146200609,-2.6689746274,-1.1600100517,-2.7051235575,4.3668600595,-3.0021367666,11.0950074205,5.1574709347,-4.287663369,-2.6765813954,-6.4289336311,-0.1276369178,8.0213076585,0.1442259621,-2.3648633714,-5.885788383,5.0329660028,-2.9718039869,1.2768839614,-0.6061666934,1.0537622063,0.4846985985,-0.8943526565,-0.8265363187,4.0135861225,-0.9624166692,-4.0139613358,0.4560135136,5.356266556,-0.0473877261,-1.5533461427,6.2404900809,-3.6600184505,-0.1412035789,-7.3746474483,-2.4429378678,4.4774394569,0.3370893708,0.7457664322,-10.9611914511,3.4860851581,1.9251207108,-5.1741841843,2.5943156842,-12.1173222066,-1.3881928564,0.8340226526,10.9703240436,0.8206719346,4.0282651104,3.7845706817,0.7833791624,4.0964133599,-0.4777020893,-7.0887932068,8.9729608839,8.2576850223,-6.5308459447,6.6217468674,0.1267293439,-0.7021212763,-0.5531696153,-0.7926861799,-4.4778938583,-0.0643979847,-1.1296565804,2.4794955047,-1.9176162983,-3.4836535926,1.7058908965,-7.395766765,-0.252880659,-0.4846580278,0.1431968314,2.4056221091,1.6340715277,-5.4873264608,-0.4210013637,0.4169474378,0.0528223342,-1.8415908611,1.5560047652,0.3908774335,-22.5670173926,5.8864343847,-1.9348288887,-3.5711835177
biasActivation=1,1,1,1,1,1
[BASIC:ACTIVATION]
"org.encog.engine.network.activation.ActivationSigmoid"
"org.encog.engine.network.activation.ActivationSigmoid"
"org.encog.engine.network.activation.ActivationSigmoid"
"org.encog.engine.network.activation.ActivationSigmoid"
"org.encog.engine.network.activation.ActivationSigmoid"
"org.encog.engine.network.activation.ActivationLinear"
