encog,BasicNetwork,java,3.4.0,1,1572773167814
[BASIC]
[BASIC:PARAMS]
[BASIC:NETWORK]
beginTraining=0
connectionLimit=0
contextTargetOffset=0,0,0,0,0,0
contextTargetSize=0,0,0,0,0,0
endTraining=5
hasContext=f
inputCount=2
layerCounts=3,8,8,8,8,3
layerFeedCounts=2,7,7,7,7,2
layerContextCount=0,0,0,0,0,0
layerIndex=0,3,11,19,27,35
output=0.9999872115,0.5333322003,1,0.999999993,0.1741196905,0.4624781352,0.999999974,0.9999566721,0.0000000465,0.7965360589,1,0.0286268007,1,0.9991708755,0.9717700975,0.0400055878,0.99999993,0.0000005844,1,0.7272565403,0.0847302269,0.9999996101,0.9993751207,0.9999992979,0.088613198,1,1,0.9993088874,0.0098617584,1,1,0,0.9999999999,0,1,8,30,1
outputCount=2
weightIndex=0,16,72,128,184,205
weights=-20.0464460341,-13.7146667918,-12.0249402613,14.3046772689,0.3557479676,-1.6021894735,16.018317004,11.8430902472,2.9342536504,17.5341684206,13.1024463811,-13.56337705,12.495970431,-20.9796572958,2.5405914035,-12.869089734,-2.9237462392,8.1574298647,-8.5959565366,3.5474548821,-18.6528565947,12.5341335716,-4.6886546134,4.0526788116,-7.8955402513,10.4004410063,4.0131057427,-18.1691720041,-2.5314182195,0.827543618,-6.9034548124,1.1890871497,7.868664367,-24.4083698551,-2.7553148218,25.259382759,3.9134166512,-1.7605625371,13.1933117105,3.8434586582,-2.2929887544,3.5533128335,0.8592203392,0.1183110414,-7.748874366,14.2113339519,-6.7927947529,-0.8960016426,0.8770040004,-10.1329031743,5.5346598182,6.5455674263,4.4625196526,9.6204871212,-2.4194106629,-1.5354007905,-12.7331966387,-11.8567250071,10.5651092932,-6.1866662733,6.2226351976,-10.8197025915,2.7978109807,1.3628257829,-2.5725834621,-2.3616119603,6.3828099442,1.1897042651,-18.6053154969,-1.8844909273,-7.0583197276,-1.1047849282,-3.4192099878,-4.4890191585,-4.0634771797,-0.4512823953,-4.5964764527,-0.0999929317,7.3133687043,1.1490722726,11.2390765601,-1.6655942812,12.122761508,2.0120178482,9.4954304956,-9.4236757218,4.836117344,-4.54369374,4.3461234487,-11.2358543535,-0.6368943095,2.5990535765,0.8650691765,4.5152116593,-0.8757201992,2.5355893597,-5.527719516,-7.4744969039,8.3512920664,-2.9174567031,0.1015149572,-4.1852897409,0.235790913,2.7900343944,-5.0438525821,10.0902392137,-5.3670188197,-1.7560761053,1.5949118162,2.2633189878,6.0840596908,-1.1222166283,5.1367163394,-9.4516253453,9.5738639499,6.9849390484,5.3835311689,-3.7261124701,-7.2213434789,-0.8471477407,-8.4853475902,18.1660110317,-2.6125503459,-10.1299441756,-4.6686071914,6.7568407906,7.2007102614,-0.1154797508,-10.8758665894,-7.1745446307,2.5027559521,3.0682794619,0.6647689148,2.5489133682,-0.4802415375,3.7999026291,13.6458740848,17.3189154397,-3.9112272849,-3.5409309136,-2.789445806,-3.5212183444,1.1498974119,-5.2136081134,-3.2394373003,-22.9212994483,4.5045830614,4.4539526216,-1.015926275,4.4314818886,2.8526519326,4.8306333539,10.5202554245,-13.6619130896,-0.8079723776,-0.7213355991,-0.4614232252,-1.0571877646,-0.7032397636,-0.4144315577,19.6599664276,-7.6888482347,-1.8340445965,-1.5565892123,-1.0605606185,-0.8127693356,4.8863642921,-1.1980322541,1.7784511071,6.5649300405,-0.6584592324,-1.2326840996,-0.9329223086,-1.1874763148,5.5589701157,-1.0940306939,19.6128564923,-2.6524789128,0.7588925368,2.6171806738,-4.4706529952,1.2959462525,5.0683647288,1.5697229226,-1.1269523671,0.3779166963,4.9546344359,2.1735774076,-0.1658431316,-17.0225053974,0.5829923529,2.1035750683,0.9348944919,1.2688790368,0.5899311898,1.0360157442,2.305295405,-2.4020750724,0.5423958828,0.9849709716,0.4696431764,1.0851405007,1.2998946102,-3.339448879,0.843012734
biasActivation=1,1,1,1,1,1
[BASIC:ACTIVATION]
"org.encog.engine.network.activation.ActivationSigmoid"
"org.encog.engine.network.activation.ActivationSigmoid"
"org.encog.engine.network.activation.ActivationSigmoid"
"org.encog.engine.network.activation.ActivationSigmoid"
"org.encog.engine.network.activation.ActivationSigmoid"
"org.encog.engine.network.activation.ActivationLinear"
