encog,BasicNetwork,java,3.4.0,1,1572773176356
[BASIC]
[BASIC:PARAMS]
[BASIC:NETWORK]
beginTraining=0
connectionLimit=0
contextTargetOffset=0,0,0,0,0,0
contextTargetSize=0,0,0,0,0,0
endTraining=5
hasContext=f
inputCount=2
layerCounts=3,8,8,8,8,3
layerFeedCounts=2,7,7,7,7,2
layerContextCount=0,0,0,0,0,0
layerIndex=0,3,11,19,27,35
output=0.245765956,0.1869186329,1,0.9999599786,0.9999981175,0.0000000146,0.4635460742,0.1610945546,0.0137922884,0.9999803027,1,0.7953206443,0.173848274,0.9999695667,0.0000728397,0.9455356702,0.9998556133,0.999699402,1,0.103946983,0.9875368808,0.9932412663,0.1962518732,0.9958757422,0.9990045939,0.7576089246,1,0.0000020321,0,0,0.0006658732,0.9463318773,0.0027783944,0,1,8,30,1
outputCount=2
weightIndex=0,16,72,128,184,205
weights=9.2196595771,-2.3971284874,-11.9571891432,2.4485855759,4.5123361437,13.0258983207,-4.9765354414,-5.0086540234,5.6346941962,12.2391028094,2.4253041453,-9.1263620542,-7.1238862637,-6.8267383034,-15.8763905772,2.0046365096,7.140327023,-7.1833682185,-4.6024367044,-0.3287981708,-1.7009214614,0.2513695819,9.9942761763,1.664019799,0.5460004826,-0.0331660653,7.1687350571,-1.051311942,-2.7932741275,0.078164294,9.2029559453,-1.0512129387,0.5684487127,-1.0281174223,-7.1611166344,5.9831391493,-3.7214402141,-7.1722721875,-2.0292741991,1.5647463936,-4.027689542,3.842120433,4.0766330586,4.0100449229,-5.3524382471,-3.6720423435,5.5202769826,1.5262984946,-0.3816022533,-5.0120818804,-1.1497232533,0.7809944805,-9.6503413732,2.5125133809,10.4334333158,-3.1433428586,-3.0839258484,-6.0587681263,11.938211183,-4.3578524902,-3.5166012264,-3.6076922405,-3.1099141226,-2.6600490125,-5.866397082,2.3835720534,5.1116740772,1.22644777,10.1518446008,-0.97502943,5.1242085809,-3.772022717,-1.7769382869,1.5468459942,4.836679535,0.8994546354,-0.906884552,-5.5585727841,0.4304924659,1.1639704047,1.0230889589,1.7814560156,-7.3833122734,-8.6519495098,-0.2126401641,3.4966291022,2.1641911559,0.6861797992,11.6725034516,-0.4526963118,-5.5054527255,-10.4669955119,9.8085392896,6.3500782154,3.473290161,-1.5871536477,0.0739083855,1.9654261174,1.0358247484,0.3599862613,-3.2696206779,-9.510305602,-0.7673255092,0.7630452487,3.7830170814,6.3058368573,-3.6175652935,-2.34391922,-3.657233606,8.3758560707,-6.8111549387,0.7216629304,-1.6977438578,-0.0128209597,-0.6801944241,0.773853631,2.4464652867,8.5408404229,-2.79745208,0.7063950277,-0.8426198921,-3.5231070492,7.2418929219,0.1076016227,8.6075963865,-5.830250524,6.6425257434,-3.3179281726,0.0643689325,-0.2977989336,-5.7146243026,-3.9060888697,-7.019803362,7.982559176,0.6730543637,4.4693672333,-2.2532343324,-0.3769269859,1.7559462471,-3.3639108762,0.5562865554,-1.8930706738,-0.1403218629,3.8535125384,6.3392011003,-0.2141875913,0.9191045859,3.7315072819,10.4414047302,-9.2732121493,2.0625504821,-4.8676290388,-0.007993347,0.5977406073,1.7278988006,9.2941260758,-0.1702619407,-1.7139072855,-0.687901795,-1.2501895243,7.1618017529,0.6276143891,0.6509135138,-5.1795420344,8.3017617874,-3.8306290895,0.8796475922,-2.3554080449,-14.3171897715,0.1510700209,-0.8817577431,-0.2765543136,6.175637605,3.0663516112,0.8285206861,1.0588548335,1.5884486928,0.4861928318,-4.1311632006,4.7791535835,5.4038734286,-4.4201638405,1.3437921327,-3.9651473798,0.6620524496,-0.8218400314,6.2523671003,-0.9119960047,-0.6090279906,-0.8573477704,2.2484051487,-4.7481423001,-0.4129364293,2.6390895839,-0.7343913955,-6.3947200117,-1.4562751979,0.1335803394,10.5125655232,0.914779669,-0.2808110291,-4.7770063026,1.1637519614,-1.7054870797,1.2443984944
biasActivation=1,1,1,1,1,1
[BASIC:ACTIVATION]
"org.encog.engine.network.activation.ActivationSigmoid"
"org.encog.engine.network.activation.ActivationSigmoid"
"org.encog.engine.network.activation.ActivationSigmoid"
"org.encog.engine.network.activation.ActivationSigmoid"
"org.encog.engine.network.activation.ActivationSigmoid"
"org.encog.engine.network.activation.ActivationLinear"
