encog,BasicNetwork,java,3.4.0,1,1572773189002
[BASIC]
[BASIC:PARAMS]
[BASIC:NETWORK]
beginTraining=0
connectionLimit=0
contextTargetOffset=0,0,0,0,0,0
contextTargetSize=0,0,0,0,0,0
endTraining=5
hasContext=f
inputCount=2
layerCounts=3,8,8,8,8,3
layerFeedCounts=2,7,7,7,7,2
layerContextCount=0,0,0,0,0,0
layerIndex=0,3,11,19,27,35
output=0.2265200636,0.1777774541,1,0.9989062807,0.195969105,0.3275583014,1,0.99999303,0.9920856666,0.4339055953,1,0.8279046784,0.9137954004,0.0855531002,0.0130982409,0.0112942719,0.573888128,0.0093271074,1,0.9090308255,0.3111829012,0.9920776859,0.9942355497,0.9989939133,0.5404152724,0.0021581293,1,1,1,0.0000295591,0.0055458609,0.0000000155,0,0.9976094089,1,8,30,1
outputCount=2
weightIndex=0,16,72,128,184,205
weights=-11.2334723162,14.0223840241,1.7714455688,10.1131328041,-8.0902722078,13.9541036469,-13.6095883397,-3.2963925802,12.5985413618,-6.4472866267,20.2484814008,-9.125333622,-20.2170029048,0.4659100842,14.5184558904,3.0950037881,2.4551816748,0.9072187879,-1.7760634324,-5.2096631255,-12.0327935093,4.9500260317,-0.8246969373,1.4784257657,1.8082426579,1.9633705734,-0.0378716626,0.6101584323,3.6888358762,-12.8788085746,6.1553462636,2.5843168579,-11.9107387189,10.2061731717,-8.8531622145,-21.1210436126,-4.2722270798,-1.6660025367,14.7627452711,1.7160739057,16.3555366674,4.5531994357,3.3882624886,-19.2383654237,-11.9759202938,11.6750320912,5.2704647678,0.0807978784,3.0783103863,5.1428868322,-6.158184302,-6.338758644,-9.9104816402,1.0370984777,7.6576046944,4.6810005307,12.5528170448,-1.8780392914,0.981148116,-3.644699652,-10.2860326814,1.0691955004,-5.1034483305,-4.33128436,1.7080830042,0.609464909,2.3494321602,-0.041971061,-1.3861709098,1.5057858033,3.6200307762,-3.3197026882,14.8886413619,-11.0685681815,-18.5112695787,8.2900782529,10.137445211,-10.3391051207,9.6535020301,-2.9573775634,-0.7479139101,-2.3115473375,0.4434427878,-1.2814603992,-0.8275911889,17.1953108664,-1.3683523492,-3.8686792083,-3.2716316262,-4.8915939165,2.720334037,-0.793531624,-2.0673733294,12.153470026,-2.4414468981,-4.2801716085,-5.0632404296,0.4133881275,13.61301023,-22.4040875777,7.8888646986,-0.6110231295,6.5309022183,1.3568702721,-6.6093581569,5.6403527586,4.4871146908,-2.8674767506,0.9848587164,-4.7053448511,7.4118059321,-0.2768144008,-8.1788238108,-2.7279137769,-5.582817494,6.530881645,2.0991389284,11.5060981447,-12.0665801165,-0.6622873373,6.7218828284,11.1414512428,-13.084854539,-4.7632736498,3.0994849971,-13.7216253164,-0.3344453281,7.7938519281,-5.450378239,-6.025782721,-2.4292844141,-5.0391484388,0.4142425049,-1.221147029,19.5999548053,-5.7470618523,2.6215500423,1.5638932673,-1.8878070777,-2.9083920466,-0.1008591413,0.5065333182,-8.2871833794,3.3035192133,-1.5532716168,-2.0831980342,5.165355514,-0.7618680055,0.7789457109,2.9139187634,10.470384473,-1.9746938323,-1.6620336845,-2.7805476207,-8.9890507133,20.7184110032,-0.9100041306,-3.8912501614,11.0040276351,-1.4995115562,-0.9511690483,-1.423822221,9.4698415943,0.8638473871,0.3749500361,-0.2939652223,11.1006309397,-1.8034928247,-4.3644170335,-4.97117511,11.1847086274,13.7388151933,0.3201517051,0.172944758,14.5831969647,-5.1272519813,1.2221611087,0.9959250372,4.8285432852,-1.3609678738,-0.7526792364,2.2409576522,-10.6257330196,2.253297084,1.04061292,0.6623388784,0.1112697526,1.0208597299,0.8047683914,-0.1323419983,0.9154211084,-0.6465556543,1.644211239,1.0353288058,-0.215426895,-7.0089657168,-1.0723237874,-0.3160491795,0.0756260677,0.5319762685,-5.27406915,0.0145759188,-2.3816903033,0.3523917809,14.5155901627
biasActivation=1,1,1,1,1,1
[BASIC:ACTIVATION]
"org.encog.engine.network.activation.ActivationSigmoid"
"org.encog.engine.network.activation.ActivationSigmoid"
"org.encog.engine.network.activation.ActivationSigmoid"
"org.encog.engine.network.activation.ActivationSigmoid"
"org.encog.engine.network.activation.ActivationSigmoid"
"org.encog.engine.network.activation.ActivationLinear"
