encog,BasicNetwork,java,3.4.0,1,1572773202053
[BASIC]
[BASIC:PARAMS]
[BASIC:NETWORK]
beginTraining=0
connectionLimit=0
contextTargetOffset=0,0,0,0,0,0
contextTargetSize=0,0,0,0,0,0
endTraining=5
hasContext=f
inputCount=2
layerCounts=3,8,8,8,8,3
layerFeedCounts=2,7,7,7,7,2
layerContextCount=0,0,0,0,0,0
layerIndex=0,3,11,19,27,35
output=0.9036140172,0.9879518288,1,0.9999993665,0.9185271705,0.9927061254,0.2446677974,0.000817362,0.9999999978,0.358260237,1,0.9716582851,0.0001498658,0.3552014916,0.9999834181,0.9995338496,0.7539827215,0.0609109783,1,0.0841021104,0.9177641914,0.5762874676,0.8975585482,0.0562475093,0.5187992444,0.893788654,1,0.0000000011,0.0002049488,0.9999999861,0,0.0813962738,1,0.1288777541,1,8,30,1
outputCount=2
weightIndex=0,16,72,128,184,205
weights=-12.747578507,3.8428717475,-4.0253533783,9.9070069089,-6.8940894962,8.6447043808,3.4183342758,3.1641745851,2.5256124814,-8.4961658628,7.6265706923,5.3785017043,6.2480146746,11.0201862247,-13.3289956826,-5.4518641737,6.296561831,-1.7437280167,-2.6150417177,2.2718720072,7.4425769091,0.7966184161,-0.4741398361,-1.1995954421,1.2974485743,-0.4095492448,-7.1346096232,7.5789685002,-3.039044699,-2.3614723233,2.3414878667,0.792782835,1.001319255,-4.1298708747,-7.4579833275,4.6484363921,3.617121055,-2.1085828819,-1.6684601823,0.0178337069,-3.4939221013,-1.4825369598,-3.8309762073,8.4726694664,-2.9652389566,-2.3827284986,-2.7496876722,0.0839827271,-8.1055350496,2.516558436,6.042284321,4.5969107671,4.3513571685,-9.9231844402,4.1929402585,-3.0990559022,1.8871428473,-1.6680752008,-3.1518388568,5.7920850997,5.9576867877,8.1492136945,-8.917535263,1.8641411104,1.9986257993,-8.0181196527,5.7428727201,1.2586311028,0.7801781138,-3.4085127579,7.1536157445,-4.4677785317,3.3228695404,0.2699642761,0.2579585192,3.3260041658,-8.8667039717,0.1535767196,-1.2822473195,1.4386164566,7.0032162632,0.7413447936,-4.2240688717,-4.3423292368,0.2624340039,0.2338850491,-2.8646991903,-1.3188780136,4.9922874057,-1.3865420405,-3.2272387191,3.206301867,9.3150306379,-4.188595092,2.2807128991,-1.1510049761,-4.9139064592,0.7174256276,3.6591836879,2.6345557413,-13.0140708847,2.3863279532,2.392190419,3.6444867532,-7.8295575761,2.0828379677,0.3087428221,5.5504414805,-2.7162579843,-0.9002435012,0.5494272328,1.3864498679,-1.5065173515,0.6191998776,-11.3147460626,3.16113418,-4.8759085683,1.5185807266,2.9185940509,1.2394457755,3.5918253243,-1.0621210043,11.1360145493,0.2389088216,9.5809776897,-2.7957184367,-3.4385645976,-4.7099200944,0.9033066545,6.6221220852,5.8893438063,2.5560683668,3.1998896045,-5.7631189964,-8.0639454882,-1.7366510542,0.3350935344,-2.061533221,1.1056136989,-0.1926069801,-0.6378977056,1.1634230214,0.0626427544,0.1875846934,0.836321017,14.63298424,4.2881661421,-11.1939119852,-3.4464211374,-1.7164562321,4.2150533519,-2.5298582582,-0.1689189155,-6.7489583469,1.376455328,-4.4644930135,-2.2611143688,0.8203131765,-0.4999515545,0.2234805436,0.0387092081,-7.6444442202,-6.9821959222,9.085641047,5.3161543383,-0.2865240027,-15.1743750736,5.9731085951,0.0988877222,3.9102559205,0.6947175266,5.4664471564,-4.3503801155,0.1445999349,-1.1131656951,-0.2673193867,0.0668280664,-2.9840526523,3.0320041765,-0.7950632545,1.1016611619,-0.4758609183,-1.6344572573,-0.3045191683,-1.0150519398,-0.4134957739,-0.1087441239,2.2495885541,-0.3523018099,-15.9201995451,-0.6508804404,0.7304324319,1.3829835938,5.5770617695,-2.8309310058,-4.3864528308,3.1321362599,-0.9767939658,1.823203564,-0.853555668,6.8809965376,1.4678370109,0.2072203124,-0.1166603142,-0.0688710771
biasActivation=1,1,1,1,1,1
[BASIC:ACTIVATION]
"org.encog.engine.network.activation.ActivationSigmoid"
"org.encog.engine.network.activation.ActivationSigmoid"
"org.encog.engine.network.activation.ActivationSigmoid"
"org.encog.engine.network.activation.ActivationSigmoid"
"org.encog.engine.network.activation.ActivationSigmoid"
"org.encog.engine.network.activation.ActivationLinear"
