encog,BasicNetwork,java,3.4.0,1,1572773211376
[BASIC]
[BASIC:PARAMS]
[BASIC:NETWORK]
beginTraining=0
connectionLimit=0
contextTargetOffset=0,0,0,0,0,0
contextTargetSize=0,0,0,0,0,0
endTraining=5
hasContext=f
inputCount=2
layerCounts=3,8,8,8,8,3
layerFeedCounts=2,7,7,7,7,2
layerContextCount=0,0,0,0,0,0
layerIndex=0,3,11,19,27,35
output=0.8181800124,0.8988074731,1,0.9999994727,0.0249435004,0.6264345672,0.0850915992,0.000000037,0.9999888575,0.9710251423,1,0.847625516,0.9999983086,0.4819269195,0.9969496009,0.0000009776,0.818690662,0.0000992145,1,0.9883497255,0.0507490109,0.8494222282,0.9433672498,0.3827666434,0.0833779431,0.0330533458,1,0.9999999971,0,0.0000000983,0.568571814,1,0.0000400524,0.0000000093,1,8,30,1
outputCount=2
weightIndex=0,16,72,128,184,205
weights=-8.4487190025,5.3231139141,-3.063532881,-8.9501221825,-7.4187193826,13.1888025111,-10.8050185391,9.8039752001,5.3697059857,3.8245900895,-8.5858228415,3.0048485361,-5.823165328,-6.4151111903,5.6108198361,2.8085037703,0.1837631408,14.9907055372,0.3327596319,-0.2081351645,-5.8537871579,-0.2883251979,-1.0858137265,-0.4075697851,-7.2697980144,-1.5050772098,2.8346986433,-11.9838224538,-1.8848299647,22.9460732514,4.0337029835,-4.2037260095,0.7892264735,1.1222841355,10.5979662418,3.8247950856,4.1419644087,-19.2911508573,5.2279139597,5.5980895896,6.8900225166,2.0147563268,7.4031187184,-6.2483759174,4.4681518599,-7.2651735141,-9.4174236673,-1.6195940782,-0.4765325909,-5.0911496347,-6.8208702032,-2.1953903358,2.8186390697,-6.9606302377,9.793850887,-0.4438996785,1.7881490032,0.7833621241,-0.1081613416,0.8172817152,-9.1538452295,9.4670875552,-3.4890563519,0.5927661638,0.4719701731,9.508463374,-7.0024599359,-1.0500084465,7.5008384504,1.2116058977,1.0292258381,-2.9671378032,3.8904079175,-6.5927912584,0.6067230634,-0.2724039322,2.8432615941,-2.1947647065,-2.9121613763,-2.8618493946,3.9059391946,-5.0342262678,6.8302290713,5.1887849104,4.0613666289,0.5438152688,-9.3812465112,-2.3014717367,-5.2244404436,5.3836088615,-2.5334563037,5.3774348955,8.0923001666,-5.376195513,1.440193449,-0.7996939075,7.1207649705,-3.7011498945,2.9469521035,1.720999979,-2.6575883347,-4.9485094213,-2.2677727903,-3.6825000817,-3.6743186058,0.4803791053,-10.5112885804,-3.3507842815,-0.7775183597,4.0806017098,6.0375527521,1.6162763149,-7.9659459919,-12.1079082535,-1.2319102483,9.0775046413,3.8468484779,-5.5803588712,-6.7869247402,1.6952620861,2.2305855829,-2.9222501713,-3.8818863671,-8.9396036548,-2.7418794982,9.4787289718,0.8208579196,0.6883168029,1.0890381313,-0.2230945958,-0.2835054314,1.908580717,1.5620241858,-7.7085329821,-6.1138319817,0.7047881827,1.2475549228,0.6996593092,0.0621135008,-12.6688644129,2.4796598325,9.6975345662,-4.6378181822,0.5467749837,-0.3843216576,-0.5501934999,-0.1643446178,8.2904639297,-0.098140215,-2.4379589485,-9.4107603801,-2.5010878149,4.2157005453,-1.0919698322,-0.8848601548,6.6792732897,-0.4837849044,1.8636560707,-7.3786567552,-4.7167684369,-0.8826990011,0.8055997284,-0.7376053979,6.5414267877,-1.7190379094,4.9921391532,1.1593748296,-1.5955555191,-5.0168803627,0.0540410718,0.2135271045,-6.7103529691,2.4871585055,-0.7264303325,5.1728263009,3.9477569973,3.2015146564,0.3648995219,0.6316451325,-10.0304406863,-1.0338087105,5.4630013539,2.5407913186,0.1590804974,-0.6086538451,0.6923672205,3.760653681,-0.2689338245,-1.1177062494,-0.8140022888,-1.0755569601,-0.2162427832,-1.043047184,-0.7545424899,-0.1400598402,10.5141616843,-0.5050239111,2.2052741976,-2.0336267501,1.9326895638,-0.8728808896,0.5996270819,1.3497917055,-0.8594238083,-3.5134475811
biasActivation=1,1,1,1,1,1
[BASIC:ACTIVATION]
"org.encog.engine.network.activation.ActivationSigmoid"
"org.encog.engine.network.activation.ActivationSigmoid"
"org.encog.engine.network.activation.ActivationSigmoid"
"org.encog.engine.network.activation.ActivationSigmoid"
"org.encog.engine.network.activation.ActivationSigmoid"
"org.encog.engine.network.activation.ActivationLinear"
