encog,BasicNetwork,java,3.4.0,1,1572773219862
[BASIC]
[BASIC:PARAMS]
[BASIC:NETWORK]
beginTraining=0
connectionLimit=0
contextTargetOffset=0,0,0,0,0,0
contextTargetSize=0,0,0,0,0,0
endTraining=5
hasContext=f
inputCount=2
layerCounts=3,8,8,8,8,3
layerFeedCounts=2,7,7,7,7,2
layerContextCount=0,0,0,0,0,0
layerIndex=0,3,11,19,27,35
output=0.5892835849,0.4285799377,1,0.0000001067,0.9749451358,0.2598980486,0.0239827076,0.9991707755,0.124991494,0.7021914642,1,0.0523651265,0.9999988964,0.0007293209,0.8098629987,0.9817328516,0.9993947893,0.5919883515,1,0.9920366173,0.9940229675,0.1015695957,0.7245032882,0.0642809323,0.9789008044,0.9997373526,1,0.000008789,1,0,0,1,0.0000000014,0.1909493262,1,8,30,1
outputCount=2
weightIndex=0,16,72,128,184,205
weights=-5.9944284658,8.9334367489,-6.3123305711,5.8425394975,-1.1676552348,-12.4261592839,-9.0747184314,2.2438779864,9.1610400219,6.2651339745,-7.031868092,-7.0376067306,-5.9713747352,9.5549313836,1.2577503941,-0.5105041529,-3.4683552286,-4.5562555471,13.8955899115,1.0309423323,-1.9674256168,-3.9735216364,-0.6572353162,-5.8684436016,4.4645337273,5.3766802644,-6.6097868136,-2.2589314166,-0.678423332,-3.6463398486,-0.3509928,4.4030457978,4.1884564078,-0.5629274627,-3.2415966606,2.4538306564,0.9536544501,-0.9596491143,-5.9414181282,0.8522815314,-0.5852289241,-6.1961735243,6.8088531725,2.4498719595,-6.3629901796,1.46765368,2.0787623519,4.0810264883,-3.2556983773,-7.4657617406,3.206052705,2.4621327307,7.1598173028,0.2674650023,3.2437582028,3.517502139,6.1990908497,0.2922467841,-12.4123177654,-1.6902890062,9.7619986365,-7.9635700163,-2.7231510764,-1.1977461373,-6.4714067156,2.0695706557,3.2374374628,3.450929998,6.7971965725,-8.1046409659,-1.3319425954,-1.4548793844,-4.2631240761,-6.3716269739,1.7117591918,4.2843406796,-10.0737941468,-2.3742238504,5.9876208452,1.3747430164,3.9338970065,2.6134981352,-7.2564855561,1.2583890737,-4.9135556468,2.1375597223,3.4299093233,1.8362311562,5.4142261146,2.3233012955,2.7225813184,-9.771504034,15.157531083,-0.5970689416,-5.7476418686,-2.7439739735,-0.4729339969,-1.2689595726,-1.6910020661,-5.1716979517,-2.4469811668,5.1834253821,1.8795203635,0.3025378368,6.543299388,3.1524571281,4.0763191836,-7.1576996949,6.2413223614,2.1753644992,-2.7458971529,-0.6543336835,0.2489317016,2.1356938357,-8.4522602851,-0.1859208926,-9.7480840726,0.4451538622,4.3773965139,1.847251101,-0.4164826454,-2.9004905776,6.3487184134,-3.0593057124,-2.4131332104,1.4358003633,2.2130520341,1.7772933456,3.3583353059,-0.7076636306,-9.957174604,0.3647176952,2.7254019184,-0.3240066779,-0.5631581019,2.9146730076,2.8113366711,1.4174940197,-5.7771813076,-1.2263015591,1.9450890453,-0.0051562201,-2.3409607677,2.1982332053,-0.5586970281,0.1737271586,1.0171756773,-0.0423713714,-1.9534934086,12.7520828972,0.5356483802,-0.5024155645,8.7775894921,-1.1930390407,1.196495606,-0.549765876,1.1399487382,0.6164768095,5.5026615483,-0.0308057528,2.9306329458,-1.3735512857,7.7214633949,-0.9372628633,0.143020201,4.7849849017,-16.8595071369,1.7717646029,-4.4338521965,2.2700508164,-4.3146361486,0.2078031539,-0.1998605965,-0.6239216253,0.8912988678,1.5968512276,3.044236532,2.3246821559,0.5131734437,-3.1849626713,4.1837198211,-5.2979922723,-4.805020299,2.6535219871,4.1646189673,-1.4911077254,-0.2257157867,-4.3098641034,2.6883829219,-0.0059359738,3.2423122762,-1.7324761388,1.6677191978,1.4510554939,-5.0251716601,0.0932495501,2.2663263738,1.5758540321,1.0237741201,0.869898496,-0.8826415644,-0.9004338774,-0.7794895276,-0.1847183394,10.3336129365
biasActivation=1,1,1,1,1,1
[BASIC:ACTIVATION]
"org.encog.engine.network.activation.ActivationSigmoid"
"org.encog.engine.network.activation.ActivationSigmoid"
"org.encog.engine.network.activation.ActivationSigmoid"
"org.encog.engine.network.activation.ActivationSigmoid"
"org.encog.engine.network.activation.ActivationSigmoid"
"org.encog.engine.network.activation.ActivationLinear"
