encog,BasicNetwork,java,3.4.0,1,1572773230267
[BASIC]
[BASIC:PARAMS]
[BASIC:NETWORK]
beginTraining=0
connectionLimit=0
contextTargetOffset=0,0,0,0,0,0
contextTargetSize=0,0,0,0,0,0
endTraining=5
hasContext=f
inputCount=2
layerCounts=3,8,8,8,8,3
layerFeedCounts=2,7,7,7,7,2
layerContextCount=0,0,0,0,0,0
layerIndex=0,3,11,19,27,35
output=0.3725500667,0.2962923007,1,0.8678069471,0.5582028616,0.0003754151,0.0000678812,0.9999984864,0.9999997872,0.999259173,1,0.0240333097,0.4071553339,0.9999996395,0.0049416342,0.9903572408,0.9781214715,0.0039472929,1,0.9994592339,0.2595199732,0.3579980897,0.996941464,0.9993903898,0.000000097,0.6728550728,1,1,0.8288977221,0.0066335995,0.9999999961,0,0,0.9999999903,1,8,30,1
outputCount=2
weightIndex=0,16,72,128,184,205
weights=8.7138164008,0.1202816213,1.9380551727,7.1402900238,15.7744954124,-15.903087352,-3.7361517276,-4.2895603481,-4.9643744648,-7.2075763142,-7.1536820184,-0.9992116148,8.1496528721,-8.7668583906,2.5910653548,5.4972153638,2.9911846431,-1.5393329599,2.1181907404,1.3118363306,9.0574493956,-5.8782325459,-8.2367790543,-2.8760792756,10.5121865503,2.1434901474,-4.0300097011,6.8817523785,2.3066904187,4.8191953344,-6.6636593663,-3.8674058776,-0.2197348196,0.5789838211,-6.9212608667,-0.6929395094,-2.7801758189,1.8710107355,-6.3293910582,-0.2446001071,-0.1439951896,11.0855976054,2.6111856556,-0.1231965843,-14.0796344312,-4.1683898417,-2.9312699344,1.3142703791,-1.6725682365,6.4378279497,12.3071936826,0.4843243867,-0.1676786055,-3.4889361593,-3.737584747,2.1038875602,10.6827663975,10.4139079909,-0.1636572084,-16.7769531091,-2.9227749978,8.6451788861,8.6068512916,5.5172649298,0.359297202,1.4702081542,0.4713775589,1.3588615656,1.3033891114,2.8418497191,0.4093543219,2.0495607827,-11.3580092234,5.9681998562,3.6875291535,0.1150494669,-0.6283158603,-6.9298229389,1.1206688208,4.5380722745,-1.2262684408,0.7715591074,-0.134726744,-4.0990591996,-2.5282012859,0.6659491377,10.5773239214,0.1940406102,19.0501450693,-8.6067733578,-2.0450624716,10.6557648977,-8.268725788,4.6886164436,-2.4675023387,-1.9373998409,1.0464661329,-2.2427909589,-3.2068233198,12.1804544691,-3.0981497392,1.9275497095,-12.887541362,-4.9964115151,11.0424747335,1.372264874,-2.1049604908,3.3784466312,0.796265641,7.3704870262,-12.2678800446,-1.9165923659,-1.8823067701,4.9989373889,0.9931045467,-8.660466738,1.7954077129,-7.6025244243,10.4612431592,3.8293287829,-3.7710333258,1.6222623227,8.7636996754,-1.2677059355,-3.9079563939,1.6013065104,0.8247990687,-0.7057410197,-0.0412643713,16.1244753067,-15.1243464366,-1.3967022859,-0.9455242162,-2.1372512604,-2.0497001509,-2.2555623764,0.4723626695,-6.6701762705,5.7736421022,-0.2630330597,-0.7282226595,-1.0983939843,3.380564307,0.8522350091,-2.3146012276,-0.9134728668,7.6854567175,-2.6416910062,-0.9384591523,0.0198650405,6.6805280877,-1.6021060917,-0.8285319251,0.3368848811,-17.3074924448,8.648935495,-0.6970563866,-0.3947990778,-10.3467082043,8.1486281151,-1.664856119,-2.0477604144,-0.9211503399,1.6010274988,0.1769943219,-1.4240200024,7.5737065374,1.5956976643,-1.940541142,1.6072005944,3.6750310518,-0.3455707145,-0.8616279355,-2.6188573334,-14.4342016492,-0.7846641946,8.5908465339,-12.3769791317,-11.3999686697,6.029818677,-0.4392081048,-0.254556761,-9.8722208177,6.3075548567,-3.0840288255,3.91889957,2.5232982766,-1.0664565229,-0.1862712783,15.6976258095,0.9094949828,-0.2948067566,-3.4407091729,0.2592695922,0.5778116671,-0.0438368916,-0.8408692335,-0.9196582699,-0.9907772204,1.4259513336,-4.4938636994,0.1771848625,-2.0925835082,1.1914731344,-0.5515639407
biasActivation=1,1,1,1,1,1
[BASIC:ACTIVATION]
"org.encog.engine.network.activation.ActivationSigmoid"
"org.encog.engine.network.activation.ActivationSigmoid"
"org.encog.engine.network.activation.ActivationSigmoid"
"org.encog.engine.network.activation.ActivationSigmoid"
"org.encog.engine.network.activation.ActivationSigmoid"
"org.encog.engine.network.activation.ActivationLinear"
