encog,BasicNetwork,java,3.4.0,1,1572773243533
[BASIC]
[BASIC:PARAMS]
[BASIC:NETWORK]
beginTraining=0
connectionLimit=0
contextTargetOffset=0,0,0,0,0,0
contextTargetSize=0,0,0,0,0,0
endTraining=5
hasContext=f
inputCount=2
layerCounts=3,8,8,8,8,3
layerFeedCounts=2,7,7,7,7,2
layerContextCount=0,0,0,0,0,0
layerIndex=0,3,11,19,27,35
output=0.3600027035,0.1632645268,1,0.2285142004,0.0692015866,0.8819713981,0.0446343141,0.997717112,0.000000608,0.0412721067,1,0.0236718974,0.9999999997,0.9983614207,0.0907122772,0.0000760254,0.0000002705,0.4932178354,1,0.9715188557,0.9995177608,0.0300890603,0.8845165923,0.0017825373,0.8755777364,0.9472828674,1,0.0027598238,0.6687491151,0.0000000038,0.9999999361,1,0,1,1,8,30,1
outputCount=2
weightIndex=0,16,72,128,184,205
weights=10.7450959955,5.0788702678,14.0959466415,-4.2438655367,-13.1377415976,-10.2993835339,14.9264470819,-3.1333151015,-13.1894678276,1.7838391783,-8.4197890578,-10.296603888,1.6888917512,12.2367662535,3.0126236116,7.3326139785,4.0197254254,3.1252483391,-11.5135422464,-3.2500594181,-8.147083431,0.6111633356,6.7468739648,4.0253145557,1.5898674484,-0.7095488589,1.4597587888,-2.5272318477,-1.6468299674,-1.8108127655,-5.1416205656,-0.6191565034,-7.3001774138,-2.4647154451,5.8746888946,-4.1928830301,1.2837991577,7.7688445693,-7.7460611894,2.9844361854,0.5243381782,-3.0463800352,-0.7126125659,11.9998276517,-5.6984010217,-2.0605295555,-4.3488834941,1.7386705918,5.3557121643,5.8895502985,-2.7223585509,2.2161976777,-6.612292392,-10.4011022953,4.519760755,0.3518386072,-6.0719510336,-8.1312065956,-3.7676107974,-0.691580316,7.1032202852,9.6404213744,4.9347008202,-4.6484598815,2.9657458085,9.9207285886,-10.1681157185,4.3550522915,-1.5185201149,-2.9895136475,1.2187686358,-3.9809582512,-2.1152865193,-4.8760457202,16.188757762,-4.9109597878,1.0752730432,3.0508832965,1.2406484137,3.2174986363,4.2444978556,11.4413004999,-14.7527214504,5.0930717423,-6.7604968674,2.7277548585,0.9232905199,-0.8878249665,6.8562288282,5.3123761778,0.8026166441,5.304664166,2.5271925857,-2.0979719089,-4.5091935124,-4.1707831427,-1.8370168866,-9.9747028554,3.3111690275,0.5283687063,-2.8219014987,1.581960946,3.6572125466,4.0381250647,-6.4530843426,3.0025899386,-0.7583721676,2.1335269584,-2.0145912888,-7.9519439644,1.6483428788,-2.6758485933,-11.7486064064,4.5489905217,-0.0380128461,3.2386998325,3.047601206,-8.1939465517,-1.1359420269,-2.8744077796,-12.9059851413,0.2789876495,-6.143279773,2.1813141442,-0.2183022656,9.5030592199,1.7735150644,0.4875630619,-9.8259046558,-5.0002573648,-0.029638256,1.6614733799,0.8927775633,-0.7470012117,2.3630240331,1.9833789976,-8.5152058976,13.9823874403,-3.0412979197,-1.8563647748,0.6937117213,-0.9306967808,3.1840484839,-3.7120164029,10.5230835012,-13.0931762722,1.2491537248,-0.9940713421,0.5972936719,-0.0280981715,6.6007556985,-0.9500124972,-1.5544754103,13.6366449971,0.2328044456,-3.759464669,-0.0077093761,-0.3954669714,0.5084657565,-3.8205817399,5.8780846608,3.9986992065,0.2126419511,-4.7500386252,0.160529304,-0.5251421045,-2.3006759535,-2.1280974258,2.4909884433,-16.3180386151,0.5279520206,2.0609559398,4.2169335294,0.6249839238,3.4881882514,3.0909244104,2.1955034864,-0.5874761967,1.1871649865,0.3207681621,-1.8590837566,-0.4290499799,4.5662806557,0.2475071859,0.905478145,-0.3038134769,-4.0192456654,-1.1829807753,-0.2730714505,18.3585226433,0.8736394745,-0.8907352398,0.3363814322,-0.5820303633,0.6477129894,1.7910036596,-0.5191321738,4.074038274,0.6397704096,-0.69577085,-1.1059260079,-0.7838854554,-2.0983850775,3.6956067198,1.2290395079
biasActivation=1,1,1,1,1,1
[BASIC:ACTIVATION]
"org.encog.engine.network.activation.ActivationSigmoid"
"org.encog.engine.network.activation.ActivationSigmoid"
"org.encog.engine.network.activation.ActivationSigmoid"
"org.encog.engine.network.activation.ActivationSigmoid"
"org.encog.engine.network.activation.ActivationSigmoid"
"org.encog.engine.network.activation.ActivationLinear"
