encog,BasicNetwork,java,3.4.0,1,1572773251756
[BASIC]
[BASIC:PARAMS]
[BASIC:NETWORK]
beginTraining=0
connectionLimit=0
contextTargetOffset=0,0,0,0,0,0
contextTargetSize=0,0,0,0,0,0
endTraining=5
hasContext=f
inputCount=2
layerCounts=3,8,8,8,8,3
layerFeedCounts=2,7,7,7,7,2
layerContextCount=0,0,0,0,0,0
layerIndex=0,3,11,19,27,35
output=0.4210604449,0.349990047,1,0.0009076573,0.1046576298,0.7074377476,0.0901567314,0.0000000327,0.9211533656,0.8949860997,1,0.9905262331,0.0765587159,0.5839681458,0.9890142224,0.4015269369,0.8556404139,0.9953522162,1,0.5861419485,0.122881403,0.8248242117,0.0001560811,0.9999719699,0.0385360731,0.8526113655,1,1,1,0.6740470766,0.0000000001,0.9987248754,0,0.9999999917,1,8,30,1
outputCount=2
weightIndex=0,16,72,128,184,205
weights=10.613756393,-13.9521129766,-3.7142985696,-15.9343550296,7.196920921,5.9589766001,-0.6039438709,0.2477539056,6.3359183405,-8.8031192718,10.5620084035,19.5794483188,-5.2647461312,-3.8374863605,-6.5056571418,0.416683659,-0.3283190247,-4.0845720298,10.4028581558,1.3719200641,0.801090978,-11.1788142601,0.4462551746,-4.9983990492,-0.7380700343,-4.9258276998,-4.5906137624,-8.6184663503,-6.6262951272,6.4017031321,2.8677061954,4.4949412998,2.5354872086,-2.8849050864,-2.2734749017,-1.5380536498,-11.6424101911,3.2937983044,-3.1995663115,6.4822938333,6.8023612165,-5.3017149395,-5.099998666,-6.1590994972,-1.309865179,11.014477653,-6.2720629632,-2.2296480105,-8.6624038876,14.4217641641,-9.314414653,-4.479609478,1.4003662346,-2.586867673,-3.4106321167,5.1560716627,-4.4250333834,-3.8564400406,0.2526080113,-0.9112575148,-1.3209497478,13.8585656716,-3.1622342869,-0.2898057855,-0.9352618017,2.0946068843,2.9140179895,-1.1410580885,0.1797946176,4.4163497819,-1.1577125687,-0.3630825726,-0.5032878506,-5.7096356333,7.6137909397,2.3259139507,5.9121970715,1.6900443261,-5.02314655,-2.3284534181,6.8728049859,-7.09363558,-2.5082073534,-2.5233189148,-0.6265073851,4.960952734,-3.6432018763,-0.0360391482,-1.9040734069,-4.3040093645,4.2801310805,7.0693898598,9.5511358523,-1.7494631226,-6.4293778893,-5.5491245619,-3.2306592236,-3.4509563795,1.8110494947,1.5957821985,3.8191039895,2.7200404137,1.9608342641,-0.271902267,1.06904534,2.2496903674,-10.5744751307,-3.4926959045,6.587819537,0.4270797261,-2.3436932694,2.8146305993,3.9431698672,3.1492609038,-7.420107713,9.3117757853,-8.192053144,-2.4742397776,12.1448989702,3.132423243,2.7647069225,2.7315487527,8.919149703,2.45484133,2.1445085552,-5.4832347018,-4.0473697505,-2.4288875237,4.0204658342,1.6074953447,-1.6664326127,-0.2101499651,-7.3657146247,-5.0239038119,1.9623557243,1.2372985135,-3.7325314125,0.1022655209,6.6350499365,0.120733133,-2.214072669,1.3156472672,0.7726897236,-1.3689329143,9.1291249081,0.3160006405,-18.5143172792,0.7028450471,1.3813848324,-1.909940042,1.5998831993,1.6042696203,-3.6533011098,-4.0937524109,-4.9812186182,-0.9484471135,-4.2103549262,0.0097274783,10.3616891919,-3.817052407,4.7684684519,-1.1137306818,-8.099282063,-0.8628774848,13.8901364525,3.2733172448,1.3053795468,-2.8910416507,4.5582813259,1.5707086009,-3.3879155949,-0.3667758994,-7.4367554058,-0.8776130895,0.2532221102,0.1118129031,-0.3775160071,0.1114599579,12.4479809749,-0.5393090643,-3.920127358,-3.1372015968,-4.9573204614,2.5032109562,-1.578443038,1.2355772854,-0.000995907,-0.6736819487,3.745467776,-0.1296340535,1.1078800898,0.2721535625,-16.3011006018,-0.9525874391,-0.5226012094,0.4980964891,-2.8645195839,0.6547040468,9.9384706926,5.3633867788,-4.5215031081,2.1484511879,-0.5943759669,0.753875812,0.7484285467
biasActivation=1,1,1,1,1,1
[BASIC:ACTIVATION]
"org.encog.engine.network.activation.ActivationSigmoid"
"org.encog.engine.network.activation.ActivationSigmoid"
"org.encog.engine.network.activation.ActivationSigmoid"
"org.encog.engine.network.activation.ActivationSigmoid"
"org.encog.engine.network.activation.ActivationSigmoid"
"org.encog.engine.network.activation.ActivationLinear"
