encog,BasicNetwork,java,3.4.0,1,1572773267669
[BASIC]
[BASIC:PARAMS]
[BASIC:NETWORK]
beginTraining=0
connectionLimit=0
contextTargetOffset=0,0,0,0,0,0
contextTargetSize=0,0,0,0,0,0
endTraining=5
hasContext=f
inputCount=2
layerCounts=3,8,8,8,8,3
layerFeedCounts=2,7,7,7,7,2
layerContextCount=0,0,0,0,0,0
layerIndex=0,3,11,19,27,35
output=0.9901326769,0.8539602891,1,0.5850816393,0.5749590525,0.9806434658,0.9999997799,0.2226520797,0.1724177204,0.0000003255,1,0.9999951736,0.9999999964,0.9993737125,0.2497133165,0.0000491353,0.0522814073,0.9999989368,1,0.0310659122,0.4083192397,0.0000426813,0.0387170937,0.9999793195,0.0009600806,0.9954973494,1,1,0.6165415776,0.9704195407,0,0,0.9556127739,0,1,8,30,1
outputCount=2
weightIndex=0,16,72,128,184,205
weights=8.4161071374,-4.5819262143,-12.7363373883,16.0897957691,-4.488201904,4.8195696064,10.3202349916,-1.1127407236,-17.5797958662,12.4131831964,2.1633362536,8.3791795431,-4.169101009,-12.5136468556,5.6908539587,-2.5002577877,4.5364653158,12.4892697641,-13.0288279519,6.1813576717,-4.866879369,5.9212083021,-3.5111768762,-2.0030995164,1.1203327526,5.2887588321,-0.4129330174,5.2331894046,15.7328825381,-2.1752988048,-6.7255384754,-0.1626095568,-1.8996051516,3.1540448721,0.9389823136,-9.1090894143,-6.742753237,7.2018182294,2.9503216581,0.6804883104,4.7280427758,12.3208133488,-6.7512693734,5.4898560036,-19.0209360137,0.135627859,6.7927693716,-3.1426268391,0.6084938059,-1.7175124573,1.2499823946,-0.9573791461,6.1659712346,-0.5689146517,-0.4352033881,-0.6867416773,-7.9589177945,2.2062028289,4.3391887239,-3.0160466433,1.9359759685,1.8991160853,0.6470717183,-0.145690585,-4.5386234964,-4.8820682625,-0.8048680482,1.2919657248,1.1143412941,-0.9466187181,-4.4049845924,-0.581113134,-3.6572239049,1.5382879136,3.635908519,-7.4109766164,9.0109917589,0.0256897851,-1.2593795105,4.2565636531,-0.9798700597,10.1966278508,-9.2287486167,-14.3739581236,4.926037602,-8.6948519079,9.7032452816,1.2927553496,-4.8535762002,-7.7706367924,0.6420675501,0.8142999935,6.6091445644,11.3793857047,1.2507159177,2.8021837692,4.3221785869,7.2820095112,5.9634426253,-2.7566645531,-6.4894550685,-5.955287276,1.6538778112,0.7472840946,-14.3870362387,-9.048101392,3.8266961548,6.7991473098,-15.9562023353,11.4232129766,5.3798316724,4.5464679993,7.6378925027,-2.7570361163,-6.6180531223,-2.6911984374,1.5666572377,5.8243102396,0.2833358052,-3.7587428546,-0.2235013737,-7.2263431128,-1.4535467441,-10.0057347584,9.2219007335,-1.8335319614,3.0337038251,4.8593087929,8.4397088775,-7.1605582154,-16.7514038114,0.0305804687,-4.4864026159,1.0629377801,-1.7229863401,7.7751202104,14.7585796465,0.9757970187,-21.6152256847,0.9734697551,-4.3350599963,7.6430419849,-2.4398798296,-2.0590681658,0.6396983243,4.2933422489,-16.025078556,-5.5936945882,-1.1066264558,-0.4584618275,-0.834781342,2.6407319363,10.6392322202,-1.6022898989,-14.2244422574,-0.737510936,-2.4026105325,-1.5306396136,3.2388546749,2.4030340577,-1.5420980433,-1.893749317,20.0548109811,3.6713191708,1.6437061335,-0.2140012626,0.8587337085,-5.7611053192,10.2439270105,-5.2184901931,-1.6082866279,-1.1943036673,0.7438078715,-6.2334679828,3.6452008545,-6.4565491691,-1.8857317791,-5.2939001103,10.1118386563,6.358111025,0.8213066623,1.4833303525,-1.2741034777,-0.6819977411,-9.2396488273,6.3865159122,13.3727668332,-0.7939140474,-0.0263166707,7.6157070634,-0.7357619646,0.2265124459,2.581336849,5.0263633413,-7.84464282,2.4776436769,5.46224714,-6.5793424201,-2.4223289132,-11.5160550297,3.121138232,1.5636943331,0.9471127235,-5.3173471381,-1.6472495199
biasActivation=1,1,1,1,1,1
[BASIC:ACTIVATION]
"org.encog.engine.network.activation.ActivationSigmoid"
"org.encog.engine.network.activation.ActivationSigmoid"
"org.encog.engine.network.activation.ActivationSigmoid"
"org.encog.engine.network.activation.ActivationSigmoid"
"org.encog.engine.network.activation.ActivationSigmoid"
"org.encog.engine.network.activation.ActivationLinear"
