encog,BasicNetwork,java,3.4.0,1,1572766725528
[BASIC]
[BASIC:PARAMS]
[BASIC:NETWORK]
beginTraining=0
connectionLimit=0
contextTargetOffset=0,0,0,0,0,0
contextTargetSize=0,0,0,0,0,0
endTraining=5
hasContext=f
inputCount=2
layerCounts=3,8,8,8,8,3
layerFeedCounts=2,7,7,7,7,2
layerContextCount=0,0,0,0,0,0
layerIndex=0,3,11,19,27,35
output=0.0757176891,0.0810841373,1,0.0005308019,0.9564993827,1,0.7102473301,0.1475042443,0.0009865917,0.1002996745,1,0.9934220746,0.0194749543,0.8510588028,0.1429586741,0,0.9998523909,0.9990011555,1,0.0149346725,0.0025546133,0.0000957482,0.8844289521,0.9999999897,0.0363137587,0.9999943472,1,0.9934656121,0.9921193553,1,0,0.9999999875,0.9999995127,1,1,8,30,1
outputCount=2
weightIndex=0,16,72,128,184,205
weights=6.6370933391,-8.1690622301,2.989876713,3.3814392729,19.2067237855,5.7571731269,-8.7759661591,-2.0418873867,-5.9017499014,14.8462832876,-18.3545368969,8.5662756487,7.0393409255,1.6611539444,22.1057445263,-7.6118433926,-10.880887816,7.9241572463,3.7556554846,5.1145289648,1.0522962455,-5.0784760833,4.4805609668,-0.2114081728,3.5678689617,1.2795524807,10.1674005164,2.5831608118,11.4895672506,-9.3362396543,-3.8950895964,3.7249055959,3.5293176796,3.4986739108,-0.2600778508,-4.6777012698,-4.0405104249,22.0013631526,4.7325275304,-4.2170736782,4.5192410001,-16.1439716515,-12.4563129262,-0.1672882506,-2.2540676684,4.47551558,3.5373387529,-0.6622154764,10.2066719503,0.2319727573,-3.5507495653,-10.2764423881,-12.424408856,-10.0613347303,4.2884461922,-1.6316720269,-3.5701894299,7.9194257927,-5.5812530448,-11.1049545435,3.5429624744,-2.1324756457,5.8892562628,-0.941481534,-8.4469998967,-0.2993109323,-4.0096122096,2.9226365829,-3.3587878943,9.683529804,-1.1815325225,0.696217386,3.9973063119,-16.9874571261,-1.9978061036,1.6032711695,-3.0429069707,-6.4561973254,6.5662804571,0.2944583804,-5.4139741365,17.9585506702,4.2478506793,-5.9483592288,6.9145577673,6.774595937,-5.9231392568,0.1390512672,-4.7477617201,1.7804675358,-6.1361480502,16.1687106128,-4.7727358007,1.008060823,-1.9006532691,-5.8534289534,-0.3722631714,3.4956384471,-6.8814042716,8.3270954103,-7.3069716043,12.3832140184,3.0664542378,-5.3675127253,-1.7854037791,-1.4785021578,17.3002951119,-2.569565936,-10.9315004756,5.711846233,-14.5594499417,-1.5468962084,-7.8452436505,-13.9335109076,-0.9659736871,-1.0310383069,3.3939388265,3.983040584,8.9139317854,-2.5669307923,-10.486896067,-1.731859638,-3.6704513082,3.0594657702,0.6609673163,10.6366926571,-0.0514843868,3.3676845244,2.5554784399,-3.8855610892,0.3458521432,0.2882272552,6.7800260244,-9.9988577394,-0.8762194014,0.8763321614,-22.3526521958,4.3018964292,-1.5802752845,0.6717224922,-0.9427511541,14.7678893145,0.0094149807,-0.2829706194,-16.0477990514,11.7426760128,-0.0705548469,-0.7145051172,0.2143183491,-5.5420752629,0.6561245029,-0.2187076605,5.0860252536,-1.2356868839,-0.4370843794,0.4479555881,-11.5928363357,10.5092878006,-0.5687124336,0.2975647181,6.1484937395,9.981812092,-1.4034244171,-0.233447403,7.4535736184,0.9720964902,-2.8181192275,-1.8205175822,-3.3964462831,-17.8253504145,-0.5899436102,0.9089952156,1.9212093816,15.5683342223,1.0811800035,-0.2002137079,18.4571461662,-6.5088355053,0.2459685938,0.0816773618,6.9603659757,-6.9887154488,-0.1010633929,0.0877923459,-2.2562762514,0.2659872779,15.0947124444,-0.6568893548,0.3292040654,0.2144265832,1.0615351779,0.7084033588,-0.4989522413,-0.7081637922,-1.3134425317,0.3134562603,-1.0686745375,0.7636305618,3.8392862768,-1.4042225109,0.9739046214,-3.4488769285,1.2149205014,1.302837167,-0.3736582837
biasActivation=1,1,1,1,1,1
[BASIC:ACTIVATION]
"org.encog.engine.network.activation.ActivationSigmoid"
"org.encog.engine.network.activation.ActivationSigmoid"
"org.encog.engine.network.activation.ActivationSigmoid"
"org.encog.engine.network.activation.ActivationSigmoid"
"org.encog.engine.network.activation.ActivationSigmoid"
"org.encog.engine.network.activation.ActivationLinear"
