encog,BasicNetwork,java,3.4.0,1,1572773278834
[BASIC]
[BASIC:PARAMS]
[BASIC:NETWORK]
beginTraining=0
connectionLimit=0
contextTargetOffset=0,0,0,0,0,0
contextTargetSize=0,0,0,0,0,0
endTraining=5
hasContext=f
inputCount=2
layerCounts=3,8,8,8,8,3
layerFeedCounts=2,7,7,7,7,2
layerContextCount=0,0,0,0,0,0
layerIndex=0,3,11,19,27,35
output=0.5083861019,0.6281525491,1,0.0031455705,0.0153332419,0.5910799074,0.0000005483,0.8983962965,0.4537127967,0.9767741413,1,0.2046846635,0.0246250329,0.0236519713,0.2563018822,0.0461285076,0.5087095056,0.9153482846,1,0.0617723882,0.0200140856,0.08959018,0.4256313137,0.990112994,0.0077489337,0.000386898,1,1,0.0000100485,0,0.9976889027,0.9999999977,0.9902371729,0,1,8,30,1
outputCount=2
weightIndex=0,16,72,128,184,205
weights=-1.3763985315,9.2906315078,12.0440110174,12.8800324742,-12.9431247729,9.2078126108,5.1966379039,-4.8491469437,6.0630773271,5.6949536243,-7.5356402189,-10.2456275334,2.9301592828,11.2269091027,-0.3277710413,-2.5340017377,-1.7793963663,4.3626191182,0.3938505589,-0.0114271711,0.6689238514,-4.9096740566,-2.0973844565,-1.1216318407,1.4332973017,-1.4819714953,-0.9030043425,-3.9874502277,10.1719816487,-0.5439859446,-3.9145604496,0.0148870082,0.9307796758,1.7162631761,-13.6767265361,-1.491136264,0.2837461818,3.1168454323,-0.7817246473,-0.0417927081,0.5043462301,0.8443294648,8.8890356454,-12.7693173948,-2.5260114405,-1.7848067959,-8.211130112,-2.9374354249,6.1934663099,-5.7365148148,6.9677823226,5.4319167852,1.1321751301,-7.3200474651,3.855094439,-0.3611285942,-7.444728807,-11.7496101125,-2.5861901764,13.0036998065,2.7045936004,-2.6798660397,2.4178280578,-2.6188686565,-0.8288732336,-4.761176167,-3.6941013774,5.0459196296,1.503376762,0.4487956839,1.7566013869,0.9144278106,5.8489302494,-2.7764373117,1.845739828,-1.0621931976,0.2003288554,-4.2465797272,1.0437325864,-1.5421056869,5.0829909042,-11.0546757947,3.6939719778,-2.508766129,-1.9952196691,9.5485720412,-0.8673653504,-1.1330946586,-6.9040796856,-7.190885784,8.7795211256,8.3245818732,-6.8187259292,8.7427117435,1.3002888431,-0.7966743766,-13.1653475408,12.6018341987,-8.8200346575,1.0210684775,-1.1435738602,2.2650107903,7.5110498786,0.963161237,4.7512337042,0.1691275776,-7.501550354,-5.0759791051,1.3236454834,-5.7671935339,0.3975528577,-1.7594397039,-8.9887346671,-5.1113905974,4.2604041815,-1.491631995,-1.8379841594,1.0386152447,-4.9360442171,2.7592654547,-1.1303577008,-6.564437449,-8.7054297288,-1.1204379459,4.1499060976,-3.3098862133,8.7973402608,-0.2478516777,-1.0862005832,17.5059632953,1.3181112323,5.4865736634,-3.8486150163,-3.0904058687,-0.58522488,-0.1995553099,6.3008772067,-11.7918058347,-0.225118083,1.4200374903,-2.1202237177,-16.3973940962,-0.6834823669,6.748916629,0.7642314628,1.120786866,-1.9965605997,-17.7460071754,4.8297656026,9.9011664127,-0.8225344963,-0.0121660604,-0.5603295679,-3.354602123,6.8077315443,-4.6114756582,9.2168063108,-2.9043008499,0.6482551729,-1.4793762506,-0.9914486311,5.8105564431,-2.0675781166,2.8495816777,5.6288529757,-1.8473360622,-0.9337258596,-1.044560199,-0.7223676608,1.3327583736,-6.1839370434,1.8230765778,-10.0182541491,5.9938554251,0.9655685727,-1.8660142423,-3.4258612701,7.9867302147,-1.2425456567,6.6548909444,-1.9984133917,-7.0271991211,0.1486954806,-2.1136851444,0.3202900323,3.3962778598,1.1302896191,0.8665234148,-0.7495509807,4.0462680585,0.4342096934,-1.1394467032,-0.017283652,-2.1379797195,0.2420663151,15.9095673975,-7.6392741622,2.6425358859,1.7340744034,-0.2699567221,0.3246851142,-2.9615371836,-0.7083816981,-0.7059416052,0.2606344613
biasActivation=1,1,1,1,1,1
[BASIC:ACTIVATION]
"org.encog.engine.network.activation.ActivationSigmoid"
"org.encog.engine.network.activation.ActivationSigmoid"
"org.encog.engine.network.activation.ActivationSigmoid"
"org.encog.engine.network.activation.ActivationSigmoid"
"org.encog.engine.network.activation.ActivationSigmoid"
"org.encog.engine.network.activation.ActivationLinear"
