encog,BasicNetwork,java,3.4.0,1,1572773292023
[BASIC]
[BASIC:PARAMS]
[BASIC:NETWORK]
beginTraining=0
connectionLimit=0
contextTargetOffset=0,0,0,0,0,0
contextTargetSize=0,0,0,0,0,0
endTraining=5
hasContext=f
inputCount=2
layerCounts=3,8,8,8,8,3
layerFeedCounts=2,7,7,7,7,2
layerContextCount=0,0,0,0,0,0
layerIndex=0,3,11,19,27,35
output=0.6216207557,0.4486494166,1,0.0058315921,0.6485410915,0.0014901792,0.000288295,0.3343702092,0,0.0018644878,1,0.9998064885,0.2054387414,0.9999999997,0.9999999989,0.4063188945,0.2271289242,0.9983691154,1,0.0004125619,0.6380837844,0.9760328755,0.136925997,0.7375236655,0.0000000144,0.9741807598,1,1,0.0000000036,0.9999647149,0.0615972318,1,0,0,1,8,30,1
outputCount=2
weightIndex=0,16,72,128,184,205
weights=13.4141374249,8.3815396477,-4.8362469325,-1.1937613806,24.659791212,-13.8952743313,-3.7430007703,-13.2485351823,8.696044286,-10.8397991067,9.4034075606,-12.387354355,-11.0849728656,13.5776891253,-15.2175260164,10.4976302989,1.2929467091,6.4591890013,1.3442103379,3.7694649051,-19.9572025541,-0.5132162524,3.3754286648,-8.0163249698,3.1814562219,-4.4989654475,-23.424861008,2.9222795826,0.4192338074,-11.699595993,8.2727397607,13.0863613703,-13.1871993768,4.7918106044,0.2734255411,3.4564675231,2.6180064308,-2.2547784729,-1.6488635456,3.057517667,-13.149100813,-3.5558185798,-0.4902724111,6.2783033859,3.6394731902,-2.1782256114,1.916851763,-2.959983949,-5.0490709714,-5.9288071149,-0.6748456107,-13.3067819187,-12.5666668831,7.3225311757,15.8054439464,7.2224917233,-1.5907224645,7.1607486324,-33.3792046818,-0.5179441536,-5.7048421784,-14.3659576396,-1.5408609147,4.224171852,3.7927282331,18.0931503243,-34.7367780661,4.4524727234,5.272492627,-2.7777030792,6.8685735794,8.1235859557,-4.6700715934,4.5388480223,14.446130095,-9.20229676,1.0733774019,-0.2351368741,-3.9205435946,-4.1564457509,11.1661960576,-18.7574084225,-0.0909314964,5.8024106598,10.0133846295,3.6241625561,-1.485054018,3.9674033412,7.4492111393,6.4940362085,12.2593689311,-10.0126008131,-4.675894713,-18.419440316,11.9731942449,-0.8975283444,-6.286662091,10.9944880921,15.9715519899,-7.3065809125,3.121905773,0.242469039,-0.9846752785,-2.3561327908,-20.7083523461,11.3091229746,-9.3092374517,2.919706778,-1.10164092,32.1094815976,10.3957471649,-8.2153415669,7.9463199562,-4.2191283438,18.7203533961,-4.9025485863,-3.9874486275,-1.3462068685,-16.6023856321,2.9784529791,-17.3641766671,2.2682844443,3.6640255321,-2.4376059081,0.9513431444,-1.2159535331,4.9282452945,-3.7682687699,-3.7732607624,-0.3743873513,-2.2846693758,21.482465167,-1.7422523119,0.6407719334,1.3673707145,-1.3158702421,2.252235551,0.4288660386,3.0500761215,-20.4670372277,-1.6517643373,-0.3533456625,0.4332628964,-1.8226700155,-4.1809346035,0.2520002936,0.752960936,-27.2562351305,4.4258609883,-0.9859916521,7.2003338434,4.3878610739,0.9064175371,-0.5623046904,-5.6973076726,4.8105802099,1.0099980851,-0.3762458859,4.671669468,1.6433127718,-1.3019830326,0.5656173043,8.8633533744,14.8203413276,-3.6541429754,0.7586195637,-3.6339021395,-3.7866693718,-4.357635097,-0.473774304,-12.0311499474,26.8167115947,-1.0763967002,0.9374144526,3.8576484528,-2.2415517675,4.35799856,-0.8790517399,-4.6570770214,-9.1441591675,2.7545440738,-0.5249681648,-4.847252864,1.7381018697,-0.9959332467,4.1819483366,0.6980944046,-0.9212745151,-0.4073184685,0.1405314007,0.051473116,0.4916401856,-4.9089757958,2.0426338685,0.1364530608,-23.158225087,0.8910661869,0.7460607242,0.32036437,-0.7159403788,-1.4538360647,-0.7204299773,3.3904450043,-5.2103517894,0.5388576688
biasActivation=1,1,1,1,1,1
[BASIC:ACTIVATION]
"org.encog.engine.network.activation.ActivationSigmoid"
"org.encog.engine.network.activation.ActivationSigmoid"
"org.encog.engine.network.activation.ActivationSigmoid"
"org.encog.engine.network.activation.ActivationSigmoid"
"org.encog.engine.network.activation.ActivationSigmoid"
"org.encog.engine.network.activation.ActivationLinear"
