encog,BasicNetwork,java,3.4.0,1,1572773302076
[BASIC]
[BASIC:PARAMS]
[BASIC:NETWORK]
beginTraining=0
connectionLimit=0
contextTargetOffset=0,0,0,0,0,0
contextTargetSize=0,0,0,0,0,0
endTraining=5
hasContext=f
inputCount=2
layerCounts=3,8,8,8,8,3
layerFeedCounts=2,7,7,7,7,2
layerContextCount=0,0,0,0,0,0
layerIndex=0,3,11,19,27,35
output=0.9999254437,0.7866569462,1,0.3007302945,0.0000000016,0.0375787122,0.1011114092,0.9836481171,0.1788897323,0.00087206,1,0.5955406787,0.001239371,0.4094905768,0.9989938282,0.0033295151,0.9999974253,0.9995226688,1,0.0000387632,0.0810289622,0.000027752,0.087011964,0.5939274445,0.9998920256,0.8228442913,1,0.1250786977,0.9999319623,1,1,1,0.9999995278,0.0000099381,1,8,30,1
outputCount=2
weightIndex=0,16,72,128,184,205
weights=-0.8599004589,1.4682565612,-5.3385676145,3.0858236836,8.9363272132,-15.2665438788,3.6515695828,3.5887268527,12.1731960291,-2.5038182532,5.90854455,-13.7980288348,5.4349000911,-2.0032484729,1.9238206415,-6.1722017217,-6.006311085,8.5898750456,-6.4257221684,-9.1160139352,-0.9350918374,5.8213910957,10.0480949455,-1.4009131879,0.63467206,5.0426191938,2.9652225793,-5.1415456051,3.2566085415,-10.1481651506,-7.8102514375,1.249580846,6.21138113,-12.2176092499,5.8171162608,-1.7932723889,-8.1976967976,2.031444167,-12.5621658976,3.0344362167,-11.1278077241,8.1485407905,3.7699902247,2.1013984619,2.5568367624,2.1554366486,2.053605245,-3.4276017178,-2.7224779012,5.8774924066,-3.1944999654,3.4706940919,0.7973441704,2.0152524473,2.2235198744,-0.6884577735,5.2925529564,5.8907085732,-1.8996579347,5.5308617171,0.0353242204,-7.4344400732,-2.5101426913,0.5127239769,-2.414639307,-3.9136298094,-2.1496891274,-2.4110905694,-0.7315034669,-0.2163486586,-1.4821983794,-0.6116968899,-1.1555746748,11.1171716607,-6.4320755668,-4.2763318794,-6.4801056039,1.5963380691,0.277017134,1.8830258696,11.4803219357,8.1149736776,-1.5309240713,-5.8833050863,-8.5991510712,0.6671687665,-1.2817071293,-1.3431231558,3.790735167,-3.4504720813,6.5210225908,-0.2686432323,-4.123863156,3.8610725932,-1.5156785614,-0.227649006,-9.4218343026,-4.1944970401,-0.5570802456,-1.0804827443,4.5215450826,6.088667297,0.8864685771,-2.1680380677,4.4210504356,5.6400788254,-9.0027726118,4.081216906,-0.9255498293,-2.613749713,-0.4798308753,-2.9556364458,-12.3516467095,-3.4937746675,1.8688793441,4.5457124667,10.0827612906,6.2242343617,-0.5772373435,1.020738315,-9.8533493288,-3.1606831572,-8.0809215595,1.6584186726,-2.2099290199,5.0485028008,0.3394919645,3.7444641847,17.2352196829,-5.9760346823,-0.6961661069,0.0228324481,0.4615412891,-6.4869974372,0.950944408,0.3606464268,9.8090224387,-4.3873525309,2.8876929877,3.3950136746,1.3070912061,-9.1673220944,1.0498817368,2.3092157782,-6.0220709061,0.2133383125,1.3466088636,0.5386733838,-2.8966427891,-11.3841381541,0.7683517754,2.4432185315,-6.2266417345,5.7762320874,-1.6884323512,-0.8663730029,2.4095120238,-5.7674956212,0.3253770924,-1.4349130023,-13.7739338846,1.9370652272,0.9656546108,0.746284277,2.6935363356,-5.2312689947,-0.0797819553,0.9919096853,2.1443103832,9.3802336396,0.457558153,-0.9722387641,-3.211424713,2.7692926286,0.3212350538,0.4425161233,-0.5183795444,0.6892194169,-0.4541505551,0.2880929621,-0.104335306,1.0442415353,-1.147483739,0.1375669053,1.4561213755,0.1207694559,-17.2172455022,-0.5529629418,0.4772301857,-0.2978221296,0.9010346148,0.9588504791,-0.9726053341,-1.1154438226,2.5552088941,0.4186369194,-1.1547982541,4.99688265,1.1425667277,-3.0966743144,1.0109304677,9.0114483156,-1.2637761948,-0.0420839132,-0.1463942922
biasActivation=1,1,1,1,1,1
[BASIC:ACTIVATION]
"org.encog.engine.network.activation.ActivationSigmoid"
"org.encog.engine.network.activation.ActivationSigmoid"
"org.encog.engine.network.activation.ActivationSigmoid"
"org.encog.engine.network.activation.ActivationSigmoid"
"org.encog.engine.network.activation.ActivationSigmoid"
"org.encog.engine.network.activation.ActivationLinear"
