encog,BasicNetwork,java,3.4.0,1,1572773313316
[BASIC]
[BASIC:PARAMS]
[BASIC:NETWORK]
beginTraining=0
connectionLimit=0
contextTargetOffset=0,0,0,0,0,0
contextTargetSize=0,0,0,0,0,0
endTraining=5
hasContext=f
inputCount=2
layerCounts=3,8,8,8,8,3
layerFeedCounts=2,7,7,7,7,2
layerContextCount=0,0,0,0,0,0
layerIndex=0,3,11,19,27,35
output=0.0000155606,0.0004181526,1,0.9874603825,0.9582646904,0.9912397295,0.2241390906,0.0000021366,0.9606589883,0.865841146,1,0.9955203359,0.1022683718,0.787660712,0.5286295347,0.0089104853,0.8349354077,0.09811773,1,0.4754069605,0.4979641532,0.9682310235,0.7274936284,0.7946428733,0.9999593333,0.3263510606,1,0.9999999299,0,0.9988414636,0.999853069,0.9999997948,0.7754580679,0.9999960701,1,8,30,1
outputCount=2
weightIndex=0,16,72,128,184,205
weights=-10.48038992,-3.1818014106,8.2056169001,0.2387722691,8.6581029503,6.1783623139,-12.9357162658,-0.5950682665,10.2098043695,-8.1441200723,5.5528910408,3.4080200989,2.0426830748,-7.5660703883,-8.3676725364,-1.8114329406,-4.2076239396,10.6274464797,9.8008982635,-3.6418281839,-7.7463431441,-0.1240795252,-8.6647594674,2.6963509229,-0.7168767325,0.8281624187,4.4794596772,-2.5230534936,5.1705519474,0.3151004626,6.9240768503,0.5796778873,-5.6358392537,0.1677868134,2.5117814114,4.0266353069,-2.7380060565,6.3449207879,2.234998946,0.7226379591,0.2592114469,1.5696387179,2.7442000741,-0.9649748261,2.7127291207,-3.7233364891,1.1582768711,-0.3407392785,-11.3505517068,3.5491716469,4.5861525023,-3.7671470293,6.1542035946,-7.5840863112,3.7359517914,2.170352919,1.8563497308,-2.8200682336,-0.8181108307,-3.2095855114,-3.7126263964,5.6563189027,3.7888156255,-1.0845323166,-2.2010843144,-6.2205673957,-4.1435128428,3.1991392948,-5.775621137,8.2156587317,-6.2911948579,0.0737881085,1.9945999047,-3.8637325762,7.5353791015,-1.3391544071,-5.5034617927,2.1662973666,0.8269157233,1.9949222135,-3.3851045288,-3.028812712,-5.0703297215,-0.7778266553,7.2569466399,-2.0957958121,-0.6902211732,2.9746702347,-3.6154055671,-2.8120814999,-6.1012044201,-3.652425055,1.015917882,9.3690961409,0.6204163819,2.6159975495,0.1711330357,-1.1647958512,5.1777551472,5.0971467142,-6.2113989255,-2.2486507637,-1.1721256504,-0.5411649843,-1.651080407,4.1976194616,-5.3261990779,-3.7360472644,-3.7484223702,1.9113599008,4.8231656113,1.3513664435,3.8913646126,1.6260738379,-0.2923214032,11.1596981877,-6.6939405638,3.6809764679,-6.2427198963,-5.1984818308,-12.6241534337,4.5841110427,-0.5157056871,-4.6666394236,2.7260126656,-0.079937902,-0.7612191598,3.5569970178,-8.9935412263,0.0144609586,11.7801575372,2.5439528358,-5.0053235543,3.9336456829,-2.2149588126,-1.2451044994,-6.2009089464,-0.3745336203,6.8813563355,-3.4954478412,0.6181936402,-3.3442665339,3.9551669128,0.8343088794,9.6467911056,0.2203378287,3.6191239694,-4.2015516168,-6.1810132209,-0.3709473181,-1.4728811559,2.2977346668,-5.1739965395,2.6550682468,10.5392317587,-5.4795584158,4.02238356,0.9989176965,-5.2114818819,1.5221309259,5.8004098821,-0.1404535947,-5.6106011791,-3.4169968304,-3.0526241948,-1.2756202202,6.2076854959,2.407481098,-1.2955097967,-2.5892091165,5.2348097032,-0.8029854656,-4.3973060557,-0.5454806431,13.1756342065,-1.3755882777,-2.5955706397,0.6155041366,-0.9713919246,3.2092795006,0.4598135394,-1.5158257189,1.9902667333,-1.6423194813,-4.7238497725,1.823191676,-0.432108772,1.3178417044,-6.7155151064,-0.5086289801,-2.14930011,0.4944612782,9.1200011053,-0.2368289428,0.4757406224,-3.5521862725,-1.1361947847,0.6486686751,5.0287258844,-0.4718180762,0.0813439327,2.5736180682,-1.6794171267,0.8948677361,-0.9637897034
biasActivation=1,1,1,1,1,1
[BASIC:ACTIVATION]
"org.encog.engine.network.activation.ActivationSigmoid"
"org.encog.engine.network.activation.ActivationSigmoid"
"org.encog.engine.network.activation.ActivationSigmoid"
"org.encog.engine.network.activation.ActivationSigmoid"
"org.encog.engine.network.activation.ActivationSigmoid"
"org.encog.engine.network.activation.ActivationLinear"
