encog,BasicNetwork,java,3.4.0,1,1572773326075
[BASIC]
[BASIC:PARAMS]
[BASIC:NETWORK]
beginTraining=0
connectionLimit=0
contextTargetOffset=0,0,0,0,0,0
contextTargetSize=0,0,0,0,0,0
endTraining=5
hasContext=f
inputCount=2
layerCounts=3,8,8,8,8,3
layerFeedCounts=2,7,7,7,7,2
layerContextCount=0,0,0,0,0,0
layerIndex=0,3,11,19,27,35
output=0.2586204901,0.1090907725,1,0.0000025347,0.0002253143,0.0000000001,0.0000018543,0.9872570017,0.0000004663,0.9488567468,1,0.9999594454,0.8936558637,0.0032262042,0.9531589789,0.0172042158,0.9998595687,0.9998830043,1,0.9467483413,0.0007186162,0.8737618368,0.4664189518,0.9999744772,0.7840783527,0.7909427466,1,0.0115205894,0.0000000037,0.1315693996,0,0,0.0000000006,1,1,8,30,1
outputCount=2
weightIndex=0,16,72,128,184,205
weights=-0.375447222,10.716617451,-13.3495155961,-1.2750708087,25.7647090817,31.5103704773,-9.5526870201,-17.4278348464,-14.5999058098,-15.7843313723,1.9259795442,12.9714282122,-15.5993545174,-0.4380711789,13.2444703165,0.7369743105,3.1788808138,3.4957255645,7.8799802675,-7.2227754248,3.647940322,-6.7138558044,-2.9721880489,-2.707135224,-12.9340456365,9.4673085358,-1.5478344852,0.7570857011,2.0833089627,-5.5348870801,1.0814821344,-0.224500463,-3.1447194649,-6.3599304295,9.0841427267,-1.2039695531,-1.7806737598,-17.3320181748,2.8562218526,1.8148975064,-1.2277880521,6.0137219935,13.267720196,0.1221677552,3.8581826385,-18.2885470014,2.0242830074,-1.3081755639,-3.7911952741,0.6842026408,-7.4429711253,-5.8163684019,-2.2464988466,7.231343373,12.8644064755,-6.9570954527,2.5127602418,-8.4280218115,1.0767689905,-4.6410927538,7.5846527572,-11.9498638857,4.5981808348,2.0809762494,-9.6375422106,10.7743041942,-19.7938834918,-8.4777053373,14.7796595842,-0.1474029476,14.583394935,-3.6148603743,0.5943202537,3.4954095599,8.8007560857,11.657494332,-11.7845000404,-1.6142960257,6.9264446725,3.9921090131,7.9196512515,6.5269797271,-2.0265153715,3.8726665503,4.3599498432,-8.7236556264,1.6551084401,-4.2384650502,7.8902446558,-3.6173910412,-5.4187401921,-10.3124898902,-3.1624807512,4.4714095561,-3.5020929614,-1.22964538,-5.5489298492,7.1520782516,1.0635354079,13.1844066691,-5.817035607,12.8475887741,-1.1205880975,-2.1877189617,-14.289375319,7.5928434029,0.4166144404,-9.9359984613,6.7880264075,9.4037222305,-0.9038291279,0.3018242376,-3.6360515628,-5.8636555002,10.9402757221,20.0358911234,-8.381167124,1.2914394767,-1.6241714582,2.0659663767,10.1826140954,0.019111748,0.2547943062,-2.2869713556,3.2268522164,2.2402220362,-9.6109012186,2.8753196867,-0.787454967,0.9718198951,-7.0810020203,-0.4495667831,0.6842147149,0.6918676503,1.7624812156,2.0562382721,11.9587082054,-0.0932619542,-9.3492190804,0.160684325,-3.0098992246,0.115502609,-4.0087752028,-2.136389338,-1.9718141609,-0.1761345725,10.9897840849,-0.3042119018,0.8689536407,-0.2986385435,0.8338643647,-0.3224296623,-6.5933239083,-0.2382908121,23.5404391523,0.6982825163,-8.0065637185,-1.5121850713,-1.6742291529,-1.4815400213,-13.2483816178,-0.2111666807,-16.3465690382,0.7043670457,0.0417505139,0.5700915945,6.6508118234,6.2284394169,15.0600060508,-0.8809100512,11.7849291351,0.2057069475,-0.9563884267,-0.6008785496,-0.7366291438,0.3021863084,-9.3852776301,-0.1164911433,11.0706462989,0.0569923101,-0.8414282064,-0.7193737653,-0.5117571747,0.4939402492,0.801338559,-0.3522969211,-0.2938328356,-1.1483631155,-0.3040055276,-1.1103947361,-1.3205662987,-0.1667841307,13.6809011019,-0.9820923864,-0.9651993121,0.4992826022,2.471961771,-7.7364974254,0.2308295897,-2.7375474326,0.0302081546,-0.3218902658,0.927117195,0.9558728244,0.6255566484
biasActivation=1,1,1,1,1,1
[BASIC:ACTIVATION]
"org.encog.engine.network.activation.ActivationSigmoid"
"org.encog.engine.network.activation.ActivationSigmoid"
"org.encog.engine.network.activation.ActivationSigmoid"
"org.encog.engine.network.activation.ActivationSigmoid"
"org.encog.engine.network.activation.ActivationSigmoid"
"org.encog.engine.network.activation.ActivationLinear"
