encog,BasicNetwork,java,3.4.0,1,1572773341006
[BASIC]
[BASIC:PARAMS]
[BASIC:NETWORK]
beginTraining=0
connectionLimit=0
contextTargetOffset=0,0,0,0,0,0
contextTargetSize=0,0,0,0,0,0
endTraining=5
hasContext=f
inputCount=2
layerCounts=3,8,8,8,8,3
layerFeedCounts=2,7,7,7,7,2
layerContextCount=0,0,0,0,0,0
layerIndex=0,3,11,19,27,35
output=0.0552134933,0.0002677082,1,0.9999999221,0.2912421788,0.9998912707,0.8636361435,0.0008628407,0.1090012862,0.9997235898,1,0.9410093072,0.4730796594,0.9997880171,0.1793953162,0.9999827157,0.9999032602,0.5824866618,1,0.0444578545,0.0000000168,0.0002599762,0.0008674901,0.0000000029,0.0922132225,0.0023060738,1,0,0.7802696119,0,1,1,1,0.0197132426,1,8,30,1
outputCount=2
weightIndex=0,16,72,128,184,205
weights=5.5309454793,-12.7457396103,-12.2212676709,-6.9131955412,-5.7847069806,15.0173182264,20.5656865479,-8.6600929964,-3.1279348907,12.9923614003,-1.4037158118,-11.7418397135,-9.4455360671,0.7893186516,-6.1216377861,8.7049651591,2.2720996241,-1.2516908817,5.7178667042,4.9584843006,13.2387148153,1.9111908632,-15.1158014387,1.8708371544,-3.0150710427,1.1096568642,-7.0247230169,-2.6010576921,9.6117342975,3.014730879,-4.1815486204,-1.2775645578,7.4714628659,-13.260030608,3.8515375979,5.95745336,4.3163515632,-0.1385013411,8.218566422,-5.5155793929,16.0284696406,-9.0497189388,0.147606404,3.379548459,-2.8795034837,-10.2458895952,1.6553335145,2.4504158131,-8.9539163527,8.564427159,-0.4269144762,2.7640058552,-1.5376281399,4.3201337126,-8.4705829351,-0.5974932354,4.7169957262,2.5822313529,2.2251302065,5.6614336746,-0.4030774952,-18.1289334939,1.3892404651,6.7194216792,0.7912683796,8.5483329817,6.6514495045,-4.8589657001,2.0270137278,4.3997121842,-5.3276336329,-5.6966386352,-6.4664311218,-17.3292650716,4.716398768,3.1856229456,8.8609894627,-14.4966351157,9.8441552561,4.367147712,13.7294723476,2.7906831386,0.2576436641,-2.2116694867,-10.159183404,15.7452037152,-0.9572259558,-2.1660254162,4.0589056503,-5.1935395568,1.8538055645,1.2673752897,-1.7563493046,-10.3597044147,-3.2235104495,9.2394968678,6.2633850855,2.8904279837,0.5169335909,4.7934710147,5.1623175044,-0.6018289182,0.1047985196,-1.7479441409,5.9689292183,-0.3870284634,2.9251057565,5.0999174103,-1.5241512535,-12.8673954154,3.4934691922,11.8736334447,-5.1622682127,14.212094662,-0.3392211048,-10.507514037,-20.1852718421,4.4267897977,4.8007861196,9.0628162019,-8.9179551493,-7.9722345093,-0.5324788898,-9.3660761076,3.5639152072,4.2927402013,-0.6029776412,0.3432695855,0.3195811747,18.9321548648,-2.9142096898,-7.6657342699,-4.0953527515,-3.0754842924,7.9576883653,-3.160222876,-0.3297322372,-10.93619839,5.0261871936,5.9080339393,-5.0823292429,-5.7801311,14.8488558162,-4.7079127124,0.3314812148,0.2396672739,-1.2123809114,-6.0394646467,-1.5081835259,0.1901957739,-0.5167991013,-1.074025241,-0.8108805784,6.672085304,-4.8727222257,-6.8859243437,-1.6020808693,-1.8301456853,9.6529586105,-2.127204236,-0.8215344444,-5.67030652,0.0512674747,-5.3911381541,-3.1698412486,-3.0083303335,26.2041430728,-4.1968077822,0.4718614665,1.3330343862,2.1122286704,13.6486222887,-6.2252224418,-5.1470028222,17.5480686914,-5.949358575,-0.1524481395,0.4335493503,0.9453971027,-11.8957662073,0.9854656934,2.6303183699,0.6132349178,1.8597077964,-0.9142124442,-1.12431878,0.0096987382,0.1789154907,0.1313409225,-4.1043133698,0.7580083999,-7.5654475842,-0.249756891,-2.1995447936,1.2166092628,12.2053949053,1.6336478112,1.6390834407,-0.3029026163,1.8636973264,2.2403378836,-0.0502874661,0.6773160303,-0.3778236479,2.0096266756
biasActivation=1,1,1,1,1,1
[BASIC:ACTIVATION]
"org.encog.engine.network.activation.ActivationSigmoid"
"org.encog.engine.network.activation.ActivationSigmoid"
"org.encog.engine.network.activation.ActivationSigmoid"
"org.encog.engine.network.activation.ActivationSigmoid"
"org.encog.engine.network.activation.ActivationSigmoid"
"org.encog.engine.network.activation.ActivationLinear"
