encog,BasicNetwork,java,3.4.0,1,1572773373357
[BASIC]
[BASIC:PARAMS]
[BASIC:NETWORK]
beginTraining=0
connectionLimit=0
contextTargetOffset=0,0,0,0,0,0
contextTargetSize=0,0,0,0,0,0
endTraining=5
hasContext=f
inputCount=2
layerCounts=3,8,8,8,8,3
layerFeedCounts=2,7,7,7,7,2
layerContextCount=0,0,0,0,0,0
layerIndex=0,3,11,19,27,35
output=0.3636374487,0.0001833785,1,0.0018125142,0.004043283,0.5278709614,0.0000010999,0.2914343548,0.9387733763,0.0758097385,1,0.9999774922,0.0203556818,0.7106716939,0.9999999999,0.9389822844,0.0079774739,0.0540892876,1,0.362979593,0.0000000329,0.9999975977,0.0002709022,1,0.994352188,0.0010085124,1,1,0.0000000009,0.9999999934,1,0.9999996949,0.9931711555,1,1,8,30,1
outputCount=2
weightIndex=0,16,72,128,184,205
weights=5.2053099326,-7.8669293478,-19.6526589539,20.0970101014,-12.7431873038,13.306386404,-9.4019069465,1.7716856844,-8.8302055789,19.7431454668,12.6916219978,2.5637926021,-6.7831351109,-7.9862428952,17.3069770836,-7.2050650512,0.1845961581,11.5627611786,-6.4263221625,0.3167061621,-5.9543116131,-1.1892554902,4.1174783824,2.8968819214,-3.1902525158,-0.961177781,4.0502927642,2.8224125839,-10.2059135218,-19.379947865,5.1380004973,1.4621225682,1.6433581125,-0.0834914135,15.2229457383,-18.361491457,5.8423240011,-1.726929485,-3.9553677874,0.7548335726,-6.8280156743,7.5666775376,6.30164814,-15.1636788538,-2.7231565941,-9.6764297076,-3.9321096921,6.4856642523,-4.2388777911,3.70120491,1.6377895061,-4.3289631502,3.2148087049,-7.051549372,-3.536547727,3.6689408916,6.4811908408,14.5101194073,2.6861492521,-11.7907686366,2.1932525863,-3.1155176537,-17.6836961935,4.7573092081,2.6472598138,0.1826330798,-13.0540324742,13.9150619441,-9.9369133217,2.2887029524,-0.3324099597,-0.459232302,-1.5991243017,-2.0899277962,-1.4407045547,0.7006588166,12.2519634272,0.9858331156,-9.2717234568,-0.5002921613,7.424544962,4.3744388989,0.2513360081,4.9566497377,2.1366024638,-14.4688917634,0.388220492,5.4287140802,-12.2843549446,15.1770906366,5.4373626954,-8.7034403793,-0.7585179391,3.0080451735,-4.3821017427,-2.3054926307,-1.7750125179,-15.6038968888,9.672350526,-6.8883329388,9.725649051,4.1625265237,2.1242962913,-0.0948785658,-2.6419367761,-8.9520756608,-2.6251570144,-6.2169635224,1.4473244085,6.9964941313,11.7586601761,-2.0967257123,2.6825851002,-13.9370511972,-1.4152296287,-3.4920967027,3.5509136441,-4.6258127197,-0.4481448842,-3.3314496394,6.9977486359,-12.9654795135,6.7665453118,6.2475451294,-3.7201600761,0.60973557,1.8231754216,-9.0577435973,1.6024121427,7.6933369395,2.3062795726,1.0930531812,-0.4080220741,-7.6850712968,0.584891566,1.8915215595,-5.7384065369,-2.0374314906,0.3058980108,-4.9836842086,15.2522209962,-24.5153063719,0.7437605306,1.5377925593,-5.5605130161,-0.3757051763,-0.0101702207,-0.437674279,6.9359690866,10.4228196993,0.7454567712,0.9143797408,1.4220728325,-1.1686115349,0.2459881277,2.3245364087,-3.173383609,-10.6657317722,0.4307816072,1.1294189819,0.128539525,-0.5989399077,0.9571963066,0.1188828818,21.9429205265,7.2147156414,0.3820054291,-0.57155223,-5.6550968861,0.2649618502,-0.2544510725,-3.001531918,2.6000176414,10.6449491586,0.9143313043,-0.004701488,-0.7402850336,0.5946386905,0.632243913,0.3343250098,-12.0189087863,4.3743188376,0.0706966203,0.4792073908,-1.7747552101,7.1381580749,-2.6432565481,6.351803025,-2.3973890163,0.2594862914,0.9208522347,0.3521024539,0.9014961376,-1.2252776248,1.9093379462,0.1769625297,-0.8591346485,0.8386583114,-3.284036509,-2.5755823017,0.2466067385,18.1862037925,0.9082167273,0.8386107985,-0.907853649
biasActivation=1,1,1,1,1,1
[BASIC:ACTIVATION]
"org.encog.engine.network.activation.ActivationSigmoid"
"org.encog.engine.network.activation.ActivationSigmoid"
"org.encog.engine.network.activation.ActivationSigmoid"
"org.encog.engine.network.activation.ActivationSigmoid"
"org.encog.engine.network.activation.ActivationSigmoid"
"org.encog.engine.network.activation.ActivationLinear"
