encog,BasicNetwork,java,3.4.0,1,1572773410266
[BASIC]
[BASIC:PARAMS]
[BASIC:NETWORK]
beginTraining=0
connectionLimit=0
contextTargetOffset=0,0,0,0,0,0
contextTargetSize=0,0,0,0,0,0
endTraining=5
hasContext=f
inputCount=2
layerCounts=3,8,8,8,8,3
layerFeedCounts=2,7,7,7,7,2
layerContextCount=0,0,0,0,0,0
layerIndex=0,3,11,19,27,35
output=0.0230735583,0.2159983779,1,0.4708853518,0.103757396,0.0027979919,0.2807485419,0.0094070618,0.000000005,0.0009952473,1,0.9999999975,0.9999550386,0.0002678761,0.4286436511,0.998257029,0.9999954203,0.0001946187,1,0.0386694629,0.0006648506,1,0.0000383347,0.8851950006,0.9156493374,0.9999991693,1,1,1,1,0,0.0065207033,0.9999999894,1,1,8,30,1
outputCount=2
weightIndex=0,16,72,128,184,205
weights=-11.9369499648,2.5278789,-0.8708020736,-18.9397653575,-11.5192160943,-2.2805950447,16.325522238,7.024786753,11.3786875435,-2.8136755908,10.2452848885,-2.2434838623,-4.5991409307,-19.7269299212,6.8677778102,-5.7176398625,16.3548836144,0.0383142774,-5.2303748381,1.5202956133,-5.9141644639,-9.1687365877,1.2779314352,-2.0877484474,-2.3782075715,-1.3075789411,0.8329360206,-0.6549808581,1.3303146449,-0.5554124072,1.5158723443,1.0372211842,7.4226095916,-0.180605066,12.1359957683,1.7870941625,-6.1489493849,-2.9667457692,0.5072881311,-4.7824761352,3.5805888839,6.908639142,0.4595042514,-13.3941337709,-3.4755873804,-2.374990203,15.3866438476,0.1530326193,-4.426508242,-3.4454978794,2.9574256719,5.4695862755,1.5486396385,-0.9165436682,-8.1512948807,0.2418979742,15.0190671369,-5.0159237666,11.4247626834,-1.5932745392,-8.3682763032,-13.9410055858,-3.2964337227,-6.1430319432,-1.2558734347,-6.8282467216,3.8906371761,10.5121452638,3.4425928461,-10.6587550286,-0.0477105416,3.8874060552,-15.5392257805,0.0813851131,18.1896370096,-3.07502004,1.7946117311,-4.0272813023,2.1345373519,2.1658067543,-19.0653556773,2.8985705667,-5.5277227519,2.6178056261,6.0678666039,0.799635771,7.4451426854,2.7240350915,1.5048222912,0.0280331807,-1.8481064719,6.6648540396,-1.4640997098,-0.6863537484,-1.0702770911,-3.4403269506,-11.202670895,-2.9396324629,9.724066442,5.4864339136,-8.8323357562,1.9276124335,-4.2024692415,0.6792799088,0.3990518623,0.2508027514,1.8889348331,1.3853913943,0.1613253653,-2.6252219049,4.2943332557,2.4124824406,-9.3613057699,-4.4003977225,2.3353385838,-11.4565233733,6.2923868715,1.0157084505,1.3994797026,2.4243904372,7.0123286458,3.0114224716,3.9044856112,2.2880889807,0.9309125829,0.559280294,-5.7030314104,-8.3551293415,2.7273561296,-7.3463996697,-1.2316572091,-0.4057863294,13.818637693,18.9567129232,-9.1291075103,-7.2802797839,2.5634745672,-1.1460609927,2.8676776668,-2.8556298832,7.7565830756,-11.4434545679,-0.4383260041,0.2308277105,2.5185474057,5.031143302,4.636133738,13.6213823295,-25.3450819907,3.8537624299,1.2318219909,6.6735061175,-0.4194385351,-1.3713641897,-1.735169437,0.7848016515,16.4782707013,-4.9191134409,-1.5453626517,-0.2861196159,-0.7342598626,-0.0352201109,0.2674470127,0.4935644505,-13.2154348933,0.5814940487,0.7182941031,1.330991673,-0.9537733218,0.2611461935,1.9409954284,-2.980171488,-4.1882624433,-0.5013313773,0.618860353,1.0460639426,3.282978169,2.339676294,-1.7969783858,1.289982198,-6.7803132745,0.9991810325,7.9510599721,1.2692436034,-0.9756297436,4.6027316859,-0.9346052418,0.6671535778,1.658703839,0.5344854655,-1.6591101797,4.9271947459,0.6172726812,2.6972592662,-4.1416427049,0.207391614,2.8518266971,-0.2053040139,-21.6817241504,-1.7361685205,1.1300955683,-1.6489792273,-1.8470598575,1.8685008316,0.2946644791
biasActivation=1,1,1,1,1,1
[BASIC:ACTIVATION]
"org.encog.engine.network.activation.ActivationSigmoid"
"org.encog.engine.network.activation.ActivationSigmoid"
"org.encog.engine.network.activation.ActivationSigmoid"
"org.encog.engine.network.activation.ActivationSigmoid"
"org.encog.engine.network.activation.ActivationSigmoid"
"org.encog.engine.network.activation.ActivationLinear"
