encog,BasicNetwork,java,3.4.0,1,1572773441475
[BASIC]
[BASIC:PARAMS]
[BASIC:NETWORK]
beginTraining=0
connectionLimit=0
contextTargetOffset=0,0,0,0,0,0
contextTargetSize=0,0,0,0,0,0
endTraining=5
hasContext=f
inputCount=2
layerCounts=3,8,8,8,8,3
layerFeedCounts=2,7,7,7,7,2
layerContextCount=0,0,0,0,0,0
layerIndex=0,3,11,19,27,35
output=0.6249991097,0.5454543681,1,0.3096862358,0.4245990967,0.0110006212,0.2019752583,0.0585126717,0.4950585953,0.0101866947,1,0.9788221927,0.0279646046,0.3983736395,0.4025239617,0.9999992738,0.0037722128,0.6523281946,1,0.1456208343,0.0003493362,0.5996779806,0.6237520749,0.0087318276,0.0000000953,0.3278975091,1,1,0.9999999975,1,1,0.0000000002,0.999884124,0.1122010083,1,8,30,1
outputCount=2
weightIndex=0,16,72,128,184,205
weights=-6.9158680904,-1.4353259054,0.2006500181,-22.6404956721,-5.6674804668,13.5473250369,18.197882131,1.272145203,-7.0966730047,11.9424673238,9.5173792826,-0.4102685444,17.3116501275,-10.868042903,-10.1037758245,1.7577601954,-3.8463601944,-0.5190691137,2.7779502953,-3.018074333,-4.6227268935,1.8527981694,10.9863696655,0.5350324651,10.100389842,-0.0027124323,-8.504761263,-2.4661492796,-3.0288291553,1.694463823,1.8426656909,-3.9891623094,0.4066478649,1.3857780699,12.9253265854,-1.4660328767,-0.3659825348,-6.673348261,-10.4935000963,-2.2581651523,4.8095238862,-8.7420228469,10.6778454442,-4.3135108087,-9.6149365717,-2.0852104613,-2.1014468426,2.6389518811,-6.6860929034,0.0660193852,-1.5221149393,-12.9916823448,8.171380583,0.3463062165,2.6259838283,-0.2854180025,-4.2291821224,1.1897469691,1.2436127411,-3.3783170957,14.945306495,12.3291392361,-13.1120371888,-1.4874409314,5.4758334758,-8.6638674444,2.3842833667,-5.1383386596,-5.297736646,6.9221215392,-9.7500615276,3.0563102907,2.9767581984,-8.6616025703,0.5467184547,-1.9973706847,3.5063777098,-1.1212047349,5.2301709359,2.5753760842,1.051447364,1.8669064066,-9.6911737066,4.6415314513,-5.3899064455,-0.2770009872,2.6336166402,-1.6022914201,2.7209565425,0.1249180317,-4.5376693732,-2.5494188874,-5.0732026342,-0.7766012582,9.285736566,0.5023564102,10.3246212126,-2.7766001766,-4.7752867386,1.5163368337,-2.0679710522,0.4119094821,1.9179067522,-0.5904731978,-14.414620529,3.4894777242,7.7584005921,11.7295891132,3.0166411502,-17.2679338591,-5.6946501758,6.1053451372,4.9725677322,4.921299627,-2.3359896375,-5.8760716956,0.0178037275,6.0915494816,-4.3767083496,0.1988663727,-4.9939835419,9.5431595863,5.922715148,-0.4182037055,6.544055632,-8.5378200553,-10.0140117828,1.288745471,0.0358262774,5.2343075709,5.4950262762,-1.8001823234,3.6005700323,-14.8660153271,-17.7553617528,6.1221155488,-0.7668293287,-2.9135943941,-3.20682834,5.2966219533,-5.7168507349,-3.7927500681,14.1949427564,-4.1688726012,0.1674224779,0.13311853,0.7324568084,2.1659794423,0.5503927118,-3.8373934248,11.4403197181,-0.2415203622,0.620591089,-4.8806751818,-3.6425432055,-0.6409868914,7.6348788379,12.2454544905,6.4007206457,-3.913083997,0.4176763027,-0.7721743843,-1.012048677,2.2440767454,0.0892540883,-6.9129275402,7.0671691636,0.5096425888,0.0556676591,0.4316704659,0.3304530274,-0.9097036235,10.0656802364,-16.2990898692,-0.7121887537,0.3032313462,0.8897541383,0.4797636292,1.0241271941,-2.9683064504,11.225404261,-0.7869434437,-12.4900790737,2.0452034515,-2.7049273998,5.8981036147,-0.561013123,0.7525528341,0.4395755436,0.5982102492,0.7292075731,0.6624629731,0.6377059294,-0.7908042553,5.0545137174,-1.0365789912,2.5562994851,-0.9526335552,-14.3787336743,-2.6006525413,0.9904876772,0.1534636457,-1.2719687981,-0.3338229501,18.1219855091
biasActivation=1,1,1,1,1,1
[BASIC:ACTIVATION]
"org.encog.engine.network.activation.ActivationSigmoid"
"org.encog.engine.network.activation.ActivationSigmoid"
"org.encog.engine.network.activation.ActivationSigmoid"
"org.encog.engine.network.activation.ActivationSigmoid"
"org.encog.engine.network.activation.ActivationSigmoid"
"org.encog.engine.network.activation.ActivationLinear"
