encog,BasicNetwork,java,3.4.0,1,1572773453647
[BASIC]
[BASIC:PARAMS]
[BASIC:NETWORK]
beginTraining=0
connectionLimit=0
contextTargetOffset=0,0,0,0,0,0
contextTargetSize=0,0,0,0,0,0
endTraining=5
hasContext=f
inputCount=2
layerCounts=3,8,8,8,8,3
layerFeedCounts=2,7,7,7,7,2
layerContextCount=0,0,0,0,0,0
layerIndex=0,3,11,19,27,35
output=0.563631197,0.2982418261,1,0.9193175778,0.999999867,0.0000014543,0.7419796579,0.9932367943,0.9989981475,0.3323683218,1,0.9996731375,0.0000016124,0.0019261258,0.0000054846,0.3760336417,0.999985972,0.0955817242,1,0.8232942558,0.987787803,0.9999746572,0.999996682,0.0000428923,0.2606294657,0.0010360318,1,1,0.0002102694,0.0072335962,0,0.0007970645,0.0113022808,0.9999934475,1,8,30,1
outputCount=2
weightIndex=0,16,72,128,184,205
weights=15.3784000008,-5.7182251419,15.5333009664,-14.8357094821,9.5438408798,-11.775069449,1.0744479045,4.7711415658,6.6423740988,-10.9705277281,-3.0837696747,13.400960205,-1.4025007966,-13.1135694668,-7.1303442398,10.9285029569,-1.5905237966,2.5140410514,-3.1531884488,-3.0048308768,2.50863838,3.9413825237,-12.4456071422,0.3341136054,3.5271523419,2.8436689962,-1.6736171264,-5.8630600416,-0.854528089,10.23726779,-2.8897160408,2.6704545401,9.899730282,-7.5133449871,17.9828206125,-4.4120331404,-4.4241731759,-15.4249025136,1.438772822,-6.4213022189,-1.5384691064,6.5744643002,2.1716040284,-1.9247803966,-6.8614107969,4.0421093279,1.3605885748,0.998088075,1.8656440099,3.4130411651,-1.6881536846,-2.3912402451,2.3087742542,3.7738819019,-4.1300717676,-1.1195492574,-1.3763743425,1.6811323059,-7.4270077383,-5.8001400526,0.5046554411,8.7970461118,-8.3590587226,0.1074441962,2.4925633083,-0.5374527718,14.7372087969,0.6000065181,0.9450520875,-1.8373904536,0.5961845593,-1.7926206572,3.2147962004,7.3796746716,3.5439553803,-1.6900961586,12.5777982998,-2.1427855716,-2.9273965486,-3.2034403383,0.6126680178,-1.8185795456,-0.7295839237,-10.3335524095,0.3766387144,-3.8051990325,8.6547678064,0.000003705,10.1021921385,-13.7603641048,4.4296355828,-1.1510957099,8.3446994477,-0.6631020892,0.9990256184,-4.0820740475,1.5254878568,-10.5037505593,-4.4247681864,1.9965010971,-0.2008993263,1.6027699887,-3.4382484168,-0.9799996635,-2.511736022,-0.896770459,0.628915072,1.0934084666,-4.1594730813,3.0937028945,2.9602293554,-0.0842036689,-3.3609773668,2.9005262216,13.0442356292,-1.0158397573,-1.6025803449,4.2085015129,11.5269144272,-2.0603934706,1.9927041205,-7.4980944547,-1.6076959023,2.4979535009,0.9391044095,11.3887748048,-9.3984863998,-0.3302094188,4.1183965137,-7.8708649323,3.7243109277,-0.0146128722,-4.2034610075,2.0019649187,-6.6992732669,4.0750991473,-0.9438942685,9.3531043001,-11.8425716997,-0.8583409935,3.9602390593,-0.209929582,6.0314599064,-0.6115795974,4.5617890508,-12.3776682886,-11.792626195,-0.8663355729,1.5945424679,-2.9141635021,1.7616764565,4.3791061188,0.5057989943,-3.192583449,-0.922324914,-0.1902298344,1.0470591104,2.2159170494,11.4433688085,0.6485272692,-1.0794670874,-12.2475436094,12.7703867561,-3.1102200096,-2.000925095,2.1359015536,-8.1310625854,-0.9586463353,-3.3607086366,-4.8965568853,7.5455377125,3.2531335132,-0.6640142993,3.6206883452,4.9786550612,-2.7545578211,1.8726922977,1.1347944913,-2.0399949412,-0.1386313301,0.5638363979,-11.8331131447,-11.74655803,3.1502775559,0.8424392909,0.8162505333,0.618246515,2.5381861373,-0.3260822576,-18.9899320727,2.818973875,-0.362827503,-16.5887249899,-0.1283170402,-4.4863756729,8.1748108097,1.8418723792,-0.7829431967,1.6195393368,0.7884592375,-0.1285028262,-6.923973207,-1.7720662385,0.7030261427,5.0214080707
biasActivation=1,1,1,1,1,1
[BASIC:ACTIVATION]
"org.encog.engine.network.activation.ActivationSigmoid"
"org.encog.engine.network.activation.ActivationSigmoid"
"org.encog.engine.network.activation.ActivationSigmoid"
"org.encog.engine.network.activation.ActivationSigmoid"
"org.encog.engine.network.activation.ActivationSigmoid"
"org.encog.engine.network.activation.ActivationLinear"
