encog,BasicNetwork,java,3.4.0,1,1572766737082
[BASIC]
[BASIC:PARAMS]
[BASIC:NETWORK]
beginTraining=0
connectionLimit=0
contextTargetOffset=0,0,0,0,0,0
contextTargetSize=0,0,0,0,0,0
endTraining=5
hasContext=f
inputCount=2
layerCounts=3,8,8,8,8,3
layerFeedCounts=2,7,7,7,7,2
layerContextCount=0,0,0,0,0,0
layerIndex=0,3,11,19,27,35
output=0.5755322706,0.3984953312,1,0.9999985772,0.9999996603,0.0004217231,0.892325439,0.986603846,0.195826404,0.68759863,1,0.9985738107,0.0000000034,0.8527177506,0.9998001368,0.8414413026,0.7186726498,0.9999991369,1,0.8636398728,0.9981501188,0.0000262934,0.9999999142,0.0218361962,0.7748533675,0.0006249871,1,1,1,1,1,0,0.5167341158,0.9926099558,1,8,30,1
outputCount=2
weightIndex=0,16,72,128,184,205
weights=-12.2006076317,8.2610682168,-5.1921697157,8.7292476733,-3.0863577014,-6.1412672877,-10.6729923884,8.0432136868,3.7370930912,-16.160389069,4.170612378,12.5429616374,5.8957205058,1.9527065866,3.1577541582,-7.5530047709,11.8820685246,-8.5311339308,2.0627086898,-3.9244448443,-5.1246410971,0.0619571094,8.4870969179,-0.457035247,5.2997414862,-4.1476593321,-1.3176652936,1.4775555018,2.5516026308,0.4819070295,8.9377639509,-2.1817919734,-1.563582741,3.4053123632,3.7126278719,0.8054907674,-7.7951070561,0.1784664612,-5.2803133083,1.5306343412,4.0877177007,4.7344973945,-16.1717075309,3.2965047397,3.3915436324,4.106863291,0.8110552784,1.9105560818,0.4825422811,-0.3336880104,0.9771746204,-2.6274320661,11.5925611949,-12.1341043798,6.4007299083,-1.8236355782,0.3720494109,0.720251668,3.4107989418,1.1209336417,-3.7792476392,-9.5851240549,1.6743801633,2.5809390423,-3.3487909471,-2.9408089348,-3.873728695,0.9419290564,-1.5142355492,3.4412490342,2.2379237516,3.0574747952,-7.8538044233,4.9250477328,-13.0166961606,9.3289678989,-1.4701399801,-1.6984324204,-4.277050285,0.4404302664,-8.8365863436,-13.0554302697,1.4391109989,0.5874738782,7.6859454073,0.4969437276,2.8635225142,0.0106104082,0.248712307,4.4532067291,-4.6821526386,-3.7402584405,-0.429541053,-2.9074383937,2.1480857822,3.0975677781,-0.6200835051,1.1453971126,-1.4786128681,6.0495693841,2.0338314825,0.8683080637,-0.6715699224,1.1435955141,-5.5750269399,1.1127068094,-1.6020822659,0.9631480235,-8.4759813463,7.6793667326,-7.6491089362,-1.3504666778,1.8675759077,1.788376034,-1.3672217916,0.3879583093,-10.7004259406,-1.8498283638,1.6116283643,-1.1820209768,3.9679245415,2.9870653074,1.991996439,7.2305863837,-13.3097521164,1.1481539629,1.5101118347,-0.2762217204,-2.2506513945,0.2929489724,1.6094748505,1.494345669,1.0592683945,19.1688663496,-10.8221065177,1.5366618585,-0.58891859,-0.3494992076,0.1500029033,-0.305309479,0.0889963141,13.4555734713,-0.6177031308,1.0446910594,-4.489991518,0.8374490283,2.2268985733,1.4562028065,0.0554562799,-5.3093667043,-9.8187059916,1.912952707,0.1697908663,0.1912294239,-1.1590415613,-0.9465445744,-0.8840780017,5.2705541401,15.3812079669,0.0250096711,3.5819481278,4.7959827265,2.901635214,3.6253710848,-0.2565795382,-14.0981317981,-14.4067963598,2.878269839,3.7073389433,1.0186702602,1.6044565928,1.5716037033,0.9839891499,-7.979966276,-5.2380683156,2.6567319952,0.6176128235,1.565664334,2.5378077811,3.098076795,-0.5935452615,-5.3169827422,-14.3038697315,1.7493137005,-0.7540806343,0.9931626458,5.1166795225,0.8218504822,2.2665546637,-0.2772262289,0.7384830487,0.640249539,-0.2838347895,1.5127852332,1.8416246979,0.2886578763,-1.7919566504,-0.8297138094,0.0878577802,0.1128343324,0.2082024337,-7.0817861975,-0.8336730002,0.2307477355,4.6471560073
biasActivation=1,1,1,1,1,1
[BASIC:ACTIVATION]
"org.encog.engine.network.activation.ActivationSigmoid"
"org.encog.engine.network.activation.ActivationSigmoid"
"org.encog.engine.network.activation.ActivationSigmoid"
"org.encog.engine.network.activation.ActivationSigmoid"
"org.encog.engine.network.activation.ActivationSigmoid"
"org.encog.engine.network.activation.ActivationLinear"
