encog,BasicNetwork,java,3.4.0,1,1572773470272
[BASIC]
[BASIC:PARAMS]
[BASIC:NETWORK]
beginTraining=0
connectionLimit=0
contextTargetOffset=0,0,0,0,0,0
contextTargetSize=0,0,0,0,0,0
endTraining=5
hasContext=f
inputCount=2
layerCounts=3,8,8,8,8,3
layerFeedCounts=2,7,7,7,7,2
layerContextCount=0,0,0,0,0,0
layerIndex=0,3,11,19,27,35
output=0.1683164199,0.0001741418,1,0.184782008,0.0000000376,0.0248457665,0.9999997024,0.9999361907,0.381900147,0.3200037043,1,0.0339299735,0,1,0.0000000003,0.4020279679,0.0000658626,1,1,0.9999999875,0.9978789039,0.9375670434,0.0346143013,0.0000000054,0.5560847669,0.9939098271,1,1,0.8717018762,0,0,0.9813074501,0.0000433109,0,1,8,30,1
outputCount=2
weightIndex=0,16,72,128,184,205
weights=12.2294792095,-0.130685488,9.6028247504,14.1060660505,-5.2306191928,-25.0183916098,-12.6988358341,0.6464418606,-11.3711410886,-5.4777702482,6.8026736734,-0.769600591,-7.1121070305,1.5514527469,8.0991280572,-2.0262988379,-1.9913415454,-1.7309156807,-3.2998582906,0.5454315315,-3.1356189898,-1.0374733125,-0.978745203,4.1225657632,12.6388129975,0.8643983492,-6.8808527664,10.1601797299,7.068164351,-5.8875227561,-11.9518884189,-1.5322768236,11.5063894897,1.7915027937,-3.1695752855,9.6571477482,4.6929311189,-1.8686616417,-2.2947501953,-0.4825607679,-2.885556713,0.8938319819,13.9375814929,1.3215740299,1.6384125229,-2.3519558979,-1.0497928447,1.5790685664,-1.440840812,3.9949795712,13.9164817697,-19.8025849287,-3.4398592263,11.4944180253,-3.3720219922,0.5461384994,5.207762944,4.6528952269,-3.2124435738,2.308538889,-9.331438866,-9.9074989622,2.2503752667,4.0560301462,-6.4285927083,11.9395582408,4.7574902611,-2.2484043945,14.3142638926,-4.6397113283,-11.3541256475,0.3065737469,13.1195434588,-18.7055588596,0.4407809179,-0.4281253115,-3.5318120457,0.265079609,3.3177431046,-1.6459848409,-7.7201731244,-4.4248558626,-6.0389523763,6.6928284457,15.7577214137,3.5841384965,-8.1551197765,-3.6700372505,17.5379502183,9.9798226266,-0.3154601484,-0.8163460071,-9.5604397721,-4.4261545358,4.5899517817,1.7460434069,-4.4216108168,-19.1205150866,-2.4666737151,4.6123450389,8.5377922201,4.8501882409,-1.5369686301,2.7051968246,6.6890578162,-3.4816734247,-2.9020108347,-8.5661162747,3.763983058,-8.4408293938,0.2283609522,3.872394682,-13.447786601,-1.8443319291,-0.7673981756,1.7803311378,8.3603121622,5.9395748657,0.8164668667,2.2037927265,8.3984491573,7.6457767346,11.0699599196,-1.8988798344,-2.4952665581,-4.3099421803,5.9295150063,-0.3145730228,-2.1002966935,21.7471027236,-0.7563030006,0.7957913075,2.0289683366,4.8709965999,-0.6635193127,-0.6534619492,-7.0355054355,17.5203406575,16.8348564419,-0.6626900065,4.3559185854,-12.640672843,-0.448298456,-6.357257316,-0.2469154744,8.2141104269,-2.5508331108,-0.6818181591,-4.2720711599,5.8621336652,-0.4227154106,-0.0121836519,2.7077162618,-3.8972144636,1.3778011903,0.2543551275,-4.7908005316,0.1539501527,0.8678560564,2.0624737042,5.5222680493,-15.2313501727,-6.5007651917,0.3145557437,-18.6148402923,2.5624404412,-0.3120939511,6.9805043221,-2.2740194661,-5.9659626728,8.9385241425,-1.6330486095,11.1678539434,-2.0413391123,-0.3906833018,-3.2591624297,-0.2958512055,6.1218014944,-6.2212033194,0.7406342226,-0.3294278091,-0.9198168724,-1.0542888645,0.3777451665,1.0295608501,0.7307533255,1.0477998569,-0.2089568377,0.3043988561,-5.5442201499,5.2699505082,-4.0296413997,2.8189388294,-3.1165681083,-0.1067535054,-0.3988484597,-1.9396534826,0.1644909505,14.5432601162,0.4704273379,-0.3693298689,-2.730586276,-1.5073737606,-1.7430509929,0.1228177612
biasActivation=1,1,1,1,1,1
[BASIC:ACTIVATION]
"org.encog.engine.network.activation.ActivationSigmoid"
"org.encog.engine.network.activation.ActivationSigmoid"
"org.encog.engine.network.activation.ActivationSigmoid"
"org.encog.engine.network.activation.ActivationSigmoid"
"org.encog.engine.network.activation.ActivationSigmoid"
"org.encog.engine.network.activation.ActivationLinear"
