encog,BasicNetwork,java,3.4.0,1,1572773534971
[BASIC]
[BASIC:PARAMS]
[BASIC:NETWORK]
beginTraining=0
connectionLimit=0
contextTargetOffset=0,0,0,0,0,0
contextTargetSize=0,0,0,0,0,0
endTraining=5
hasContext=f
inputCount=2
layerCounts=3,8,8,8,8,3
layerFeedCounts=2,7,7,7,7,2
layerContextCount=0,0,0,0,0,0
layerIndex=0,3,11,19,27,35
output=0.0333354495,0.1075297792,1,0.9904124809,0,0.5596729496,0.999999762,0.8314799815,0.9938785335,0.999997941,1,0.0024325164,0.9999999996,0.000250745,0.4186316475,0.0000029608,0.9986608308,0.8578234197,1,0.9989631603,0.9416688011,0.9999997963,0.0000087892,0.9999999521,0.0000096256,0.1588496935,1,0.9858471086,0,1,0.8153035916,1,1,1,1,8,30,1
outputCount=2
weightIndex=0,16,72,128,184,205
weights=14.389840911,-14.1588673479,-0.3353367003,-0.2292911529,10.7495036428,-25.8871325874,-2.6177210067,2.2062456799,-5.6968295664,-0.0015298938,-11.8374375321,-4.5025501923,-0.2996379948,14.8764939064,-9.9496681114,10.0669911546,7.8508944727,-4.3529156854,-8.7186645345,-1.6748394073,3.5520028196,3.9923750658,10.8641197843,-3.6317309577,3.5838476047,-18.5344242185,1.5052023662,0.6215510325,2.5771892939,-5.8177651399,-0.2338608753,-3.142377645,-3.2231366369,1.3790420839,-1.5450661814,-12.1955939414,2.9604949955,8.3694616614,-10.2433759366,4.4032275715,-2.4963855735,2.8527648454,-1.2559126938,-10.657335243,-0.2605302455,12.6644126121,1.4370481741,2.9859934192,-5.3499728799,-2.8034639051,12.5344838167,1.8531937599,-8.6220193732,11.5001501847,-4.8774744215,-3.6670302598,-2.1920625594,9.2161960797,-4.1180130169,-8.8501649215,5.4923319438,1.0649073327,6.5631143103,-7.1085495194,-6.5800126793,10.4645050489,-0.6938196515,-1.5856602279,-3.4052194389,2.9596130841,-0.8358371412,1.0701111442,-3.1355955197,0.4285580487,-1.0436808051,2.3561305171,-0.272623614,5.5277945876,3.0380731072,-2.4539755708,4.3972467096,0.2447248636,7.097250203,3.3946146249,11.9792148728,-7.9420138767,-3.5084383213,-1.5847905968,-14.5982743421,-1.6663356849,2.5693625112,-2.6783380099,-0.6181395044,-1.3789526068,6.4481510452,4.8859785956,5.175118467,-5.995255241,1.5827435787,-8.5046050393,-4.1106887949,-6.2294524155,5.1796729272,1.8526895683,-4.2563574692,-3.9868320902,-1.9530966334,-1.5408330353,-3.4687197812,5.7198889859,4.2169060685,0.0281056661,7.0488162609,2.6446107667,-3.2246431781,11.5240096882,2.5203837171,-11.5452640016,-8.7647477733,-0.8209431658,-6.4660520866,0.9767940588,-4.7838756246,-5.9210631791,14.2829009666,-7.1286621135,6.6142852646,-3.2127223582,12.8177354121,3.4253628659,-0.5819702313,-8.5537453392,1.7623182394,-4.9303685695,2.5550787137,2.4030543395,2.3728656418,2.2788334873,1.0346296283,4.0318899321,1.449064478,-5.509183912,-0.0004599978,0.180969257,6.5450842542,-0.3206572907,2.9891450424,-4.7422660798,0.0042952788,9.1238460223,-0.0890706362,0.7921902026,-9.246080258,-1.7248712836,5.1693387587,-14.4754624317,2.8816927267,-3.311301119,2.098772054,2.4366326025,18.4698620746,-0.3817535847,-0.0042054814,-3.2923336923,1.6140808524,-1.8487420422,1.1273141123,0.4410327452,-10.9296698782,-6.3952723874,-2.7398705877,9.7200212428,-1.8381397283,-1.4114267504,-0.6238274358,-2.0875988695,-22.1344002752,-11.5965503484,0.966673357,4.3835765522,2.230749336,7.9339480802,2.8953378086,2.5536682858,-1.7228657417,0.3863852945,6.4349494348,4.6759975213,-5.4117583601,0.6590471161,-1.8299747186,2.7579062169,-0.0576246922,-2.1694185343,-0.1994911602,24.8249301882,0.991891585,0.9891321451,-0.1924639258,-2.8609930631,2.805705438,-3.369469243,0.2525583424,1.5372134587,-0.6302170231
biasActivation=1,1,1,1,1,1
[BASIC:ACTIVATION]
"org.encog.engine.network.activation.ActivationSigmoid"
"org.encog.engine.network.activation.ActivationSigmoid"
"org.encog.engine.network.activation.ActivationSigmoid"
"org.encog.engine.network.activation.ActivationSigmoid"
"org.encog.engine.network.activation.ActivationSigmoid"
"org.encog.engine.network.activation.ActivationLinear"
