encog,BasicNetwork,java,3.4.0,1,1572773548381
[BASIC]
[BASIC:PARAMS]
[BASIC:NETWORK]
beginTraining=0
connectionLimit=0
contextTargetOffset=0,0,0,0,0,0
contextTargetSize=0,0,0,0,0,0
endTraining=5
hasContext=f
inputCount=2
layerCounts=3,8,8,8,8,3
layerFeedCounts=2,7,7,7,7,2
layerContextCount=0,0,0,0,0,0
layerIndex=0,3,11,19,27,35
output=0.4185902884,0.205761662,1,0.364572825,0.4736102275,0.7156303679,1,0.9804263634,0.9678506835,0.2459982672,1,0.9921896757,0.4799600091,0.0000001305,0.4613584745,0.0447380634,0.0017323839,0.0405224378,1,0.9392448397,0.0000025662,0.9999079313,0.9999999695,0.8440910695,0.4560013196,0.8011637161,1,0.9926066341,0,1,0.9850194205,0.0000001953,1,0,1,8,30,1
outputCount=2
weightIndex=0,16,72,128,184,205
weights=-3.2418563611,0.4461607035,5.4716551304,-18.1104638171,-1.7103567327,13.6625360365,3.4375673638,2.4447529953,2.6825777711,-10.5064067858,3.4002286566,-11.9645413467,4.152693493,3.7366956712,14.703358592,0.873541766,2.0577383229,-1.6389512817,-1.8264099049,-0.1667374046,-1.2528986861,4.8871601108,-1.4983352515,-1.6253788373,4.280444761,5.9369883798,0.0914930981,-10.5743104001,4.1713201595,2.3363269026,3.6945739778,-2.6640170096,-1.661354447,0.9258255957,-3.6040089034,2.030475061,-5.3553761632,-0.0261841947,-0.9828839429,1.4695953094,11.7216317811,15.7515326608,-3.1748722331,14.242250395,-0.3903503299,-4.5469227477,0.3990290914,-0.396113132,12.5517835283,-12.0591400897,7.9225675788,-6.2738962888,0.8655306513,-4.6849285445,-5.790098602,0.3464959403,-2.4620807669,-0.8183114004,1.9755564037,4.5910554083,-3.7999891608,8.2908890833,0.314142039,4.2650832718,0.1487089151,-12.7591602224,5.1369596707,0.762312443,0.7477816658,9.6901619935,-1.0798606182,4.4980862564,9.6470288512,15.9674878548,5.3336365103,2.4872800881,-8.3249415369,1.2832489001,-1.1155819846,-4.7013112736,8.166418757,6.3875296647,8.2397357132,-9.3563330619,-8.658823224,7.1034689871,-7.0653906171,3.0970484148,-17.0020553515,5.0485209126,-5.0779079672,-1.2473416488,0.888617512,9.3918665424,1.9159325456,-0.1260492106,3.1970139477,-5.394582288,-4.6938351389,5.6559394255,-6.601669653,4.0092123374,2.6895552285,-2.5307459923,-7.8346632827,4.1019537491,2.0007746295,-0.1266172844,-2.4969642212,3.5510371614,1.9196408907,1.3739634186,-4.2018045855,-2.5198606975,-5.2799741123,-1.9627798454,-1.4466063083,2.8790715015,5.5183210581,0.3194030057,-9.0296319849,-0.162319908,1.7476269041,0.758573583,-4.2192243056,6.5292359297,1.4236267865,2.253974241,1.7890667129,-0.2883357407,-6.5188398043,19.4299604707,-1.9666117074,-6.5525899635,0.4996118967,-5.1050735713,6.751281795,4.5346826217,2.3999001749,-20.8580329113,-0.3940677489,-1.0093575707,0.7263090013,-0.4194316672,9.2209325424,1.9494844015,-10.2832708192,4.148916586,-5.331591293,4.0990026923,-0.5452342611,2.2376309129,12.2111138871,1.0936172821,-1.9230755903,13.3079298617,5.8191500245,0.1294022392,-0.3410344979,-6.128866811,-12.4737171481,-0.4959429759,5.5703161521,7.7042747762,-4.9456079491,-0.0420775617,-0.9155949409,0.9533848254,5.0754014362,-0.2514003048,7.9997282538,-9.8414531664,-1.6726944383,-1.1549068108,-0.9023237598,-2.3651268751,1.3456613298,1.4529225937,0.6781580201,-8.7590050216,-6.4084818952,3.5584897732,-0.137049566,4.4490146692,-0.635487277,0.3695895827,-1.1040379217,1.1743008295,-6.0240817218,-0.9837191076,-1.085811335,2.6123910698,-13.9088188941,-1.2448079772,0.3583918072,3.3926162977,0.2863232398,-0.980279865,11.6689193722,-1.1720875689,1.7434816183,0.4336834902,-0.9936339791,-0.8582822707,0.8830855674
biasActivation=1,1,1,1,1,1
[BASIC:ACTIVATION]
"org.encog.engine.network.activation.ActivationSigmoid"
"org.encog.engine.network.activation.ActivationSigmoid"
"org.encog.engine.network.activation.ActivationSigmoid"
"org.encog.engine.network.activation.ActivationSigmoid"
"org.encog.engine.network.activation.ActivationSigmoid"
"org.encog.engine.network.activation.ActivationLinear"
