encog,BasicNetwork,java,3.4.0,1,1572773566756
[BASIC]
[BASIC:PARAMS]
[BASIC:NETWORK]
beginTraining=0
connectionLimit=0
contextTargetOffset=0,0,0,0,0,0
contextTargetSize=0,0,0,0,0,0
endTraining=5
hasContext=f
inputCount=2
layerCounts=3,8,8,8,8,3
layerFeedCounts=2,7,7,7,7,2
layerContextCount=0,0,0,0,0,0
layerIndex=0,3,11,19,27,35
output=0.074238336,0.0000187851,1,0.0408437933,0.0778438821,0.0000242106,0.9991194583,0.0021184985,0.9207843049,1,1,0.9442331051,0.0001245859,0.5555901022,0.0000224128,0.9844020289,0.0001048514,1,1,0.0000098316,0.0162160043,0.0000005116,0.0029500112,0.4064596083,0.8309651717,0.9999999995,1,0,0.9858715225,1,1,1,0,0.0000002151,1,8,30,1
outputCount=2
weightIndex=0,16,72,128,184,205
weights=1.2537299864,11.6123260537,-3.8342182377,-9.3224166165,-11.9928843865,8.7040788809,-7.6723217479,5.5189583285,6.9121631419,5.0927808367,-8.1331539203,14.3273341159,7.7571875131,-5.8570405227,-14.0703892577,-6.4286834841,-12.0200493753,2.7275702038,14.7403342481,16.8977428898,4.8067312434,-13.7683375726,-4.5452342685,-0.181950977,-7.5261374282,3.411959164,-5.716678178,1.9197935102,3.0672638199,5.9353812218,1.0299320605,3.7601054703,-6.3915313717,7.6802120494,8.2527049911,1.5220598127,-2.5920288089,-5.3526396895,-5.2349083463,-1.3926440795,1.4485377953,-10.8776174253,15.358525521,7.3744060477,-5.186067377,-0.5611530232,11.7398390721,-9.5001248791,-2.3039736144,0.9944610188,-16.7096475613,-12.6759681995,-0.0963727737,9.5321605297,4.1296711739,1.2686351443,4.6898644475,-12.3742980101,-0.3786832455,0.2404684352,1.2257824053,-3.0797050801,-1.4448076226,-1.524877124,7.8835887918,-13.157239903,4.2239473103,4.3427847007,-5.064583926,-4.8292878144,21.1405038908,-0.7355858147,0.7058796781,-8.9105500509,4.6433756492,6.4113611358,-11.5595991998,8.3590082265,0.6797232493,0.0275054792,1.9642589696,14.2566231602,-0.2785752062,7.9211040116,4.0326198765,-8.7939691544,-4.7487930981,1.1722152624,10.0229310679,-0.7068556118,-14.8824798486,6.9108421277,-1.3271299386,5.7459324475,-3.6485713748,-0.3724058037,-2.2177662,-1.4602312247,-5.5769114033,-1.3632178701,10.9644958458,-7.3509409245,-12.6392123001,3.6128342423,-0.2958065981,4.5414457193,-0.6413837946,-3.1713184304,2.2742207246,2.5249639537,0.5318708128,0.5262013078,8.5570422429,4.1907489301,4.5371741507,8.6326373601,-2.6738813199,-11.0253482256,3.0020385799,-2.0099048641,12.0985582611,-5.4941428695,-1.1313804893,-9.5228758847,-2.6652817853,4.9754672487,25.5221122213,-1.4623020082,0.9679733049,3.2751135539,2.1409086272,-18.3760784134,1.3005374878,-0.1991401757,13.6224408373,0.1758905907,0.958525271,-9.2403462935,-1.5390152112,7.2884150848,-0.1347134019,-1.8248107604,1.8407515738,-0.6103002805,0.5051667304,-3.5549550755,-1.155126355,-10.7061102124,-0.0450021421,-1.8359182485,1.5501879609,0.9252987086,-0.0365369108,-16.188685091,4.0454658971,-1.1802633629,4.7917181005,-0.702268139,-9.5746088732,2.4800530947,1.9452896008,-9.120861613,-2.5594860846,9.1982394272,0.5804482178,-2.4137650093,0.759748894,1.3941752921,-2.4488238945,14.5261680281,-0.9618772043,-4.1019027466,-3.6123299266,1.5969020353,5.6320542624,-4.0523436198,-2.4728876428,21.96712871,0.1196245955,1.0536065664,-1.0159938442,-1.2804670193,-3.2109979827,-0.447957796,0.3112423185,-3.0571743329,-0.8356168195,-1.8415281304,0.1908629606,13.2516698285,-2.0349273184,5.2419561433,0.4255384286,-2.682855969,1.6108755138,4.7963017174,-1.8315643158,3.194833702,-1.0876912442,1.3433471672,-4.0148967162,0.0320447371,4.2770937447,-1.0600345436,-17.7677772718
biasActivation=1,1,1,1,1,1
[BASIC:ACTIVATION]
"org.encog.engine.network.activation.ActivationSigmoid"
"org.encog.engine.network.activation.ActivationSigmoid"
"org.encog.engine.network.activation.ActivationSigmoid"
"org.encog.engine.network.activation.ActivationSigmoid"
"org.encog.engine.network.activation.ActivationSigmoid"
"org.encog.engine.network.activation.ActivationLinear"
