encog,BasicNetwork,java,3.4.0,1,1572773577565
[BASIC]
[BASIC:PARAMS]
[BASIC:NETWORK]
beginTraining=0
connectionLimit=0
contextTargetOffset=0,0,0,0,0,0
contextTargetSize=0,0,0,0,0,0
endTraining=5
hasContext=f
inputCount=2
layerCounts=3,8,8,8,8,3
layerFeedCounts=2,7,7,7,7,2
layerContextCount=0,0,0,0,0,0
layerIndex=0,3,11,19,27,35
output=0.7086717029,0.6637831869,1,0.1005230666,0.5679090499,0.0020266959,0.0049276096,0.2257724361,0.6806474031,0.9374351792,1,0.0000321326,0.9968900122,0.024509819,0.930792006,0.6071239642,0.2204910396,0.0091431089,1,0.9999945037,0.0237107387,0.9941589004,0.0177846954,0.4221590912,0.5292835208,0.515248301,1,0.4491086655,0.9999999991,0.2990753909,0,0.9999997,1,0.001785544,1,8,30,1
outputCount=2
weightIndex=0,16,72,128,184,205
weights=-0.7729861076,4.1879843706,-3.2158736042,9.4126489579,-12.4536194355,-10.4044810827,11.1634883364,-2.0231936378,11.6753453819,-9.7819943291,5.9725574226,7.3486320014,-1.3733008648,4.4876395041,7.3502912159,-4.6213430783,0.1696054037,-0.7042196287,0.6227931256,3.7747790483,0.6425832692,-1.5955279454,5.4889044377,-5.1067145717,0.0000864192,-4.1143755633,2.9531695016,1.0647670843,-0.0406349723,8.7272187687,4.4958677805,1.370737464,6.6713027319,-1.6129586142,-0.535770905,1.5667057005,-4.0164863737,-4.8010949148,-1.0026086884,-2.530466739,12.0898643696,-3.7932474103,-1.3909289529,-0.1452589299,-0.8406050258,-2.0516120753,-5.796797162,-0.3418879489,-4.7703488624,1.0379325656,0.8877247046,-3.4441355167,-1.2724238455,-6.2480689662,2.4240595817,3.0451250315,-2.5127318113,-3.8137726552,-10.7852700932,7.0194130958,-0.2930880954,-7.6643753644,3.3996312037,0.1262563278,-4.6502846932,5.7127836087,-1.6086544336,-8.6346633078,3.610695752,4.3467494034,-7.6728268191,2.0081746546,-7.4560597992,5.3008323071,-3.6023093505,-7.3703981671,11.5163310944,-0.9511487355,-4.8100454602,-1.1828568245,-1.8920189186,-2.6849237465,4.8471853299,2.4085092715,-3.797204083,2.7340631372,1.709073956,2.1393168612,-1.868549088,-1.3456763141,2.881438607,11.6036860341,-2.4043740801,-3.3629736997,1.9438608278,-3.0609723946,2.6267469371,0.6280577658,1.9682258541,2.4857482973,8.7056587304,-7.4649180682,-0.9595543325,-1.2733483945,1.4311946358,-1.1592196584,0.5730021907,1.1180995169,-1.0477229424,0.9544569883,-0.3806343644,-1.4247536198,5.3804414394,4.8388977922,2.1335939673,5.012708032,-2.6311088544,-5.5501349314,-7.4820880748,-1.0647591034,-3.2955959847,-2.1761418068,-1.9566026741,9.6930793436,-8.8731559726,2.9055908927,4.6692255428,0.2365832152,-3.6169485017,9.6599752582,-0.5615266999,0.6250423479,0.9936379187,1.8826021177,-0.2873202364,1.3680704179,8.0763421987,-5.0556769811,-1.2948247234,-0.8376796003,-0.1097729431,-0.6666537568,-1.0346349872,-1.1237848883,-4.6215962637,5.2368716106,0.002186508,-0.0885015458,0.0187220617,0.898819788,-3.1492089844,1.063132579,-21.278389866,0.0845315412,0.7641106203,0.7418956343,0.0983183491,2.2755735983,0.5359838402,2.8569298566,13.4836476996,2.1991072128,-2.9785471832,-0.8358839599,0.3529429545,-3.5838607928,-3.2899367449,-4.4410441513,-0.732528217,2.9296220709,-0.3903005057,-5.1153491585,0.672113668,-1.6626482134,7.8787607971,-1.390172862,-7.6374107734,-5.0615990348,6.0023824805,-1.2211283231,0.3383537456,2.8048625939,-1.1869440409,3.61637673,-1.3609014843,-0.3010052702,19.7130972813,-1.064817848,1.016493059,-1.1571959361,0.3210375733,-0.0649536363,-1.471396147,1.8194567477,-3.3451409416,-0.0128887022,-7.3461078143,2.490239626,-0.91876434,1.4560957449,0.4890453429,1.256112689,1.7995503117,-0.5888497808,-3.0571541033
biasActivation=1,1,1,1,1,1
[BASIC:ACTIVATION]
"org.encog.engine.network.activation.ActivationSigmoid"
"org.encog.engine.network.activation.ActivationSigmoid"
"org.encog.engine.network.activation.ActivationSigmoid"
"org.encog.engine.network.activation.ActivationSigmoid"
"org.encog.engine.network.activation.ActivationSigmoid"
"org.encog.engine.network.activation.ActivationLinear"
