encog,BasicNetwork,java,3.4.0,1,1572773591142
[BASIC]
[BASIC:PARAMS]
[BASIC:NETWORK]
beginTraining=0
connectionLimit=0
contextTargetOffset=0,0,0,0,0,0
contextTargetSize=0,0,0,0,0,0
endTraining=5
hasContext=f
inputCount=2
layerCounts=3,8,8,8,8,3
layerFeedCounts=2,7,7,7,7,2
layerContextCount=0,0,0,0,0,0
layerIndex=0,3,11,19,27,35
output=0.2721503283,0.405796928,1,0.0000823835,0.8225078339,0.9999617275,0.999999869,0.9994206532,0.9997706156,0.8842601025,1,0.998018508,0.0000064949,0.641617871,0.9999999995,0.0816189733,0.0000000211,0.9999998957,1,0.2451055564,0.9830434404,0.0080881905,0.9993039936,0.1093718603,0.0001248828,0.9998981775,1,0.0127024237,0.1398654727,1,0,0.0000000001,0,0.0000000001,1,8,30,1
outputCount=2
weightIndex=0,16,72,128,184,205
weights=10.466670236,9.5849840944,1.7416756853,-1.4481482262,-5.6549021738,9.4119202736,-8.5225145596,-5.3838034201,5.6925980035,8.3563042161,13.0654646412,1.9492707014,-20.5070679327,-8.4461445441,9.2371805583,-1.4978738397,0.7684177901,-9.6941168677,5.4738244783,-7.0967707876,-2.5467199756,12.75845206,-4.2581472506,-2.1202011661,6.9281792053,9.8429069092,8.612264525,-0.9908026865,4.6462345735,3.6600893478,-11.0967477104,0.8014619682,10.561376862,5.5290861315,-9.7839309535,-2.9115431609,-1.6608666989,-1.5399112223,8.3563266115,0.5985764061,0.8481267375,-1.5703571285,11.6370132059,-0.0486889492,-6.2719882021,1.3543347096,8.5567294861,-0.4611249906,3.1723494559,4.6606696976,-9.4013860053,1.0294880235,-1.0363354836,5.5896661223,8.8474700947,0.5266606612,2.7025454021,-3.1120502636,-4.0770037155,5.1407011011,-1.7749313241,-7.6395980499,2.2850860457,1.0176713897,-6.356999981,1.0329160277,-0.5132847976,9.459343813,-7.0885362539,0.9035977872,1.0551526437,-1.2288018408,-7.2199789881,2.7816277379,-6.82465582,-4.4713483707,6.0198085374,-0.8526781355,6.4920708645,2.6308521921,6.5256890251,-4.7455139342,8.9788662083,-7.984031253,-7.5732263453,0.9917732891,6.0257202173,-6.1699969857,0.2081447288,7.7898150525,2.0931597159,3.3799062199,-11.2463499819,-4.6540755088,-12.0280785193,2.7366346398,-4.9408487591,4.7652598513,-7.4098791518,9.700614636,6.0790317857,4.6871296743,4.9869003702,2.6051670432,2.9831734625,-0.5361732932,1.9121425158,-0.2859157579,-1.948109091,4.5510965708,-1.9909903137,-0.1511228351,3.6397654345,-4.3283818527,2.7508220109,1.8382421406,-0.2946899536,6.0698913245,-13.8204233514,-2.3205706458,-1.6770704471,7.9188960927,-13.5964065388,5.385010617,0.955125938,-1.7628856213,2.2600468005,1.0669726202,10.3011719689,-3.3814662141,-0.8776893586,-5.669685548,0.1950988557,6.2866894716,-0.1730060979,0.0949009085,-12.6504217728,-0.3271852271,1.74048804,0.2731251786,0.2051010251,7.5309233127,0.6684643065,2.5259634491,14.073740527,11.1646691311,-2.3097046439,-7.7553900892,-0.7386046665,-12.3457850476,0.5719358896,-4.2398468672,-5.6764869833,-6.8190341844,3.589461731,3.8345810225,0.2546593832,-5.4317679604,-0.0638265695,4.7058463298,-10.1729069592,4.563842091,-1.1184188277,6.5382894344,0.4524488192,-4.9400817891,-0.0810140714,-1.4878578794,7.213219761,1.3203504,-4.9935051289,2.680865186,-0.8824784266,-0.9389431015,-0.783901399,-4.270801348,-11.1169743913,-2.799696008,4.131749155,-11.8591659615,0.6135266512,-1.807741834,-0.7926250814,5.593221841,1.6153438575,-0.1416641278,-13.026005695,0.4381755498,-0.2079806076,0.9176060776,1.0265305922,1.884491152,0.5044344434,3.4194870874,-3.3399786835,4.1544626083,-0.8414575678,-0.5319990767,-0.8840126205,0.4637730212,-1.9134673508,0.6992501477,-0.832578198,-0.5204231834,-0.6206781834
biasActivation=1,1,1,1,1,1
[BASIC:ACTIVATION]
"org.encog.engine.network.activation.ActivationSigmoid"
"org.encog.engine.network.activation.ActivationSigmoid"
"org.encog.engine.network.activation.ActivationSigmoid"
"org.encog.engine.network.activation.ActivationSigmoid"
"org.encog.engine.network.activation.ActivationSigmoid"
"org.encog.engine.network.activation.ActivationLinear"
