encog,BasicNetwork,java,3.4.0,1,1572773600056
[BASIC]
[BASIC:PARAMS]
[BASIC:NETWORK]
beginTraining=0
connectionLimit=0
contextTargetOffset=0,0,0,0,0,0
contextTargetSize=0,0,0,0,0,0
endTraining=5
hasContext=f
inputCount=2
layerCounts=3,8,8,8,8,3
layerFeedCounts=2,7,7,7,7,2
layerContextCount=0,0,0,0,0,0
layerIndex=0,3,11,19,27,35
output=0.2232876185,0.0109397128,1,0.5420327524,0.0000000354,0.1533771799,0.6831652373,0.999986297,0.0010918965,0.0061075933,1,0.0407039296,0.5727927411,0.9614216862,0.000074367,0.0244482592,0.7955940446,0.7749909471,1,0.710967157,0.0714678991,0.7942784844,0.3668369386,0.602309409,0.9890995186,0.9993701392,1,0.1237673588,1,0.9047580616,1,0,0.9968807416,0.0001764584,1,8,30,1
outputCount=2
weightIndex=0,16,72,128,184,205
weights=-5.9617248516,-5.3030878688,9.216661783,1.1643571572,2.5641158897,8.8105246033,-3.0388181657,-2.7793740834,-10.2239561873,3.4948965778,-1.4584338859,10.2431086708,-2.9430850022,1.5530338462,6.4757763518,-2.8348845326,4.3670201048,1.9877865679,8.0999894903,6.9736466032,-1.2212703559,-1.0331985107,-4.3059181543,-4.7469278949,1.2055729277,-1.5261569829,-5.2998004849,6.1224133443,5.0380787029,-7.6953927943,-3.9444132209,-2.1802693908,3.2462538059,2.0563949834,-3.2980056048,0.0935673977,-3.7344895604,-5.5431175308,2.5686276277,2.6630984853,3.9413276513,-3.3601433849,-4.2427867838,-4.8897221031,-2.237355918,2.9372166472,1.652866482,3.0489762732,-3.7694326735,-0.2544060516,2.587094318,-2.6354883767,-4.1796602364,10.1419851418,0.2448883134,0.8534363952,2.7749679029,1.2931484361,-4.1155244772,1.4438607122,-4.109716163,-5.4685481636,0.4941371746,0.352510216,10.0030927662,-0.0786682884,-1.9507469087,-1.2497730289,1.1501696326,-0.0620345899,-2.8900078996,-1.317652723,-2.1039484622,7.3295740864,-5.4233467778,-4.0703955218,-6.5786860175,-0.0097527905,6.8825341368,0.7068048381,-2.6594240441,-0.7208298597,-3.2666928919,0.8634144615,1.7147715918,1.9643227577,0.6909019699,0.8472650168,-0.0067933349,-4.7685921073,-4.8091888484,4.5513586415,2.8237613397,7.1364868845,-2.3380088506,-0.7113548663,-2.6066131776,4.6116127034,-7.2786991237,3.3797140111,-5.0281845012,3.0831452233,-3.4937984641,0.0293031163,-4.733997109,3.2659455744,-0.5701168303,4.1141545311,-5.6775194041,4.4275340455,-4.7978999584,2.2246992042,-2.0529810673,-1.5681126772,-2.3450251984,0.6798334456,10.4791318375,3.5173854439,-4.4447805168,-0.8048750898,-1.914914383,0.2633543115,2.0622350243,-0.3965722452,0.8651985302,-0.2012352613,0.2860685325,0.4788551416,-1.1347423056,-2.958498343,-2.7542122358,1.3693107298,0.2849860392,3.5226604624,3.0437766533,1.6094038316,0.0695715763,-1.8993447939,3.0177285457,-1.960861207,1.5099242231,-4.9459834906,-2.2830358946,3.4878830641,-6.8113973841,4.4147986459,-6.9786610033,0.3690177396,1.7507550275,2.4696377855,5.3626170219,1.2612422021,-0.5635065513,0.7831672428,3.2860908801,-1.6478801455,-1.0532769476,2.5064859613,8.7183136853,-5.0846771482,5.8653059576,1.2185366612,-10.2517310881,7.3623086022,0.5296202067,2.7888887655,-1.7792435645,-2.396220893,5.8283664055,0.3713828724,2.3508664336,-0.030476928,-2.4576508708,4.4566244603,-3.4344397195,-3.1233618849,-4.294537802,-4.8049451676,6.0594986418,6.8612157865,0.3648500694,-1.3020924418,2.4345171516,1.6598557515,0.1106626351,-0.1836814875,2.6679155826,-1.6261758669,1.0977037746,7.667955194,0.45373153,0.1692402794,-6.4558134223,-5.7968972531,4.0610101673,-2.0862291908,0.5035405243,-5.8842264364,-1.5795387493,-2.8360023942,0.7911792251,4.7196782753,1.1979246232,-0.6012266407,-0.1888464893
biasActivation=1,1,1,1,1,1
[BASIC:ACTIVATION]
"org.encog.engine.network.activation.ActivationSigmoid"
"org.encog.engine.network.activation.ActivationSigmoid"
"org.encog.engine.network.activation.ActivationSigmoid"
"org.encog.engine.network.activation.ActivationSigmoid"
"org.encog.engine.network.activation.ActivationSigmoid"
"org.encog.engine.network.activation.ActivationLinear"
