encog,BasicNetwork,java,3.4.0,1,1572773612771
[BASIC]
[BASIC:PARAMS]
[BASIC:NETWORK]
beginTraining=0
connectionLimit=0
contextTargetOffset=0,0,0,0,0,0
contextTargetSize=0,0,0,0,0,0
endTraining=5
hasContext=f
inputCount=2
layerCounts=3,8,8,8,8,3
layerFeedCounts=2,7,7,7,7,2
layerContextCount=0,0,0,0,0,0
layerIndex=0,3,11,19,27,35
output=0.8005081945,0.8789386185,1,0.7968506217,0.9999892248,0.9898460208,0.0000028192,0.9756384389,0.082205801,0.9919686823,1,0.0045952004,0.1820411056,0.996701664,0.4252987847,0.9798673488,0.0018961251,0.0000000002,1,0.9999846855,0.8755688825,0.0330939704,0.0000008613,0.6872138636,0.7692294792,0.9711711528,1,1,0,0.6906875822,0.0091536335,0,0,1,1,8,30,1
outputCount=2
weightIndex=0,16,72,128,184,205
weights=-12.2590552107,15.9124331411,14.7500915478,3.4867283843,-0.2691789303,-9.7569798781,-10.9968675059,-7.3812317345,-7.0505087738,-1.7990379591,2.1487582887,12.1620781959,-9.8477096885,-6.970524302,14.0736471568,3.4928685219,5.3532251732,-1.3335532269,-10.2046771159,3.5598473708,2.3512347734,-3.1925026301,-16.27086028,7.9440631398,3.1245083285,5.7013141999,2.221655493,3.7155032761,11.746688236,-2.4910710275,-15.2790138209,-4.9139767485,-7.2725201103,-3.5557391336,-0.9725845415,10.2826896019,3.5578151679,-0.9119634376,2.7268622339,-1.627903384,-3.4470327452,8.525216515,-9.5124719252,-1.7454886133,-4.3539421388,7.1290868681,-6.6778072437,0.1610793775,7.8773931052,10.8876415095,2.0108339201,-5.3450933275,-0.3659682705,-1.0061214523,-16.4923003447,2.3014573195,-0.02820613,-1.0010166636,-3.9636903474,-9.3248528005,5.2242678666,0.5437690753,7.0251264202,0.5659532514,8.0773806586,-8.3935560188,2.9441429218,-2.3693790541,4.9015614858,-8.0664097772,-5.7723694188,-0.4071252935,3.1514304029,-1.7572732848,8.1408731942,-4.5498540036,2.8619939441,-3.5115028363,-6.2377336013,-0.4680588343,-10.9843774352,-1.4889098995,4.132499999,1.7521552871,7.33781794,-4.9942158608,6.5643724966,3.0724291259,1.0239609192,5.8382287823,-12.4098956153,3.5982468102,5.6424939861,-4.4237179931,-0.9845123843,0.4673905601,12.5328448633,0.1779629098,1.9746574764,6.471155781,-3.469449055,-3.4970568072,-10.8016334439,2.5096426005,11.6608898205,3.0925588876,-9.1195382652,5.5857445707,1.014347015,-8.8418572881,-2.5287773402,-1.62136883,1.0521543242,-1.5118981888,2.0818748735,4.0393971383,-2.8388163438,-5.6087959317,-2.2841440128,2.4203067264,-2.3098996878,-2.8071741221,3.76355217,13.3232654494,-2.2204847518,-16.5786800542,-4.5019385122,0.679951898,6.3106298481,0.8541311503,-9.1514565814,-10.4674053266,-1.106736008,-0.2720595336,6.2660532436,4.9266211816,2.0837203925,-0.3407597056,-3.1900547108,-6.2485404544,0.0018984779,-0.3724665091,1.1047370725,1.0231920962,-5.395300701,0.2572110073,8.3505467568,5.8729529378,0.5226769923,0.6810849489,0.429753045,-4.2305803638,3.9091511962,-0.4137837464,-22.5265018976,2.1794044394,-0.3003396294,-0.2263414611,-3.0271232164,0.6919436929,-2.4016575223,-0.893102065,4.0462255594,-13.3569659761,0.3803749015,0.6068156121,1.0516526157,-0.5352822134,-6.0674644853,-0.7273462649,18.0376540912,-1.0006051455,0.0210879532,1.0869712684,-0.3915241254,-4.7862703726,-0.9924711706,-0.7511902622,13.3742363478,-6.2174914106,0.8337081173,0.2138462262,-5.3343701989,0.6634612331,-1.6833135868,5.5956947122,0.6251617694,-1.1115862712,-0.8916794094,-0.0841092717,1.8450231642,0.1879018471,-19.5939049566,1.2867545122,-0.3765926818,-3.6806642366,-1.0558503342,-1.4581614239,0.6750493824,-1.5907759865,-1.0574325015,0.5110716528,-3.5140168867,7.9629087077,-0.7388039281
biasActivation=1,1,1,1,1,1
[BASIC:ACTIVATION]
"org.encog.engine.network.activation.ActivationSigmoid"
"org.encog.engine.network.activation.ActivationSigmoid"
"org.encog.engine.network.activation.ActivationSigmoid"
"org.encog.engine.network.activation.ActivationSigmoid"
"org.encog.engine.network.activation.ActivationSigmoid"
"org.encog.engine.network.activation.ActivationLinear"
