encog,BasicNetwork,java,3.4.0,1,1572773623207
[BASIC]
[BASIC:PARAMS]
[BASIC:NETWORK]
beginTraining=0
connectionLimit=0
contextTargetOffset=0,0,0,0,0,0
contextTargetSize=0,0,0,0,0,0
endTraining=5
hasContext=f
inputCount=2
layerCounts=3,8,8,8,8,3
layerFeedCounts=2,7,7,7,7,2
layerContextCount=0,0,0,0,0,0
layerIndex=0,3,11,19,27,35
output=0.6910129453,0.7640460969,1,0.8401472454,0.1754283271,0.998839926,0.9373916345,0.0002091065,0.9999998461,0.0000000066,1,0.0000001245,0.0951897636,0.9999650024,0.8990523089,0.0068275481,0.9999999932,0.0000059037,1,0.9886657331,0.2715865953,0.9907667374,0.0001084068,0.0442412457,0.5636131115,0.9999711838,1,0.8203689715,0,0,1,0.002183876,0.0000002947,0,1,8,30,1
outputCount=2
weightIndex=0,16,72,128,184,205
weights=4.2119015079,10.9977554381,-11.2522495678,3.1137964898,-16.3512087378,8.0702455002,4.599973605,-4.4095519127,9.3843133424,-5.5646528815,1.7178375804,-13.3998283856,5.5710180456,8.4877220658,-9.2287171629,-3.3768589592,4.2803911109,2.0452391085,8.2221487058,-15.8727571882,0.9943375886,4.0478161713,-7.5462942098,3.4586552673,-5.6280482639,4.7651304348,-8.0013240549,-2.111259672,-3.7267761148,2.1527101687,6.6962852726,5.7706475274,-2.0777256773,-3.6349435915,3.0778201939,-0.2532080492,-7.49538422,2.1315960857,-0.7405948737,2.1736385738,7.0685264653,-0.0209802952,11.6187240056,-10.1989270428,4.3932437759,-0.9052242247,3.2810285162,1.1344597793,7.1476129699,0.4754007078,0.0322646308,-10.5905609856,3.8526650413,0.4726762075,-1.7133804458,0.4725225207,-2.8479246069,2.5557532222,0.2407530168,4.7382804003,-2.8016052729,7.9886785694,-10.7085686309,2.9736827495,3.3892849688,13.9660745477,-3.6026111042,-6.539850475,-1.7944204465,-6.6260806401,-2.5182260236,-4.0427567551,-1.7525812129,3.2241456865,-12.3779715161,12.3286107427,0.1510082205,-4.5539606434,-3.3735722554,3.15428798,4.1215137677,-4.2424793752,-7.2953598775,2.1022187204,9.1407001788,0.4839795003,2.5699351666,-1.1937139843,-0.6750699226,-9.6911029213,7.5586736591,2.9513970697,9.7713037442,7.1478052824,-0.3385739468,1.9480585921,6.7145974084,-6.6146130968,4.948954577,-9.3730788156,2.3314492182,-13.8697741399,-1.8121920479,1.9686233205,-3.247416955,-3.2098515753,4.4764159015,2.2370215076,5.1182410086,2.2400841487,-5.3020392126,-1.519994388,1.965459249,2.4910521937,3.8384515426,-3.7258544399,-2.355665507,-1.3861368809,11.3201008947,1.9486140537,2.644984238,3.5082214439,-5.9703713551,1.0972762315,-0.2757424452,-0.2334560558,-12.2021117871,2.6529456234,2.9653138517,-3.9534884594,0.469613381,4.1617592036,1.3863983966,-0.7606347377,-0.8097178046,-2.1289124951,5.3882686568,0.6079516703,0.5964221425,-2.5960690235,14.2322349991,-0.6358704631,0.2416162273,-2.8419683531,10.3371526693,-0.3925621573,1.0005020484,0.6074649162,-12.0842694254,-0.707048142,-0.7463603329,-4.3856868015,-17.1993265187,0.204864262,0.0260070847,2.4729104411,-5.4795829955,0.6001879869,-0.1637194972,2.5193386778,-12.2968801362,0.5022859802,0.5768481712,3.9130950584,-8.8480681761,-0.7921276385,-0.1557873117,3.1213591517,-13.3047477863,-0.0829940051,0.0084069829,5.6906349672,-0.9637090344,-0.0821298032,-0.0159051188,5.4821107706,14.106182159,1.3639106099,0.3213390666,-0.0954884985,-12.3299848997,-0.4603697243,0.293037653,-0.9953134207,-2.0933180372,-0.2176387907,24.7945573185,0.7084279573,-4.4870367657,-0.4585675518,-0.4538932838,-3.0105963741,0.5736312348,-4.2472506534,7.1042784092,0.2809487083,0.6357772245,-0.3218926647,-1.5539055696,-0.7783220998,-0.3005540055,0.2059138603,-0.9092543346,-0.734965433,0.9063192656
biasActivation=1,1,1,1,1,1
[BASIC:ACTIVATION]
"org.encog.engine.network.activation.ActivationSigmoid"
"org.encog.engine.network.activation.ActivationSigmoid"
"org.encog.engine.network.activation.ActivationSigmoid"
"org.encog.engine.network.activation.ActivationSigmoid"
"org.encog.engine.network.activation.ActivationSigmoid"
"org.encog.engine.network.activation.ActivationLinear"
