encog,BasicNetwork,java,3.4.0,1,1572773636084
[BASIC]
[BASIC:PARAMS]
[BASIC:NETWORK]
beginTraining=0
connectionLimit=0
contextTargetOffset=0,0,0,0,0,0
contextTargetSize=0,0,0,0,0,0
endTraining=5
hasContext=f
inputCount=2
layerCounts=3,8,8,8,8,3
layerFeedCounts=2,7,7,7,7,2
layerContextCount=0,0,0,0,0,0
layerIndex=0,3,11,19,27,35
output=0.3150704465,0.1395344733,1,0.6289600533,0.5138852769,0.9575909274,0.0000003428,0.0340350301,0.5065062371,0.0175333827,1,0.8674000453,0.9999999742,0.000000011,0.0398865664,0.0005387473,0.9719173489,0.9754824353,1,0.7479338776,0.8744210559,0.2786328444,0.0217267771,0.4950448364,0.9997007214,0.9998392066,1,0.9999638834,0.9999998075,1,0.8726832629,0,0.0000000012,0.2161760567,1,8,30,1
outputCount=2
weightIndex=0,16,72,128,184,205
weights=7.378861939,4.1052363179,-7.7412418321,-9.491780696,-11.3909341684,-3.2796773773,5.6212174786,1.8361054373,-6.5559998859,7.7941617692,0.1868377389,11.6314673364,-0.68748132,-12.8202866844,-16.3881122833,4.9243697456,-6.4122636317,1.5656895335,-1.545360819,-6.9023103541,8.6745429595,2.626555251,0.8732211919,1.390095827,1.2342783973,-2.3343979901,0.8311388946,0.77301897,8.0272124972,0.3221694232,0.7256983611,0.2631544069,0.9776616562,1.378597228,3.997166921,-2.9489411662,-7.0923336494,-1.6497500168,7.2680747206,-4.4745770896,-1.6050137315,5.7370916318,2.3760008251,-1.1176765672,-0.8614665851,-8.6090073761,-15.2551160481,4.0622403613,-6.8784302937,3.7321404992,6.3006482767,1.2019763905,-8.1688404561,6.7804479012,-9.3914457144,1.4160866131,1.122634376,-1.2103919114,1.2831662189,9.8034047216,-9.6983929581,-7.0195714561,8.5992519412,-1.6891299399,-9.7292309014,4.3401246837,4.754688816,5.0534028844,3.4116150982,-0.2550927207,3.7388533878,-3.5296066727,-1.8996605614,9.5491540193,-2.9602397384,3.3126582822,-9.5658929955,-3.9484556694,2.2387924707,2.1462367531,-1.507750101,0.2990962674,2.3693873838,-5.5986560123,-1.9207724306,8.3709394371,10.0374758575,0.3479235777,3.9259681876,-5.6298382292,-10.7579578799,1.5906197999,5.1765824313,-5.4388827557,-8.6158261452,-1.8851927563,-3.597610931,7.7421286181,-4.7407084623,3.0517889929,1.0183741711,-3.2125467278,-4.8694340204,1.5705899587,10.7067859387,-12.288383712,6.2739389544,-5.9853597282,5.9158326896,-5.868424725,-3.4842074529,0.0151589165,1.0503091685,0.4486548686,-0.0977896191,-1.7846792466,-4.4849171456,-1.0321011258,3.5808765283,2.1039930047,-13.1406247235,8.7447754036,-3.6189984224,4.0859039313,-7.4319621744,4.1525087335,3.7361741332,2.5771584683,2.8231413444,-2.6669744977,5.8680966596,-13.4293704857,-0.9835828837,-13.0243560736,7.8011805264,5.0966194999,-3.8396148176,1.2134842509,-4.0967789567,15.9018886849,0.9253025978,9.8462445509,-7.3587170871,-3.6231351702,-1.297456848,-2.7653462885,-3.1088870519,10.4160321082,-0.8132585698,2.8766207465,1.5535200657,-3.2053412288,0.6980110698,-6.7179622768,2.9184122405,-4.8405834352,-0.2238072784,8.6768518472,0.8806094809,3.3282487996,11.7894684414,1.0347912412,-4.9232332523,-5.8113319862,0.1147265902,-1.2705839598,8.5835910808,-4.7045364507,-0.3209145668,4.153074245,-2.5837737236,10.6816056319,0.3244273994,-4.6337704983,0.5789323408,-2.5813701705,0.2844071832,0.8501157653,-1.644675165,12.6275389713,0.6008110821,-0.9535663323,0.2322682103,-1.8246606039,0.6446694333,0.3437042907,-5.2397609749,-5.7704958796,2.0137373141,1.2149666434,1.0596048412,0.7187838883,0.0361564027,0.8403582536,0.2832884817,-13.2966257794,-1.0476553241,-0.9091158014,-0.0471719343,2.7746517967,-1.0563959323,-11.0516249607,0.6697616771,0.1272276181,-10.4630132409
biasActivation=1,1,1,1,1,1
[BASIC:ACTIVATION]
"org.encog.engine.network.activation.ActivationSigmoid"
"org.encog.engine.network.activation.ActivationSigmoid"
"org.encog.engine.network.activation.ActivationSigmoid"
"org.encog.engine.network.activation.ActivationSigmoid"
"org.encog.engine.network.activation.ActivationSigmoid"
"org.encog.engine.network.activation.ActivationLinear"
