encog,BasicNetwork,java,3.4.0,1,1572766755215
[BASIC]
[BASIC:PARAMS]
[BASIC:NETWORK]
beginTraining=0
connectionLimit=0
contextTargetOffset=0,0,0,0,0,0
contextTargetSize=0,0,0,0,0,0
endTraining=5
hasContext=f
inputCount=2
layerCounts=3,8,8,8,8,3
layerFeedCounts=2,7,7,7,7,2
layerContextCount=0,0,0,0,0,0
layerIndex=0,3,11,19,27,35
output=0.6223059906,0.6477539288,1,0.1739648328,1,0.4116193801,0.9999999887,0.3536969651,0.9999999984,0.0015705256,1,0,0.9458355793,0.0045874584,1,0.9265400995,1,0.9999213798,1,0.0000005108,0.806045193,0.9999999999,0.791034809,0.0000000049,0.2788131434,0.0716105106,1,0,1,1,1,0.0467142574,0,0,1,8,30,1
outputCount=2
weightIndex=0,16,72,128,184,205
weights=-1.2107086692,-18.9643091069,-2.067829779,-6.6711028784,49.1551878735,16.3317569017,-26.4576711772,-6.4797061938,-7.2118610373,-10.9969035408,-26.0961542898,8.6707069779,1.3849958637,-2.8006101128,6.9698244603,17.2314655869,-3.4182126464,-5.0925953877,-16.2062713944,4.8471110167,-7.4355275817,3.396166502,4.2906360127,-2.3109424104,-14.0790891868,0.0748691261,4.6445128756,5.2131783185,21.612212773,0.470157132,5.9594066434,-0.3187377176,12.6802742295,9.3479408463,0.3108632305,-11.4951805141,-4.2458959553,-2.0791284911,13.601720393,-5.2926652396,-2.7689640108,-2.3751074634,-5.1170041477,13.2689096418,5.3896940848,4.1554511187,-1.654961167,-0.1966483179,11.1619091903,-7.8570391414,0.392664055,-5.7397407203,5.4961584714,-3.8111997327,10.6963547829,0.5898532678,-3.1095199654,-1.5698995231,-15.3346944205,-0.4675457305,11.9910794466,15.7075677512,-1.5522111504,-3.0174511172,2.2152429664,5.578485716,4.3237154222,-15.5813482798,4.7081784179,-1.9474701651,1.6551998188,-0.2395056451,-0.205063935,-2.2814770427,-5.8294349036,-7.933746479,21.8518521488,-6.425631182,3.4318736694,-8.4601655878,20.4678062431,10.1982233313,1.8091097537,-10.297836981,-2.3778640759,0.173735739,9.2358659425,0.2668180353,16.942649219,-21.9224514145,6.5683152788,-6.5139345219,-0.5483770414,12.8845037054,3.0765865328,7.0623955636,2.7213817547,0.8918170697,19.1658303681,-0.6833344844,-9.8843713682,3.672535227,-2.9722938274,4.8320107999,3.3421908894,0.6296935863,18.9860770585,-12.935977996,-2.8683828749,-9.8471514885,5.514049842,-4.3754623805,-32.7494038686,14.5824286782,14.161338439,-2.0231461168,-21.8852052698,6.5997032906,7.5120615588,4.70241273,-7.3966812884,-6.101439232,16.5996438505,-3.837249532,-1.6532173474,4.0568272476,-8.9108793273,0.3116131962,-1.4766778008,-2.3283832333,-5.1313039008,-3.7238000717,57.677201181,-5.1529500011,-18.0832130153,-5.9981645941,0.5790404773,-3.5150125772,4.0196283099,-0.4618444177,-24.7658986646,8.5501082608,0.4319565437,2.5386638844,1.8655822776,6.334376183,6.4731447008,4.6238655339,-26.5797500062,6.0841350227,-19.4175907366,6.6006305151,0.8100974994,-0.735982938,1.2422257235,-0.574399082,-10.7894443694,1.2894717648,7.939231658,1.9033514635,-0.6023635988,-8.5315378615,-4.4720322473,-2.7753177061,27.7505977558,-2.7893197406,20.0141230305,-4.6483564144,-0.2882299791,0.6649816526,-2.5117623639,1.9673102815,23.6017940119,-4.3784376585,-0.3508037122,-2.1734262983,-1.7608603584,-0.6104505607,-0.9996846407,-1.2162463178,18.6727021318,-2.9670354039,-8.2590822048,-0.608109389,-0.5318107803,-1.7461121101,0.3277751689,-1.3962584009,5.3650104575,-0.7635080203,0.8811740933,0.9450575067,-0.5811041849,-2.5771548002,4.7414554782,0.9063674946,3.3100715515,0.2021987376,-35.5623998176,1.6401712722,-4.0063976544,1.5862092105,5.572596129,-5.4474494494,4.3928448722
biasActivation=1,1,1,1,1,1
[BASIC:ACTIVATION]
"org.encog.engine.network.activation.ActivationSigmoid"
"org.encog.engine.network.activation.ActivationSigmoid"
"org.encog.engine.network.activation.ActivationSigmoid"
"org.encog.engine.network.activation.ActivationSigmoid"
"org.encog.engine.network.activation.ActivationSigmoid"
"org.encog.engine.network.activation.ActivationLinear"
