encog,BasicNetwork,java,3.4.0,1,1572773650953
[BASIC]
[BASIC:PARAMS]
[BASIC:NETWORK]
beginTraining=0
connectionLimit=0
contextTargetOffset=0,0,0,0,0,0
contextTargetSize=0,0,0,0,0,0
endTraining=5
hasContext=f
inputCount=2
layerCounts=3,8,8,8,8,3
layerFeedCounts=2,7,7,7,7,2
layerContextCount=0,0,0,0,0,0
layerIndex=0,3,11,19,27,35
output=0.3124826387,0.0740683075,1,0.0000002691,0.9999818943,0.9182846437,0.8615303842,0.0657597959,0.8204011764,0.6020306687,1,0.9776420981,0.1597874838,0.0774805558,0.6547571058,0.0012447215,0.1858915268,0.6493378443,1,0.0000686535,0.997816032,0.0087020574,0.7285858988,0.0000008629,0.0016087865,0.0000000754,1,0.8973872753,1,0.99999999,0.0000011167,0,0.9999440788,0.9995270992,1,8,30,1
outputCount=2
weightIndex=0,16,72,128,184,205
weights=5.4331492197,-15.0534309921,0.7990725582,8.7050002896,4.9262571894,8.8074590724,-7.1924623068,2.811703943,11.6140282516,-1.7134842956,9.2631567042,1.5143474786,-5.7772709921,-10.3982424153,-6.165529474,1.9992468076,-7.282804286,4.8834025249,-2.502846631,-5.6162214243,6.7634128872,-1.6192339457,-4.7868935246,-1.5163057502,7.4000581593,-14.9350088751,3.4412300807,1.9043411057,-8.1782612976,0.6258075111,1.1742224586,3.6889533612,2.4513045243,-2.63352625,-3.7805362308,-0.0809880135,4.9477047244,2.4782695148,1.1409284023,-0.4181787794,1.2094095819,-8.4754978394,1.6797037733,3.9599763138,-1.2752271857,-2.2528821727,-0.2263970742,-0.1556116595,-4.0518782145,0.7291287687,1.5067764566,1.0052674683,-5.5520844908,-0.2303275229,0.4322190394,0.185174791,6.9300670885,4.2121980599,-10.5174037053,-0.31627086,-1.2984830008,-4.3377046077,-1.4555449435,-3.1540399277,4.275219751,6.1617125461,3.0082812016,-2.3340302556,-0.5579623146,-1.3553675227,-2.8501370815,-1.3517785974,-7.2896064627,-0.4613979477,-6.3112728485,6.7539554703,2.7302769799,-3.7588987376,-4.3582339998,-0.621015854,11.3215816252,0.1793465337,-9.9907549521,-8.1409798724,0.4419838027,3.2971238628,-8.5778094861,4.1734968962,-1.5478043887,-0.2086065547,4.6437420093,-0.8756713775,-1.6247567738,-0.2371044146,7.6328607799,-1.67085023,-2.8458546172,-5.3834643453,-0.0218653514,4.4699222987,1.1467985208,0.8069238176,-0.2111024613,2.7540873114,5.9797315903,-2.6914649502,-1.2104944213,-7.664024332,1.2732423981,3.7632437249,-3.3724849014,1.5859571014,-0.3219301789,0.3895251682,2.9745349485,-1.9421582965,-5.1453436343,3.9183292786,0.1170979215,-0.4827374087,0.4210419478,0.6417821135,0.6557915203,-0.8308299018,-5.6951292139,0.849572663,-1.2414336828,0.5739829562,-15.2722855984,1.3491818729,-5.6199250271,-2.0417896923,-0.433119628,1.5654904594,4.5164271735,2.3098360705,0.7142249632,-2.4816149576,6.5421431207,-2.4262700288,-0.4138034079,1.5458780453,1.1478833271,-1.2701683358,-6.9305351612,1.7903690057,2.8783817696,-0.5485270664,-8.9142337371,2.0456992586,-7.4344440838,2.2005117473,5.8424469262,-6.545958674,3.9278372588,5.0552999341,0.4095768029,8.3050916167,-9.0082727274,-0.9379763697,-2.3380169796,1.4824410766,1.12045343,-1.4733161226,3.176257362,-8.7469567843,-8.1379691249,2.4128244662,-2.0571410752,0.0138680016,-0.6475764588,0.5431370549,4.837264917,-3.1592291556,-1.5011197321,0.7085573679,-2.7348699204,3.9327854714,1.7312489554,3.2039443633,-1.4612975422,-8.8850007992,-9.4111395858,-1.3188597707,-1.5798429244,0.1541688764,10.1822026692,-1.2855217554,1.2074878108,4.4992306612,0.01770389,0.8008686583,-5.7434278542,0.9129758174,-0.5348680026,-4.9628756544,6.3477225362,-3.1341469505,13.0944431754,-0.8620033448,0.6647369182,-3.2545704008,-2.711607435,0.4330229861,16.3583217042
biasActivation=1,1,1,1,1,1
[BASIC:ACTIVATION]
"org.encog.engine.network.activation.ActivationSigmoid"
"org.encog.engine.network.activation.ActivationSigmoid"
"org.encog.engine.network.activation.ActivationSigmoid"
"org.encog.engine.network.activation.ActivationSigmoid"
"org.encog.engine.network.activation.ActivationSigmoid"
"org.encog.engine.network.activation.ActivationLinear"
