encog,BasicNetwork,java,3.4.0,1,1572773687912
[BASIC]
[BASIC:PARAMS]
[BASIC:NETWORK]
beginTraining=0
connectionLimit=0
contextTargetOffset=0,0,0,0,0,0
contextTargetSize=0,0,0,0,0,0
endTraining=5
hasContext=f
inputCount=2
layerCounts=3,8,8,8,8,3
layerFeedCounts=2,7,7,7,7,2
layerContextCount=0,0,0,0,0,0
layerIndex=0,3,11,19,27,35
output=0.0588122216,0.0005104481,1,0.0000013833,0.9999999549,0.9608342683,0,1,0.780352817,0.3066279649,1,0.0670243169,0.005893485,0.999999997,0.9999999023,0.0000475465,0.9999998961,0.9999997543,1,0.9999996638,0.0048376482,0.0483630352,0.000415333,0.0003908706,1,0.9720961719,1,0.9999846509,0,0.9742490628,0.0004725948,1,0,0,1,8,30,1
outputCount=2
weightIndex=0,16,72,128,184,205
weights=12.7936334762,15.8997806283,5.1033120291,-12.6469717106,-21.3589397127,-3.0927308222,0.7334562537,-0.0285649525,-0.5895874591,12.2852398676,6.5732699498,10.365221373,0.4315844941,-22.7074699167,-25.3940141128,-1.1060040885,1.5672990824,6.5736147447,-3.6367508289,1.1518452767,4.3275251688,-7.4295843669,-10.6541269142,6.9336016034,-0.1305182304,-2.7160182209,10.4657564237,2.6821958714,-6.9603094669,-3.865133165,8.744189531,-1.0884778414,3.1880623352,0.7118315381,-1.9667041368,4.0388431342,-2.6020609956,9.2067491344,-0.5243261143,-7.7723101884,5.850640067,-6.4359571202,-27.1300830758,0.8960583212,6.9382692158,-5.7737706811,-2.7428754704,6.9776009778,-11.1350210733,-11.1372215783,10.5522950671,2.5605735427,-7.782213611,12.0523748641,12.4251914674,2.3132876543,-11.7439390507,-3.6261620754,11.4921901175,1.6720949599,-6.6851867907,-0.649342115,-7.0407308741,-3.3976720044,5.9145068479,-18.2269496872,-14.0714892117,18.5910931312,7.3319307401,-0.3745544754,1.3891739879,-6.6394970206,3.9789699384,10.9640625385,1.9688665381,0.828329557,-0.8574451815,9.0198376362,-12.9388907132,-3.2025532717,-7.1398503582,-2.3267777953,2.0503134896,-0.5743815491,-7.1026734725,14.342094828,-10.757998866,-1.9573226824,2.3425590368,-15.836179825,-10.8154654808,-0.0070305906,7.6208924366,5.0811906625,18.0640038589,-4.750924651,9.7372439366,0.4633717343,2.6560795115,-11.7142446152,-6.7428402949,5.1192447581,0.3483065756,0.8230355805,-18.2603004321,3.2288104566,6.5783658878,5.7988094872,3.5831110894,2.201533315,2.8599565305,2.9872758416,9.7471600081,5.2529454563,-5.0076535917,-3.9011330663,0.9147425685,13.7901881271,-4.3015506164,-3.0577805887,17.4351310966,-8.9911804219,-9.2585714087,-6.8457755831,1.6157014822,-4.2071132912,5.4900901817,-2.8521678225,23.1474876519,4.6065047622,7.8904956114,-7.9784257853,-8.4030949446,-0.4915094203,20.3917847361,-7.5219195301,-14.4625525905,2.0475229173,16.9227236839,7.0646394781,-4.2941795118,0.3067581896,-1.3948926157,-3.0602534925,-5.341278748,-0.0062326766,8.0550185767,7.5656158763,-2.8195472281,-0.2392030021,-1.563098276,-2.6698736137,-9.6638268109,0.8697887162,-1.5294473672,3.0190318363,1.730845635,0.7293309577,-2.0606677306,1.635454207,-3.656151363,1.4391537615,-10.198294961,-2.4543042288,3.3282262061,0.2398197792,0.3320935476,2.4179652704,23.0502187363,3.1106637934,16.2805307337,-0.7920128744,-0.6117456821,0.849861506,-1.7677887013,-0.9764684497,16.0541649048,-1.7301099542,-27.3095587605,-9.1641093253,7.7223416396,-0.0720081938,3.564643895,6.3850736646,-4.5953025946,0.3215043304,38.2017279238,0.8522720944,-4.4518951903,0.4139570367,-1.7543067152,0.1383994406,13.5156664615,10.3760346116,-3.0240375222,0.0560492209,0.9097986728,0.6415107525,0.915553524,-0.6842410626,-0.7766969059,0.1917098103,4.3691941462,-7.0589724083,2.4985650002
biasActivation=1,1,1,1,1,1
[BASIC:ACTIVATION]
"org.encog.engine.network.activation.ActivationSigmoid"
"org.encog.engine.network.activation.ActivationSigmoid"
"org.encog.engine.network.activation.ActivationSigmoid"
"org.encog.engine.network.activation.ActivationSigmoid"
"org.encog.engine.network.activation.ActivationSigmoid"
"org.encog.engine.network.activation.ActivationLinear"
