encog,BasicNetwork,java,3.4.0,1,1572773706440
[BASIC]
[BASIC:PARAMS]
[BASIC:NETWORK]
beginTraining=0
connectionLimit=0
contextTargetOffset=0,0,0,0,0,0
contextTargetSize=0,0,0,0,0,0
endTraining=5
hasContext=f
inputCount=2
layerCounts=3,8,8,8,8,3
layerFeedCounts=2,7,7,7,7,2
layerContextCount=0,0,0,0,0,0
layerIndex=0,3,11,19,27,35
output=0.6829251164,0.4888678015,1,0.9999367157,0.9999999835,0.6770735279,0.275615137,0.9330086944,0.2838923498,0.3916583699,1,0.9912861927,0.0096954628,0.0000001508,0.0002325677,0.9986875343,0.0000000296,0.0664577385,1,0.0012699521,0.9982745846,0.0003199028,0.8749141802,0.0258414277,0.9493282108,0.2126747919,1,0,0.0683050641,0,0,0.0000000285,0.7326263762,0,1,8,30,1
outputCount=2
weightIndex=0,16,72,128,184,205
weights=9.2038470216,-3.5554729629,9.9909954433,-6.4558468367,-13.460243,-11.6872723659,-5.3478012897,8.1051082608,15.0346760851,-21.551419405,-9.5234852128,6.3880911019,10.3340139245,0.3105553387,-1.1838368742,1.8943738918,-2.2031918947,-2.7339804001,-13.1790212045,-5.8320399225,7.6806562225,-12.1867124937,10.9930716755,3.4785197697,2.6442548514,2.1960262418,-6.9502273365,2.9220663217,13.74657753,2.2438798131,-10.3601985777,2.2388891948,3.219481573,11.1258554532,-1.108849224,-1.0523683749,-4.9079085645,0.3362389643,9.6066945335,1.7043300842,1.0241049292,5.914470143,-5.6644552304,2.7197902467,0.4922941431,-6.3372555651,14.7763567703,-3.5131247407,-6.399763221,-2.5874187642,6.0466152273,-12.3026800356,-0.9825545836,-9.6109277004,-1.3334264538,10.0756769153,-1.9275675538,-2.8291568297,4.7643547126,-6.455101732,2.3008164766,-0.4711370859,-6.0665257037,-0.8801629143,1.102474427,-0.3897625792,-2.2023372412,-3.353942739,-7.7095304554,-0.3368486091,0.6897805283,6.1249156575,-1.2394983683,1.3117923455,-6.9798988114,7.9551955083,-2.8595727773,-3.0550873713,-3.4185866627,0.1694824237,-5.8773928707,-3.5286427609,-7.3455612028,-1.806903417,3.963198174,3.9112909883,-8.5417750734,-1.5119941484,13.893698937,-1.8259428138,-0.255906,-4.288461597,-15.4728049672,-9.5191440151,6.7868215714,-2.1569104807,-0.6593278781,0.2664174004,-9.1369739183,1.1402373637,-5.0061936457,-10.1298296846,5.8655861379,-1.1274660801,6.5636594504,5.328246131,0.5073986805,-7.0616642757,-5.6532735158,7.0667643914,-9.0610014313,2.8497904722,-3.8557004529,-9.889925975,10.7634998509,-6.4526249327,2.6649639787,0.1369236019,-6.2555143727,-0.682905496,-5.8619627154,3.8120486931,-8.6685630665,0.9778855284,-3.9989933054,-4.6462620635,10.4352671253,-4.998390647,0.7483112922,14.9673274653,0.4968665206,0.8580788,-0.4244059352,3.0088281168,0.9485092601,-9.8941964562,0.9358385527,0.8712680602,0.3710313184,-0.3805216998,1.0244783605,9.813869296,0.340120006,-0.8888510311,-0.9403577093,12.1011853637,0.8661974978,1.1749945528,0.8170224429,-15.7784575352,1.3641586684,2.6859685046,0.4841079891,4.2698965791,0.6167260043,-4.7185418434,0.5601859347,10.9810027355,0.549103584,-6.3915020747,5.7533004305,10.0560922674,-0.515323299,-8.6687509393,-0.7026400556,-12.2797688872,0.4361817742,4.6800054082,0.6541604679,-6.5003508331,-0.4660973915,-4.5152270927,0.9276953501,-2.8601669392,0.2376165445,5.4698258524,0.8772794945,3.8413003706,0.6076682541,-2.6247792917,-0.8598935391,6.2045389178,-0.9585668668,-6.1168662949,2.2742234245,-3.2305589221,-1.4026978164,-0.058776694,-0.2208153278,4.4816518542,-0.7203968662,-0.7834754646,-0.9194414882,3.0687421684,-5.4983505652,-2.2527767182,-0.8853397512,-0.3134661364,-0.8851626132,-1.1995502402,-0.2121334846,16.9683952917,0.5072123464,-3.8722622471,-1.1521056383
biasActivation=1,1,1,1,1,1
[BASIC:ACTIVATION]
"org.encog.engine.network.activation.ActivationSigmoid"
"org.encog.engine.network.activation.ActivationSigmoid"
"org.encog.engine.network.activation.ActivationSigmoid"
"org.encog.engine.network.activation.ActivationSigmoid"
"org.encog.engine.network.activation.ActivationSigmoid"
"org.encog.engine.network.activation.ActivationLinear"
