encog,BasicNetwork,java,3.4.0,1,1572773721368
[BASIC]
[BASIC:PARAMS]
[BASIC:NETWORK]
beginTraining=0
connectionLimit=0
contextTargetOffset=0,0,0,0,0,0
contextTargetSize=0,0,0,0,0,0
endTraining=5
hasContext=f
inputCount=2
layerCounts=3,8,8,8,8,3
layerFeedCounts=2,7,7,7,7,2
layerContextCount=0,0,0,0,0,0
layerIndex=0,3,11,19,27,35
output=0.7851161681,0.7760095316,1,0.8937173172,0.9481702383,0.9999999997,0.0076091234,0.996993664,0.7264295129,0.4370281671,1,0.9999955501,0.930491903,0.8190859834,0.2335382094,0.9287090263,0.4703358143,0.0070122439,1,0.9999960288,0.2770843542,0.9999999999,0.0000041726,0.0116999826,0.9999998791,0.2109276562,1,0.9999999996,0.0000000025,0.9939150796,0,0.9999998039,1,0.9992625515,1,8,30,1
outputCount=2
weightIndex=0,16,72,128,184,205
weights=15.3188947962,-3.680299281,1.4603521054,10.6763236252,1.5391839543,-13.0068499092,-0.6457167948,-2.2508673355,-14.3801957119,12.0763592325,-9.7596830312,-2.8948092737,5.0222266549,-0.5157555895,8.085305663,4.2596824281,4.6708214017,6.3819613542,2.4567163505,-11.1586397184,-4.1434863449,1.3824081541,-12.6092093769,-4.599854054,-3.8694327686,-0.9804106631,13.5940435194,-7.0116454908,-0.3265396371,4.4192947937,-7.6680468382,-3.5304762031,15.6209500465,4.5475257406,3.4282920958,-0.7352021524,3.417881303,0.1554995991,-7.3806767839,-3.7892921681,0.7421235505,-1.5003841599,-1.6040252462,1.9177916346,-8.9586661964,6.3069500547,5.656129795,1.9631104676,4.5069150229,-0.5428803757,3.3990135004,-2.1554754485,-2.9492553858,5.5129159848,-2.608897203,-0.3140527813,-3.3798282995,2.8195631511,-2.5825272245,-7.2720973317,-2.0895750304,-4.2323343057,-2.9784541948,9.4985504037,-2.6286255243,-2.5951777731,-3.5248282493,-5.1804839268,7.7589914315,4.1655123589,-0.7868416724,-0.2723653617,11.1892607693,1.4167498047,-3.4387656704,-7.051128707,-9.8860884876,4.8105492624,-0.7326123763,-0.3606991627,7.50273944,3.1870453446,-1.6891694328,-2.0861714555,-1.8660368988,-4.1384703134,-5.716765592,1.2637845952,2.3810943979,-17.0676037254,0.9227508764,-1.6071982549,-1.4715171276,1.6829146298,5.9061446306,0.02403709,-1.5396811989,10.314308515,-2.6993691303,-4.0942268154,-1.0392098335,-1.2089888634,-7.4089176394,2.9765817245,10.4825866029,-3.6734318819,3.2428612764,4.3465380296,4.4956256154,-7.9551568346,-3.0563135457,-1.5933299476,-6.4389137471,-7.1760724836,5.2183269381,-0.6192009872,1.7946014944,0.8051797988,-0.309477434,2.3292458189,-6.7127518259,9.2882066279,1.8229968737,2.7718540158,1.8458966984,-3.3084746281,-2.8210189816,1.244947599,1.5307879955,-3.1520520209,-5.718306671,0.1237995495,0.9131126811,0.6302307246,14.2641796213,0.7921620685,0.4194626033,17.8713566125,-5.7606956793,2.0813223782,1.2255429891,1.4730924312,0.2757799397,1.3729973557,1.8157930255,-19.2640051457,15.3980201912,-0.8299254654,2.0512374001,2.2523579758,-0.1768262941,1.7547954294,-3.062107977,10.8596378024,-3.2435251557,3.0886773291,-3.0831383875,3.498130982,-3.5009855901,-3.0176679041,-1.7821020575,-6.9919814474,-7.5394778029,2.9254598646,-1.5670735136,10.0575177105,-2.6381556283,-1.0149305821,-1.7778160343,1.0132505553,13.1373630977,-3.8165716744,-1.5974966155,1.6185581288,5.9253321675,-1.2935100641,2.1465154706,1.8100056825,6.6216028132,-0.6088574724,2.3428243097,0.9118996089,-14.8772427581,1.5643789425,0.9554312355,0.4421893918,0.7057878121,1.3569504387,-1.0643631833,1.2661753624,-1.5734971346,0.2011211464,11.6501808165,1.1542201567,-5.8334249612,-0.8065798215,0.9330413588,0.2453131869,0.6207921368,-1.0085009937,3.019322729,0.3372956413,-2.5793458684,0.7706410581,4.7271117416
biasActivation=1,1,1,1,1,1
[BASIC:ACTIVATION]
"org.encog.engine.network.activation.ActivationSigmoid"
"org.encog.engine.network.activation.ActivationSigmoid"
"org.encog.engine.network.activation.ActivationSigmoid"
"org.encog.engine.network.activation.ActivationSigmoid"
"org.encog.engine.network.activation.ActivationSigmoid"
"org.encog.engine.network.activation.ActivationLinear"
