encog,BasicNetwork,java,3.4.0,1,1572773732334
[BASIC]
[BASIC:PARAMS]
[BASIC:NETWORK]
beginTraining=0
connectionLimit=0
contextTargetOffset=0,0,0,0,0,0
contextTargetSize=0,0,0,0,0,0
endTraining=5
hasContext=f
inputCount=2
layerCounts=3,8,8,8,8,3
layerFeedCounts=2,7,7,7,7,2
layerContextCount=0,0,0,0,0,0
layerIndex=0,3,11,19,27,35
output=0.7142849275,0.6000022959,1,0.9176743739,0.5916945861,0.0000000094,0.9798078816,0.999999902,0.3812739417,0.5166339965,1,0.0000123767,0.9999447093,0.9897983353,0.9637925524,0.9999909365,0.0027846889,0.0000003744,1,0.0339816944,0.9998606386,1,0.9992490639,0.0000003526,0.023107104,1,1,1,0.5707144278,0,1,0.9970541144,0,0.0000000001,1,8,30,1
outputCount=2
weightIndex=0,16,72,128,184,205
weights=-19.5736027325,6.9039740505,-4.2158108704,12.438142425,17.7738014567,-15.1075210293,-2.3864378873,-8.1743341802,14.4291128508,-13.0752454567,9.251058403,-0.3682592265,-2.1396874544,-5.4843785765,0.0621667275,-0.5397568364,-7.4081038038,3.6815985757,-2.5988424962,12.4800803657,-7.0781975074,8.5020527302,5.2979111838,-3.6715658822,9.2150248006,11.931802473,-3.5710500129,-4.8072080605,-7.9317826052,-10.1576574668,-1.3153837358,4.567486144,11.1792266927,-4.0268013286,-9.0640873817,-1.620160005,-5.6622991504,2.8167741857,-7.0739367989,1.7349804781,0.3566040337,-4.7309213425,12.7677610888,-0.6740274082,-2.8606143525,-8.8791674739,9.1706749745,-0.4898558482,-10.8622241587,17.6313005243,-3.8022272652,0.1084801344,2.755396991,4.8830013843,-5.5892815927,-0.6014839439,1.0213999893,1.1755345483,11.5955182338,-5.0953658417,-11.1035529134,-4.3927577247,-2.5894766221,2.8897100248,-0.7918825328,0.0156432006,0.1380843464,1.1206584318,0.516712874,-0.847882363,-3.5455671171,-1.680175667,9.4276392066,-7.2619192487,8.4284668713,-0.995034215,12.426045433,6.0082591004,-8.5112947803,-3.4208617341,-5.304121497,6.9391510953,-3.5744715388,-3.8534584267,-22.9043852707,-6.1475228654,6.8856456435,3.7263594373,-6.2281025862,4.4208913314,2.5860016147,-2.0064506012,-1.5765471331,-3.5180776878,2.3695196987,-2.5029677241,5.5495743498,8.4436282935,-5.9057747981,1.5441174266,-4.4432627484,-5.6778827817,1.3102901388,-2.1656965116,-10.9987830911,10.1233527409,-4.1611750928,-0.2206480564,11.9198925795,-5.9828084082,10.4147346178,-4.0317750481,4.1345566746,-4.0228341563,9.2932732745,-1.0554793179,3.6074985289,-5.4830855485,-9.9509186868,-0.1600271554,11.9273819736,-12.3170981649,1.6850758207,3.2943283351,3.9634905677,12.7241853659,-9.8273118494,1.6686139224,-8.1353842252,-8.683097339,0.330884167,4.3188420565,-3.6137882616,-0.5569942571,-0.4209356007,9.0278927479,4.3686264498,22.4144003243,-0.3857728023,-1.8026854948,-2.4474245324,0.0417025972,-1.00600764,-4.0396474392,-5.4547491042,3.2030152,0.5753790654,-2.9550892589,32.3050111204,-0.1946397466,0.873975596,3.8495047444,-2.5558955686,2.8950610881,0.0192953417,-3.7541510336,11.1382528306,-0.2660142708,0.3288559388,0.7457914406,7.3772500102,-26.6156244106,0.5954443159,10.6868802468,-24.4764834383,-0.0798041487,0.9170881894,6.6723343397,-5.8380750115,-7.3533645074,0.9263153151,4.3365609193,-2.6016766058,0.0943578622,0.8201267165,4.5479607557,-0.1317092388,13.8860152744,0.1397184054,-1.7209334289,27.3165314737,0.7947304681,-0.8914190165,-2.3812681361,-2.4382321879,7.0735348441,0.0579961669,-2.6977480544,-0.2318618366,28.8226061243,-0.8393208938,-0.8759332907,0.5006480886,-2.8033156556,5.4476532705,-0.7749321809,-1.0953110005,0.6429447581,-4.701459162,-0.6997287472,-0.9268241353,-0.9531296082,-2.3745365122,-0.1635538068,0.4041055816
biasActivation=1,1,1,1,1,1
[BASIC:ACTIVATION]
"org.encog.engine.network.activation.ActivationSigmoid"
"org.encog.engine.network.activation.ActivationSigmoid"
"org.encog.engine.network.activation.ActivationSigmoid"
"org.encog.engine.network.activation.ActivationSigmoid"
"org.encog.engine.network.activation.ActivationSigmoid"
"org.encog.engine.network.activation.ActivationLinear"
