encog,BasicNetwork,java,3.4.0,1,1572773751272
[BASIC]
[BASIC:PARAMS]
[BASIC:NETWORK]
beginTraining=0
connectionLimit=0
contextTargetOffset=0,0,0,0,0,0
contextTargetSize=0,0,0,0,0,0
endTraining=5
hasContext=f
inputCount=2
layerCounts=3,8,8,8,8,3
layerFeedCounts=2,7,7,7,7,2
layerContextCount=0,0,0,0,0,0
layerIndex=0,3,11,19,27,35
output=0.299994915,0.2173945016,1,0.999999998,0.9999999999,0.7163753484,1,0.1800923442,0.9999999614,0.0011511508,1,0.7835486329,0.0000596953,0.9999947062,0.5864731926,0.0000000008,0.0015766072,0.9999999999,1,0.0040425463,0.0000008086,0.9999999999,0.1051802176,0.0024081061,0.0000093522,0.0884224628,1,0,0,0,0.0000126209,0.97575906,0.9996493974,1,1,8,30,1
outputCount=2
weightIndex=0,16,72,128,184,205
weights=1.372648948,3.3379820563,18.3551682057,-13.2837424437,-8.3632457497,-11.6109294515,-9.8845118588,7.7050634474,11.2097414661,16.4022947187,-15.5644422626,-10.3032777767,-16.6516864677,-8.4055346998,-0.9572548087,3.9657868824,0.9165031967,-10.8111454501,5.0012629428,0.2139535352,-7.182685366,-2.1463650095,13.3810349498,0.8053378377,19.4529303429,-2.8472063341,-2.2487970279,14.4783448596,-7.9747352307,-11.7728439208,3.7019053451,-1.8901581872,6.6632625458,8.2493474414,-10.3309334362,-4.1231460983,-12.8633001624,-2.1791555584,8.8225309862,-0.365032062,-1.6372671539,-9.2913630639,9.5569198175,0.3941020253,-5.6923522608,-3.3373890895,16.6623457622,1.5896978372,-0.8876348953,-11.1095582305,-5.9728596031,17.1309926814,1.4174881716,2.9654514911,-7.9395212594,3.0412522405,5.3100466249,-2.9929177077,5.9237908457,-1.8718184292,-2.8587505152,-10.3458801179,6.8604444598,1.2390372375,-0.2952525651,-3.9360262259,-4.8523419655,-1.1896158481,-2.0885197193,4.9275252233,-3.8496293885,2.8575930748,-11.6563207845,3.2308450668,-0.0643680387,3.5715440888,0.0250545021,-4.430465344,12.2490443005,-0.0608114631,14.2752207746,7.7136210548,-10.4734107654,1.2738367765,-3.7666513844,-4.0965631613,-3.794514811,0.900145584,1.8403888623,-4.6438956977,13.5514296733,-4.3517653743,-2.7431384499,5.3662169614,-2.9757907289,-0.6824980921,7.5876846824,1.1262707477,-2.7810054003,10.2446854436,-1.2205910355,-8.8778218643,-6.0768792536,2.5625522647,9.5099877055,9.692082896,-16.8079272176,-7.0393536846,2.4208947703,0.3968583064,4.4091914746,-3.7888271653,1.749193569,1.2690333008,-8.6150848417,1.9876266754,-0.2074008602,1.7279179535,17.68180164,0.3850662229,-13.4609693314,-11.5823826494,21.9274905571,-2.7538057173,-3.0395888123,0.5606239946,0.171422249,2.038886204,1.4225504793,0.7616860096,0.9351840778,-6.0036678498,-21.023180575,14.341733242,2.5786834277,-1.9085835021,1.1301656565,-4.2667418569,0.8705006541,10.8018020472,-2.7221538928,-4.0909511753,-2.638124009,-4.6443200563,-0.6414714162,-3.1301628623,-0.1879480713,5.7528731469,26.3163147604,3.72925628,-2.837127518,-3.2495791492,-0.3871548684,0.1363716082,0.0960261159,-1.1179406985,-4.4260390956,18.7029811358,-8.5087147208,-8.0098943459,0.8675680004,0.0529086676,1.0697781185,1.9307947115,-1.2643129156,-0.811002572,-3.8665959633,-0.1155490722,0.1617912087,8.915055202,-0.475646782,-9.2758178662,-5.1032124221,-5.7091020227,-1.1653641701,0.2721941582,-0.1049830588,-4.1673261213,-0.88551587,-7.5234651613,-3.0250981851,-11.1505229766,7.1565559483,4.608868926,-0.6620064773,-1.3443319951,-1.1025122881,5.3547694484,-7.5815253913,1.5378473173,-0.6425061506,-1.3284105072,-0.8326515055,-0.3600587881,-0.7028630784,12.6862177505,-3.1196767618,0.205863845,22.4766714944,-1.4344824671,0.7191414282,-2.1428765129,-0.7687640906,3.1580165538,-0.9125410828
biasActivation=1,1,1,1,1,1
[BASIC:ACTIVATION]
"org.encog.engine.network.activation.ActivationSigmoid"
"org.encog.engine.network.activation.ActivationSigmoid"
"org.encog.engine.network.activation.ActivationSigmoid"
"org.encog.engine.network.activation.ActivationSigmoid"
"org.encog.engine.network.activation.ActivationSigmoid"
"org.encog.engine.network.activation.ActivationLinear"
