encog,BasicNetwork,java,3.4.0,1,1572773763381
[BASIC]
[BASIC:PARAMS]
[BASIC:NETWORK]
beginTraining=0
connectionLimit=0
contextTargetOffset=0,0,0,0,0,0
contextTargetSize=0,0,0,0,0,0
endTraining=5
hasContext=f
inputCount=2
layerCounts=3,8,8,8,8,3
layerFeedCounts=2,7,7,7,7,2
layerContextCount=0,0,0,0,0,0
layerIndex=0,3,11,19,27,35
output=0.2678492561,0.0588289664,1,0.913146383,0.1779755648,0.9959566368,0.7831958312,0.0002186319,0.2036941135,0.1574868741,1,0.9998122522,0,0.9988517733,0.4526824476,0.0010894678,0.9845779611,0.9991048287,1,0.0000098483,0.0037912442,0.1075113477,0.9302371612,0.0836018143,0,0.0000016738,1,0.0315747569,0.9999928355,1,1,1,0.0000014857,0.9645960787,1,8,30,1
outputCount=2
weightIndex=0,16,72,128,184,205
weights=-16.8448852478,-6.6861901742,7.6839272264,18.7558343685,20.853485527,5.5978936526,6.6019581488,-8.9606261524,16.0659314831,-7.2340731999,-11.2123721603,-6.9810390341,4.3435483851,-10.4537635635,-0.3332575281,2.6599118039,-6.430632844,0.6919616727,-10.1736447477,6.6402490181,15.142591975,15.9858445108,-2.7967608008,2.9765861476,1.3160054425,-1.0842489968,-5.707511654,-8.0964875597,0.6970673322,9.4262204037,-3.5296023422,0.7650481653,2.1481531649,3.6566971036,-13.7987026995,4.6896284069,2.0301523822,20.5428707893,-0.70113066,-4.5089433624,0.7200321346,-2.9835508552,-0.1932251733,-0.7786519084,-14.8961569562,3.0190258552,2.427831397,-4.2719188306,7.1213812873,-12.6792483999,-9.3254055037,-6.9753508763,12.0416866747,-1.2816443634,-7.0885396439,5.2553241621,-12.9168206753,0.7747705729,-2.3956335409,1.8007086126,6.3738045571,2.2605503807,4.5865182297,6.3137205823,-0.4382417161,-6.0183698545,7.4241586691,2.4332625776,7.4114301963,-15.6793805685,5.0631741217,0.6148393224,-2.6228432848,7.4489672678,-2.7708459616,10.072711369,-5.9501133332,3.2782938946,1.7057124951,-0.0226674466,14.6965418831,-2.412045864,-0.4506046781,-26.5796960715,2.1111718799,5.4281712814,7.7992840306,-4.301379807,4.9362032095,0.0980172323,-5.7301380015,12.719504412,-26.5867215624,7.6221786693,0.6626907569,-2.2254363591,5.0034487599,-3.0523154565,0.4330473325,-3.9696218251,6.5596519567,-8.5287515204,1.8899468027,2.9194147776,4.4990279004,1.3428447408,-4.2775131703,-9.7989991894,2.5296495449,5.5763925225,-8.8494940746,2.5376946829,-8.0185843638,10.2958527258,-2.9670840214,8.8942548907,-7.7074889965,-6.7828733648,14.7922709335,-3.1929755397,0.9088947746,0.7662528932,0.1995991671,5.3456882262,-0.6267182481,-4.66101479,-2.0214187772,2.0728670735,17.4884457562,-0.2461433887,1.3504832112,-2.0074720682,-0.6996387575,1.4890052686,-11.4827254241,0.5985657831,5.7879308766,-0.8231772659,-0.9503144149,1.7555928097,-2.8663353237,0.8342705515,-2.1239372297,-0.821046515,6.7211410764,-0.5828075055,-1.098538278,-4.0048968406,-0.8409706497,0.2960370271,5.2904925439,-0.9046154964,-7.6397284031,1.4181377982,2.2541170513,5.0216289564,5.6381105864,-0.4405862409,-14.2901188123,2.2837696533,11.7982842439,-2.8001242699,-3.6822556012,-4.4211964958,-3.5976434701,0.7763817955,15.0606839036,-2.7931917193,7.7584411329,-0.2354977458,0.2316040911,-1.2022379404,-0.6742827689,0.767442175,-24.1757368791,0.62542604,-2.2696528355,1.7320430532,2.15680053,-2.9873987056,1.58903028,-0.8276057398,-17.0113260683,0.6898332976,2.1831904541,-0.1791417699,-15.5145838594,0.9464595386,0.1379699882,0.1355840815,1.066328952,0.7825109996,-0.3751649163,-3.7907669655,4.6144758215,-0.8768183921,-0.7702773631,6.7786606759,0.1636929077,-1.5239279881,-0.051360917,0.312654738,-1.0082069872,0.1610886978,6.5378818205
biasActivation=1,1,1,1,1,1
[BASIC:ACTIVATION]
"org.encog.engine.network.activation.ActivationSigmoid"
"org.encog.engine.network.activation.ActivationSigmoid"
"org.encog.engine.network.activation.ActivationSigmoid"
"org.encog.engine.network.activation.ActivationSigmoid"
"org.encog.engine.network.activation.ActivationSigmoid"
"org.encog.engine.network.activation.ActivationLinear"
