encog,BasicNetwork,java,3.4.0,1,1572773781413
[BASIC]
[BASIC:PARAMS]
[BASIC:NETWORK]
beginTraining=0
connectionLimit=0
contextTargetOffset=0,0,0,0,0,0
contextTargetSize=0,0,0,0,0,0
endTraining=5
hasContext=f
inputCount=2
layerCounts=3,8,8,8,8,3
layerFeedCounts=2,7,7,7,7,2
layerContextCount=0,0,0,0,0,0
layerIndex=0,3,11,19,27,35
output=0.475375188,0.344785646,1,0.0101168264,0.0775873121,0.4803354088,0.7719844538,0.9780481355,0.8681583175,0.9563409776,1,0.171071512,0.8371888728,0.0008088883,0.0144159667,0.1890942561,0.2375052677,0.001019271,1,0.4580698968,0.8391210031,0.0037575741,0.495558734,0.0144463397,0.2124478865,0.0094512252,1,1,0,0.9999961583,0.0000000054,0.6480785645,0.0001418978,0.0065464221,1,8,30,1
outputCount=2
weightIndex=0,16,72,128,184,205
weights=-12.3829859695,-0.4203845383,10.5432629047,4.788354565,-1.2117484868,-8.1701436118,-2.3610979587,1.8346174539,7.5596539245,-29.2284844193,8.1139761982,9.7760376873,0.1548918143,19.1229984536,-28.1196610466,0.2435634374,-5.9797074974,-1.9943773647,-0.3773803941,1.2621789694,-16.8019963742,3.4959688006,-0.4839703099,0.4386942567,-2.1710248588,-2.7049358163,-6.4971802656,-10.4761342706,8.9640074776,-4.6445270234,-2.0992193557,-0.2731700646,4.092320451,0.4572998912,-2.5601001507,1.7146833197,12.4695516022,-12.1388773642,1.1932379677,-0.6603622667,-0.1318869752,4.0286599554,1.462182793,-7.2072282555,-7.0000260493,4.5895970876,0.1021012899,-1.7944129985,-2.9252648379,-0.4409039956,2.4809435609,-0.7875442144,2.9757645774,-2.7580663553,4.9997436196,4.7628618168,0.1191876918,3.654965739,7.0361786447,3.3522511776,6.3673602318,-14.5605430529,11.3602367235,0.993063844,5.674617393,7.2545060545,13.4914166332,-7.4689374045,-5.4467848438,-5.7348755306,-9.5397491266,-1.4589511933,4.3014628009,-2.5509166091,-3.6360933914,-5.1885204246,5.4645854993,-2.0804756568,-0.9572496158,1.5490809445,-1.733516931,3.5121512549,-3.8040635391,-2.3101256718,-2.0071007701,-8.8591060063,-0.2478434811,2.556943973,8.1482446892,-11.9303078434,5.957880986,-4.1326422177,8.7574558335,3.252773252,-6.1613753252,0.4257201315,1.4172571578,1.8892988603,0.6276760344,-11.0336020687,-1.4089109176,5.014029972,5.3797612368,-2.0897236645,-9.9827117553,4.8077067434,-7.5418651494,10.7183599872,13.8676939946,-0.8783731125,-12.0774800256,-6.1001938994,-0.1111539702,9.0546549499,12.1454970978,-12.2609953777,-1.2243152122,3.9361535654,12.0046182061,-3.6150338935,-5.5290193886,-9.6625112212,-3.3573022062,1.9262295881,1.5411624448,5.5043601208,0.1219761406,1.6182943797,0.3377729502,-0.1598529006,-1.3511388521,7.3396950063,3.6985734399,-0.1940139161,-1.2847385652,-1.5432827698,0.9952116184,-0.8582906542,-1.815907905,-4.4633353507,5.270732051,4.6996841626,-3.9801845167,-0.9180676249,-5.6685581471,-0.753675041,-4.7412057806,8.9276584925,14.7877733286,5.3606795366,-0.9683355671,-4.748531851,-3.3621896209,0.857295967,2.5949863902,-7.375839666,-1.2036217214,-7.3988071431,14.4262493051,1.4360987033,-0.414532103,0.4976459294,0.5842999505,0.6145150319,-7.5166930742,12.8779826667,-0.1164038214,0.4778142232,0.6253898025,-0.3300766567,0.7097989972,-3.2886284328,-4.7218036782,12.3197559013,7.5515525767,0.3634970718,0.3772727738,-0.5873552915,-2.6800915686,-5.0631108839,-0.3699523584,10.3309082054,-8.1347749241,-2.057760271,-0.4845238583,3.7840892535,-1.9401917626,-0.7683806518,-0.76872083,0.5994535375,1.1012757147,0.0866177991,1.0608456962,1.3536968341,-0.7987494149,-5.8948549131,1.6275142292,0.1868083034,-18.0137589621,2.4083754236,-0.774258951,-4.8994964937,1.686118773,-0.2113089648,-12.1719499186
biasActivation=1,1,1,1,1,1
[BASIC:ACTIVATION]
"org.encog.engine.network.activation.ActivationSigmoid"
"org.encog.engine.network.activation.ActivationSigmoid"
"org.encog.engine.network.activation.ActivationSigmoid"
"org.encog.engine.network.activation.ActivationSigmoid"
"org.encog.engine.network.activation.ActivationSigmoid"
"org.encog.engine.network.activation.ActivationLinear"
