encog,BasicNetwork,java,3.4.0,1,1572773800178
[BASIC]
[BASIC:PARAMS]
[BASIC:NETWORK]
beginTraining=0
connectionLimit=0
contextTargetOffset=0,0,0,0,0,0
contextTargetSize=0,0,0,0,0,0
endTraining=5
hasContext=f
inputCount=2
layerCounts=3,8,8,8,8,3
layerFeedCounts=2,7,7,7,7,2
layerContextCount=0,0,0,0,0,0
layerIndex=0,3,11,19,27,35
output=0.0393227202,0.0005833435,1,0.000012708,0.8188747965,0.2357345087,0.0031125663,0.0312851292,0.000002482,0.0842012088,1,0.0361738571,0.9999474018,0.9399737828,0.9999999905,0.9990421702,0.9999856327,0.9786279354,1,0.0000001089,0.0324489782,0.9999996153,0.9999979194,0.6970205328,0.998909937,0.0000000007,1,1,0.0000147216,0.3501865318,0.008113968,0.999930922,1,0.8381917878,1,8,30,1
outputCount=2
weightIndex=0,16,72,128,184,205
weights=-1.727505788,-7.6971856832,-11.1742597023,-15.6665440361,18.1808391066,5.0436407758,-5.0862613374,5.649605963,16.4954256991,-6.9425130672,-4.1738050617,-4.4515632698,9.7954526523,-11.9594769087,-4.2074740741,-0.7156936518,6.1327667555,-6.2479584209,5.6572821658,-11.2611591403,7.4019605633,-3.8609481204,-6.3808083379,3.4064386064,-3.1686329075,-7.3127691391,4.1379189939,-8.625918148,5.8176947832,3.0157883211,3.2230301486,1.6901167909,0.6878113732,-1.8168581685,3.5491382566,6.5833931983,0.004580043,-6.2283102291,-0.6743696015,-2.4202152361,13.050763863,1.0117368426,-9.4054407415,-7.4032796736,-0.8200405932,18.5337302663,-13.0612537064,4.0590758253,9.5013985978,-3.805780562,2.5619025267,0.4264351782,4.0014609285,-0.2544496461,-6.7596430987,0.0664876787,6.6943067895,9.7661600478,4.9116656658,-8.9671174374,5.7780153831,-18.6673241698,-8.3118913589,2.4648572314,1.0493139565,-3.3016662152,1.4255174121,3.5528009078,-1.1772962423,-0.1403546785,-1.467060489,-1.2635748188,8.0808883353,1.2333187565,6.9332560002,-1.4008461616,-3.1647852163,-6.7844346342,0.8757895849,0.1279543006,-9.5559180986,2.105190128,1.333256773,11.5256201344,-5.0185362124,-0.5980466028,-3.7615275989,1.0210305343,4.7266470443,0.7402936196,1.4351780308,-4.9778882594,-3.7821965367,6.0088026237,-2.2893925574,2.9037646983,-13.5659645644,2.0524818647,4.0703978728,12.5310310355,2.0252613812,3.1818182896,-7.656587571,-2.7903784846,3.447927174,0.7673629825,7.0656420038,-2.9699725348,-0.9066738289,1.6966912543,-10.5515624483,1.7664372388,0.7905064142,0.9696876378,-6.3064742765,10.5850941291,-4.2202467794,7.3369347173,-3.3984404571,2.4531347541,-2.566775655,0.4392750687,5.2533393516,8.0460708414,9.3257336739,-16.4480666725,-5.7593855573,0.4403310641,0.5704510297,0.9558264825,2.0838590195,-2.2122339199,-4.7012658058,-0.7104265364,-14.6088250012,0.341686709,-0.9301010612,0.3033557826,-1.1980579173,-1.2341808741,-1.5470298161,-1.0481975157,2.2946496877,-1.3636808161,3.3465347289,-0.7173363827,0.1376106802,-7.8053297634,0.836746001,7.1062873601,3.3610512263,0.6793521906,-1.5561770808,-0.5863473725,-3.4741873264,3.4274495867,3.0822886905,5.0890505623,11.7536385611,-2.19509134,-2.8569112827,-0.0430941369,-3.4570570021,18.4425421481,4.514954232,-1.3631046211,4.9937275287,-2.5862047797,-0.0281943515,-0.4137544828,-0.0366612748,-19.0836764858,0.257525573,-0.6439978559,8.3260154574,0.4240044959,-5.4949854249,0.0503363631,-2.5916629129,16.7624292828,-1.2937383843,-4.5773930313,-6.9119784495,-3.1414200951,-1.0447136071,1.6502584979,-1.1939806788,-0.9956349465,-0.0782782663,-0.8127548456,2.950347275,-0.8067182733,-0.0194493915,-0.8492249567,-0.4626581264,15.8675222537,-6.7789404737,2.1528132189,-0.7726669811,-0.6083167621,2.623015237,0.0002601588,-1.7825545304,0.1933547612,10.1046285871
biasActivation=1,1,1,1,1,1
[BASIC:ACTIVATION]
"org.encog.engine.network.activation.ActivationSigmoid"
"org.encog.engine.network.activation.ActivationSigmoid"
"org.encog.engine.network.activation.ActivationSigmoid"
"org.encog.engine.network.activation.ActivationSigmoid"
"org.encog.engine.network.activation.ActivationSigmoid"
"org.encog.engine.network.activation.ActivationLinear"
