encog,BasicNetwork,java,3.4.0,1,1572766768938
[BASIC]
[BASIC:PARAMS]
[BASIC:NETWORK]
beginTraining=0
connectionLimit=0
contextTargetOffset=0,0,0,0,0,0
contextTargetSize=0,0,0,0,0,0
endTraining=5
hasContext=f
inputCount=2
layerCounts=3,8,8,8,8,3
layerFeedCounts=2,7,7,7,7,2
layerContextCount=0,0,0,0,0,0
layerIndex=0,3,11,19,27,35
output=0.4444444586,0.3999883898,1,0.2545961755,0.9060442696,0.9953855776,0.0172440728,0.971376076,0.0000998229,0.0232567952,1,0.9999999549,0.9379349898,0.000635863,0.9999420908,0.9999999958,0.4371646327,0.0000073436,1,0.5123068935,0.999990887,0.999981014,0.3158072265,0.9999998387,0.9980819552,0.9958896569,1,0.9852895306,0.8864058384,0,0,0,1,0.0000000021,1,8,30,1
outputCount=2
weightIndex=0,16,72,128,184,205
weights=15.9668775602,-13.415280556,-2.6261425238,7.8175919967,13.235384681,-21.6591248227,28.7515232821,-3.1772363637,5.1234332638,1.9766511537,-9.5108287875,-21.7455551793,13.2349481979,21.5035899605,0.7531674019,-6.5347045641,-0.2334506596,-2.7388936745,-23.2198528341,-4.1425612616,2.8928200931,0.7509958542,14.1836255935,2.6639603545,9.7804015268,3.8403124312,4.0709315644,-0.6777280484,-7.4421750167,2.8930740003,4.1132675112,-4.2636046438,0.3193145679,1.8935208737,-23.1369167454,10.7410292752,-16.6148152358,15.4527023921,-1.1731407256,2.4123828977,-8.1179925931,4.8890261796,24.1112508924,-8.1541710998,4.0641005485,-2.1184941783,-13.6067370151,4.4900087592,-3.6702760693,-1.9521570146,-1.6995713928,14.7427045935,-6.3709940523,8.0476492063,-1.7049061003,-2.8621681203,12.0866190119,-14.3900472029,18.9288384322,0.6419078725,0.7590104599,-15.4295370855,-5.8540464134,-2.4693288574,5.8484674187,-1.6756107794,5.0302837626,-0.4171664915,-0.9167363511,-4.9775992333,-1.7000952263,-4.5077566613,13.8921056598,-0.4887125845,-9.4550321482,3.3827514072,-3.1740989288,0.6522318203,18.2382152633,3.0333111721,1.3078053576,2.2254256021,-5.5891084514,0.9526278523,-3.2630212021,-2.0925351913,9.8929800515,0.6074765886,17.2535616346,9.1281376331,-12.7147006934,-7.481628962,-8.4883148506,-20.1472179944,6.0927876686,12.2792914129,12.4021363718,-3.1889241378,-5.0887915153,12.0141959391,-7.017490873,-0.5326800892,17.7244962128,-2.2161974617,-1.8334388027,1.2079340952,1.0996353576,-3.58405841,11.0325912071,12.8634390553,-5.3534874746,0.5185379473,11.7100569942,-16.2876299496,-7.7653376195,-23.7285521299,16.3062092489,-0.3777759854,9.2499259028,0.1534389588,-3.3249955741,5.1929541544,3.1269113804,0.2027683975,-4.1964258907,1.2687885844,-16.9354473992,1.2938562561,2.0505219729,-28.9194689538,0.6894540288,1.6750283018,-0.3130879143,11.4421342868,0.2927759708,12.2211315239,-12.799267538,37.1522878148,-0.992161606,-0.8910556702,-0.3260530515,-4.1583222023,-0.7087739558,-4.5569034813,19.7229211593,8.8480217027,0.7591049774,-0.0252943459,0.4069209263,-8.0026350841,1.126922384,-8.4013005011,-0.0779642425,-13.289500563,0.0131184926,0.9524932016,-0.4579349546,6.1215481724,0.5722567382,4.9620523415,25.5811619996,18.0575725584,1.0917450517,0.8267098891,-0.1268300728,-12.4505652261,0.7027426514,-13.1207305285,-3.3202190284,17.9101905828,0.2997850036,-0.8375312458,-0.2983480215,-3.7169926164,-0.7912984701,-2.632798801,5.8354345882,-28.094122461,0.9175937422,0.4792783802,-1.3584208277,12.3804438647,-0.6935761962,12.2628876561,-0.8458995305,0.1787421896,5.6093066494,-1.7675507093,-0.2384415278,23.3481943014,-3.3932863569,-1.4824934057,0.4639947033,0.8517882887,-2.2350475134,0.86508212,-1.5985931851,-1.0989140585,-1.2073960105,0.8335511347,1.1695059356,0.8903927295,-1.1872876761,-0.3573963276,0.2292961938
biasActivation=1,1,1,1,1,1
[BASIC:ACTIVATION]
"org.encog.engine.network.activation.ActivationSigmoid"
"org.encog.engine.network.activation.ActivationSigmoid"
"org.encog.engine.network.activation.ActivationSigmoid"
"org.encog.engine.network.activation.ActivationSigmoid"
"org.encog.engine.network.activation.ActivationSigmoid"
"org.encog.engine.network.activation.ActivationLinear"
