encog,BasicNetwork,java,3.4.0,1,1572773814444
[BASIC]
[BASIC:PARAMS]
[BASIC:NETWORK]
beginTraining=0
connectionLimit=0
contextTargetOffset=0,0,0,0,0,0
contextTargetSize=0,0,0,0,0,0
endTraining=5
hasContext=f
inputCount=2
layerCounts=3,8,8,8,8,3
layerFeedCounts=2,7,7,7,7,2
layerContextCount=0,0,0,0,0,0
layerIndex=0,3,11,19,27,35
output=0.5294112296,0.3750003635,1,0.007722969,0.0001321177,0.0028012763,0.5107975414,0,0.5420129952,0.0000003848,1,0.3576695054,0.999954729,0.9999999004,0.0096249792,0.0059455186,0.0013485969,0.9827331647,1,0.729649019,0.114740417,0.9994550473,0.1875759606,0.2824862586,0.9994809413,0.9578869655,1,1,0.0000271268,0,0.0000024282,1,0.9994543974,0.119661685,1,8,30,1
outputCount=2
weightIndex=0,16,72,128,184,205
weights=-7.0446973872,-5.4370979518,3.5737751502,7.7980929212,-3.5115959958,-9.7454533402,13.3787378377,1.4618045882,8.0468389203,-2.6375407884,-12.0211811082,-0.6442287325,17.5418954599,-5.2727052933,-1.5294832789,2.6479993851,5.8240456431,0.7240664182,-5.0354890716,-5.2986588976,3.0701290523,7.7598860722,0.2126706365,-2.814149527,-2.1250071513,-3.6949297393,-2.8119126368,2.9591686382,1.0165554948,1.5164865922,-1.1995781397,-0.5226663293,3.0202507489,-2.8950450578,5.7256526172,-0.4799968286,7.6313356713,0.5904024368,-6.6844625403,-3.2583700671,3.7063755149,2.5614258769,-8.6260108518,-4.5416654666,-3.441404974,5.1829197202,2.5983556233,2.2859339167,3.5011828875,-12.0865172013,-16.7397822877,5.8372130035,1.7807035161,5.5617368498,-3.0054025749,0.9833282346,3.6307806257,-2.4139920211,6.893117046,-1.3693315023,7.9082939468,-5.1877134721,-3.0518436273,-2.6370990061,-2.1460239879,-3.2433390818,-9.0697365221,-2.9190812824,9.2151591618,2.4688512643,-2.4422465148,0.6798905883,2.1263126662,0.0411302609,4.8988192296,-3.1691901828,-6.4095073188,-1.3518199477,-4.1437399263,0.6875899435,1.8824891685,-0.3504634722,6.9926873941,6.3938574271,-4.6314906687,-7.9928630494,6.8443080325,3.222216464,-2.4790108627,-8.0188905723,5.5070046391,-1.9789760614,9.1404695106,-8.3032622499,20.5574292814,-0.2570813851,-0.2046234246,7.5531193206,-5.1272010422,0.5532225987,7.3173701947,-1.9521008867,-0.653512902,0.1795915544,-6.9252541335,3.2039529193,-0.6271234923,-2.4975239569,-2.0583877548,6.749861579,-5.5009935277,-0.2340768147,-0.5273869564,1.2756235137,-6.0158453495,0.7248170764,-4.5134981076,5.3657385041,-4.3786941482,-0.3859486491,-1.0839144552,-4.5953145198,1.1119981643,1.9690320238,-0.2107445654,-1.4962743428,5.1965694623,0.45626416,0.8194891873,-2.2204627581,1.4089965844,-5.3786902421,0.722342101,-2.5090710016,2.9689811555,1.6035133423,-1.6063750553,7.3632730766,-1.0816246608,-2.5876910604,0.276259398,-0.8495904297,9.6999093992,-1.0248669964,2.0110901874,-11.1025768859,0.635130935,-0.3586845198,0.5455725129,3.2045117262,-1.1278239128,1.8900998041,0.0280417951,6.7461333684,-2.8885361398,-5.5419527819,0.9400391272,-3.1360137491,-3.4208170494,1.1095544646,-0.4169191026,12.9008294094,-0.256851253,3.307216652,-1.5131892469,2.0132009638,-0.7830921883,-0.920808256,-0.6559031485,3.1035141302,0.1453618408,-15.0336911141,4.8175824463,0.8094373867,3.7105410171,2.1482420914,-2.0699929949,7.6849708384,0.0099264725,3.3541925797,-1.9882920001,9.2758994922,-13.1543128242,-0.5143304388,-2.8145135849,4.3382362715,-1.6648255479,3.3446301766,-0.8278851035,-12.4354504419,1.0021965965,-3.6286885991,-0.3018141092,1.6699950695,-0.6796230499,-5.8996399598,-0.2077273417,2.8048959981,1.0643225847,0.2029911516,0.4550804639,-7.7632691898,0.8978004791,-0.242520073,-1.9024394565
biasActivation=1,1,1,1,1,1
[BASIC:ACTIVATION]
"org.encog.engine.network.activation.ActivationSigmoid"
"org.encog.engine.network.activation.ActivationSigmoid"
"org.encog.engine.network.activation.ActivationSigmoid"
"org.encog.engine.network.activation.ActivationSigmoid"
"org.encog.engine.network.activation.ActivationSigmoid"
"org.encog.engine.network.activation.ActivationLinear"
