encog,BasicNetwork,java,3.4.0,1,1572773825584
[BASIC]
[BASIC:PARAMS]
[BASIC:NETWORK]
beginTraining=0
connectionLimit=0
contextTargetOffset=0,0,0,0,0,0
contextTargetSize=0,0,0,0,0,0
endTraining=5
hasContext=f
inputCount=2
layerCounts=3,8,8,8,8,3
layerFeedCounts=2,7,7,7,7,2
layerContextCount=0,0,0,0,0,0
layerIndex=0,3,11,19,27,35
output=0.3846021052,0.3076892308,1,0.9009496118,0.0001081336,0.0000000019,0.9843411833,0.931517245,0.7356245787,0.99933096,1,0.9999983165,0.0087635439,0.6161068661,0.9752222444,0.7237708688,0.504203394,0.1173559916,1,0.00000601,0.0125364587,0.0020385079,0.9998809089,0.4164633674,0.4965779977,0.9999521397,1,1,1,1,0,0.0013571346,0.0009843616,0.9999999994,1,8,30,1
outputCount=2
weightIndex=0,16,72,128,184,205
weights=-14.066870839,9.2916380006,-7.8387198559,6.146344863,2.93118972,3.8797818969,1.2291593139,-0.6604766644,6.1132528799,-0.1443173463,8.5111491519,4.635841262,3.2698559395,-11.1548075662,-7.307162642,1.5801859234,7.6296303476,-7.0636834174,-1.1907734125,-0.2815869689,-5.6187901175,0.6934708094,17.0561284456,-2.6362130088,-9.8722933564,-1.8618131605,6.4294455165,-0.2500935825,-3.2378527456,-3.4986010688,3.5340786483,0.7319537891,-8.2330441821,0.2720492636,-0.267567282,-1.0150892891,-15.4127945384,0.6543539371,2.7277811282,-0.1677275862,0.1075541366,1.7525595133,4.3834647821,-2.0505318662,3.0943717142,4.809177836,2.7953897685,-1.6754082333,-0.2721586555,-2.9531797683,4.6410144428,-0.3827703732,-0.4468928489,-0.6828579731,-1.9263387769,1.3160113085,1.657974192,0.7905602579,-4.9685066113,-1.9725647324,4.8168693242,3.1027006458,5.2024025064,-1.3179647013,7.1302337262,-4.5718634086,3.2684908714,-3.6835654497,4.3086594777,3.8874929436,-3.2806028174,-2.8961742456,2.1615512281,0.8339390766,-10.8646331751,-5.3664904417,6.9161695688,0.4046849807,9.8978598557,5.6934657512,-0.4528097492,3.9727502108,4.6965034065,-0.6978041618,0.2941207646,3.1261222301,-6.3252210064,0.5600572145,5.6869112718,-0.8906865302,-3.2050747234,3.0815804784,6.3293836862,-7.476163676,-2.5944006284,1.0803265779,-0.609551354,0.5696765414,0.3703790977,1.9365196002,1.4911186853,1.4724565478,0.0328784404,0.3434743275,7.7653963532,5.1101563748,4.0496863368,-3.2033974044,1.1803435045,-5.4816765019,7.7944075543,-1.4696295888,-2.4817009367,-0.6272383819,-0.3775178923,-0.5627069256,8.635237429,-0.5505952049,-0.04372521,-2.6910217553,-2.5072629513,11.1525947425,0.5462988594,-4.4897149095,6.2704466378,-1.155038854,0.6855423947,-0.3927963896,-9.0986597153,1.5266396312,-1.9386986239,-0.3573555165,2.6535872172,1.4480715145,-3.7890023316,1.2726092987,-7.0385562067,-0.5881973707,4.249225261,1.2123563915,-4.6963880824,5.4817451285,0.089469774,-1.0774623247,-4.2431444574,1.3579460123,-7.1595120098,-2.2838017089,-14.1078663543,9.6118198802,0.4441632332,3.4167354127,3.6358559005,7.8672154643,2.4940748794,2.1072300683,-3.9212237257,2.7039551652,-6.2142887819,1.2553054744,-0.4072909404,3.3238562129,-8.6165666838,-0.1025905334,-1.6532364809,-4.9682455109,8.9180163929,-3.5481894885,0.9682419973,4.7379455446,-0.084041332,3.9972505487,-1.7852382837,5.9603333393,-2.9630714596,-2.6762072897,1.4321096291,0.3894140678,5.6482105338,-0.0123758201,-3.209809764,-10.1551599179,1.5578376155,0.9339575215,-2.237626365,1.7133592881,-1.8641648571,-3.0542126328,2.6122784568,6.2610792981,-2.1228413034,1.511392006,-4.1666315484,1.7000921413,-4.4626655746,-0.4609008895,2.2668753341,-0.1992199387,-18.7594261969,4.5466364353,-0.7328698229,-21.3095292299,0.4396387492,0.8263346687,-7.0935815826
biasActivation=1,1,1,1,1,1
[BASIC:ACTIVATION]
"org.encog.engine.network.activation.ActivationSigmoid"
"org.encog.engine.network.activation.ActivationSigmoid"
"org.encog.engine.network.activation.ActivationSigmoid"
"org.encog.engine.network.activation.ActivationSigmoid"
"org.encog.engine.network.activation.ActivationSigmoid"
"org.encog.engine.network.activation.ActivationLinear"
