encog,BasicNetwork,java,3.4.0,1,1572773835881
[BASIC]
[BASIC:PARAMS]
[BASIC:NETWORK]
beginTraining=0
connectionLimit=0
contextTargetOffset=0,0,0,0,0,0
contextTargetSize=0,0,0,0,0,0
endTraining=5
hasContext=f
inputCount=2
layerCounts=3,8,8,8,8,3
layerFeedCounts=2,7,7,7,7,2
layerContextCount=0,0,0,0,0,0
layerIndex=0,3,11,19,27,35
output=0.2019685256,0.0002921585,1,0.0000007299,0.800656758,0.4759575133,0.0058326975,0.0001382503,0.0015095119,0.9987343633,1,0.5826936786,0.1684051011,0.9930100212,0.9999915011,0.9998990228,0.0000008167,0.9992384501,1,0.9999891617,0.9949954084,0.0000286826,0.9659343985,0.9927564308,0.9999940721,0.0617969981,1,0.0117983201,0.9998927139,0.9983571177,0,0,0,0.9999999984,1,8,30,1
outputCount=2
weightIndex=0,16,72,128,184,205
weights=3.6843695999,-8.9478499603,-0.5853964063,13.2833703105,3.1434826019,-5.394583377,11.0340893387,-5.0211519704,-14.4926947686,7.7688955524,-18.0239279014,-9.3522821838,-7.8993731135,18.8176304623,-10.37762209,4.6122172412,1.4011677688,1.9701198135,-3.244130914,-3.5532094556,2.5452079578,-0.834954298,-14.8042800194,3.7441074816,7.9203066551,2.7023484723,7.8171971907,0.8338129125,-3.2204917323,-1.1566519516,-7.9741396291,-1.0879242929,-13.0522346544,10.5721466982,1.0584996141,-4.1316306386,-1.413867825,-8.3481728905,9.3427915801,0.8873571173,1.1205487688,-2.021421846,9.8586357241,-0.4138074653,-1.1299270867,-0.8680728723,-12.7969575184,-0.9098392708,5.8118184715,-1.394570404,-1.2657871883,-9.1016282629,-5.0352877195,2.0323170237,4.5863187191,-1.2275213821,-7.7402554951,7.6787598087,-11.5329760192,4.6542464018,8.0101515719,0.6478321816,-7.5733303598,3.0789708887,9.9150210833,-9.5167235258,-3.4757680469,-0.5611286992,2.5657981772,-9.4616687278,2.8009441494,1.1444122156,1.7996121761,9.5979450204,-7.1921477573,-0.55316381,-7.2732089134,-8.4551120671,8.7169048689,4.655771748,-0.0063577075,-2.4742711796,3.1250197978,-2.8468508019,11.4450719044,-4.9330296673,-4.8206788796,-2.5102102696,-0.1736401197,11.4288486902,10.3859216908,-3.4286709536,-1.7915560934,1.0244938631,-6.8504544092,-1.7527486141,3.3548963531,3.6087231977,-12.3401526167,2.8887968502,-0.3346284769,1.2331213882,2.6285801605,0.8766553522,5.7182164054,0.6388833786,-3.8123826273,1.9053808968,-1.2685894466,0.2998739709,-0.7119149031,2.0098329243,-1.286689192,-4.8039663854,8.819865957,2.4102583628,-5.8629532787,-5.5871486958,0.2891132711,1.1099862303,7.6285423988,7.7996690052,-8.2710902718,-1.3879424819,4.0113876089,-12.3587038304,-4.2539684674,1.7703792803,-0.5070059554,3.470093769,0.3014486661,0.6195273101,-7.165988766,-0.0001515707,3.5945324836,4.0731920036,-10.3798214478,-2.1475225896,-1.392722198,0.7149237076,0.5749795543,1.0101244736,4.9199489974,4.0326240918,-1.2633321216,-14.3394412634,2.6126635386,0.0399372248,1.1722223924,0.0015065585,0.8988474733,0.3863997016,-11.2040085995,0.1456519233,5.5707909903,0.8774951645,-1.5939762164,0.681916807,-0.6109275957,-1.6193512584,-2.5965709758,13.1608811168,-8.6651017178,-0.2478539379,5.1957072278,-0.0711569688,0.3340327692,0.1083705234,-0.057401912,-10.8787313021,23.7245684716,0.0737561894,-0.114758007,-0.7509370182,-1.406340467,0.6348218869,5.9282373125,4.8743190279,3.0593366577,0.2499102922,11.3837669711,0.2879594149,-4.6913376081,-6.0268238061,2.4883250322,-0.4830242128,-9.8438035186,-0.0999068602,0.8478081729,-15.4950863666,-2.0261424933,0.3585477421,11.8623665287,-0.8984157463,-0.7940036356,0.4840362066,1.6489349514,-1.1191059842,-7.6846896863,-0.907873727,-1.0152628672,0.2949458107,0.5658279231,0.672986049,-4.4913700517
biasActivation=1,1,1,1,1,1
[BASIC:ACTIVATION]
"org.encog.engine.network.activation.ActivationSigmoid"
"org.encog.engine.network.activation.ActivationSigmoid"
"org.encog.engine.network.activation.ActivationSigmoid"
"org.encog.engine.network.activation.ActivationSigmoid"
"org.encog.engine.network.activation.ActivationSigmoid"
"org.encog.engine.network.activation.ActivationLinear"
