encog,BasicNetwork,java,3.4.0,1,1572773845156
[BASIC]
[BASIC:PARAMS]
[BASIC:NETWORK]
beginTraining=0
connectionLimit=0
contextTargetOffset=0,0,0,0,0,0
contextTargetSize=0,0,0,0,0,0
endTraining=5
hasContext=f
inputCount=2
layerCounts=3,8,8,8,8,3
layerFeedCounts=2,7,7,7,7,2
layerContextCount=0,0,0,0,0,0
layerIndex=0,3,11,19,27,35
output=0.2258990831,0.178352173,1,0.0003986736,0.0104876154,0.052802413,0.5017446348,0.0003285806,0.2889909505,0.7352734692,1,0.1086287964,0.9980770689,0.0039504892,0.6867469676,0.1012847809,0.9999984968,0.7933602175,1,0.1270688216,0.9895768275,0.1813267187,0.9961005741,0.979400225,0.999922791,0.9780567895,1,0.0000000001,0,0.5215197781,0,0.9985592778,0,0,1,8,30,1
outputCount=2
weightIndex=0,16,72,128,184,205
weights=-2.7297579104,8.0367316036,1.5513766168,12.4278615251,11.8713256272,-9.8555365435,2.8703387972,-6.8985648015,-5.3964875551,-12.0153450309,-1.4175815753,5.0596433059,16.5250100369,2.7725500378,-6.8809691396,0.3895372096,8.5484992396,-8.812437095,-1.0332614138,-1.0784632568,2.5703312944,0.0885717889,1.3670562734,-0.6488524167,-2.9406135668,-2.5688840568,-0.3348949117,-6.1584522382,8.2569563912,-8.0501155527,6.1843902584,4.8743340077,-1.9141179731,-1.197750392,-1.8182804986,-0.7651419553,-1.5334091086,0.096722215,-0.3363984907,-0.6254591635,16.2034947666,2.2585493908,-2.1991208594,2.085805973,4.7676550084,-3.5832837393,-1.9585199194,-0.7769279981,10.6447602437,3.9396933118,-2.9554975781,-3.0958554117,-1.6360175187,-8.6668343628,-5.8271307058,2.4844387516,5.1851852261,-1.8254971571,4.1146291593,1.2290557781,-0.4776847202,-3.3144304582,5.1956275702,-1.2610650392,0.4237588122,-3.7065559409,-3.016513469,-1.4335791429,-2.1502024543,-1.3612703018,6.6267262864,1.9930341082,-2.2517749767,-1.7953098634,-1.0404472071,11.1334907478,4.7477944458,-9.0073250699,-1.1431655881,-5.4687930987,2.7213505616,4.0966073397,-3.8242973608,-1.4101430054,-3.4284690482,5.8677911807,1.8194567087,-0.3386618337,3.6069610853,0.1676133056,5.3804139848,-8.9721632802,-3.2256995561,3.8539992167,-0.2213443774,1.3294446825,-1.2860427819,2.0255164048,0.2469952327,-3.9084505247,-1.8925350087,1.3936635685,2.1873059077,1.1130733095,3.7551996921,5.4926333321,-1.5504728926,-6.6616185539,-1.9493859005,-4.4538068576,5.1644043177,0.1328139813,2.2714165288,3.6429052122,-1.1797397113,-3.4436524852,-4.2639285038,12.5743787503,3.9315199132,0.9159146069,2.6122493621,-4.0193067933,-4.9020258385,4.2161668754,1.2864908273,2.9607753539,-0.5579319828,-1.9949272966,-1.4546558136,-0.99012419,-9.5746588997,-0.4007578669,2.5722298592,0.4939550789,-1.3601580725,0.4977221169,1.5699762079,0.9161102363,-12.3229502088,-0.7257138139,9.5094642928,2.6163982295,5.2094357777,1.4841444108,0.5833968239,2.4781330486,-4.2076763846,0.5715521625,-3.9068354752,-1.1887345217,-2.3907899378,4.5882086643,-1.1679084531,4.315368116,10.6432268111,-0.0249633446,11.2022785636,-3.1137302371,-1.2390603933,-11.1937735728,4.5077167989,0.3606462694,5.0545196435,0.8586072674,6.39381037,-4.3265923603,-1.2038336686,-5.158970412,1.3555475008,4.3605606965,-9.6718386732,-0.0365404804,7.8371955663,-4.0143834683,-4.2025855406,6.6870684871,-4.5754046819,-0.8937589524,0.6576093297,0.8842360077,0.4217227503,-0.7657484527,1.5343529852,3.0330385245,1.6762024392,-1.1134245551,-3.6124546931,2.9143070397,-3.6684470835,2.7430718806,-0.9126640162,-0.3584619475,18.1413028761,-0.5222950602,-0.9087078708,-0.3221428456,-1.3295794054,0.4623501369,3.3073001331,1.6791239559,-2.4707410181,0.4734838037,1.1862865296,-3.4738961019,-0.5248895547
biasActivation=1,1,1,1,1,1
[BASIC:ACTIVATION]
"org.encog.engine.network.activation.ActivationSigmoid"
"org.encog.engine.network.activation.ActivationSigmoid"
"org.encog.engine.network.activation.ActivationSigmoid"
"org.encog.engine.network.activation.ActivationSigmoid"
"org.encog.engine.network.activation.ActivationSigmoid"
"org.encog.engine.network.activation.ActivationLinear"
