encog,BasicNetwork,java,3.4.0,1,1572773859139
[BASIC]
[BASIC:PARAMS]
[BASIC:NETWORK]
beginTraining=0
connectionLimit=0
contextTargetOffset=0,0,0,0,0,0
contextTargetSize=0,0,0,0,0,0
endTraining=5
hasContext=f
inputCount=2
layerCounts=3,8,8,8,8,3
layerFeedCounts=2,7,7,7,7,2
layerContextCount=0,0,0,0,0,0
layerIndex=0,3,11,19,27,35
output=0.0826445228,0.0593219422,1,0.9999207348,0.4274947416,0.0761783544,0.2966070817,0.006044997,0.4499864745,0.9980297378,1,0.805231341,0.9995819021,0.0000254698,0.9654434727,0.1325405349,0.3799275886,0.2764771379,1,0.9980606383,0.0000057606,0.9999715303,0.1617418814,0.7305020027,0.858614197,0.0015624058,1,0.963293031,0.0014659005,1,0.0000000001,0.0000000455,0,0.9999999976,1,8,30,1
outputCount=2
weightIndex=0,16,72,128,184,205
weights=6.2330515195,12.6010015941,3.3231406113,-19.3184622374,14.9688799062,-13.4927083281,-10.280520078,7.6917896239,-6.7744088611,-5.8649865577,11.2409741878,18.8734183577,-0.5236314223,-13.5359427186,8.9216170436,-2.7466899766,-0.5246896762,5.4252615701,1.1490074136,1.3522195406,0.616491835,1.5913691404,1.2112195361,2.1154253215,4.9751408187,-11.6257693366,-7.1708483922,5.8397896134,6.1021774535,12.4188313318,4.2106895293,-5.0063166372,-1.8859895851,-5.6257442605,-0.6911872765,2.5393099922,1.1744761244,14.9508383727,-0.0952279377,-3.6145075668,-8.3322698425,-3.3005420114,-2.022278825,13.8811013562,6.173309072,1.4211224591,-13.5434350166,-1.8699948213,1.4649594337,-13.6373719507,7.8221455624,11.2665776115,-10.2332369172,-7.9451244757,0.5416937677,0.6972596925,-11.3935083228,-0.2809789765,-3.2604440978,2.2354410469,-10.3136632135,10.2008214351,0.0810544259,4.5654324705,-5.5526080294,13.1835733919,15.3037893737,1.082079418,-4.5790910719,-4.8820314807,1.3311103505,-1.4306751774,0.992579093,1.597059226,-2.4191071819,-2.0861423919,-4.8835871776,5.7139828162,-1.2437327356,1.8484153705,5.9701796564,4.2982466339,-4.4560345294,-15.4553983886,11.8253561942,6.0578010795,18.8357535403,-5.0927459971,-3.7380041422,0.3212503363,0.1178942105,12.4058613489,1.3528465478,-9.7826115117,12.034855328,-1.5792492203,1.8134191577,1.3587285619,-7.8190419467,3.7636341753,-9.6227608032,11.8425578913,-0.7098719709,5.5925298681,-4.5593313587,-10.5724263702,9.7266569819,8.7089683598,-5.3711027664,-5.6528844999,6.6306143746,0.3037733153,-5.232740714,-2.5792923241,9.3627423294,17.8095088421,-15.5737994391,-1.5764364311,-4.3188513651,5.2267227467,-8.5474389765,6.1987893772,8.6426664379,3.2821511811,6.9068983118,-12.1983739972,-8.4008772498,3.8368606142,-13.5934925199,-12.2054659019,6.2549228672,-1.173550878,1.1056812546,0.8917844983,7.7390462713,5.3618945771,-15.5566431242,-1.0370623245,2.8616614456,0.8660482052,-0.8681794898,0.4636967852,-3.4178774317,3.478884461,8.445278315,-3.7040921477,1.7953871195,-0.7466664569,-0.7779251559,0.534134252,-0.0511286868,0.5925355277,-4.3305474552,25.1131884958,0.9475370134,0.8519588488,0.1165328666,-0.5251022482,0.3491202118,1.1927911871,-6.9146910518,-6.283079042,1.0406026675,-0.4790690064,1.7129794414,1.2757823587,4.2719214299,2.3547309188,-4.522572745,-15.1055452545,2.9266926623,0.7590545085,0.8954171097,-0.4903877108,1.6901615289,1.5656791514,-10.8985009493,15.0587771755,-1.5171399732,0.2849932326,0.901107048,0.0034670724,7.0632281696,-1.5296776936,1.028568772,0.3607232401,-15.7828563531,2.0830289351,-0.2942766795,-14.3597496485,0.8453862565,0.556272418,1.0513910154,-0.9686463356,-0.5199445009,-0.1889120328,0.4244453048,-0.6702083858,-0.1952048535,-0.8473054984,-2.8336478577,-1.0608225341,-0.3732854783,0.7281481455,1.0017191107
biasActivation=1,1,1,1,1,1
[BASIC:ACTIVATION]
"org.encog.engine.network.activation.ActivationSigmoid"
"org.encog.engine.network.activation.ActivationSigmoid"
"org.encog.engine.network.activation.ActivationSigmoid"
"org.encog.engine.network.activation.ActivationSigmoid"
"org.encog.engine.network.activation.ActivationSigmoid"
"org.encog.engine.network.activation.ActivationLinear"
