encog,BasicNetwork,java,3.4.0,1,1572773873459
[BASIC]
[BASIC:PARAMS]
[BASIC:NETWORK]
beginTraining=0
connectionLimit=0
contextTargetOffset=0,0,0,0,0,0
contextTargetSize=0,0,0,0,0,0
endTraining=5
hasContext=f
inputCount=2
layerCounts=3,8,8,8,8,3
layerFeedCounts=2,7,7,7,7,2
layerContextCount=0,0,0,0,0,0
layerIndex=0,3,11,19,27,35
output=0.1369938013,0.0000001769,1,0.9928503695,0.1333363461,0.1479725579,0.0000581293,0.9276816943,0.9837386312,0.9998763244,1,0.0007528156,0.9056256721,0.0033998793,0.9954156765,0.8610078009,0.1676594162,0.963699856,1,0.2706854597,0.2089334614,0.0000013445,0.978703299,0.9959380308,0.0892229365,0.0000100376,1,0.0610863479,0.99706731,0.9999999999,0,1,1,0,1,8,30,1
outputCount=2
weightIndex=0,16,72,128,184,205
weights=-13.4247011625,-9.0504266445,-20.4103978888,-5.2266977946,-0.0841312738,-12.480184167,14.6322218173,13.4403409044,-11.1322959728,1.9914436333,6.995697147,0.9527995748,-14.0374735822,-0.1405502385,4.9214636412,2.4442596945,6.5449138232,11.0958415044,-1.5834016972,-8.2306812602,12.9068453492,3.9527852033,-2.1261452718,-6.6484045043,-0.5227709718,-3.9566147589,-13.764256779,1.105627103,0.0613200319,-0.6534162523,0.0075658542,0.7075307558,5.9347983992,-14.5593892697,-2.4051823691,3.5079420973,-4.8643581554,12.1089882162,10.791020567,-0.294626785,-5.8561736226,-7.0744905195,6.64481554,3.5896607976,-3.2926121813,3.9645584861,-3.1420703948,-1.7390473318,-2.4209733598,-8.0201046167,-9.3304788591,4.9367070068,0.7258514969,-2.5619465226,2.339377871,2.4844060615,-2.536139203,16.4793318706,-8.4054474845,0.9101177188,-5.8458151568,2.2751839888,-6.5777756226,-0.7061588783,-0.4184262594,-1.8090572991,3.0134702994,2.5814867778,0.2061515831,1.0135741084,3.4289643647,4.4045452369,0.7447898215,-3.2699704559,0.8358378733,-5.0407851465,-0.7884284068,5.9224526171,-15.4335898978,-1.5189406087,2.8210278769,-15.9767893402,3.7664093229,1.8198239122,1.1163056504,10.7545826177,-1.6248193763,0.9834485261,1.2453595916,6.0368508541,2.6190879391,-9.0106522145,0.4941147114,-4.1275302728,0.7990825929,1.4158957042,-0.2503453264,0.0704281614,-11.3860217908,1.5116255821,2.1376026961,-2.0637045942,-0.1854914592,2.0093620879,-5.3025076401,-6.6322777747,-7.7507792949,4.6235923271,1.0031919369,3.6516574853,13.9936749963,-1.2054814867,11.4901377989,1.1510143067,1.8179620333,-4.0633625815,-0.477173432,-3.2359061994,3.370207012,-0.2122633988,2.1677769538,3.1208595249,1.850100351,-2.9534230695,2.0280146522,-2.3346176741,-18.1035048945,3.1193491571,-1.8951269307,2.9658175964,1.3572549387,4.982428625,-5.5910446551,-0.7174383353,-0.84282028,1.1187270364,16.2718405287,9.9357751962,-2.5635166104,1.1253352987,-3.9557946353,-3.1672798021,0.2802897074,-2.5453991603,8.4934152293,-9.8480319193,-0.4530128869,1.0579666215,-1.6066536867,-1.3174443429,0.4024651535,-0.8420245455,-7.7757500095,9.9322266689,-3.095657881,-0.7371667741,-0.5166209592,-0.1730022032,0.5526584434,-1.8151489624,0.1938104296,0.047561226,1.3111080965,0.7199264508,1.2543486311,1.7804075879,0.2157397692,1.0968919239,-6.0741350725,-12.1209940615,2.3770228014,2.2802269331,3.8496369792,2.5367574765,0.391555578,1.3699164059,11.5628115455,-1.6393547658,-2.7061504687,1.261787579,1.8904563668,-5.1777739552,-0.3772336149,-4.5874746655,0.743858949,-0.2428927203,-1.396525097,-2.177690458,0.4286514025,10.390879769,1.0554394345,0.470233285,0.2990467047,1.8674287075,-1.0305517569,-8.3822999292,-0.0522912568,1.2249802443,0.0489477195,-1.6527606322,6.1425468129,-0.353634126,-1.2219552389,-0.5018615485,0.8600075682
biasActivation=1,1,1,1,1,1
[BASIC:ACTIVATION]
"org.encog.engine.network.activation.ActivationSigmoid"
"org.encog.engine.network.activation.ActivationSigmoid"
"org.encog.engine.network.activation.ActivationSigmoid"
"org.encog.engine.network.activation.ActivationSigmoid"
"org.encog.engine.network.activation.ActivationSigmoid"
"org.encog.engine.network.activation.ActivationLinear"
