encog,BasicNetwork,java,3.4.0,1,1572773881381
[BASIC]
[BASIC:PARAMS]
[BASIC:NETWORK]
beginTraining=0
connectionLimit=0
contextTargetOffset=0,0,0,0,0,0
contextTargetSize=0,0,0,0,0,0
endTraining=5
hasContext=f
inputCount=2
layerCounts=3,8,8,8,8,3
layerFeedCounts=2,7,7,7,7,2
layerContextCount=0,0,0,0,0,0
layerIndex=0,3,11,19,27,35
output=0.6199777402,0.5959700245,1,0.6544714869,0.0998614665,0.6748119118,0.9969728278,0.3060215215,0.0421805017,0.1170168007,1,0.3386632739,0.0233073622,0.7898680072,0.2419800001,0.874919881,0.9991296911,0.075047244,1,0.1875372447,0.2950646348,0.0062683692,0.9282909549,0.0000205495,0.3333708721,0.0944549326,1,0.9999999217,0.0002255912,0,1,0.5901354018,0.9999971162,0,1,8,30,1
outputCount=2
weightIndex=0,16,72,128,184,205
weights=3.3509635419,-0.3557224725,6.9409817614,-5.1256429041,-9.4282495303,-9.0455813721,7.0397627085,1.2011600659,-15.1100439186,-10.2616164314,6.5288643503,4.3029329399,3.8079069111,5.6708634959,8.2312993752,0.2391699674,-4.4784439967,3.7860278915,0.6141464441,-7.4708205513,-8.2164119583,0.3662767029,4.1310408682,9.9026105774,-1.9748159071,-2.9874529421,-8.8424569629,1.9235553563,-3.7841093758,2.8030628813,5.4562058531,5.1592703785,-5.4618100136,8.7474656515,6.1378946188,0.0964171194,-0.7559133869,-2.8058071976,-1.6642464972,1.0940328023,-0.79647547,-8.1808923981,1.3635623277,2.71051626,-0.9814623836,2.7615845447,-4.7550100169,2.9809518697,5.252148018,-0.1629096697,-9.1354615518,0.6822897264,2.4025339945,0.0799753636,-7.2333269141,2.8179209095,-4.9766030994,0.6404782363,3.1170933431,-4.0650981537,-4.843082655,-1.5455398207,-2.7345344301,3.056067005,-4.1931164985,2.6262008589,0.7089974471,-3.5638617444,2.903431754,-4.1803745449,8.9526237116,0.6048213852,0.5530752017,-0.8863145679,7.6166533302,2.8960043472,-3.0361845522,-1.4924228105,1.3310983661,-2.8756736795,-1.1841089698,-12.0687865288,9.2959804292,1.6733721947,-8.4138775161,-2.2392729686,6.5756147137,-1.4383309691,5.5745624922,3.3062421208,-2.5873527546,6.6477791779,4.7823919142,-7.1918900883,-8.1372488825,-3.6856463414,2.0102440801,-3.9114102782,-0.0368686582,-1.4055614375,-7.8846902857,2.5169036784,5.6629120417,-0.4335207297,-3.4396757607,-7.7452640237,2.0788056256,3.396250967,-7.4936932984,1.3858790274,9.3366116659,0.3661121414,4.2185798314,-6.5910229835,3.4121084207,9.5676682706,0.8234810874,-2.710091964,0.4303291203,0.1592623983,-4.047703687,-2.5091146408,-1.5106098134,1.9635259051,-6.1841469985,-8.4406697509,10.4744855953,-1.0007992254,-3.1404879261,6.7552735299,-0.5234661466,-0.4335462973,3.0126965487,0.8806030032,0.0794466583,-0.5520819144,2.6996844462,8.0391284914,0.7713506723,-4.9189254356,15.4219264088,-4.2956019301,2.6287893985,-3.4589192347,0.8206228559,-1.4479601676,0.1677644415,0.4259295403,-14.363005309,1.004328959,-1.0845362802,1.1596152076,0.8520548555,13.5498695572,-0.9462149946,2.2725274695,-7.8476313742,2.7047318832,-0.3118319282,1.3595303417,-12.5149115422,10.7884768215,0.8839148396,-1.7647952538,9.650761283,-1.6473090689,0.2272911831,-0.5633321036,-1.5167511235,1.3308850461,-0.7247476313,-2.8357473897,4.5491567516,-0.1813343218,-1.0807056795,1.1559352491,12.9560355535,8.1445936512,-1.0226101812,-1.9299020359,-15.2530025019,-1.2201703193,1.3261913505,-3.066880521,-1.160993042,0.7892754222,1.9719131978,1.809689398,-0.7852448002,0.6832682649,-1.5394817122,-1.2262431375,0.7554725375,-0.2953422437,3.2962602068,-0.4654564185,1.0918272253,0.2205815601,-14.9875394585,1.2008760844,0.1285052428,-0.7057513748,1.4422126537,-2.0779942454,-0.2745056638
biasActivation=1,1,1,1,1,1
[BASIC:ACTIVATION]
"org.encog.engine.network.activation.ActivationSigmoid"
"org.encog.engine.network.activation.ActivationSigmoid"
"org.encog.engine.network.activation.ActivationSigmoid"
"org.encog.engine.network.activation.ActivationSigmoid"
"org.encog.engine.network.activation.ActivationSigmoid"
"org.encog.engine.network.activation.ActivationLinear"
