encog,BasicNetwork,java,3.4.0,1,1572773895058
[BASIC]
[BASIC:PARAMS]
[BASIC:NETWORK]
beginTraining=0
connectionLimit=0
contextTargetOffset=0,0,0,0,0,0
contextTargetSize=0,0,0,0,0,0
endTraining=5
hasContext=f
inputCount=2
layerCounts=3,8,8,8,8,3
layerFeedCounts=2,7,7,7,7,2
layerContextCount=0,0,0,0,0,0
layerIndex=0,3,11,19,27,35
output=0.7553223058,0.5555553733,1,0.0000000006,0.2180494444,0.0169740863,0.0638062104,0.5322402465,0.5249446189,0.0000067122,1,0.9837715678,0.0112063611,0.0772218118,0.9999999606,0.0176489187,0.0062601914,0.0992162374,1,0.9996254236,0.4420130294,0.0638171748,0.9999983663,0.0063780045,0.4939807074,0.8962465831,1,1,0.9999995743,0.0000323672,0.4076127085,0.9999999992,0,0.9999999867,1,8,30,1
outputCount=2
weightIndex=0,16,72,128,184,205
weights=16.9523355254,-5.283854866,-7.0067891283,14.3878584701,7.7095367759,-13.1935632573,-2.4176188061,4.3028239789,3.0046828323,22.5128175449,-4.7039725749,4.0827841873,-14.9296342123,-0.5894760762,-6.7769174886,3.3892140781,-0.7416918709,0.0037587447,3.7658429657,-19.6996030216,1.6044183294,0.5456169822,-2.3134887843,-0.8453402998,5.0547717592,3.6228105892,-9.2552932515,-0.1138613888,11.2511658788,2.6992220369,-5.9197639523,-5.0899688808,-1.4455939668,-2.5824268796,-1.9106055681,-1.9460507919,2.6953933643,3.6954884604,5.9909092442,-1.1793833628,-2.5188037628,1.3467616296,6.5741385473,3.4471068148,-11.4497584056,-2.8252453387,-1.8963941168,-3.7699947868,-10.6950718204,-4.1280244737,-1.7113015024,13.9820261445,8.5687529264,-8.3561211781,-5.5854548716,-2.6977184136,7.4263715236,3.9689363393,11.1828085671,-11.1622369762,-7.4742409709,-0.1665518149,-8.1220991121,3.987009718,-2.9111027422,-4.0609311189,0.0433606098,-6.5765007925,2.9835992961,1.2493266728,0.286807105,-2.5179839236,-4.8407862766,5.8385260496,-0.8731338217,7.9312988945,-3.2818202741,-1.7607483467,2.0773274941,-2.4837581002,-1.4164119837,-4.2420173027,-3.088665164,3.5401305653,-0.1881922133,-6.8171151578,-3.0606265373,1.5796891049,-3.3937122671,-8.6602896368,5.0955898916,9.7537014255,7.1774152394,-2.8533998572,0.5499162219,-4.4682902989,8.6245660128,4.7267129697,-5.6995028447,-0.0443251113,-12.6885813339,-1.2248245782,5.6871513671,2.3367345589,1.7457844836,-16.2725412736,3.3534518501,-0.5876081738,-0.9302634499,-2.9747679476,2.8728465655,0.7025021388,-2.9945406812,2.9950264132,7.5047101347,-0.7612514281,4.4764708744,5.0871495931,-1.9243536553,-3.9321748841,2.932796788,6.4577469544,-9.5820966224,-0.302553864,-1.128148863,-12.6001578358,0.8435107535,-1.6025777796,-1.2907222064,1.2287807313,-2.6174297141,7.0755443538,0.9779769872,-0.4058323041,2.2433708389,1.8459371364,-0.0892227334,-0.1290494767,-15.7546169138,-3.4006698064,0.1420330189,-1.4417279962,0.6277705862,0.6021384696,-2.7157935025,-2.7495086915,5.2201653925,10.3959691314,-1.8981577565,-3.2424998969,3.8951368386,-3.4551645384,1.3486758933,-0.3756379241,-10.8390258712,7.2457831527,0.2627051471,1.4236626516,8.9821643741,0.1536364284,-2.9121937612,-2.9923939712,10.427615985,19.6907383888,-3.0269120168,2.5888550465,-0.7192241795,-3.4243116443,-1.8521849763,-2.6213798184,-1.4726733447,14.4610248739,-1.699580159,-1.3328053196,1.0511684578,-0.7965527915,2.777495538,0.6941031605,-4.4622495463,-0.3352876097,1.8585157843,-2.2709389276,-3.8008731911,0.7637693634,0.2640241319,3.2111129258,-5.6026261096,2.8135816355,-0.2656014901,0.1289624227,0.5125796929,-0.6155452498,4.0273868507,1.1594185966,0.1620437155,-14.5105033882,1.1557673496,0.3539833093,1.1428933842,5.6883193639,-5.4399192165,-1.6654897873,-0.5701423596,0.7926034555,-1.0786169152
biasActivation=1,1,1,1,1,1
[BASIC:ACTIVATION]
"org.encog.engine.network.activation.ActivationSigmoid"
"org.encog.engine.network.activation.ActivationSigmoid"
"org.encog.engine.network.activation.ActivationSigmoid"
"org.encog.engine.network.activation.ActivationSigmoid"
"org.encog.engine.network.activation.ActivationSigmoid"
"org.encog.engine.network.activation.ActivationLinear"
