encog,BasicNetwork,java,3.4.0,1,1572773904412
[BASIC]
[BASIC:PARAMS]
[BASIC:NETWORK]
beginTraining=0
connectionLimit=0
contextTargetOffset=0,0,0,0,0,0
contextTargetSize=0,0,0,0,0,0
endTraining=5
hasContext=f
inputCount=2
layerCounts=3,8,8,8,8,3
layerFeedCounts=2,7,7,7,7,2
layerContextCount=0,0,0,0,0,0
layerIndex=0,3,11,19,27,35
output=0.5882342785,0.586046313,1,0.9999800513,0.1680313481,0.0000231246,0.1260265625,0.0230824276,0.0000079536,0.140834447,1,0.9999992642,0.999694615,0.966280666,0.9999986952,0.6297183453,0.0000024832,0.0309716915,1,0.9999779951,0.003970563,0.9998808963,0.0969534251,0.2496494005,0.2068330539,0.9749739055,1,0.0000039301,0,1,0,0.9999020339,0.3721092579,1,1,8,30,1
outputCount=2
weightIndex=0,16,72,128,184,205
weights=0.4775328086,9.1269176274,-5.9105122192,9.4944304529,4.008558129,-6.4824899379,-16.8973496482,-0.5636213596,3.0365060683,-8.5379403624,-1.2059384664,3.5214211145,-10.1222519841,10.358932891,6.2078828564,-2.3386438486,-0.1036735588,4.3379289469,1.6781194932,3.2814463165,0.9605356632,-0.6000772406,-0.9034110819,1.1095317138,-0.8928965392,6.8020048135,-0.7148180342,-0.397552622,-7.3575576073,3.2051080214,4.5988492236,-1.9276620524,-6.1904016252,-1.1684156318,-0.4219351982,-3.8418390641,-0.4890855506,0.9802478527,1.2261688655,1.2034145995,-3.4998714137,6.2092601005,-1.5223900147,1.1644635419,-3.7061789036,1.0862948109,-0.8670856183,-1.9767570597,17.5437564024,-12.9487771037,-2.5731596769,-3.4658613294,-3.5175906722,1.9900826269,-1.182372758,-0.140293643,-12.4706035162,-1.8116383794,3.9295789343,0.0578887722,-5.8382699216,3.8919421765,-0.6452702434,2.3812728262,11.855788545,-2.4801125729,-9.3779113189,3.4305749557,-9.8029639692,-4.3187983795,-4.2343523436,0.7505847407,9.7803546802,-5.5261614114,-0.3368683411,-15.8470616837,6.9417755715,-4.3488616259,4.326539752,1.1855784158,3.7887878766,-6.7821175903,3.2841673564,4.6783145474,-0.0216829174,-7.5209582023,1.0665697146,1.1156194461,0.1598764201,-4.6039692491,-0.2194762795,-5.5018960142,-6.5607164197,-0.0647983417,6.3491272369,-0.5722838137,6.3465240948,-0.1518536722,5.8165434669,1.4526358579,-0.9838228134,0.8469413073,0.6061189536,0.7264879039,-0.2615746371,2.5471189373,5.4031671904,-6.4823617109,2.4800703657,-5.9113897913,-2.7698022908,-0.6875647148,0.5659519313,-7.0601448807,-2.6170637868,4.1584869345,3.5357217818,-10.0080587586,-11.1500956872,0.8280665853,-0.2544731507,7.1691095093,-0.6709920105,-8.8572306026,-0.3911551296,4.5047381989,-1.7739450252,-0.7920941343,-0.4243328411,-1.5928235363,2.6522680717,2.3410613055,12.0436674409,2.6741125192,-3.0770927616,-1.8884988053,3.4550178407,1.4623597532,0.4918659488,-1.9114229372,-12.7861383712,-1.7158555503,3.5721986707,3.834424381,-0.4432062267,0.4152968384,4.9086340192,-4.1331991101,5.1735076705,-1.9231598032,-0.0511626644,-0.2794475859,4.9074951853,2.8163564953,2.2524950356,2.8045402975,-4.2271372004,-11.62921368,1.7179781485,2.3520252647,4.4032002664,-0.8796318269,0.2753202316,0.9488688704,-2.9201984595,7.0885544724,-0.6543148498,-0.4393100802,-2.2188829387,-0.3005496434,0.4813935039,-6.4996669199,-10.8341567455,-4.3240505057,5.2054167083,5.4111913391,-4.623514697,0.9856507463,0.2672423857,1.0091129919,5.0667378576,-5.0464345032,0.4191787323,-0.2123277921,6.0443688232,-1.9572804241,-2.0833681645,0.9008857909,-5.1899811874,-3.1517195887,-4.6292995716,4.2793369974,-2.3551939787,1.1633512075,-1.6640110062,-0.8245012966,-1.2705471723,0.5299312689,3.4972303818,-1.1900078072,-0.3195851892,18.5844394742,1.1334128686,0.6352966428,0.8750047717
biasActivation=1,1,1,1,1,1
[BASIC:ACTIVATION]
"org.encog.engine.network.activation.ActivationSigmoid"
"org.encog.engine.network.activation.ActivationSigmoid"
"org.encog.engine.network.activation.ActivationSigmoid"
"org.encog.engine.network.activation.ActivationSigmoid"
"org.encog.engine.network.activation.ActivationSigmoid"
"org.encog.engine.network.activation.ActivationLinear"
