encog,BasicNetwork,java,3.4.0,1,1572773913256
[BASIC]
[BASIC:PARAMS]
[BASIC:NETWORK]
beginTraining=0
connectionLimit=0
contextTargetOffset=0,0,0,0,0,0
contextTargetSize=0,0,0,0,0,0
endTraining=5
hasContext=f
inputCount=2
layerCounts=3,8,8,8,8,3
layerFeedCounts=2,7,7,7,7,2
layerContextCount=0,0,0,0,0,0
layerIndex=0,3,11,19,27,35
output=0.4628570835,0.2766011114,1,0.9998060024,0.1526525444,0.5346623767,0.0000696983,0.9999058859,0.3463624456,0.9998282213,1,0.7360624618,0.0756140802,0.9656659815,0.9542940895,0.9986524942,0.7265234461,0.3599640333,1,0.8220420519,0.4883729035,0.3112062412,0.0677584198,0.0721651351,0.0128125268,0.0006765848,1,0,0.3977364007,0,0.0000037701,1,0.0026428887,0,1,8,30,1
outputCount=2
weightIndex=0,16,72,128,184,205
weights=-1.3025580827,-2.3642453966,9.7109872098,1.001143863,-8.6107707781,-14.790060104,7.5806718975,2.4755103909,-4.1046767883,5.0021534934,5.4551942359,4.5574168122,8.3628185742,1.8408017937,-8.0492046618,-1.4898942197,-0.0373116148,-0.2377876452,2.5108217228,3.4323986601,2.3319308843,-1.4152303876,0.424053822,1.4395470521,-2.9959995801,-2.0579125799,0.2642704355,-0.4456241538,-1.8224092358,4.167611241,-1.2662116413,0.0648399753,5.496758677,-0.7945173601,5.7913053137,-5.6877827859,-0.7754445941,-0.7485115537,2.3047790513,-3.5230844892,-7.7860386361,3.9365543837,-1.9688902041,-0.2669258141,-10.6615147617,5.1901279088,4.5674607171,3.2503800939,11.5907117857,-1.2680298516,5.5938645017,-3.7618041468,0.3081929281,2.4557152338,-3.2945954044,-1.8826119923,-4.8609725906,-0.1169367766,3.2021269996,5.5792014993,0.0562926111,-8.3617995403,-1.2365540705,0.9993118006,-0.4006964341,-6.6476135471,1.7820821517,1.0144467359,7.4439202,-3.846542735,-0.2257598622,2.2197251952,3.0402409446,-3.9733301253,-4.0512980243,-0.5140058456,6.7163006994,2.9465203405,-5.4562266014,1.2437373057,-4.1847004685,-1.4846153302,5.421111652,1.0052420328,-0.6110840976,-5.0130460857,6.7436376361,0.0101272438,5.3223141573,-1.4021758735,-3.8709675062,3.1739864691,-5.1415940632,1.510464114,-3.9071874402,0.9902394487,2.7873871967,4.7319538555,2.592958384,-0.0145326176,0.666597005,-2.145131307,-1.3659559268,-2.3892197133,8.5963937497,-0.1961606386,-1.0825720665,-1.3604890527,3.8992879057,2.9193983712,-7.7238848804,-0.2471299658,-1.6137869301,-3.3013116795,5.4270937563,-5.4792073638,-5.6692993917,1.4645090859,13.5500515817,2.9794376726,-1.3148340763,-2.2424499162,2.4780573847,4.971708906,1.423838975,-1.7548494103,4.5834203332,0.409049812,4.8965197512,-6.8871336952,-1.0951891751,-2.6078779168,2.3167319691,0.6270242963,0.6757707993,1.95112875,0.8765513253,9.4353469731,-1.6395507622,-4.424102477,-1.3337095773,1.6315479603,7.3704478123,-2.4698834593,-3.3963951495,3.7025138577,2.6024747015,9.3467815951,-1.0780644285,-8.2839503776,-6.5629904996,-1.1671878304,1.4362251019,-1.5612436188,-0.1195640873,8.5432693901,-0.5087179029,0.5499138123,3.8492169211,-1.493447507,-6.4617782046,0.0856147263,0.3151877447,2.1241933936,-1.7010608439,6.0047886807,-4.4552300904,-0.9027659799,0.5645729431,-2.8464703897,-1.8398717964,-4.3695511457,-1.5649722818,2.6606476609,5.3956996332,-1.6543347718,0.6636727079,-13.5638889185,4.9437702585,3.6824757931,-0.9896007557,-10.3626724376,6.3323861564,-0.8859493419,2.9893487157,-1.8984291922,2.1864515166,1.0414283209,0.1978770874,-14.6826449338,1.1701857822,-9.4039576448,-0.8914588297,4.3416180906,-1.6266420324,1.5779042236,1.1446808443,0.9626668333,0.5025167434,0.7127897566,-0.244312773,-4.3061712166,2.9034320922,-2.3562246755,-1.6283455206
biasActivation=1,1,1,1,1,1
[BASIC:ACTIVATION]
"org.encog.engine.network.activation.ActivationSigmoid"
"org.encog.engine.network.activation.ActivationSigmoid"
"org.encog.engine.network.activation.ActivationSigmoid"
"org.encog.engine.network.activation.ActivationSigmoid"
"org.encog.engine.network.activation.ActivationSigmoid"
"org.encog.engine.network.activation.ActivationLinear"
