encog,BasicNetwork,java,3.4.0,1,1572766844451
[BASIC]
[BASIC:PARAMS]
[BASIC:NETWORK]
beginTraining=0
connectionLimit=0
contextTargetOffset=0,0,0,0,0,0
contextTargetSize=0,0,0,0,0,0
endTraining=5
hasContext=f
inputCount=2
layerCounts=3,8,8,8,8,3
layerFeedCounts=2,7,7,7,7,2
layerContextCount=0,0,0,0,0,0
layerIndex=0,3,11,19,27,35
output=0.2086600255,0.0600000506,1,0.9999999969,0.5882208149,0.1979936307,0.0015705298,0.990156634,0.0101081724,0.0000136027,1,0.8104830452,0.8654551991,0.9999987924,0.9999969114,0.9805453191,0.9903782381,0.9998246122,1,0.2591797375,0.0225952307,0.9944113536,0.0000110158,0.0430690137,0.2416552417,0.0009635296,1,0.8980786717,0,1,0,1,1,0.8452310982,1,8,30,1
outputCount=2
weightIndex=0,16,72,128,184,205
weights=-10.4208918214,10.9173753736,-6.8046479814,8.0830674769,9.6219315335,3.1134477066,3.4244426457,-5.5581119995,0.0132276899,6.1372137687,21.3314091879,2.2739570028,-5.3498350831,-16.7456844372,-10.2330911133,-5.135271299,2.2101274484,-1.9229414041,-4.5910226738,20.2243046268,-11.0242018937,6.1039265544,13.5602433673,-4.9732345504,-1.2281127216,5.2158531209,0.3962137831,7.6700901886,-1.9305957063,-3.875450667,-2.4410381578,-3.0565786844,-1.7293337392,-4.8249469025,-5.1790358413,-0.3020321371,8.9039951677,-2.6416286754,-4.5431132729,8.0873073976,-5.9579580623,-5.9003996952,-4.0572730379,-2.8827726704,3.4017250443,0.3869087772,5.2351713452,1.4676321982,-4.3714532257,-0.8259796023,10.4645483265,1.1785487123,2.8321431264,-6.4805088701,5.9710616985,-5.1030824571,-7.018328038,3.8816790167,-9.4036656572,7.1083423014,-0.5536072431,9.2593173497,-7.7692550408,-0.8195978787,-1.2486263394,4.7177740653,6.8154087713,-16.7725169715,-1.0579211174,1.6786111315,-2.8395929518,-2.105224254,1.5630698637,-7.0349776456,1.1289767652,0.2964295888,-9.1404280292,2.3574093258,-0.4680056394,-0.0912379054,-2.5453987223,-2.9130185994,-1.7911587458,0.324578462,-0.7717713501,-1.9675645993,-1.892226481,4.8785744378,4.1422971096,2.3222821779,9.5291601754,-5.1699307533,-2.7749696523,-1.749944677,-4.9733952685,3.5721108192,2.1507884173,-1.9962469418,12.9006318539,-0.1671769057,-5.3712619151,0.3383864248,8.0046687609,-0.5112376142,-7.8620859104,10.3997734576,2.4618568726,-9.3899785199,5.701929286,0.3188687579,-3.9182857591,2.9558768605,-1.0272709171,-8.722716854,1.7587926153,-5.5781504685,5.3024867677,1.2986059268,-1.2143974788,2.8074795416,9.937720125,-12.1407861539,1.6747399867,4.5443864494,-4.7690696483,0.1599170373,-1.9131395451,4.850171235,4.800393016,0.1320498062,1.0497416046,0.1213177857,2.6935916494,-1.2733834196,-10.7348482836,1.2421109394,-15.0034962885,-0.4336411376,-3.1112299507,-1.3170562338,-0.7001721588,3.492963501,12.7362668767,-0.7394922229,9.8630769253,-0.5108840311,3.389435617,-0.5422365849,-1.9632167576,-5.6713760073,2.7175209482,-1.7281812526,-1.9532849791,0.497646206,-1.6384979516,0.0825285417,0.6437883603,2.154289222,-13.5696249718,0.6479215348,-9.1907255774,-0.2973937217,-2.826448822,-0.6879655683,1.0694441005,3.5314975412,4.1806309551,-0.1550249694,-1.3080463174,-0.0434350936,1.7352810511,0.463818142,0.1682287836,-0.6001300532,-1.5081540193,0.0024613765,-8.684138757,-0.2934213643,-0.078485318,-1.8177962612,1.4217931291,4.1723989014,-7.9947698865,2.0968179136,-0.4691702386,0.2066795934,-0.2709694449,-0.9007865127,-0.5379823256,-0.6535157542,-0.8501053998,3.6866031168,0.3617350858,1.4862815289,-1.794185899,1.3562190582,0.4975770118,2.1541651866,-0.4359039418,-1.3102736576,2.9614625889,-0.7877366915,1.2360279374,0.2380746311,-15.3327854014
biasActivation=1,1,1,1,1,1
[BASIC:ACTIVATION]
"org.encog.engine.network.activation.ActivationSigmoid"
"org.encog.engine.network.activation.ActivationSigmoid"
"org.encog.engine.network.activation.ActivationSigmoid"
"org.encog.engine.network.activation.ActivationSigmoid"
"org.encog.engine.network.activation.ActivationSigmoid"
"org.encog.engine.network.activation.ActivationLinear"
