encog,BasicNetwork,java,3.4.0,1,1572773925928
[BASIC]
[BASIC:PARAMS]
[BASIC:NETWORK]
beginTraining=0
connectionLimit=0
contextTargetOffset=0,0,0,0,0,0
contextTargetSize=0,0,0,0,0,0
endTraining=5
hasContext=f
inputCount=2
layerCounts=3,8,8,8,8,3
layerFeedCounts=2,7,7,7,7,2
layerContextCount=0,0,0,0,0,0
layerIndex=0,3,11,19,27,35
output=0.0144934824,0.0003652058,1,0.5896310677,0.5574656684,0.8115154584,0.9806339482,0.0004138259,0.3581685002,0.8643077672,1,0.4646290292,0.8305055572,0.9736544715,0.8192861467,0.0000000828,0.0000000588,0.4147323196,1,0.9999879983,0.0503816952,0.980544218,0.9999999996,0.0071633651,0.5274692066,0.8418029624,1,0,0.9999998706,1,1,0.0004210147,0.9808526818,1,1,8,30,1
outputCount=2
weightIndex=0,16,72,128,184,205
weights=13.9387649268,2.1312078016,3.5637658769,-9.191788541,3.2281328459,-6.2445028043,-5.9757397299,-0.1044053363,-5.9510687285,4.6171088808,-11.7632586124,3.3785762356,13.3786999328,-4.0292098723,-6.616037185,6.4091827039,9.2173315525,-11.746806982,6.6472616497,3.0188908078,3.6892119061,3.5587255486,0.8904471029,-3.479180044,1.2504508355,0.9976588125,-3.1273405744,2.1820700069,0.824382387,-0.609130424,0.9333350242,-0.3085488982,-7.0266871504,12.3869947707,-2.797275846,2.3782939587,-1.2833107254,-2.0369306768,-4.7696474259,-2.8095737158,-3.0157416164,0.0530835505,6.4687121854,-3.9270019071,-6.8431939963,3.34397221,-1.0488998066,2.6358532738,-1.9892032258,1.5508525743,-8.4824132638,3.2430387441,2.919149255,-3.7147283439,3.2887249324,-3.9153789723,-1.5328357843,-1.9399594753,3.7156987483,-5.2826388266,0.0457815455,-0.1610930566,1.0576645589,2.0115633034,-3.8453089275,-1.6007674999,2.1232079627,4.3082831514,-9.5470034471,2.3443553068,-9.4254416722,3.279676361,2.1601308708,-9.4588532037,6.4366512102,-1.7998096056,2.8931342732,4.2431358869,-6.8393958571,-2.8383084222,0.9320594246,2.8221994725,1.6016160975,2.7951104739,2.9944263071,-10.1921982756,5.499981689,-3.125867138,0.0792564664,-6.5182123072,5.0417872749,-4.2621664323,-12.8602292689,-4.2732566337,4.052536008,2.1120690504,-6.2964880476,1.2268200489,-4.2379628122,7.9298536735,-4.1863423261,0.0875024571,2.1329010248,2.1601290612,-5.9407612888,2.5095517638,-0.873488153,-10.3194496863,-3.1114967268,3.0727376499,-2.4892096531,1.1803742115,-5.2603856613,0.7702031915,-5.0097082033,0.6079324273,1.314863399,-3.4214425028,-4.80643131,-1.281462107,-0.1331149261,-6.6188363661,0.932142665,-4.4154263796,-3.2043434607,5.0792981861,1.7727574701,-0.5249672073,2.9307927333,5.0034668686,-3.4252684545,-0.335972465,-5.7637281044,8.8036305613,0.8241027912,0.6314806671,-2.4810481105,-1.4414367364,0.2427634554,2.0463770333,0.5227146216,-6.6892096551,1.2787891017,1.497983916,4.6337153457,6.1442317562,3.4537613945,-1.0466927478,-0.8244278833,0.8828868362,-4.3271221071,-1.1698488854,-1.8450818724,12.0491657931,-0.524016573,5.2569243717,-5.1763694714,4.9596163188,0.6586810449,-0.7808286007,-5.5892456514,-1.0455787849,4.286692129,-1.0751094969,9.36992911,1.8985946985,-5.4111675549,-3.5526092818,-1.372290267,0.8566448537,3.3958621758,5.8786788644,-4.3494919095,-11.1672710376,0.6120862582,0.3219944752,2.6981935859,12.5871365395,-4.885941338,-2.1091888571,-5.1093739463,-3.3640665008,0.093676617,-0.7121719167,3.1122025024,-3.4247837002,1.5501646593,-0.584323591,1.2428296654,-16.7496645703,-2.358271999,4.0904410328,-1.1290335677,-3.0120559274,2.1589379774,1.2924892072,3.3849825815,-0.8561517892,-9.1677287717,-1.6930566322,0.1686420338,12.4214516529,-1.370673743,6.1050454682,0.5895091202
biasActivation=1,1,1,1,1,1
[BASIC:ACTIVATION]
"org.encog.engine.network.activation.ActivationSigmoid"
"org.encog.engine.network.activation.ActivationSigmoid"
"org.encog.engine.network.activation.ActivationSigmoid"
"org.encog.engine.network.activation.ActivationSigmoid"
"org.encog.engine.network.activation.ActivationSigmoid"
"org.encog.engine.network.activation.ActivationLinear"
