encog,BasicNetwork,java,3.4.0,1,1572773934303
[BASIC]
[BASIC:PARAMS]
[BASIC:NETWORK]
beginTraining=0
connectionLimit=0
contextTargetOffset=0,0,0,0,0,0
contextTargetSize=0,0,0,0,0,0
endTraining=5
hasContext=f
inputCount=2
layerCounts=3,8,8,8,8,3
layerFeedCounts=2,7,7,7,7,2
layerContextCount=0,0,0,0,0,0
layerIndex=0,3,11,19,27,35
output=0.6271052777,0.3636262401,1,0.0000004437,0.2143778598,0.9816424417,0.7945902372,0.7664603852,0.9994139184,0.1989323874,1,0.2988982657,0.0677433506,0.070613415,0.3870550722,0.9640679973,0.8662329053,0.0000000366,1,0.9979439538,0.2455923601,0.9898102731,0.9987504444,0.7210164297,0.9767758242,0.0507821278,1,0,1,0.0000034743,1,0.000000001,0.5566764624,0.0007225849,1,8,30,1
outputCount=2
weightIndex=0,16,72,128,184,205
weights=-1.4403146652,3.9055147018,-2.7996429975,13.0741079652,-14.632846522,2.7056478396,1.4404429664,0.2671372079,11.0624509017,-10.0118886256,10.4419624909,-5.768203635,-8.9858123975,1.8373846054,-7.3687056769,2.4365832461,-3.2716212813,6.8225114835,-0.8179380892,-2.2427354654,-8.6546390061,-6.7901375669,-1.4341926116,1.0388204507,-2.9339329738,-5.7393744427,3.993362314,5.9488790322,-4.7986344453,4.5029011894,11.1946079352,-1.8918642923,0.5080860292,-6.0984878905,-2.8511285622,5.0576362812,4.7450612874,1.0442352318,-10.3665906938,-2.9949164096,-5.3641427057,-9.182488523,2.5335909908,-3.7955154084,-10.1361043584,14.3070292478,-2.0851787901,2.2470475931,-0.9579647984,-8.6474797888,-2.2495767912,-5.8946115858,2.1497231655,-1.471598573,2.0862073555,3.7032319034,-0.5722518555,-11.766132236,-0.0162503752,1.3067254451,4.4038579518,1.3398100857,-3.5100657941,2.4987544241,-3.5072580686,0.9801180745,-1.0192740852,1.7518051778,3.4285028335,-3.2731692918,-5.8512127977,-1.4871168332,-7.2735461916,0.7241432864,1.0602986369,2.7390784551,5.0686849127,-1.8086071509,1.3786027661,0.4850376008,7.5660787545,-10.7862290658,1.8681203407,-8.7233486606,-2.5150268933,2.9483828224,2.7395159388,-1.8656770885,1.5031785555,3.3753031681,-2.1146732171,-1.3408222545,2.0172514277,-3.899227487,2.4757304629,0.7544076927,-2.5703001403,6.9776095221,2.129534742,6.3970122414,-5.6255856133,-5.6383697184,-1.2076356473,1.519694798,-7.891027226,4.4820603828,-0.0485001798,6.0548676849,4.797208559,0.7504964497,0.5006780034,-0.1530776732,0.1130765021,-4.7663733873,-1.7926188781,5.3431032919,6.13583705,-5.194375357,-0.1802040339,0.0225723915,-11.4957542612,10.2815463663,1.3615054691,-2.6459827575,-3.705271013,-6.802437258,-0.945038898,2.482894643,-0.1804736655,3.7600963901,0.1440340087,-3.6592138337,-0.918499083,14.0857240701,-11.8557872383,-1.7485949878,0.8725177347,-3.1575531285,0.7840033896,2.6716273285,-0.0895365368,-16.7768429445,8.1475657598,8.6970495795,0.3149606703,1.2908620401,0.1490967825,2.1370169633,-0.9452938003,-1.5320140125,-1.7051456392,2.0023219676,-0.9352431308,6.1973757892,-0.4036054621,3.7674911695,0.5811847154,-14.0789694907,-5.480680697,4.5602426195,-0.3548899328,1.0026087476,0.2789118981,-0.0849234586,0.6197257173,7.2135305409,-2.6038127833,-3.9818984135,-0.8592150655,-1.2393473578,0.5174637699,-0.3970788832,0.5603507805,7.1614558739,-7.9357063026,1.39460812,-0.7049049736,-0.0503415195,0.5028437028,-1.9136336713,0.209737727,3.4699366434,0.0152256497,-2.8957634898,-0.9452095899,-0.9190869311,-0.8210948939,-0.8438733982,1.3426689747,1.4440308845,-0.9612296488,-0.1906223505,0.8383918721,-2.9909357827,4.7183955303,-0.420399229,-0.9693896482,-0.4237409039,-0.2851998723,-0.9906401806,-0.2320331863,15.113801412,0.5070896831,-0.475078498,2.9636846606
biasActivation=1,1,1,1,1,1
[BASIC:ACTIVATION]
"org.encog.engine.network.activation.ActivationSigmoid"
"org.encog.engine.network.activation.ActivationSigmoid"
"org.encog.engine.network.activation.ActivationSigmoid"
"org.encog.engine.network.activation.ActivationSigmoid"
"org.encog.engine.network.activation.ActivationSigmoid"
"org.encog.engine.network.activation.ActivationLinear"
