encog,BasicNetwork,java,3.4.0,1,1572773944209
[BASIC]
[BASIC:PARAMS]
[BASIC:NETWORK]
beginTraining=0
connectionLimit=0
contextTargetOffset=0,0,0,0,0,0
contextTargetSize=0,0,0,0,0,0
endTraining=5
hasContext=f
inputCount=2
layerCounts=3,8,8,8,8,3
layerFeedCounts=2,7,7,7,7,2
layerContextCount=0,0,0,0,0,0
layerIndex=0,3,11,19,27,35
output=0.8058566578,0.558685133,1,0.0112854246,0.000000172,0.9999999989,0.1100129895,0.0000197061,0.5826070532,0.9983654422,1,0.7419048586,0.9996263859,0.974569036,0.352186321,0.8162441609,0.0001020802,0.6956661599,1,0.086623441,0.1296070159,0.000000193,0.4247710235,0.003904702,0.9994246153,0.0064833658,1,0.7074637911,0,0,0.9784852147,0,0,1,1,8,30,1
outputCount=2
weightIndex=0,16,72,128,184,205
weights=5.476206652,-17.723191267,-5.394836211,2.823411607,1.6983728705,-13.5575356264,15.5033289195,-1.1335703171,-13.0281395876,3.7160643201,13.537473294,-12.9315108611,17.218817583,0.3378446049,-4.616786705,-7.3199138877,2.3767084749,-1.6558323071,-3.9255325982,1.7127125586,-5.9264231914,7.250944041,5.875906443,-0.6094640962,-1.779254589,-4.9712639715,-15.2632959447,3.6038037709,-2.4694186543,5.5072935829,5.5459964135,2.4762376697,-5.8971882435,6.9761810005,11.2561328347,-13.4972862575,6.528183437,2.2810426905,5.8282757187,2.4525005985,-11.7402121869,-3.1731777926,8.2052080267,-6.0604980718,6.8996149543,1.2330807426,-5.6709890456,2.2426060116,1.6891240683,0.4220219379,-3.2648893825,1.2601710043,-8.6510264583,11.4593256212,-2.2156522663,-1.1700154301,-8.6918858776,1.6116866046,1.5518916615,-0.8581292958,8.1411887981,-4.938536303,-5.240764226,0.9618772323,-2.2599719417,8.9282508717,-0.6228706008,-1.9193298022,9.6026031522,-5.13003224,-3.4879643026,-4.9615781522,-2.2970756436,2.3034309784,-1.1853245358,0.3777921318,-12.4588337744,-0.9783844716,13.5555272625,1.734441704,-2.6647789903,1.1762487956,-9.592812707,0.528026442,-0.6164344554,8.5622795774,-0.552947824,-0.8053537684,5.1117094967,-6.998946741,-2.5205920405,-1.342004503,8.8522524109,11.1799864674,-1.5322274629,-6.5177933707,-9.2087077213,8.6283471149,3.0670253781,3.3570535448,-2.9428013769,-5.867840615,6.216556981,3.479624099,-11.6712190473,4.3374554778,-10.8500439313,-6.4281733764,5.5180511888,4.6168215361,-7.459106128,0.0830946641,-6.154963306,6.7856677266,2.0515316732,7.2944292043,9.1000118197,-5.5154497203,8.4021621397,-7.212149534,0.9837434238,-1.1245277433,1.0395246519,-2.6871259727,-4.5046061037,2.5916234966,1.2198964362,-0.5517630802,-16.5243514472,0.3299998695,-0.41036101,8.301636019,-0.2714426102,-0.2092704527,0.5741380835,0.6376363583,5.7426112086,0.5054775134,-0.5297079488,-8.6712950235,0.6547760669,0.7538241571,0.63355248,1.8840540979,4.6080889356,0.1349666228,-0.960924402,-19.5426318692,1.4348951644,0.7960417235,-0.2761424633,0.6776247052,-4.9599250807,0.5490601882,-3.7125802333,-6.4437595846,-0.8977947087,-0.4178129169,3.8966038812,5.6142690742,13.7262257891,0.1467804176,1.4883672594,-4.4923323319,-2.13520968,-0.2593712532,-4.4922000508,-6.3645883897,14.8684244267,-2.0550832182,-0.8234113754,2.9156389562,-4.6759141262,0.8561083343,-1.0935486044,-4.8183367022,-9.5843856554,0.9830344233,-0.891463514,-9.0291810714,0.7306057606,0.8772797113,5.1805286178,5.4029863636,-1.3755740643,-0.2201524172,18.4922630307,0.1534539578,-2.3370517431,-0.4190840396,1.9321372333,-4.4480845544,0.4632453129,-0.2912745,0.242542628,-1.1288175534,0.9552116886,-2.0555771458,0.0203466156,-0.783458682,-0.8186839261,0.6103963929,-0.2013218346,3.3943056729,0.4662322345
biasActivation=1,1,1,1,1,1
[BASIC:ACTIVATION]
"org.encog.engine.network.activation.ActivationSigmoid"
"org.encog.engine.network.activation.ActivationSigmoid"
"org.encog.engine.network.activation.ActivationSigmoid"
"org.encog.engine.network.activation.ActivationSigmoid"
"org.encog.engine.network.activation.ActivationSigmoid"
"org.encog.engine.network.activation.ActivationLinear"
