encog,BasicNetwork,java,3.4.0,1,1572774003538
[BASIC]
[BASIC:PARAMS]
[BASIC:NETWORK]
beginTraining=0
connectionLimit=0
contextTargetOffset=0,0,0,0,0,0
contextTargetSize=0,0,0,0,0,0
endTraining=5
hasContext=f
inputCount=2
layerCounts=3,8,8,8,8,3
layerFeedCounts=2,7,7,7,7,2
layerContextCount=0,0,0,0,0,0
layerIndex=0,3,11,19,27,35
output=0.7777816553,0.4411793364,1,0.8513163628,0.9587910733,0.0000013036,0.0024890046,0.0000074999,0.8151351227,0.9878048712,1,0.5641125638,0.6297816352,0.6683149833,1,0,0.0000000007,0.757128861,1,0.9856479566,0.9999999937,0.0009339273,0.0114948075,0.0021133226,0.0205900126,0.9991711872,1,0.904860305,0.0500165016,0.0000001095,0.6829161466,0.0000000001,0,1,1,8,30,1
outputCount=2
weightIndex=0,16,72,128,184,205
weights=-20.5505422744,18.1834977208,2.4183548971,12.3165198535,-2.34381289,-5.6252109502,4.8603053524,1.0672552751,13.021930578,2.3096631712,-13.6709587571,-12.9161822456,-11.3488669396,-19.1398888372,1.4541955093,0.6607414402,-3.8202817185,-0.4314594061,-0.4572676943,-7.6729116818,-6.1990941988,-2.1883965165,5.428409061,8.0402624956,6.5959597009,8.8955282296,0.5275140549,5.2511414465,-9.2791986285,18.7205059367,-4.2037888301,-8.5969629195,-3.78474218,-1.7612083369,-0.383141203,-11.1266851005,10.6513439191,-12.8351365326,0.6570686129,0.5790662132,-28.5899660852,1.635982977,1.6512654126,8.5736663367,-10.1230871785,-0.8195104918,-4.1555966552,2.5733571508,-0.8876629195,-3.0322482227,1.0886406533,-13.586498233,2.8063241456,0.9299111224,2.0950326767,1.8825137365,-5.939777099,4.3559438476,6.2917194151,3.5362561163,-14.6260298475,-0.630063261,-8.1857838159,0.5477248828,-9.6846022721,-4.1600405514,-5.0837281469,12.3167778969,-7.6960931779,-0.2672098636,2.1306334032,1.9451613003,-9.7072260972,-7.6514537076,-20.6727744045,-1.8851896205,7.1099119375,12.3772598084,8.9941542823,8.2616344779,-7.2494530462,3.1948813717,-4.3915501405,-8.7779531356,9.4779354449,7.319917342,1.7082877556,2.7091906111,-4.0195648389,9.8864648057,2.607140549,1.148492795,-15.9963285585,-1.5313307177,-8.0287518096,2.8477813624,-1.9118376833,18.113981613,-6.896408581,-1.0495869498,-17.5997703849,5.555409699,18.0745324574,6.1061896512,-8.5200523328,-8.6406760421,2.7482140116,-3.626690183,6.8843380885,6.8823497161,-7.7121447327,-2.3833048259,-8.3905846689,-14.6734878152,1.273378985,-3.2631342394,-0.0407063388,4.5801669074,-0.0327297638,1.8875841395,0.0120071361,0.8977838809,7.9834713041,-8.0370936015,5.7971498736,6.1730577424,-4.5535634598,4.7227474553,2.3619273384,-0.5549604611,0.0056834831,17.2788581395,-0.3995197573,0.1239257638,-6.5189758312,-3.1610855798,12.5022307859,-0.9061607678,0.6822255767,11.4278014727,-1.0340650195,-0.5582897654,1.7454914962,-1.9287087116,-18.1637981728,0.6676949132,0.9341171506,4.945828848,-0.5727683091,-0.720878244,1.6933905465,4.3561495528,-6.7624799162,0.0248904824,0.4894434044,10.0000913906,0.858514519,-0.2612569765,-6.6861806068,1.5205128977,-16.3537197301,-0.22988889,0.4328290833,8.0316348039,-0.2654999021,0.4722993387,4.9680797159,-1.8010610933,2.9760297429,1.8104767423,0.9583334741,-15.9184671958,0.6621229989,-0.8838616421,6.6401493936,-2.4147603174,18.4456707093,-0.9797689643,0.8794451986,-1.080058339,-0.8443497742,-0.3172685721,-5.0109150423,-3.7985593412,-0.60197813,0.1962701768,1.1801540243,0.1678828671,-0.150443346,0.2261458111,-1.1577127199,-0.2007543338,-0.7430791769,1.0224531958,0.2655079741,-15.3776589709,-0.9091777239,-0.513272277,-0.2280952229,-1.0223572462,-0.7867989943,0.1629539574,-1.3000774073,2.3303641209,0.302459018
biasActivation=1,1,1,1,1,1
[BASIC:ACTIVATION]
"org.encog.engine.network.activation.ActivationSigmoid"
"org.encog.engine.network.activation.ActivationSigmoid"
"org.encog.engine.network.activation.ActivationSigmoid"
"org.encog.engine.network.activation.ActivationSigmoid"
"org.encog.engine.network.activation.ActivationSigmoid"
"org.encog.engine.network.activation.ActivationLinear"
