encog,BasicNetwork,java,3.4.0,1,1572774017042
[BASIC]
[BASIC:PARAMS]
[BASIC:NETWORK]
beginTraining=0
connectionLimit=0
contextTargetOffset=0,0,0,0,0,0
contextTargetSize=0,0,0,0,0,0
endTraining=5
hasContext=f
inputCount=2
layerCounts=3,8,8,8,8,3
layerFeedCounts=2,7,7,7,7,2
layerContextCount=0,0,0,0,0,0
layerIndex=0,3,11,19,27,35
output=0.3399996532,0.1818215409,1,0.0013561815,0.9872390863,0.2288079709,0.908881628,0.9999607723,0.5941816903,0.9885691928,1,0.0000257611,0.9762668054,0.9460160557,0.0009859838,0.8721929776,0.4929205995,0.8978160902,1,0.0005410671,0.3691754475,0.9999999984,0.4842834883,0.0244971059,0.0720678326,0.9999749625,1,0.9999997376,0.0000249141,0.0103916356,0.0000000002,0,0.8742855489,0.9371838861,1,8,30,1
outputCount=2
weightIndex=0,16,72,128,184,205
weights=-19.9469851263,-5.1664982422,-7.0821909466,-2.5945031289,1.4656835686,9.2914812152,-5.29807493,6.6939425119,0.2590910344,7.6848514724,-23.636644911,-8.475771639,4.3326778311,11.1725712085,-7.6465021416,0.6085852836,9.0931356826,-9.5043325865,1.842616944,-4.0651595555,-5.4125068783,6.494703061,3.3196556481,-0.5233946708,-10.3170159445,-2.8286276727,6.234722352,6.9458906973,1.237123642,2.1866158532,-0.9970147506,-0.056412205,-1.2697018868,6.5975950175,12.1961196703,2.4079389041,-4.0807715278,-13.941869648,-11.7219515594,1.7594779062,1.1529524997,-5.8142931562,7.6386053634,3.8419661196,-4.5281790928,8.1400924129,-0.0600845113,0.7372672977,-2.597797071,-0.4798474321,4.667860983,1.0689180763,1.5696671049,1.5086140341,0.6755325647,3.4785044306,1.4179121257,2.1592305283,6.4891866662,4.1405749376,-3.3450871534,-3.7101176996,-10.7474869646,6.5259223625,-6.898327848,6.8651702751,-4.9031756693,1.3620653869,1.0787041314,4.3576706583,1.030744159,-1.6192161653,-1.044957363,2.8827506064,-9.1809490854,3.2462398628,10.9279599673,0.5388578371,-2.2670829269,-2.0609567451,-0.3925695798,-5.9441458442,-0.299611021,0.1629943123,4.9666141451,-3.5851115656,4.5926859404,1.6763145044,2.6550973554,5.4812045431,2.6776777531,6.4997980254,-13.7525594886,0.9139263672,-3.8057198956,-0.910154646,0.1039352329,-15.0394939417,-8.0590502544,-3.3943334968,-4.4513899434,6.6797260765,3.8334830101,4.128407183,-2.6792120013,-6.1045974391,3.9768599049,10.9198257315,4.087709603,1.3575148629,-0.9999307024,-4.2876093975,2.9376378153,9.7603596678,3.4324981167,-5.0780090308,-0.9711214732,-14.8995508456,-3.849388948,0.3403642847,-1.3867066012,-2.9784397198,9.9973825345,-15.624006687,4.3611959057,9.9105274854,-0.5733505079,0.5948433201,-3.1506331697,1.2237241584,-3.5868093469,-0.3964424934,0.2810819497,-3.6702394666,-1.5992527511,0.3740797937,-2.412762643,17.2077152148,-8.8869459032,-0.1745431914,-0.8440067406,10.5268052298,-2.5458732271,-4.8485549034,2.4770177745,-5.3444064746,-7.4368616005,0.2311649687,0.5473040158,11.6929484107,8.4325278339,-0.2765198627,-2.5542830672,9.5880923583,3.322559701,1.0107124657,0.6090375311,18.5263139268,-6.296034356,-7.8401166707,-2.3330379161,0.2734785376,12.165260322,-1.3593626468,-0.388284761,14.1574147696,-5.9244410445,-8.3031170674,-0.8982824923,1.8087003755,16.7426914878,-0.5024917789,0.1196399151,-0.9099510567,3.0520133129,-3.8958382328,7.6785807378,-0.79600546,-1.8544135043,-0.796070029,0.4301320924,1.2273386941,2.917538725,-0.8714905206,0.0719372086,0.5598377182,-2.2173728046,2.7024462265,-0.6963167409,-11.3301199385,-0.1974728551,-0.4769242177,11.3312013135,-1.4563505796,-0.3849935235,0.5938203218,-1.1633708639,-1.1518961253,-0.6711906019,0.1189752885,0.1750597226,-4.2642000217,0.9588625765,0.108555056,-8.2248844118
biasActivation=1,1,1,1,1,1
[BASIC:ACTIVATION]
"org.encog.engine.network.activation.ActivationSigmoid"
"org.encog.engine.network.activation.ActivationSigmoid"
"org.encog.engine.network.activation.ActivationSigmoid"
"org.encog.engine.network.activation.ActivationSigmoid"
"org.encog.engine.network.activation.ActivationSigmoid"
"org.encog.engine.network.activation.ActivationLinear"
