encog,BasicNetwork,java,3.4.0,1,1572774048177
[BASIC]
[BASIC:PARAMS]
[BASIC:NETWORK]
beginTraining=0
connectionLimit=0
contextTargetOffset=0,0,0,0,0,0
contextTargetSize=0,0,0,0,0,0
endTraining=5
hasContext=f
inputCount=2
layerCounts=3,8,8,8,8,3
layerFeedCounts=2,7,7,7,7,2
layerContextCount=0,0,0,0,0,0
layerIndex=0,3,11,19,27,35
output=0.6666478953,0.4693743253,1,0.9143433691,0.9998453267,0.4218715848,0.9335155971,0.5966233642,0.3983053026,0.2239667379,1,0.0011531294,0.777208633,0.0477966001,0.4652141621,0.9690868977,0.9811336838,0.0512671603,1,0.9724905045,0.9697090145,0.7968344257,0.9872630452,0.9985102325,0.9917191754,0.9963231981,1,0.0029491412,0.9999999995,0.5324458358,0.9997241551,1,1,0.0000023454,1,8,30,1
outputCount=2
weightIndex=0,16,72,128,184,205
weights=-9.0587044995,9.4014948674,-10.9652461715,7.0681582602,-10.972534439,1.6904503612,2.4031372995,2.9384104424,0.3930496554,-6.7145493352,9.1995609029,5.8927667477,-5.0570392082,-3.908950756,4.1682725027,0.4899983408,-4.1002565413,-3.1944884459,-2.7522388091,1.3071012262,8.5446985767,-2.9783872141,5.4976493217,-1.2613709677,3.696915167,-2.7024755314,1.0692806707,-2.5338167789,12.1116584774,-0.4782832282,0.6399320105,0.6970274526,4.0470814778,-5.4160374119,-1.7000251414,1.7977030514,-2.3090124102,10.181020127,5.8081789224,-4.9145092702,2.3774788597,9.6649034828,-1.9373873003,-7.5248985919,-2.2499419384,3.5385468696,1.1318487198,-2.6285326929,1.4981975374,2.4649816925,-1.5216992056,-12.7938164737,4.7833042517,-1.7501463838,11.8311298121,0.9736209825,2.7828548935,1.483940683,0.7744017905,-2.4559944225,2.9831207232,-2.0733933078,-0.434323141,-1.2978829321,0.2059870803,-0.8280756897,-0.4942749195,-1.2170719876,1.1211286856,-0.6411820914,4.2188684778,-0.683199182,5.1881495634,2.3759465711,-3.0528887242,-0.8976610676,-10.8043119779,-4.4225658324,5.0339393208,-0.635921727,6.6748303406,-5.4097066541,-8.59384606,-4.9279826401,1.4535237272,6.52388963,2.5619902147,1.2433977428,0.6031419129,-0.1703852359,2.7442983833,0.3356608996,-2.0328111975,-1.4813045273,-1.3852421941,-1.052317051,6.8660236161,-0.6714266261,5.2889735955,-6.9310006961,4.781865227,-5.920572347,-4.1924890353,1.7367396471,1.4010949485,0.4478696444,-1.9298794758,5.2028473661,-11.7048446688,-0.7526585527,9.574817364,0.943755308,8.2552996828,-2.5163697244,-3.088905041,-1.4169008771,5.7869751258,0.0130143013,-1.1391914379,-2.4327813472,-10.4637127112,-2.3486438163,-2.889358417,4.6301965332,-1.0560949375,0.5614085805,7.7928938325,-0.0000751436,4.8038638963,1.7805582302,-10.9155861291,12.0699082615,-4.4426686255,0.2015856153,-1.396628332,-0.2429305994,-1.793452688,-0.3176385991,6.8214683809,0.0864188779,0.8316963103,0.0932465814,-6.1872371827,-0.8543122282,-1.214787555,1.4815225227,-3.8301603531,2.4476060885,-1.1074437937,0.3034985536,11.8558949274,0.2850251193,-5.6339198038,0.5014040557,3.8734468764,1.6245598574,-2.9246995361,1.7188319075,2.2261439018,1.3849901055,-7.8502570074,0.0531852729,-13.7551300443,11.1114761537,3.6574991071,-0.4219939055,-0.003747646,-0.5424440408,-6.991791195,-0.1878836096,-1.9917003602,6.9766073625,0.4416041,-0.6910084833,2.9047245551,-0.6708119503,-1.9384757434,0.5398998944,14.1954424353,0.1069591923,-6.2578500002,1.7477407848,-0.1099736681,1.9127209008,2.2672477887,-0.7904723799,-0.2470986968,1.0577015582,0.4332973769,-0.0975580907,1.9872022544,0.2162745815,-22.2558895051,0.2794977902,0.4628205157,-7.9252018323,-1.0079372705,2.4256558371,-0.2839630421,0.8493719394,0.8398791541,-0.4464606779,1.7886766089,-0.8505810568,-1.7550170934
biasActivation=1,1,1,1,1,1
[BASIC:ACTIVATION]
"org.encog.engine.network.activation.ActivationSigmoid"
"org.encog.engine.network.activation.ActivationSigmoid"
"org.encog.engine.network.activation.ActivationSigmoid"
"org.encog.engine.network.activation.ActivationSigmoid"
"org.encog.engine.network.activation.ActivationSigmoid"
"org.encog.engine.network.activation.ActivationLinear"
