encog,BasicNetwork,java,3.4.0,1,1572774061521
[BASIC]
[BASIC:PARAMS]
[BASIC:NETWORK]
beginTraining=0
connectionLimit=0
contextTargetOffset=0,0,0,0,0,0
contextTargetSize=0,0,0,0,0,0
endTraining=5
hasContext=f
inputCount=2
layerCounts=3,8,8,8,8,3
layerFeedCounts=2,7,7,7,7,2
layerContextCount=0,0,0,0,0,0
layerIndex=0,3,11,19,27,35
output=0.6860413264,0.7810595246,1,0.7402028811,0.0858559219,0.7892884816,0.0005319945,0.8404078999,0.92132863,0.0629122735,1,0.5578129584,0.9919371669,0.8312642824,0.000578545,0.0096692276,0.999132281,0.0000859486,1,0.1727068631,0.9853732275,0.0228416905,0.9873637973,0.4735112183,0.0003272163,0.9701830639,1,0,0,0.9997378052,1,0.3380843843,0.9990579657,0.9989437652,1,8,30,1
outputCount=2
weightIndex=0,16,72,128,184,205
weights=7.4092534205,-7.5678337606,-1.5634049077,-5.1103888872,-6.6682414907,0.9274394901,4.3573363594,1.6592016396,-1.1495898303,-3.6863411351,-7.4897308818,-10.1528854926,15.4395278284,-2.1010756217,12.3713805461,-3.4617967235,-1.6074088386,-0.4911944642,0.6271255324,5.0744071622,-0.4276531599,4.3336645595,-4.7203941271,-2.4187153753,-0.357906246,0.2548021394,1.7622713684,-1.653426838,-3.7601796815,-1.8335143259,4.6621975781,-2.0144965876,2.8909665604,-4.0677383039,1.4130991138,1.678687972,-1.6151784597,1.5715461244,-3.6040153977,1.0130789031,0.6288521183,3.0742346358,-7.7965450292,-7.7074687458,1.4996892578,-3.0407519114,-1.7007952272,-1.4293675538,0.0040910642,8.3914498429,-3.1803020306,-5.0547441747,-6.5900189446,-7.2319456082,10.4319975609,3.2702831219,-0.5084968827,-0.0943223888,0.7968614575,1.6566738329,0.0270587378,1.2184903769,0.139864356,0.9566778667,-6.4260694687,-9.1299050424,3.4334110497,1.5787483883,-8.2145283322,7.565643952,2.4186473935,-0.3950428512,-1.8593034077,3.4857224641,0.0485857836,-1.7467845715,1.6548929956,1.0578501115,-3.1512986923,1.1156497494,-7.0123423935,9.3901145027,-0.9500988688,3.8578121711,1.0278931394,5.3281975155,-8.0796976837,0.3336682292,7.5085823252,0.8859843482,-1.1412568224,-4.025525642,-2.215509176,-0.8885211889,3.4130786052,1.1635797758,3.4850214919,-4.120642803,4.1640137118,-6.6697898691,1.1961155417,-4.3061861484,1.9960409563,-0.0070258781,-5.5262515244,7.1551999211,2.3267787936,-0.5312522154,-4.4986467441,1.591898504,-7.8242826867,-0.5331944483,0.7203956495,0.7996279172,-1.4240141946,1.4657021607,0.4583646082,-4.7135912385,5.4798010595,-0.8101376257,8.2889018145,-7.5856859784,0.0029377604,0.4905101874,4.7427148931,2.0298963066,-4.6206484374,-1.566390199,6.1218834788,-0.9669062083,8.5632306976,-3.0829729508,-7.8558252402,-4.949231538,2.6686675721,-2.1099236794,-1.5204116383,0.8557890951,-7.8009477962,2.5697538417,9.5215856261,2.2790203215,5.5152938273,-1.5661257182,-2.228972936,-0.3507069124,2.3806815249,1.2504937897,0.1517857773,-0.173818232,-8.6257291762,1.3523440763,1.0300595274,-0.2491435045,-7.4361799962,1.8185925864,1.1653339499,6.8405365673,1.7525289769,0.9953586681,-0.5899732716,1.4767361029,-1.8267425612,-1.0036020982,-0.0649293352,-4.2601308142,6.77784555,0.2311939434,1.5953653454,-5.3849503141,-4.0248727116,-0.59939741,3.7483097437,-3.3639401621,-1.7523429677,0.442671266,6.1169782854,1.3403735944,0.8035430924,3.6852575036,-9.7285875487,0.7142341958,3.9711215437,-2.3975866292,1.9253729679,-1.58704361,6.4977509487,0.9673447614,-1.4757279705,-0.0180522614,0.0338788545,0.467910443,-6.0621835069,-1.0561553136,4.1992324885,-0.3978499802,1.4484488075,0.0857099224,-14.8307306888,-4.1681839054,1.2979132153,1.3746012316,-1.5873074757,0.6130113626,1.160106887
biasActivation=1,1,1,1,1,1
[BASIC:ACTIVATION]
"org.encog.engine.network.activation.ActivationSigmoid"
"org.encog.engine.network.activation.ActivationSigmoid"
"org.encog.engine.network.activation.ActivationSigmoid"
"org.encog.engine.network.activation.ActivationSigmoid"
"org.encog.engine.network.activation.ActivationSigmoid"
"org.encog.engine.network.activation.ActivationLinear"
