encog,BasicNetwork,java,3.4.0,1,1572774092548
[BASIC]
[BASIC:PARAMS]
[BASIC:NETWORK]
beginTraining=0
connectionLimit=0
contextTargetOffset=0,0,0,0,0,0
contextTargetSize=0,0,0,0,0,0
endTraining=5
hasContext=f
inputCount=2
layerCounts=3,8,8,8,8,3
layerFeedCounts=2,7,7,7,7,2
layerContextCount=0,0,0,0,0,0
layerIndex=0,3,11,19,27,35
output=0.0904487623,0.0482568954,1,0.0876889075,0.0043030061,0.0619364016,0.9999113856,0.9289884481,0.0159507333,0.2399030603,1,0.0000291152,0.9054643701,0.3742671398,0.6417539092,0.5352773576,0.0000146643,0.9161035344,1,0.9922127464,0.0003219099,0.3142940388,0.1186369789,0.0504004397,0.0004633611,0.0772819544,1,1,0.0000795661,1,0.0028586892,0,1,0.5695045645,1,8,30,1
outputCount=2
weightIndex=0,16,72,128,184,205
weights=-5.5466788727,-5.0542324646,-3.3204377942,7.2745724457,-16.6456121404,4.5350089649,6.0887576733,5.0622240268,-4.3959889345,6.4797463801,-4.0711022521,-10.7680856116,7.0486787573,3.5610757637,-11.3525435385,4.5136885122,-11.4031469912,-2.53262191,-4.02878588,9.8551363286,2.4809927173,-5.9587034168,-5.0162480442,-1.5979141046,5.9386819403,-6.6218942271,5.8987498348,-11.428114401,-9.3648428118,1.3137849566,12.3933835934,-0.6629373331,-6.725620026,-3.9683777471,-2.3538043922,1.2063282642,-3.7757032716,-1.5196444802,3.4880667166,-0.1918629311,-10.0745162425,13.7418612074,-10.4383640562,-3.0566085262,-3.3191916703,14.3445723306,5.4870487969,-0.4932449735,-1.7667208619,2.6652234802,-1.0844710712,2.3195271804,4.8231071219,-0.7027273211,-3.9392623113,0.1024389228,3.1929529876,-2.350529045,0.1594203738,-2.5166140835,1.2036780683,-1.5720303741,-0.3025368071,-0.8056862263,8.7358917813,1.4765387405,-4.0467474998,-0.7603249549,-0.6815306473,-5.3096256476,0.0888739783,-0.2044444741,-4.2110860008,17.2901210277,3.1757798832,-0.5331112163,12.7344824236,-5.727167178,7.1675411492,-8.3994664558,-5.9078244122,5.315747814,9.9500983596,-3.2779618662,-3.0181885509,-3.9940016411,-1.5773292151,5.6570772946,-1.3391924417,2.4850956525,5.567658873,-6.5770089331,8.3776796222,-1.604722348,5.6886567914,-1.0167210941,-6.4026123059,-1.796985778,18.5525702872,-6.3331241704,-0.0190629785,7.3164433916,2.6998279196,1.645619887,-5.1745348426,0.5750458614,0.4384020931,4.4120786135,-7.5620733594,-1.9039123728,-5.9739355594,5.4578671873,-9.9034691323,8.308211415,-1.2624438629,1.2365545694,3.0478793162,-5.5436342027,-0.9884408693,-1.1309869608,11.149077513,7.9664789123,-9.6483560834,-5.1917762681,1.8984973906,0.8253007754,0.8003528772,-5.1838383036,-1.0429550085,-0.5632925656,-0.7636085842,-7.2363299413,0.2164093039,0.1312997052,13.2461312931,-1.0002878097,-5.166981,0.9217847709,-4.8778010805,14.8283608447,0.1219237928,-0.8455944523,15.2323520997,-5.8678974091,-0.8605162057,-0.5266476394,-1.083647692,-17.8962705429,-0.4970410223,-2.4468632847,7.6067233623,-0.6699546462,0.5952808294,-0.1970056003,0.7498621239,7.3607691374,-0.7160077882,0.9018412138,-6.9767027053,-0.3001479712,-3.2493997512,0.0923368202,-4.6988933516,9.084089004,1.0701623403,1.2636917763,13.7899322836,-4.1308444677,-0.7770697823,0.0768786465,-0.4555042279,7.0748181907,-0.0013927666,-0.6180661566,-8.7209472453,-0.8795118362,-1.556439194,-0.5156129945,-1.5169872399,4.8138631347,-0.5728937452,-2.8776047813,11.1012352176,-2.8647564587,0.9255978078,0.767928542,0.9076882795,-0.8753718153,-0.0504675592,-0.9218419158,0.9364177988,0.9993440921,0.7632105118,0.4458178942,-0.3832775014,2.0772525773,-0.6358586513,-1.2358815102,-0.6658977706,-1.6794773657,5.2423250153,-1.2047826477,0.5861261133,0.1094384374,-7.692331952
biasActivation=1,1,1,1,1,1
[BASIC:ACTIVATION]
"org.encog.engine.network.activation.ActivationSigmoid"
"org.encog.engine.network.activation.ActivationSigmoid"
"org.encog.engine.network.activation.ActivationSigmoid"
"org.encog.engine.network.activation.ActivationSigmoid"
"org.encog.engine.network.activation.ActivationSigmoid"
"org.encog.engine.network.activation.ActivationLinear"
