encog,BasicNetwork,java,3.4.0,1,1572774134722
[BASIC]
[BASIC:PARAMS]
[BASIC:NETWORK]
beginTraining=0
connectionLimit=0
contextTargetOffset=0,0,0,0,0,0
contextTargetSize=0,0,0,0,0,0
endTraining=5
hasContext=f
inputCount=2
layerCounts=3,8,8,8,8,3
layerFeedCounts=2,7,7,7,7,2
layerContextCount=0,0,0,0,0,0
layerIndex=0,3,11,19,27,35
output=0.9409913923,0.775075441,1,0.99976645,0.9999970564,0.0000000001,0.996264563,0.0000860886,0.3662460116,0.999999959,1,0.9999665554,0.6655046473,0.9999414051,0.1305720984,0.0000000192,0.9998565418,0.6238631881,1,0.9999878414,0.245694583,0.5327187944,0.8008286355,0.9999626766,0.0716516691,0.00000044,1,0.0000018298,1,0,0,0.0687486071,0.999838085,0,1,8,30,1
outputCount=2
weightIndex=0,16,72,128,184,205
weights=-5.2491004669,-16.9168355268,-6.686224239,10.6943020699,-16.323674399,0.5411762273,8.5864454334,5.496313324,6.0087256043,3.2765787676,-10.6725279332,-13.2604544437,-15.9827582872,20.408612903,2.2653045222,-4.5742767952,2.0493853123,8.1791093829,-0.6301790817,-8.1447047393,-3.8899773215,1.5895262283,5.9999372096,-2.7694958918,5.2926459812,-8.1707273782,-2.4375073517,-13.794191147,6.8439981544,15.0784438205,12.3815294616,-5.6811111726,-16.4012309517,-0.0929201739,1.8355455102,3.1179423481,1.1909040843,-5.4455591502,-4.4297148942,-0.2391247967,-5.3099292329,-0.2994145568,-4.6900551457,-5.5056339215,3.6458953336,14.3612280544,2.0120446492,0.8894154795,-5.2231342257,-3.0260872099,-7.4982266114,9.5961674418,1.2965372681,9.8518018552,-9.5458187037,0.2264795428,-4.479811862,8.3388062245,-14.1463280472,-1.1652732275,2.2576421086,9.9014277379,-0.0640190166,2.819375246,3.6360878844,1.0984389397,4.789361838,-0.3891275697,-2.0056640911,0.8736302108,5.0391571148,3.8877193971,4.1759110969,-0.1412678614,4.4111345198,5.1048582705,-2.5511298341,0.6118057126,-5.994728924,2.2336253769,-2.4412373236,-5.9097936215,-1.7302494505,11.6348609535,-2.5664971365,7.2791571934,-13.1958901315,-1.7698154753,10.8252911232,-0.5620269433,0.7774470933,6.2898832637,-6.2213678161,-2.9592900135,-16.0620718182,0.0396326959,-8.1074897699,3.8256922172,-0.0810546936,-1.6413859923,7.7164217953,23.2297876716,1.0305725894,-2.7514095604,-11.7736935636,3.3716099187,-2.5401232486,-2.9843497037,-1.0022187202,-1.8150314695,25.0750058729,-1.9500879421,-0.7129660622,-5.6270542335,6.9765659353,-1.7705036389,8.4075428655,-6.9861096496,-4.5471169648,0.7394792154,7.5120215045,-10.3568854385,1.9304703593,-7.0998814262,-0.4896157988,2.3292520311,0.3939098843,0.5187717029,3.343469315,0.0237873418,1.1020990545,-0.629508889,-14.7932752848,10.4991704195,7.2024195986,1.8132186492,-0.2930058292,-7.9428787179,1.2924148189,0.154460259,9.772497315,13.495807129,-2.8390909199,-7.3442963952,-0.3564757851,-2.5484454596,-2.0513770897,0.9783202966,1.4169034171,5.0626688475,0.0283923432,-2.4797506847,1.4102262831,-0.6780588708,-2.3153264389,-0.9283214793,-9.0137229887,2.8765372797,-6.477125686,-0.1868529314,-0.4526001685,11.6786804444,2.3777715368,0.0116411455,1.265083324,0.2338897029,-0.4897162275,-1.8036510866,-2.3578836412,-1.2439616049,4.509564705,0.1832980181,27.3839685206,0.8785253342,-1.7151472123,-4.0786174294,-0.3574492837,-19.7850758905,2.6755547651,-0.9352728206,20.3897681597,3.0604744414,-1.259590897,0.6867646815,-9.3560601138,2.072658333,-0.5425550973,-3.811819618,3.2053122178,-6.7551012491,1.3809625243,-3.1474277531,-0.8410689595,-0.9134339439,-0.8864792542,-0.6877056256,2.2777950706,0.1258945475,-24.6052697788,-0.7156835978,0.4317825988,1.5002678224,3.9987254685,-8.1051820696,1.2498968806
biasActivation=1,1,1,1,1,1
[BASIC:ACTIVATION]
"org.encog.engine.network.activation.ActivationSigmoid"
"org.encog.engine.network.activation.ActivationSigmoid"
"org.encog.engine.network.activation.ActivationSigmoid"
"org.encog.engine.network.activation.ActivationSigmoid"
"org.encog.engine.network.activation.ActivationSigmoid"
"org.encog.engine.network.activation.ActivationLinear"
