encog,BasicNetwork,java,3.4.0,1,1572766863449
[BASIC]
[BASIC:PARAMS]
[BASIC:NETWORK]
beginTraining=0
connectionLimit=0
contextTargetOffset=0,0,0,0,0,0
contextTargetSize=0,0,0,0,0,0
endTraining=5
hasContext=f
inputCount=2
layerCounts=3,8,8,8,8,3
layerFeedCounts=2,7,7,7,7,2
layerContextCount=0,0,0,0,0,0
layerIndex=0,3,11,19,27,35
output=0.1333329725,0.0000431768,1,0.0092835783,0.938613391,0.9293724906,0.0000052576,0.0000526234,0.9919087792,0.9999985776,1,0.0000025052,0.0000000096,0.0000001487,0.9999999948,0.0286016205,0.001221715,0.000082582,1,0.0021898074,0,0,0.7474688511,0.999999569,0,0.9836452742,1,1,1,0.0622730828,0.2582953169,0,0,1,1,8,30,1
outputCount=2
weightIndex=0,16,72,128,184,205
weights=10.296955091,-11.461625864,5.852860898,-3.5386459663,13.9771177861,7.1882074446,-9.2375597659,5.4579333574,1.3945189897,-7.9100039779,-9.5002118065,-11.5342555321,-7.3884795858,-18.8767307168,14.6878444003,10.2271814273,-1.3473783378,-2.0061752608,-0.7625141074,-1.2337634212,6.2933012754,-0.131822293,1.3446006854,-3.6163629582,11.9138587071,1.049524471,-1.7432266149,-0.4748283791,4.2330567832,-14.2924851263,-2.4712890771,3.0986038772,12.9273440177,4.8202308832,-7.5871333986,1.4387964134,1.8916695689,-10.6006608397,3.2027979606,1.0968438646,-0.1985737768,12.0984303665,-17.2543299631,-13.7396540808,1.6183319477,0.4860026243,1.1191565795,1.536849696,-10.6045298219,-0.8388913629,2.2075843462,-9.4717099657,-0.9578847443,-1.5827640673,5.9356630085,-0.3517202229,-5.8656468363,9.5046127792,2.7296684584,14.8096702957,0.9565508816,4.8523365099,-6.345287968,-10.0335675651,-9.3976095894,-4.4559883907,2.8239899014,11.9330635841,4.1017037559,-6.2441533154,12.3049684371,1.4193972645,9.2558087121,14.1997325405,15.5684005022,-19.2050344687,7.2286569977,-6.5922609919,0.8443662961,-6.6214517574,4.0121336029,-0.3605499928,10.5856868577,-8.9990458138,-11.2747901514,11.1340423759,3.3338198365,-3.7441597126,-14.7073104866,-11.9738786031,28.8419576191,-3.1323425531,-15.4004336126,1.5482876549,3.3438779655,-1.236732756,-4.4599445695,-5.047844585,-11.5545896035,4.1077809776,7.2901954995,-4.0715817684,-0.2810951091,8.9984760312,7.6115900586,-0.1388782837,29.6661333927,-5.4881940085,-4.5955568332,-4.8103906211,8.3480048012,-3.0556077509,-3.3902936402,5.5634160999,-4.9204497727,-2.0320710082,3.2678160995,21.2929782111,-6.3359047865,-2.2154752186,-11.7430837916,8.1113640145,3.3468310347,-6.4744717118,-2.7219903495,-0.8781813307,-3.8337856913,1.9566188857,5.6194147613,-2.9219106905,22.9762145892,-22.6080329777,6.0913621761,0.1857590796,-2.0981626411,-2.3123415847,-9.7798637023,-9.3699491568,14.2443811428,24.3372970002,2.6639680967,-0.7090114885,-9.9511631419,-8.2300940152,-11.5603281354,-12.2274410017,52.6048253208,36.1418076111,-0.4826998382,2.341431205,-11.6941742959,-12.2927644783,-2.1897963755,-1.2918822695,-11.0809680004,21.7365259644,-4.6951844095,-5.149665542,-0.4153377547,0.0577776051,5.5752414217,5.1525963366,-9.1733971999,-14.6478284188,1.357573742,-0.1533131704,4.0866354374,4.1973742255,-10.0841357317,-9.8714881999,13.5269787723,27.6057990575,-5.0185856071,-0.3549346217,-10.7284732907,-10.3670013444,2.6617702232,0.36760631,-7.8244640013,0.5357786636,-1.9991644162,-2.7511190712,1.1528294053,0.2634068763,-0.9981411457,4.4153757913,1.2919849918,1.1835915564,0.6866155258,-0.7923099267,1.6649792884,-0.3208739923,-6.4055440372,-0.2960829922,-0.2611276654,9.1476463069,0.5507126418,-2.0864199797,0.8910817897,8.8081217784,-8.4046235973,-2.2651841491,2.283481466,1.742795862,0.0039622306
biasActivation=1,1,1,1,1,1
[BASIC:ACTIVATION]
"org.encog.engine.network.activation.ActivationSigmoid"
"org.encog.engine.network.activation.ActivationSigmoid"
"org.encog.engine.network.activation.ActivationSigmoid"
"org.encog.engine.network.activation.ActivationSigmoid"
"org.encog.engine.network.activation.ActivationSigmoid"
"org.encog.engine.network.activation.ActivationLinear"
