encog,BasicNetwork,java,3.4.0,1,1572774145280
[BASIC]
[BASIC:PARAMS]
[BASIC:NETWORK]
beginTraining=0
connectionLimit=0
contextTargetOffset=0,0,0,0,0,0
contextTargetSize=0,0,0,0,0,0
endTraining=5
hasContext=f
inputCount=2
layerCounts=3,8,8,8,8,3
layerFeedCounts=2,7,7,7,7,2
layerContextCount=0,0,0,0,0,0
layerIndex=0,3,11,19,27,35
output=0.8148273129,0.518499219,1,0.5478396244,0.0000050834,0.0001467288,0.5506677456,0.000076562,0.9998155676,0.0000009151,1,0.5903598816,0.9999245116,0.999896271,0.0000561052,0.9711938294,0.8292913318,0.9995869854,1,0.9999999959,0.7427966405,0.3352867449,0.999918161,0.0000019771,0.0080990374,0.0000038995,1,0.6938174325,1,0.0002889001,1,0,0.0109327345,0.0003143723,1,8,30,1
outputCount=2
weightIndex=0,16,72,128,184,205
weights=-12.5364213622,3.5440435258,-12.4581629552,-9.9895223467,-13.1713633498,10.7217254611,10.7519727812,3.1336040083,-4.0702984535,-9.8194497322,-7.4799106526,13.078144573,6.833209237,-8.7413056449,8.9932909472,3.8424985609,-1.9131301333,4.3987444866,-1.4881270011,6.6907184861,-2.8589209366,4.9824147065,-3.9455776258,0.999206849,-1.6122254968,-7.4548811518,-8.8490375281,-2.6226512272,5.8764339934,-6.3932758494,3.168843766,1.4920475941,4.1066314581,-2.9504770877,-4.6103758666,2.2033148415,-12.2375691222,8.5743208159,2.2780281153,-1.1937854724,-14.1146822837,2.1202023074,-3.6253976186,-0.0857796367,8.2548605746,6.4683518965,-3.6189733456,0.2773561458,1.4683011416,-7.6305123821,-8.003475385,-0.7792444676,9.8366805473,-8.9020670968,-0.3922742072,3.5096625028,2.8611142733,-1.9608079552,-0.634826374,-1.6064512311,11.3071028178,-0.6138564403,1.2500653952,-2.2174050821,3.068817111,-4.9747071864,-8.2308840313,4.7959901198,4.3489755771,-6.2496075335,-0.2036218882,-1.3492923661,-4.5673625829,-0.2679667204,9.3619982255,2.5646648139,-2.8877296712,4.5078635383,-1.7291062538,-0.6080450892,7.0232148348,2.3033580309,0.454735961,1.1686335924,-6.2261025734,-4.83095324,-2.4573897217,-0.5245419829,6.3190783285,-0.7969991297,2.9554749223,-1.1681964455,-4.7748771967,-4.4160445415,0.5350001476,3.6594969829,-4.2414266788,-0.7606223182,4.4152035068,-5.9005781031,0.6978877375,-8.1151259433,7.4182177076,-0.4963817743,-6.3035396558,10.8898949457,-8.4465267541,0.5958926722,-8.2434600549,10.387935859,5.791449389,3.8845246829,6.0729321523,4.0303217504,-0.1345362179,-3.4042977724,8.409495355,-6.6343945951,-8.5883162596,-3.9831520222,4.7940979127,0.5566505538,0.1479151711,3.3225341647,-1.5644350476,-2.3541122009,-0.8864367318,-0.7687451232,6.8007726261,6.7344224699,-4.5982638456,4.3815883387,1.5116268328,-13.726763263,-2.732378815,3.6291938499,4.2021587311,0.5172423045,2.0473996453,-0.6295464758,-5.4867475915,-0.6836002086,0.0778534455,-1.7358139073,-5.6379731796,-4.4837468697,1.8433083138,3.9573955716,-0.6417563435,-13.7024572984,10.1209554678,3.8997967895,2.4749607765,5.6442215446,-2.1285447186,1.0672466502,-2.9668096986,-0.9518202209,-5.2682110035,0.9947122976,-8.8498409333,-2.5912983647,-0.460443513,-1.7260745156,1.0415000604,8.4507009283,7.0776821439,-2.7707932156,9.1942597972,-4.9201220832,-4.0219168293,-2.7624609293,4.6009479316,14.7058999485,-7.2576195093,-3.6617649431,-2.9589853743,0.9116572376,1.2267551226,-5.414335147,-3.5058485671,6.3733533947,6.9973039376,-5.9712209382,-1.2614219498,0.3775006941,-0.4156179153,-1.1628471813,2.6242594687,-0.1570292501,-0.2377214861,-0.323100684,3.4456518424,1.2437417623,0.6601746122,-0.4142714548,3.7183432008,-3.39630987,1.9234185792,2.1803154207,-0.4175205024,-9.4219091863,2.5101346531,-0.3102937697,-18.8368822317
biasActivation=1,1,1,1,1,1
[BASIC:ACTIVATION]
"org.encog.engine.network.activation.ActivationSigmoid"
"org.encog.engine.network.activation.ActivationSigmoid"
"org.encog.engine.network.activation.ActivationSigmoid"
"org.encog.engine.network.activation.ActivationSigmoid"
"org.encog.engine.network.activation.ActivationSigmoid"
"org.encog.engine.network.activation.ActivationLinear"
