encog,BasicNetwork,java,3.4.0,1,1572774174756
[BASIC]
[BASIC:PARAMS]
[BASIC:NETWORK]
beginTraining=0
connectionLimit=0
contextTargetOffset=0,0,0,0,0,0
contextTargetSize=0,0,0,0,0,0
endTraining=5
hasContext=f
inputCount=2
layerCounts=3,8,8,8,8,3
layerFeedCounts=2,7,7,7,7,2
layerContextCount=0,0,0,0,0,0
layerIndex=0,3,11,19,27,35
output=0.4059463921,0.2210458684,1,0.0011649187,0.9533288952,0.4528939674,0.9999969361,0.5123366264,0.3676079524,0.2567008111,1,0.5312240227,0.9982246724,0.0000094176,0.9998080561,0.3050570675,0.2779329628,0.7581567426,1,0.4475268649,0.0000520093,0.9940352689,0.0003256854,0.7328003484,0.0102248041,0.7285124602,1,0.2824993896,0.0000169871,0.0000170548,0.9981126101,0,0.9999909458,0.0000386154,1,8,30,1
outputCount=2
weightIndex=0,16,72,128,184,205
weights=10.7201920313,-7.288080015,1.1000508761,8.3674746069,11.2449176783,-10.8037347654,-12.8447712966,-0.8033358717,-1.6632427045,8.5464667087,-11.0356518803,-8.4487315,4.101986829,-0.3464436626,6.6693411282,0.3551797954,11.9619228126,-0.7396733285,-7.1260907108,-10.3474461989,-1.515271245,0.0388286449,0.1331288302,-1.6739919066,4.1408672309,-6.8406207573,9.3455323784,7.0401969656,7.1194286294,-2.7095667469,3.0881396457,-3.1533986614,2.5574377802,-3.1105557465,-1.5929926337,0.1274779088,-2.692357914,6.9290449137,-3.4607930324,2.9493744705,-2.7825392733,0.217335012,-0.5621438129,11.4796469336,-5.0898644931,3.0215615527,6.061834256,-1.4033148939,2.9171903682,-3.1997471734,8.773012376,-3.9038768239,-5.4378809864,6.6181639992,5.8495683712,0.9813547681,-15.4908928439,-1.3485498956,2.9845338941,5.8206037073,4.8824009538,-0.0021883824,5.1705542159,-2.1956101381,7.2998859463,-7.2056772007,-5.390198528,-1.9739167479,-3.992263836,2.5352620634,3.1901744943,2.319994321,4.7030444483,-4.0046012196,-3.4609375699,6.7231811169,-3.9031679577,-11.8486299135,10.6959968327,-3.3521414756,2.3331763178,-4.1643930801,1.1019243061,-0.3450360715,-0.3044613608,-5.3652023504,5.1102126053,0.747925631,-6.7817600175,9.334225306,3.5641409057,2.167217093,-1.6466295153,9.192834401,-13.1389846791,-1.397399578,-0.8711327974,4.2641250819,5.0606194385,-11.3715709484,4.8919687863,9.3933660878,-0.2509984967,0.4229922434,6.5030060919,-12.6882844692,-2.6230823871,8.2063506042,-4.9402681212,-0.7319045268,3.1979876736,0.1697627452,2.3646069994,-1.5465155711,-0.204720479,-4.2818664682,-3.2912992889,1.906839953,0.9674434009,-0.1204152177,0.2840573748,9.4559210209,5.0050834077,-1.1552563175,-0.940009544,0.6756657356,-3.1618655657,-0.9744787204,2.530442306,-0.6399935776,1.0169705061,-8.5740397659,-0.1812769584,3.0578309844,-9.6996836317,4.5749053513,-8.342551899,-0.6662588402,1.0373818088,-13.0758409195,-0.3959123321,2.5310815194,1.1886383634,3.0127806293,-5.9353309317,0.8962919503,0.6979581052,0.2491588459,0.4905507456,3.4751194649,-1.6439218142,3.0688958459,11.3974806148,-0.6081909422,-0.5903671668,-1.2905555631,0.2717120175,-5.8150834862,3.4640050144,-4.145996882,-4.2731658094,-0.6758578355,-0.4272332859,-0.9835570657,0.1531907011,1.7297582821,-7.4089380491,1.4683068401,-8.9198920729,0.3568375065,0.5062278903,-5.047509393,-0.8500236823,1.2999302242,11.4740335312,1.684809319,12.4120089417,0.8579198424,-0.5660284639,-0.4404476864,0.9622701524,-0.8633122912,-9.9420798896,-1.215996603,-1.2274566797,-0.3010807838,17.9199795423,-0.8313061739,-0.1316082817,-0.384340805,-1.4020217809,-0.0128951413,0.6239651233,-2.2936057488,0.9071267577,-2.5942854889,-0.9272717443,-0.5888578536,-0.312761842,1.1103048161,0.1212987262,-0.909125939,1.5069707627,-0.4476239069,-8.7888691098
biasActivation=1,1,1,1,1,1
[BASIC:ACTIVATION]
"org.encog.engine.network.activation.ActivationSigmoid"
"org.encog.engine.network.activation.ActivationSigmoid"
"org.encog.engine.network.activation.ActivationSigmoid"
"org.encog.engine.network.activation.ActivationSigmoid"
"org.encog.engine.network.activation.ActivationSigmoid"
"org.encog.engine.network.activation.ActivationLinear"
