encog,BasicNetwork,java,3.4.0,1,1572774185146
[BASIC]
[BASIC:PARAMS]
[BASIC:NETWORK]
beginTraining=0
connectionLimit=0
contextTargetOffset=0,0,0,0,0,0
contextTargetSize=0,0,0,0,0,0
endTraining=5
hasContext=f
inputCount=2
layerCounts=3,8,8,8,8,3
layerFeedCounts=2,7,7,7,7,2
layerContextCount=0,0,0,0,0,0
layerIndex=0,3,11,19,27,35
output=0.162160601,0.0718113917,1,0.5146980592,0.0001582662,0.0000000921,0.9303006396,0.9989074909,0.000076426,0.4226160999,1,0.0000000006,0.6805991917,0.9999999955,0.0928566862,0.0003551125,0.0000000129,0.8792297216,1,0.9998067129,0.0061212516,0.9999998872,0.9999868652,0.0000005194,0.1984769663,0.9565791873,1,0.0002150314,1,1,0.9857622528,0.0000004875,0,1,1,8,30,1
outputCount=2
weightIndex=0,16,72,128,184,205
weights=21.4885945004,8.9906540689,-18.8383912431,-5.343678733,-0.1145918347,-6.49811225,-15.653086514,-1.0023609073,-12.6804846865,-5.8219692437,-2.5384797813,15.1143903016,-11.9174987912,12.8318622717,0.9775440219,1.3977960023,-5.1950518577,-5.1283666627,3.076684851,1.5280930963,1.2814702898,0.9781336964,-5.0774107939,4.7943482904,0.9671093398,7.2829885612,-10.7786161223,-1.1856987304,6.9925407765,4.2777713414,-2.6868936443,-0.4592400151,-11.2803299751,-16.8047860212,-6.5272881843,10.5416914157,-3.0948982613,6.2490421532,0.3707077025,0.4604829776,0.7606045538,-7.6380990255,1.4002744227,-13.7701847203,8.8035534079,-7.0381527829,2.0892635441,5.8281112234,7.9690511827,9.6456436727,7.4048788739,-10.7720529318,0.9104530931,0.5109237628,-5.2448778104,-1.5401246419,-0.5131822621,-2.1025961099,1.1160583009,-5.5315308353,4.0274648886,9.45744174,-7.4814127122,-2.0740547326,-9.8551057211,-4.6396342847,7.6994967732,15.7514234858,-3.5449571437,-11.2001698526,0.4250468576,-6.6888883856,-1.9592691458,-1.1572051142,-4.8999615149,-5.8164865465,0.1184190675,12.3626562787,-13.0074613185,1.4008050741,5.3610726645,-6.4108144179,5.3028116867,2.098681024,-5.1762513946,11.2302771492,-12.2193573768,-2.5058976713,-0.4871254883,-2.5495006796,3.4616478727,14.3764663245,-5.5626595364,2.5091088454,3.686018251,-2.1335765344,-16.1746011387,0.0594334119,1.3454590273,8.2828795272,-3.7344131174,-15.0252885967,2.3930828952,4.9566405788,6.2406010861,1.2501254395,0.3583773629,-5.3473244524,-4.438010229,2.5174376885,-8.9588665005,-1.1306768989,4.5909939363,-2.1208198727,-2.4849197344,-10.30263194,4.5735451401,5.0952536443,-11.0692694663,-0.3773960068,-1.1267456431,0.5005555126,1.6926271372,1.1063742815,-2.8388748222,-2.6628724589,-2.1284262997,2.8741617497,-15.0184701632,4.2699049339,-0.2605174252,-3.1956935407,1.6835303098,-0.5560216725,3.2858045196,4.4093713724,9.9224941061,-0.3317275447,0.4536584302,-6.0497631809,1.8516738358,0.931271687,0.5014347279,0.2482793942,-6.8691386825,0.3221229149,3.3400056943,11.4031638991,-5.0169835558,0.9606707506,0.4786685271,0.6174846836,6.823069099,-0.9189872782,8.1662015457,7.0551889458,-10.0750693861,-0.1943785756,-2.2670857468,-0.6960984974,7.2103382378,0.9930532658,-0.3999897825,-18.3733808878,2.337555938,-0.3742481344,1.6039941451,1.4425721417,-14.5301843187,3.7476742861,3.6768650252,-17.0344213457,-1.7553053873,0.0685789474,3.7769278428,4.1977070533,6.0622677445,-0.9286085107,-10.5798513005,15.3709637863,-3.948764627,0.7367632071,-0.4153280533,-0.1372049859,3.261785112,-0.3710837361,-23.4062800641,1.2212449619,0.4693951479,0.3719376776,-1.4385096671,1.3182477785,6.6276201458,-0.6705590275,0.4552094908,-4.0542939965,1.7579352667,-0.9941576142,1.2273382435,-1.1620530376,-0.7803747176,0.7890879444,1.052890554,1.1665647921,0.664644122
biasActivation=1,1,1,1,1,1
[BASIC:ACTIVATION]
"org.encog.engine.network.activation.ActivationSigmoid"
"org.encog.engine.network.activation.ActivationSigmoid"
"org.encog.engine.network.activation.ActivationSigmoid"
"org.encog.engine.network.activation.ActivationSigmoid"
"org.encog.engine.network.activation.ActivationSigmoid"
"org.encog.engine.network.activation.ActivationLinear"
