encog,BasicNetwork,java,3.4.0,1,1572774197256
[BASIC]
[BASIC:PARAMS]
[BASIC:NETWORK]
beginTraining=0
connectionLimit=0
contextTargetOffset=0,0,0,0,0,0
contextTargetSize=0,0,0,0,0,0
endTraining=5
hasContext=f
inputCount=2
layerCounts=3,8,8,8,8,3
layerFeedCounts=2,7,7,7,7,2
layerContextCount=0,0,0,0,0,0
layerIndex=0,3,11,19,27,35
output=0.5729180001,0.6444476204,1,0.1818502812,0.0014320553,0.3377073823,0.0165665827,0.999943658,0.000013327,0.0000081271,1,0.3834895229,0.0009986136,0.0002451219,0.9940214313,0.9997868525,0.935877931,0.6340490278,1,0.9507645564,0.7221714838,0.9638811476,0.7001480891,0.0042642597,0.0578164074,0.0009005946,1,0.0163291739,0,0.4569738277,0,1,1,0.0078851462,1,8,30,1
outputCount=2
weightIndex=0,16,72,128,184,205
weights=19.6528052008,-5.423478981,12.7823984626,8.1386912987,-1.6805629111,1.7403801651,-8.2242618193,-6.0433636191,-0.0002687976,8.0561490622,10.8757564905,5.2621970181,5.0275220933,-11.9449524842,-11.8871829279,-8.2037499129,-1.0381862997,-12.2595064863,8.6532167901,-2.9590872833,-7.8680590533,12.403432613,-2.0273400681,-0.6104943258,2.8718656422,-0.7604882308,1.338717283,-5.4627888068,7.3303070632,-9.5352617995,0.565698298,-0.9815654482,-5.2008982288,-4.1663574528,-0.6021957027,-1.3336149937,2.8630152358,-4.6459990254,6.4304342042,0.059384775,-3.0717149644,11.9265005492,-5.4950456062,2.341835455,-3.6906615643,0.3078341515,-4.6635037217,1.1145802269,-1.3970095437,0.7403445835,1.5649272282,11.2732522689,-1.8973375225,4.1726956869,-0.9406928684,-2.2989794279,-0.9075447667,-3.8950755677,-4.6538518002,-1.2264943789,1.2927200429,-12.8234264492,1.4020142908,0.1662953867,1.7027478823,3.2555574039,8.3893633602,2.9997583795,-6.2336060172,-4.513993032,-6.5771108247,-0.7333815053,3.8117507383,-1.1465559827,-1.9463795024,-4.1630639366,-0.6301663842,3.4378678197,0.2133229824,1.3237391968,-11.1385431112,4.6481675271,-4.5407488392,3.8337887383,0.5287710003,-2.337353347,2.9176820989,2.1479916567,-10.6427564127,3.8720992516,-4.6908383172,6.1873607938,11.2528610748,8.1557627019,-6.6154063306,-1.3152964841,-10.2304327595,1.8669197924,10.1118837139,5.5402877574,1.550381456,0.2430688414,-2.4307098836,-0.1520772766,13.4868142916,-0.1174189304,-0.5075885939,-7.4760115774,2.8840756725,-10.3030907203,-11.9176818066,2.0330171453,-2.216825244,5.9728698883,3.5068680207,-4.8712469309,6.2144021686,-11.4210152979,-8.100004359,1.1464463443,1.8314073578,0.569882224,-2.2099912699,-0.6972183051,2.182448062,2.1367278447,9.2709403703,0.8739681917,-3.0055006013,-2.8456514337,-10.5818718261,-0.0749548408,2.7277001025,2.2972548245,0.4511045854,2.8168565564,-6.1742469739,3.0918751141,3.6499807805,0.3365859131,-0.3074832218,0.0728083699,2.0875001101,-0.3936521794,5.8759709333,-4.1068219629,11.7515277694,-0.9835922916,-0.9805906942,-1.1360462989,-2.4803328219,-0.0457425577,14.1197522893,-0.108606426,-0.3459247018,0.8210332649,0.6084301224,0.4832436716,-11.5321689203,-0.2252231659,-5.4671534077,-3.1573664389,4.4488189514,0.6610756741,-2.5326435942,-2.002066118,12.1552934899,-2.9580695928,5.6789438458,0.3565135535,-18.2726358056,0.0410945406,2.3035236646,1.3028269158,-4.0162163876,1.8917741866,7.4241530457,-0.8188049255,-16.4310018504,-0.2359235613,-0.4565208014,-0.1124674931,13.1408296499,0.8411241353,-0.2502972322,-0.2784069011,6.256246896,1.0655578848,-3.2710798568,0.0409985433,2.1011505509,0.2643963237,-24.9136255166,-0.7433480581,-1.2442299973,0.0103960619,0.7399584784,1.0568617906,0.7049076286,0.8026798063,0.7860514506,0.6206375818,1.5865187135,-0.6026060619,0.5511740274
biasActivation=1,1,1,1,1,1
[BASIC:ACTIVATION]
"org.encog.engine.network.activation.ActivationSigmoid"
"org.encog.engine.network.activation.ActivationSigmoid"
"org.encog.engine.network.activation.ActivationSigmoid"
"org.encog.engine.network.activation.ActivationSigmoid"
"org.encog.engine.network.activation.ActivationSigmoid"
"org.encog.engine.network.activation.ActivationLinear"
