encog,BasicNetwork,java,3.4.0,1,1572774209179
[BASIC]
[BASIC:PARAMS]
[BASIC:NETWORK]
beginTraining=0
connectionLimit=0
contextTargetOffset=0,0,0,0,0,0
contextTargetSize=0,0,0,0,0,0
endTraining=5
hasContext=f
inputCount=2
layerCounts=3,8,8,8,8,3
layerFeedCounts=2,7,7,7,7,2
layerContextCount=0,0,0,0,0,0
layerIndex=0,3,11,19,27,35
output=0.1960797261,0.0300050897,1,0.4451642673,0.0025845193,0.5002963992,0.0073990056,0.9840463094,0.9999183002,0.3711580691,1,0.999999994,0.9999972701,0.5077846338,0.0000001749,0.9886480083,0.8869697198,0.0001802658,1,0.9357542776,0.9992524824,0.0000000824,0.9983784881,0.0000002271,0.1173957929,0.9099865931,1,0,0.0000003299,1,0,1,0,0.9915279058,1,8,30,1
outputCount=2
weightIndex=0,16,72,128,184,205
weights=-5.3412431263,-4.7828637902,16.0681194159,5.6585786416,-1.2248694493,-3.170799447,-9.3990280548,0.7628168452,0.6292606187,-10.4790194515,-7.9562877695,-0.1260078882,18.9101734065,-24.0660905403,10.9394582678,1.6478393312,0.3385882712,-4.2500672668,0.0529065025,-3.0139104113,1.9093955804,1.0213001193,0.0684515031,0.870779317,0.8414580856,-1.05802528,-7.2706845503,5.3493321976,-4.6855448054,4.7551271846,-1.4932745063,-1.632152698,11.2759880718,0.0288751976,-6.8343877927,4.0314054199,-6.3949568239,4.4499410792,3.5866239246,-5.4585293395,-1.5521194088,-8.2115691162,-1.5253291629,2.6134852129,1.4679758802,1.8660982019,1.0028267408,2.5325563893,0.1933924133,11.9713826042,-4.1710046066,0.5798993958,-2.2955947601,-5.1567916369,-3.9586334065,0.9193792049,10.2075195445,9.6496676903,10.9485157574,-11.8944306032,-5.7787723455,-7.7630201665,-12.8918265341,-3.4032093669,9.6015605274,-8.3721325045,-3.0597296111,9.4461800622,5.4122691849,-8.813323958,-0.2207667483,2.2633414468,4.114358354,8.6393111264,-11.4544457054,7.3899733882,3.5818240679,-6.9269707711,-0.2488307441,0.1095978096,17.7521130905,-1.3742657749,-4.737770382,4.5182560699,5.0655090173,-19.1410643341,-0.5930810932,-4.1512951804,-3.2490184213,-10.0741299287,5.9046989151,9.6967433524,-11.0283794429,-6.0335402258,2.65474949,1.7495311224,-2.4691284878,9.8369014903,9.469022522,-12.7054789451,12.4253060446,3.173525827,-8.9605171214,-2.6116054405,1.2399247124,8.0230836903,1.5065438306,2.9165647267,2.2201285914,0.1846227713,-5.3286254698,-2.7949383058,-2.0902007529,-2.5234548279,-1.0818497008,-0.4987337673,-4.461342104,-5.7901341429,1.5464793314,6.3080259895,2.002189263,-0.7900100028,7.2770157397,-9.6249832407,-1.6301162974,8.994472317,-1.725964886,0.4190319881,0.0120663355,-0.3492962609,-6.1713217723,-0.7481878761,-6.7057612247,-3.6977998488,22.1886217277,-6.4449167481,-0.5055351363,-2.0855751663,-4.0705666885,0.3516307608,-2.435578966,6.9356752972,17.4524186716,-3.6004088471,-0.7110857473,13.2543684879,0.2078766474,0.6879460632,6.4619157797,-4.7581485233,-23.7665314542,0.5837207546,0.4189623101,-2.3293539282,0.2883831435,-0.7141130679,-5.0784616889,4.4467873404,11.794650805,-0.4818726223,-0.5967848787,3.266330258,3.1759772205,-0.0021755433,-2.2625984099,1.3414196501,-18.9800573271,2.6082066758,-0.2291053753,-4.3561015966,1.165588227,0.0501451518,8.4176144738,-1.7541881712,-11.9176265197,0.2161322089,0.1660462975,1.8114825928,-1.3411800059,-0.5898470222,0.1025381595,3.7298010266,5.4170008785,-1.8189950469,-1.1026816231,-2.4012945752,-0.5811870814,0.6826840047,-0.5659954611,-3.4061380474,1.099904499,0.8679251893,-0.9655366182,-1.9609909473,-0.4220402689,-1.0900235996,-4.0093831212,2.7470268294,0.2540795204,5.4402759158,-2.9898472253,-0.6357996368,-2.3376922877,0.1659980529,18.4840660838
biasActivation=1,1,1,1,1,1
[BASIC:ACTIVATION]
"org.encog.engine.network.activation.ActivationSigmoid"
"org.encog.engine.network.activation.ActivationSigmoid"
"org.encog.engine.network.activation.ActivationSigmoid"
"org.encog.engine.network.activation.ActivationSigmoid"
"org.encog.engine.network.activation.ActivationSigmoid"
"org.encog.engine.network.activation.ActivationLinear"
