encog,BasicNetwork,java,3.4.0,1,1572774222334
[BASIC]
[BASIC:PARAMS]
[BASIC:NETWORK]
beginTraining=0
connectionLimit=0
contextTargetOffset=0,0,0,0,0,0
contextTargetSize=0,0,0,0,0,0
endTraining=5
hasContext=f
inputCount=2
layerCounts=3,8,8,8,8,3
layerFeedCounts=2,7,7,7,7,2
layerContextCount=0,0,0,0,0,0
layerIndex=0,3,11,19,27,35
output=0.0216173116,0.0003350323,1,0.0000003501,0.8704212193,0.9999228585,0.5513396101,0.2538953477,0.9790383305,0.0704738147,1,0.498094077,0.4494252859,0.8621468393,0.9731744666,0.9999987151,0.0009269807,0.1352871803,1,0.838174513,0.4294614467,0.0024045588,0.091728564,0.6765413941,0.2820222522,0.0782014697,1,1,0.2636636428,0.0000000009,0.3973864987,0.2455602346,0.9031097151,1,1,8,30,1
outputCount=2
weightIndex=0,16,72,128,184,205
weights=-4.7235129488,13.18783522,-7.3063286981,-3.7881598133,-0.6276294552,-7.6871160234,-12.2915778443,2.6545190562,10.3346342349,-1.6823044998,9.0714260762,-2.7805741317,10.3666752301,-11.4205635544,-0.5589226163,-5.4858160718,-3.8424727235,-1.5388699538,3.6784538776,-3.0733942762,-12.0195314112,3.39567563,3.1545707803,-0.8504827653,7.4550849,1.4829171901,-3.3517478796,4.064995805,-5.6033840011,-8.4759643098,7.918718318,0.9985755996,2.3616115767,-2.6577908862,4.0498666448,0.1150907162,3.928989352,-8.6560084851,-3.9904191638,2.5032747609,-1.7344930233,0.3057633582,1.7423556822,-1.6923700538,1.6008151552,-3.0496609826,-3.4209774285,-0.0577591946,3.2936360042,-3.4983680563,-5.1267977933,6.0191691492,-3.1656805024,10.0315152209,0.1203502364,0.5562171257,1.4504029337,10.0750317524,3.8370804412,-5.4318498205,2.8235585571,-6.2147250337,-1.1671057826,-2.0884246218,4.4364330282,0.289962075,4.9006713949,-4.880345733,-0.3399969368,-9.7460358982,-10.7342170961,-2.5939487097,-2.8913975604,8.5565963351,-3.4468024451,-1.109225896,1.599133439,-4.2686472857,0.336286558,-1.053145038,-4.7100719231,-3.2580334372,8.1462757301,2.4833564202,-2.044229598,4.8017245065,-0.1735290565,4.9390690424,3.7099468327,8.0239046306,3.7270691174,1.4038323965,-7.9732600858,3.0613243959,0.8600544161,-0.396416145,2.3067035368,-8.0168545835,0.1004374478,2.2845813407,0.863199456,2.7490731977,0.6453453403,3.481159248,6.7325347835,1.4323611489,-7.2340617815,-1.929950028,8.2806117805,5.0749125153,0.5238766893,0.4267110314,-11.6079387573,1.8926833813,1.1991377199,3.5878243772,12.96228513,-15.3644195308,0.3323561022,-2.8604008791,2.639302005,-1.4892093868,3.3450471767,-2.2507447216,2.9863779986,-10.8128630872,-0.4832393502,-2.162371414,0.0397837698,0.4713438673,-1.7557110871,-0.7590741664,-9.4211196728,4.3442983931,-0.263563906,0.4359318089,1.3369708913,1.7854261859,10.975551805,-2.0195149267,-9.5370039675,-6.0902161024,3.8110872086,2.7417113735,-2.6776050286,0.0736359304,3.1054956805,4.6612525933,8.3530062832,-0.7894702769,-3.2416927755,-3.3186054469,-0.3494669817,0.4357089617,-2.6542417333,-0.8971622345,1.7082696518,-2.303739387,-0.0605240673,0.0199674757,-1.7117332327,-4.4231079353,4.8618558999,-6.6097226969,4.0923031994,8.6161406193,0.1124755274,-2.6562197369,-3.4046156856,0.2225083884,0.0405031052,16.9083989512,-10.9540288138,1.362237914,1.0934041231,-3.9414542773,-0.7053164748,-0.0190870794,-0.6196358264,-0.2606511859,-0.419657228,-1.1693323007,-0.4342400384,-0.0597834111,0.1252701851,1.0125821427,-0.4399906138,-9.4564214267,2.476137207,0.3402423909,0.5425737844,-0.9950994953,4.7034524003,-0.2067832926,-0.1109275173,4.5657251833,-0.5910556369,-0.2873983765,12.2279632213,1.6402914987,0.3756845172,-22.160602713,-0.9302004342,6.5984518674,0.6545286181
biasActivation=1,1,1,1,1,1
[BASIC:ACTIVATION]
"org.encog.engine.network.activation.ActivationSigmoid"
"org.encog.engine.network.activation.ActivationSigmoid"
"org.encog.engine.network.activation.ActivationSigmoid"
"org.encog.engine.network.activation.ActivationSigmoid"
"org.encog.engine.network.activation.ActivationSigmoid"
"org.encog.engine.network.activation.ActivationLinear"
