encog,BasicNetwork,java,3.4.0,1,1572774278406
[BASIC]
[BASIC:PARAMS]
[BASIC:NETWORK]
beginTraining=0
connectionLimit=0
contextTargetOffset=0,0,0,0,0,0
contextTargetSize=0,0,0,0,0,0
endTraining=5
hasContext=f
inputCount=2
layerCounts=3,8,8,8,8,3
layerFeedCounts=2,7,7,7,7,2
layerContextCount=0,0,0,0,0,0
layerIndex=0,3,11,19,27,35
output=0.8857224362,0.729609373,1,0.4114916918,0.7632609682,1,0.6281177072,0.1684477903,0.3014835629,0.0669825673,1,0.4146885695,0.946836616,0.0000428266,0.8026666666,0.9999996741,0.9472756139,0.0000068039,1,0.9973876966,0.9627162796,0.002632184,0.8630161096,0.154761467,0.4548169987,0.0000876015,1,0.0055210665,0.0000544009,0.0010128982,0,0,0,0.0815710834,1,8,30,1
outputCount=2
weightIndex=0,16,72,128,184,205
weights=3.0584182992,-9.9819942495,1.0270917277,14.6964891415,-14.0291295459,-3.6499270408,8.6871981013,1.0315874977,14.6109081892,9.0323859465,-20.0784377957,2.781954638,10.4368495846,-3.9980439408,-6.4988601431,6.2999400781,-8.5808665362,0.0934553553,9.0877705866,1.1323934244,3.0160523432,-1.5893842164,-7.216906488,0.6923571002,1.1478054988,4.6380347084,-3.4280242645,7.0749649091,-8.4255819021,1.8022062983,0.9084654323,-2.6571061012,-5.3622975,0.4940198747,-8.4683625943,5.9113984335,12.4089784968,4.0549275166,-9.9546293247,7.9372059842,-2.5536127485,2.3816876876,-7.8878928375,6.4565520851,-9.6215656748,7.3172750834,15.7423698925,-3.164107044,-14.7706233614,5.141954183,3.5860342575,-5.8938621539,9.8280024625,-7.3537781358,3.3093673328,1.528635972,3.399178127,1.5505944292,-0.8907384526,-1.4882609349,-0.1359463857,1.0180826042,4.4525649944,-3.3518762967,7.7875129475,-2.3429090045,1.7056751799,-4.5329281737,-1.3833280987,2.3110797407,-2.812537876,-0.8125574577,-10.9177960406,-1.6560985657,-11.5377562874,3.4655747462,8.3180817474,5.783594082,-1.1290835612,5.2608383684,-1.590543327,-2.6052865913,-6.8584229027,7.0765062472,4.8127316004,-0.0896823264,3.1953106348,0.1808942908,-10.7329517836,-2.6254843853,5.1521520278,-0.2383220323,0.539670439,3.4545397671,6.813230297,1.7110168699,-3.8811883403,-6.0735850964,-8.6834133069,16.4908195952,-0.7328907801,-2.9225619651,6.042329555,-1.6456279155,-3.6862800394,10.4718209618,-1.892502161,13.8239978145,8.254433922,-4.4521035218,-5.5255881812,-2.6456494675,2.9258820515,-1.6237934329,-2.6437141173,0.2373582495,2.1424842178,-0.9324885221,-7.720217287,1.4288543008,11.8002616111,-18.8248449815,8.1518884152,-4.8744595877,-1.7005663259,-0.537766408,7.9190393092,-0.8521093752,-21.3131092361,3.9683016546,8.1803406561,-0.7262271008,-0.9994397409,-2.7819104972,-0.1732558139,6.0682092072,-7.6298988989,-3.5444981385,1.8701514343,0.3009551748,-0.276810281,5.228668653,1.2926105239,3.1861860562,-1.805441697,-11.7850064098,8.7167406665,-0.8669773358,-1.3304847685,11.4816462448,0.6725901654,-5.9903897143,14.9497975093,4.7440334974,-19.9893558029,0.0326503471,1.1854139083,-0.647349996,0.2909337672,1.754288521,12.5766917589,-0.4480046071,-2.2620688541,0.838113964,0.6845134729,-10.0193675013,-0.1444452412,-1.753072446,0.4542356198,-0.3205445717,4.5021130854,0.9350645673,-0.4255280994,0.4423299766,0.1060164949,-0.1969248728,-2.8313259144,6.1990545526,9.9561503876,-2.4365894185,0.39296652,-2.5389327222,0.0662454896,-9.3428189512,1.6045838306,-0.2983934521,-9.0785149469,-0.039270139,-0.4797480103,4.8875262375,3.8495746924,-0.7445350451,-15.3544723466,-0.3442017579,-6.7000208502,-0.4017829349,-1.3431402649,-1.8506160479,0.4341115318,3.808041858,-5.6048936435,1.1868113431,-0.3916126573,0.0147359582,0.2696328298
biasActivation=1,1,1,1,1,1
[BASIC:ACTIVATION]
"org.encog.engine.network.activation.ActivationSigmoid"
"org.encog.engine.network.activation.ActivationSigmoid"
"org.encog.engine.network.activation.ActivationSigmoid"
"org.encog.engine.network.activation.ActivationSigmoid"
"org.encog.engine.network.activation.ActivationSigmoid"
"org.encog.engine.network.activation.ActivationLinear"
