encog,BasicNetwork,java,3.4.0,1,1572774417738
[BASIC]
[BASIC:PARAMS]
[BASIC:NETWORK]
beginTraining=0
connectionLimit=0
contextTargetOffset=0,0,0,0,0,0
contextTargetSize=0,0,0,0,0,0
endTraining=5
hasContext=f
inputCount=2
layerCounts=3,8,8,8,8,3
layerFeedCounts=2,7,7,7,7,2
layerContextCount=0,0,0,0,0,0
layerIndex=0,3,11,19,27,35
output=0.3181002416,0.3280187563,1,0.8916632659,0.9999015948,0.1820964697,0.9821949884,0.7212842276,0.0000006172,0.9990739524,1,0.2452873253,0.8491198639,0.6966131629,0.8479905328,0.0145935591,0.0026149635,0.5001797489,1,0.352881934,0.1769429932,0.845898232,0.9999999995,0.0000519902,0.7585249736,0.5353676577,1,0.9998599675,0.0000000003,1,0.0000000032,0.9572464466,0,0.9999639663,1,8,30,1
outputCount=2
weightIndex=0,16,72,128,184,205
weights=-4.1747638863,4.6890362109,-10.1315211262,-9.0330828553,-0.8465110555,6.5756586293,12.502612297,-2.8919076203,10.6808199601,-8.0656278893,-11.2759193022,-2.9427128264,-11.9402515302,-5.9599223188,-2.8958667704,14.2731064721,-0.8545486791,1.2970427475,-4.2809179495,4.8409600711,-1.013476473,2.1777864645,-1.3505936297,0.7777999328,-9.4043395874,0.8903962361,-4.5594834862,5.5387879344,-3.0170397599,9.0706840572,10.570201924,3.9896960892,10.4825413279,2.050745883,6.1210412608,-5.021022578,-4.3351795935,-3.687433561,-5.7728346861,-2.8606264812,-10.5487553328,-3.9506702931,3.6703473496,3.576918863,-2.4537955993,4.6736632946,-0.10879139,4.4403762772,0.7548749617,4.41679746,-8.8702814691,-0.0411615461,0.1075222475,-8.7390941784,5.409973817,0.5446723948,-3.0929457047,-7.3261081092,-7.6476981811,3.2030858932,4.3087797747,16.0201248796,1.9540534808,-5.7895322754,-1.096198383,-2.8339297405,0.9222555379,7.0301817867,-3.7661823887,-6.5896197724,-0.7509819503,3.5027247053,2.3987771698,5.5225588663,-13.5557254303,2.142322726,7.3436915912,11.4762824456,-2.1992481263,-1.1511509269,8.0128842314,4.0771250527,-2.4847032317,1.7668582415,1.0438327003,0.3201838243,-5.140500369,1.0227776193,7.360371485,4.2582349129,-11.1466330229,3.7614146523,2.0145429474,4.3350212708,3.1267091928,-1.8143484752,0.3848695129,2.9379864565,5.0151363191,-5.889413535,-1.8103643738,3.8024638713,-0.2136191333,-0.059429272,-4.2774123685,-2.471848782,-0.7041217411,-5.2146909153,6.174003781,2.6987825913,-0.3957914675,1.709109174,-10.9614026064,-4.1529659841,10.6788812318,-13.1837776397,4.3409417031,-4.929582852,6.9754343619,2.814127366,-5.4489473576,6.2652299344,1.3367749341,-4.1042184263,-3.8442266526,3.2648206097,2.7384525592,-0.153918626,2.4980100466,5.088343396,-2.8046192426,0.8221246382,-11.4925001816,0.4319483125,12.0954975745,-1.3933429973,-0.7767827166,0.7291352782,-3.8443807138,-0.4299778093,-4.5415869161,0.2919188272,8.64039356,-1.2088074783,-4.7625448372,4.4325636615,-1.211808693,-0.4233049442,13.1757318898,-0.7237053078,-2.7162902464,-2.2197577011,2.3952374849,-1.0602215875,-2.4075729298,-0.0656868471,0.4821318123,0.4634130855,18.8161534519,2.1847294039,2.8034038236,-0.9402373054,-2.3638777743,-0.0410000233,-6.2629204965,0.18760363,-7.0079530303,2.699322059,4.0119579041,-7.0839842734,4.4411781111,0.4831927291,-2.8643124147,-0.1648413284,-8.1513364583,3.5849310722,-2.6929976587,-8.6172634319,1.3429661753,-0.5202162167,0.4895105869,0.0750045183,0.6787404873,0.3440633708,-9.7454509864,2.9085659832,-0.4198759838,1.0602194231,-1.0656011088,1.5083009518,-0.3350950693,1.1163015557,-0.0758409153,-0.86622713,-0.441953548,0.6243293789,-1.5975279751,0.1773303254,10.5689226035,-1.2399924519,-1.8897238877,0.0012051392,-1.5291864626,0.8673463793,-3.5558786375
biasActivation=1,1,1,1,1,1
[BASIC:ACTIVATION]
"org.encog.engine.network.activation.ActivationSigmoid"
"org.encog.engine.network.activation.ActivationSigmoid"
"org.encog.engine.network.activation.ActivationSigmoid"
"org.encog.engine.network.activation.ActivationSigmoid"
"org.encog.engine.network.activation.ActivationSigmoid"
"org.encog.engine.network.activation.ActivationLinear"
