encog,BasicNetwork,java,3.4.0,1,1572774484412
[BASIC]
[BASIC:PARAMS]
[BASIC:NETWORK]
beginTraining=0
connectionLimit=0
contextTargetOffset=0,0,0,0,0,0
contextTargetSize=0,0,0,0,0,0
endTraining=5
hasContext=f
inputCount=2
layerCounts=3,8,8,8,8,3
layerFeedCounts=2,7,7,7,7,2
layerContextCount=0,0,0,0,0,0
layerIndex=0,3,11,19,27,35
output=0.6396534152,0.5015705341,1,0.2703339024,0.2864330251,0.0000000346,1,0.0000323394,0.963893641,0.9998794191,1,0.9999999994,0.6234416964,0.0000166305,0.407914415,0.9890074244,0.9995232794,0.2422243026,1,0.896197462,0.0000008033,0.777636191,0.0002565638,0.5355647449,0.999999978,0.3187764464,1,0.0400306007,0,0.9999999335,0,0,0,1,1,8,30,1
outputCount=2
weightIndex=0,16,72,128,184,205
weights=-2.7717812459,-5.8040843083,-19.0602095952,14.2665278009,-6.8435157861,-5.3351282836,-21.0170333908,14.8763375922,17.8274296353,-11.6988663408,5.4804923284,-11.417833029,4.1973069371,10.3280218905,15.4387093457,-15.4364000469,11.6333369487,-4.7101539684,-15.7958970491,-1.8433248296,-10.0574910668,-5.0425416066,4.5104008696,4.9569640966,0.257860924,-7.3931535715,0.716389219,-12.2949525152,4.3299501506,4.9427285968,-8.7667373474,1.3546358652,1.42326588,1.7973967622,-5.7346939278,2.708245058,-27.0525474222,11.2007455691,-2.3346907973,-4.7039984023,-2.9062773865,-5.2413111397,-7.7594369679,-3.1432831929,4.0728876684,27.689310135,0.6301250456,0.5447832445,-2.1414180586,5.9405644496,2.7256741096,15.7701687009,-0.0736967295,-15.4898820501,-2.2840922803,-2.2256465009,-0.9650905116,1.5074934308,-8.1522792168,3.5744444452,-0.3084655846,6.5647431432,-9.6583552106,-2.0652141174,-0.4834159628,-2.125027674,6.1576466054,0.5172692101,14.9544888401,0.0316423795,-0.1694469414,-4.1604714994,0.6944594558,-0.8147128427,-0.3613225696,-4.1204852055,-1.0275125652,24.6439562687,-5.0954889287,-1.5874577821,-3.6792746611,0.4662835018,-6.3484741518,5.1552650846,10.3326806928,-3.7040829349,11.7963045812,3.1468984986,2.0729004133,1.9764163221,-2.3849811654,4.1219911601,4.7703948964,-17.5298168138,13.8461409609,-0.4472592874,-1.3977041775,1.2961108934,-14.4985410597,7.0952444378,18.6689060094,-3.5429596734,7.9289501753,3.1697830976,-4.1050304899,0.1571100785,2.3406550305,0.3265677926,0.9930992827,12.421540245,-13.8823565761,-2.1699029705,-3.4801737801,-6.2218493007,11.6744878573,-6.6431285807,-3.1819660571,-0.2251966683,1.43555973,3.1619541192,-3.6875484292,-10.6353459861,-6.5099011043,4.4004814774,6.5737656354,-2.3723888415,11.2867658692,2.4792190781,-9.3621556459,-3.5543998601,1.2301559602,0.5164701649,-2.8624032036,0.4956421918,-0.2569365242,1.5572237095,-0.4570008869,15.4399553499,-5.0964292849,-0.6797461668,2.6860517579,-0.5119879559,-4.8949825366,-4.0247896742,-18.4733463584,3.7623279748,0.4353623036,0.8175930019,4.5226863084,-0.7525967382,-0.3559685748,1.9120494262,14.6624957536,11.0388121443,-5.1399844963,0.9438825993,-2.4989825735,-0.3683524797,0.4247321884,-4.1395730713,13.087667803,-5.4463258784,-1.1124204106,-0.2670057314,-6.0674745017,-0.0033969463,0.3277088272,0.4033039313,-28.9514465493,-4.6679286826,3.3592659841,0.8372614861,0.0999096632,-0.7719291162,12.5038384054,2.9258542558,16.9742652568,2.3534685536,-1.1602386167,-0.1645427423,1.1857347669,-0.0363581983,0.0426175312,-0.3212694893,1.9101379513,0.1136435542,-21.8676674659,3.1450456175,-1.2761693903,-10.5986576646,0.9195497291,0.3053800462,0.0082353748,-0.6386469766,-0.8653423389,-0.4498193067,1.3420494999,-1.3148834427,-0.4524563067,-1.1322512818,-0.7106039716,-0.709843024,-0.8744789314,1.9866923079,-0.4430525513
biasActivation=1,1,1,1,1,1
[BASIC:ACTIVATION]
"org.encog.engine.network.activation.ActivationSigmoid"
"org.encog.engine.network.activation.ActivationSigmoid"
"org.encog.engine.network.activation.ActivationSigmoid"
"org.encog.engine.network.activation.ActivationSigmoid"
"org.encog.engine.network.activation.ActivationSigmoid"
"org.encog.engine.network.activation.ActivationLinear"
