encog,BasicNetwork,java,3.4.0,1,1572774524021
[BASIC]
[BASIC:PARAMS]
[BASIC:NETWORK]
beginTraining=0
connectionLimit=0
contextTargetOffset=0,0,0,0,0,0
contextTargetSize=0,0,0,0,0,0
endTraining=5
hasContext=f
inputCount=2
layerCounts=3,8,8,8,8,3
layerFeedCounts=2,7,7,7,7,2
layerContextCount=0,0,0,0,0,0
layerIndex=0,3,11,19,27,35
output=0.5826756421,0.5495877776,1,0.5464875441,0.9997873226,0.4705715905,0.1648881462,0.9999404855,0.0846836331,0.8526510037,1,0.3370018289,0.9999997393,0.0001672429,0.9957246221,0.9975637833,0.0016366641,0.9379333742,1,0.00392433,0.9999999952,0.086311678,0.9999668931,0.0064537506,0.9990913535,0.0063421225,1,0.0000289324,1,1,0.0000272485,0.6333182104,0.000000012,0.0000000371,1,8,30,1
outputCount=2
weightIndex=0,16,72,128,184,205
weights=6.3849250104,-4.0340975276,-16.306409608,-2.7966811117,-8.8629084393,12.74629972,9.718660784,8.5085492909,10.9726794341,0.5474673241,-3.4160273654,15.619471595,-1.0294374954,-21.0414807243,-8.4853718498,2.7335475627,21.321534819,2.8689443567,-5.9656263855,-9.9008149946,0.6994971804,1.139154766,8.284540174,-8.4783722666,-15.7481009538,-3.9152641884,0.4229496066,11.6327986064,-0.1312200878,-0.0492483238,-2.8855170316,8.9321925239,12.2650426326,-23.1754423175,-7.5873883097,-0.0667772657,4.5016236376,2.2790453989,7.9307059439,7.0591448113,1.5923163311,2.6605295497,-2.0728904227,-15.0332472703,4.4641412252,1.930738054,5.9520171769,0.1108592979,-0.5662834688,-0.9966301705,5.2755414191,10.6008446299,-0.1151812042,0.5573656028,0.4441358256,0.0577139027,4.867694713,3.8144792362,-5.3100654944,0.6914371442,6.3556059347,4.1180037952,-10.6899750407,-4.843218324,-3.1355814514,1.0741790161,6.177966874,-2.1383740029,-0.1511269737,-3.2983057639,6.6013888124,-2.1692430705,-4.1074211573,2.797442735,9.0611026332,12.129595905,-4.3893448157,-13.2501461806,10.879875319,-3.1718483087,6.6543602325,10.1558690539,2.2259878371,6.1486511619,-14.2006001641,0.4248902964,3.2245818461,-1.7159458116,-1.1991391045,3.4004739835,3.4137934957,-12.8316012571,-3.3932870036,3.5547246357,5.0792180267,-3.1169462127,2.6764353866,0.8901532166,-1.341679952,-12.3898011784,9.1469687504,13.1355588556,-2.5632371254,3.8887362811,2.508521355,2.31229327,-4.5026760562,10.603507787,-2.7674402667,-8.1875900832,7.0759906965,1.6313430632,2.5567756728,-4.3465975676,8.1520474421,2.5817140361,5.8078231599,-5.4561339996,-1.147741874,0.0588344475,1.4027179725,2.0521244065,2.6433120978,8.7468438411,-2.6864121415,-5.5238448724,5.6898619194,-2.816784306,5.7595396954,-1.1753178358,-2.1882601514,-0.5461184028,-6.1402756806,-2.0557945967,0.3102494001,1.7155470461,-14.5017515658,5.1921016243,4.8391265085,0.8960718134,9.7249875355,-0.7635308127,0.8404220616,2.964312763,14.9631221138,3.425314,1.2329630438,0.707041636,-6.1310978675,-10.2217248489,-0.2984274527,-3.1353177663,-14.0601706663,5.6198578095,-3.4055645463,0.4079842601,14.8503152068,-1.9063835435,0.3514235955,-1.3031370803,5.1833002023,-0.4400815089,3.0157753016,-0.3300144289,-16.3806561147,6.3491310775,0.151723613,2.7617138024,-13.3818507774,1.017224551,5.7939672494,-0.8006734181,-14.6725282674,12.8842273569,0.724312996,9.4842417337,-1.9444855085,-2.7291898944,-3.6915921483,0.2328880993,8.0591895535,10.2225796589,-0.8997345147,-3.7373791039,3.3483466292,-1.496783128,7.6662022958,-2.1721197298,4.7141701129,-1.1447944809,-3.5159272692,5.5880424268,-0.7467545499,-1.0673742267,-0.042214682,-0.7050488446,-1.357555777,-0.1582841405,16.1554490162,0.7354736222,-0.9201450003,3.4853045051,-0.917039467,-0.3405303108,0.4416339935
biasActivation=1,1,1,1,1,1
[BASIC:ACTIVATION]
"org.encog.engine.network.activation.ActivationSigmoid"
"org.encog.engine.network.activation.ActivationSigmoid"
"org.encog.engine.network.activation.ActivationSigmoid"
"org.encog.engine.network.activation.ActivationSigmoid"
"org.encog.engine.network.activation.ActivationSigmoid"
"org.encog.engine.network.activation.ActivationLinear"
