encog,BasicNetwork,java,3.4.0,1,1572766875824
[BASIC]
[BASIC:PARAMS]
[BASIC:NETWORK]
beginTraining=0
connectionLimit=0
contextTargetOffset=0,0,0,0,0,0
contextTargetSize=0,0,0,0,0,0
endTraining=5
hasContext=f
inputCount=2
layerCounts=3,8,8,8,8,3
layerFeedCounts=2,7,7,7,7,2
layerContextCount=0,0,0,0,0,0
layerIndex=0,3,11,19,27,35
output=0.5308619339,0.6081084278,1,0.9407709074,0.9999999802,0.6210995053,0.8255626928,0.6944844219,0.9996145549,0.4900007196,1,0.000000018,0.2803131372,0.4466594471,0.9996703308,0.0003003143,0.9999994264,0.9098120697,1,0.9511786796,0.000000004,0.9996591734,0.9902661001,0.9997820329,0.0364658219,0.0477522233,1,1,0,0,0.9595759091,0.3965249004,0.0000020447,0,1,8,30,1
outputCount=2
weightIndex=0,16,72,128,184,205
weights=1.8498686304,2.8363823424,-7.966980915,9.0621365754,-6.9253813958,0.7777274792,-8.0491595116,0.9900817619,14.8955061894,-8.1287008705,16.7466106511,-9.2688391683,2.0540225948,-7.2385419848,9.2612555699,-6.9232505947,4.2230590377,12.7548468002,9.7658958624,-6.9061188984,-6.2944785674,4.2219212236,-2.3273937013,-0.3707894756,-6.9688955484,-6.1329062042,0.7669564268,14.2939198242,3.9719146239,-1.068097185,1.9708447052,4.100265582,6.2825285749,-1.2339469634,-5.4632772058,-3.1183909273,-18.3141301555,3.2572203567,1.8057661782,1.5030700206,-8.289195702,4.8172730349,-0.3843985234,-6.3593534404,-4.525268605,5.6793567815,-1.6399563651,2.5471647953,-6.0244474383,4.9773715791,1.0160868453,2.2021766766,-3.7735889796,2.0201128161,-2.5839266081,-2.8974398267,0.3188739999,1.1008431452,0.7937500153,1.7675423267,1.2159051053,0.5366848014,1.6614558899,3.3819875661,-1.0744989828,0.7012778178,6.0931485021,3.5888336905,-0.7559410593,-6.9059573679,-3.3792142674,3.4348376282,7.2929906151,-0.2326826258,-4.1884109759,-8.8466513801,-14.4207190608,-1.5387586091,5.1657614427,2.403260106,10.856416177,-6.1222243681,-3.3157925745,-4.4630124927,3.9015902245,-11.3754041102,7.1522839432,-7.3625318252,-1.4586997364,-1.731897859,0.7593907105,-3.0654240343,4.0644037207,6.8894872223,-8.4483897235,-0.4615587254,-3.8571788054,13.7686050589,-2.7609496521,5.9605159787,6.4161541748,3.9575226686,-1.8816943564,2.0742542752,4.3539358996,2.630083759,6.1461339179,-8.5609183337,-9.7102690916,14.4939312693,-3.5060700583,-0.5711613417,5.0714814734,5.8935748327,-3.7970456998,10.0238850465,2.2782666076,0.5048981105,-2.2954230094,1.2302445543,-2.4664510986,4.2484549838,2.4871562254,0.8008538694,2.0912421074,-0.7144141921,-1.1333478807,-0.6326035417,-2.8813027083,4.4194322937,-1.3433431927,6.771608181,4.5712646624,0.5544731012,-8.5075074708,-2.4596559472,-1.791820086,-5.2997622297,1.8107825957,-17.6373043985,6.2094072249,0.7446725623,4.357738524,-3.0840380829,2.4269278381,-2.0676348513,-0.812835425,6.4267861236,-6.8938634864,0.3259991772,3.6529331837,2.1234667176,-3.5194285202,-0.3740838275,0.0971791272,14.246830414,-8.7624102974,-0.9673837919,-0.6219945935,-2.0546118133,-1.5305093013,-0.0766342,0.1549389098,12.5308911163,-4.1535023615,-0.1590316372,-0.8383945684,-0.4159159723,-3.0485725905,0.3808000981,0.5103697179,10.6170631472,-17.0952767131,0.4579343007,1.362378607,-3.6348359959,-0.2126930534,0.717053682,0.9322376208,-7.4996783816,10.7881435377,0.6277602786,-0.1961311375,0.1386352847,0.8374329694,3.163674322,0.5139118634,3.0256483389,-10.2315364905,0.0379799451,-0.4989060354,-3.1930893031,-0.9869377219,-0.7205778145,0.2037161591,2.8202032531,-0.8916713988,-0.1654516348,11.6769542956,-0.5699507164,-0.2616740172,-0.6904177961,0.4443571878,-2.4267255795,-0.7003844679
biasActivation=1,1,1,1,1,1
[BASIC:ACTIVATION]
"org.encog.engine.network.activation.ActivationSigmoid"
"org.encog.engine.network.activation.ActivationSigmoid"
"org.encog.engine.network.activation.ActivationSigmoid"
"org.encog.engine.network.activation.ActivationSigmoid"
"org.encog.engine.network.activation.ActivationSigmoid"
"org.encog.engine.network.activation.ActivationLinear"
