encog,BasicNetwork,java,3.4.0,1,1572774556194
[BASIC]
[BASIC:PARAMS]
[BASIC:NETWORK]
beginTraining=0
connectionLimit=0
contextTargetOffset=0,0,0,0,0,0
contextTargetSize=0,0,0,0,0,0
endTraining=5
hasContext=f
inputCount=2
layerCounts=3,8,8,8,8,3
layerFeedCounts=2,7,7,7,7,2
layerContextCount=0,0,0,0,0,0
layerIndex=0,3,11,19,27,35
output=0.0522195028,0.172749168,1,0.9765765023,0.5538516372,0.3800401559,0.2235905764,0.6609083916,0.9998887203,0.9999737378,1,0.3351837523,0.6906246716,0.3920223952,0.9581018804,0.4062787173,0.9899994806,0.1537986637,1,0.652560088,0.9900644994,0.9983079525,0.0000086101,0.9919407256,0.7196729432,0.0006846574,1,0.0000483219,1,0.86121797,0.9999987968,1,0.0019935831,0.9999999518,1,8,30,1
outputCount=2
weightIndex=0,16,72,128,184,205
weights=7.9031614545,1.9135033564,-8.1790792636,7.6659200905,-9.6174292106,7.6942167933,-12.836086861,1.2164742827,-1.6477499765,12.9550775944,7.0784084368,-4.5354349306,-4.7514865017,-7.9710003679,0.7873171794,1.514810889,-0.5573707982,-0.9088545541,-2.1882941413,3.6090086333,4.8908604489,1.5222018193,-1.288510516,-1.3509855605,-0.1220960262,-5.3707104059,5.3575866384,2.9190922837,-5.2460374341,-1.664560288,5.8295405911,1.9519248885,-4.5336636277,-2.9413996938,-8.3874076379,6.432232558,-0.4797141314,0.7390658148,2.5090397336,-0.7357107706,-9.3571495742,-4.6107774776,0.7979813973,5.6126346294,-1.6123142252,2.6383071124,-9.5469897141,-1.1030440327,-3.3625894169,-8.5509220449,8.0904770218,2.589003331,3.4411169733,2.4579860672,2.4203748454,-2.1559770715,-2.3574260388,1.355581083,-4.5283287017,5.7388579645,1.2105773704,5.2966286636,-0.9004282259,-0.3628854226,-2.7131800386,-2.8816135664,-9.735704542,6.1295002139,-1.3168229896,11.990663098,1.167784711,-0.1245469653,-1.0691307658,-7.153497009,6.4949697715,-3.4867752211,1.5870720054,-2.5430524572,-1.3851397826,0.8681467975,5.9697518101,-8.3250740295,3.1281185289,-2.4109636516,3.4047588959,-0.3160232676,-5.2079225599,-1.1193450181,0.9842934987,-1.9360904044,5.629404457,10.6332955824,-11.1498016601,0.9667750623,-9.4077195202,5.5863754141,-4.9337258486,4.1550195479,-0.0948292368,0.8023172515,-2.9148609461,0.6573861584,11.2850410191,4.7407301334,-2.2115727809,-4.2014150668,5.7964797986,-0.003456316,-0.0000711127,-5.5868673666,4.7453161421,3.4543525201,3.8032231642,4.5414806504,-7.2318415828,-4.9388302414,4.1319945944,0.8179635685,7.8445772356,0.1437936526,1.0017761173,-7.4056690544,6.8608059661,-5.9789150367,1.241724121,-8.5351914355,-5.673739955,3.0388264708,6.2080322896,-0.4905921372,-3.7222617567,8.4037916787,-2.8919589912,-1.5236046704,-0.8059413809,-0.376561445,-0.3023869483,-0.14310034,6.1325545677,-1.4516545143,0.0527338351,-12.9475413599,0.1077442547,0.7802912655,-7.4276899802,-1.1231309978,8.8434458857,1.3409506682,-1.1402400425,-2.8628325015,-0.6951690599,0.3876451914,-2.7590768638,2.6866706883,-7.337199633,-9.0099902987,-3.388866875,9.184619346,1.8795076243,2.4708527562,9.6746025444,0.8343850229,-2.6452491432,-0.568840965,5.3762162764,-7.0982430736,0.4211723129,1.0417260507,4.8966103236,1.4940815528,1.9411526755,-8.104715204,2.3229063807,-4.6288078794,1.5331081962,2.0346850111,-0.025301808,1.3805296746,-14.1870444724,-5.6778085241,5.8108515996,8.2040032426,1.118121375,2.2841754714,0.8405696841,-0.6234190231,2.040435375,0.7543257695,0.8011376343,0.7523763308,-1.5413449137,-0.1353877127,18.2178337493,-0.5322518311,0.4924327411,3.1155237608,-3.0681964035,1.7673925569,-1.3863030879,1.867267572,-0.7824962643,2.320921194,1.4532400769,0.1844198141,-0.3108759903
biasActivation=1,1,1,1,1,1
[BASIC:ACTIVATION]
"org.encog.engine.network.activation.ActivationSigmoid"
"org.encog.engine.network.activation.ActivationSigmoid"
"org.encog.engine.network.activation.ActivationSigmoid"
"org.encog.engine.network.activation.ActivationSigmoid"
"org.encog.engine.network.activation.ActivationSigmoid"
"org.encog.engine.network.activation.ActivationLinear"
