encog,BasicNetwork,java,3.4.0,1,1572774575678
[BASIC]
[BASIC:PARAMS]
[BASIC:NETWORK]
beginTraining=0
connectionLimit=0
contextTargetOffset=0,0,0,0,0,0
contextTargetSize=0,0,0,0,0,0
endTraining=5
hasContext=f
inputCount=2
layerCounts=3,8,8,8,8,3
layerFeedCounts=2,7,7,7,7,2
layerContextCount=0,0,0,0,0,0
layerIndex=0,3,11,19,27,35
output=0.0563369252,0.0001249304,1,0.999999917,0.0584875094,0.1419634841,0.5469237631,0.0000011395,0.9999999996,0.323251622,1,0.0512027577,0.9559744039,0.9999982769,0.000027476,0.0380746573,0,0.9999990139,1,0.0028714887,1,0.0920965428,0.9999999921,0.9999358373,0.0001210205,0.0000014138,1,1,1,0.8738784541,1,0,0.000000008,0,1,8,30,1
outputCount=2
weightIndex=0,16,72,128,184,205
weights=19.9114104341,1.0887884349,11.7710583607,-5.2923129208,9.1013562474,-6.1715206759,-9.9636573584,-12.1777983632,-5.1088869829,18.2379253031,3.3388039617,14.9560320654,-12.6738817437,-12.1675733496,-24.9206923126,6.6240116095,3.4973078073,-1.3456643687,1.4255397591,-16.316414706,8.3496528775,-22.2124398251,6.8789156619,8.7898493094,-6.627835933,-16.3712582497,-1.2452974992,-5.1527583018,8.4320935392,-12.5981754045,10.6563993072,3.4791919852,-7.7218574598,2.4113737135,-0.4916421798,15.1417356862,-0.7747143819,4.0374253781,-1.0368666115,-2.1513200679,-6.9422631288,-6.4194155028,4.560008624,19.1614030242,-12.2699174295,-9.5800258904,5.9467792658,-3.359618805,-6.8463015529,-5.57985861,-4.9746590463,8.9586965375,-0.5396151238,10.1733097403,1.4805853153,-4.4857946745,-6.9879554351,0.535007795,12.7654348346,-2.4107930654,3.0026437987,-0.689875775,9.240314884,-0.595956832,16.4560449561,-4.907859222,7.8694089945,-5.103316444,-4.1626922279,-16.7028061441,-2.7974075982,-1.8030328803,5.3174144196,-6.2274651243,-6.2144307108,-3.3850354292,-10.0198464864,6.5080915771,-7.8614611691,17.2685845717,-4.7105189943,-11.951023192,-4.2766178646,17.3109518884,2.3702497232,-9.470797495,-1.8014810552,-4.2435296282,-8.5495069469,12.7201639579,-0.9234127528,1.3464361551,-2.7434770221,6.3669470365,-1.0193803992,2.0569011154,-1.5381208447,-8.9377491895,4.9360826595,-5.9471739131,-0.0003456531,-2.1120859187,7.2984309902,3.9331644397,-0.8291592756,0.6593732097,5.3607471186,-8.8754094677,0.6676373974,8.0514872726,-2.7240482336,3.8267577868,18.702412454,-6.520803984,5.3936306801,-17.1090904887,-2.6200544751,7.1242909215,-8.0735850373,-0.1401103946,-6.2219566069,11.089830437,3.988430916,4.3107976879,-3.2221477133,-5.0088657157,-0.5809495714,1.3019328731,-0.1174971315,-0.7754368856,-3.1465902746,-0.4229099068,-0.8838470761,16.100563125,-0.4331196426,-1.7844678016,2.8152497963,9.4538594908,18.1003545555,2.8524098161,0.3714900757,-18.8716805575,-0.4061344162,3.3223952687,1.5087621182,0.3409786425,-8.0291650596,1.8181405282,0.2191400065,-5.2049150833,0.935419051,1.0603324589,-7.1640358493,-0.4784331799,44.33035361,-6.8726782887,0.4718606236,20.8422561622,0.610737088,-5.5687586635,-1.2314437408,-0.8633980978,13.7568846017,-0.1311927922,0.0632329872,11.3560688518,-0.354662327,-0.1417862271,2.433460364,0.3188029562,-16.2042184789,1.1446367251,0.0000967884,-4.9639157774,0.2570135529,1.2441877882,0.3779224558,-0.3092665758,-17.5781131396,0.9031667447,-0.4804425075,16.7377337747,-0.6355099433,0.9200532322,1.2217922684,0.7734927489,0.4082030404,-2.2309684881,8.768777963,-1.3894457057,-1.2445990717,0.2265847258,5.0949460047,1.9853471492,1.4180316891,1.0059345738,-1.6584990383,-0.8463035727,-0.3763419909,1.1593213464,-1.0375916209,3.2082921499,-1.104554809,-0.838844337,0.7234812544
biasActivation=1,1,1,1,1,1
[BASIC:ACTIVATION]
"org.encog.engine.network.activation.ActivationSigmoid"
"org.encog.engine.network.activation.ActivationSigmoid"
"org.encog.engine.network.activation.ActivationSigmoid"
"org.encog.engine.network.activation.ActivationSigmoid"
"org.encog.engine.network.activation.ActivationSigmoid"
"org.encog.engine.network.activation.ActivationLinear"
