encog,BasicNetwork,java,3.4.0,1,1572774595880
[BASIC]
[BASIC:PARAMS]
[BASIC:NETWORK]
beginTraining=0
connectionLimit=0
contextTargetOffset=0,0,0,0,0,0
contextTargetSize=0,0,0,0,0,0
endTraining=5
hasContext=f
inputCount=2
layerCounts=3,8,8,8,8,3
layerFeedCounts=2,7,7,7,7,2
layerContextCount=0,0,0,0,0,0
layerIndex=0,3,11,19,27,35
output=0.9000004106,0.6969718106,1,0.9964706995,0.9999950018,0.4869204429,0.9999410705,0.0000000038,0.0000010682,0.6318650449,1,0.6864468443,0.0032714292,0.8478113872,0.6755064375,0.5116861533,0.0195108164,0.999620666,1,0.3099236683,0.3764432412,0.0005637237,0.5812347844,0.0027437785,0.0067183954,0.0699178286,1,0,0.0493958748,0,0.4744650239,0.0000000001,0.0005039905,1,1,8,30,1
outputCount=2
weightIndex=0,16,72,128,184,205
weights=15.8026998594,-16.0654886613,2.529620236,11.2534416513,-2.4743427142,8.5113694565,-14.5490513912,-0.7757642491,5.7924959503,-12.3457370403,22.571149485,-11.1589191137,-14.105554701,-5.7407702858,7.3891953033,2.9054813566,-1.1626420733,-5.3010005821,5.5812156205,-0.816053411,1.4652065648,-0.6192908633,0.9589149838,0.5817907597,3.4805798208,-16.8756683881,8.3565028711,2.389360023,-7.7068197212,-5.1113024533,12.8520471045,-7.6303305252,-10.7665693888,-9.3491850636,3.8244382009,-6.1664127088,4.2216441197,-0.9275872671,-4.8753559288,11.023429521,-2.3726669791,-3.9047389133,15.4238448054,-1.051640372,-5.571746265,3.5118325054,7.0153827483,-5.2157832849,-5.4244234086,6.8059433535,-5.6004350149,-5.359990909,-6.100507203,6.2202588913,-15.2084328567,10.8785139405,-0.0645953533,17.6121542878,-9.9296320911,-2.8122433106,2.7469831687,-1.6789791006,-3.9969529237,-0.8220550826,-4.3276113483,14.0691589915,5.6738759534,1.4660566444,2.1453266111,-6.0442323973,-4.0167732386,0.6996113178,15.4445665189,3.9072871524,5.6655791737,-5.3335232962,1.491273926,-1.7359558366,-1.8072257361,-2.2431848055,-8.5150386612,-5.4381667061,10.9807211933,-1.5043951468,0.236606669,11.3010171397,2.0650116659,-0.3858167587,7.1555140936,-2.3093366818,-2.5920468285,5.4529034927,1.8850573214,-12.25948537,-6.6286466929,-2.2580949408,-8.8065513887,3.8568166539,-2.575311987,0.4648126091,0.7816883234,-11.4856259112,8.1649483156,1.2461143858,-0.4450296425,7.1361199475,3.2481066742,-1.1526571117,2.3856400995,-0.242767706,1.7032790632,-1.9575366348,-2.843080211,-4.5160931129,-2.7332957854,-3.122218037,-3.3780905212,-2.6348304489,3.4420393417,0.2667011603,-8.5402189926,12.584347229,-9.9540206875,9.2008418081,4.0105373092,-3.9079566971,-2.5209082284,0.6355071035,0.8898311105,8.9827778467,-5.4290162279,-19.9931579234,-0.9452008292,1.6784998488,4.4246463508,3.8163735025,-0.2528713397,-9.8938420568,-1.1663843999,-17.902917205,0.5702453795,5.7498662687,4.1721069735,4.3033456597,-0.9175373757,-0.7940501266,14.5101541377,-4.587699515,-0.5653399207,-0.5406177633,-2.2260430708,-3.0381411665,0.6296422655,11.0891631427,-10.8491569108,-4.1898446206,0.9545700606,-0.8285549388,1.6940037874,0.0744339715,-0.3025754471,6.6712222892,0.9555163622,-8.87355349,-0.0602314707,0.713712632,-1.0390183533,-0.9763531714,-0.5623232822,8.4224872924,-3.9073818471,-3.8276378371,0.2833023545,-0.6587336463,-2.4624371398,-1.133351588,-0.8593334793,-5.6008839432,-2.8399800495,0.7027725041,0.7824269594,6.3517644456,-1.085762411,-1.5621714922,-0.9365125986,-0.8862907993,0.082422079,1.3285173537,-0.3343323977,-3.5553976875,1.1787566118,-1.9826987253,-0.9385317576,1.948466328,0.1226383075,-19.3691086925,-0.8872994717,-0.5170186132,-0.0807128515,7.0580429936,-2.1085959907,-0.7989132243,3.3319506212,3.0184233778,0.7622738791
biasActivation=1,1,1,1,1,1
[BASIC:ACTIVATION]
"org.encog.engine.network.activation.ActivationSigmoid"
"org.encog.engine.network.activation.ActivationSigmoid"
"org.encog.engine.network.activation.ActivationSigmoid"
"org.encog.engine.network.activation.ActivationSigmoid"
"org.encog.engine.network.activation.ActivationSigmoid"
"org.encog.engine.network.activation.ActivationLinear"
