encog,BasicNetwork,java,3.4.0,1,1572774615131
[BASIC]
[BASIC:PARAMS]
[BASIC:NETWORK]
beginTraining=0
connectionLimit=0
contextTargetOffset=0,0,0,0,0,0
contextTargetSize=0,0,0,0,0,0
endTraining=5
hasContext=f
inputCount=2
layerCounts=3,8,8,8,8,3
layerFeedCounts=2,7,7,7,7,2
layerContextCount=0,0,0,0,0,0
layerIndex=0,3,11,19,27,35
output=0.1869697704,0.0576090307,1,0.0000007315,0.9999961355,0.8629954944,0.5503990692,0.9999999976,0.9323567591,0.0869739291,1,0.9999999972,0.3504714851,0.0000031773,0.0000084798,0.0506654154,0.9993839495,0.8789481627,1,0.9853022912,0.9995314008,0.0023961452,0.4367509342,0.0001756394,0.9972492349,0.0004433628,1,1,0.4158412847,0.0094333176,0,1,0.0000000007,1,1,8,30,1
outputCount=2
weightIndex=0,16,72,128,184,205
weights=19.10850332,16.1086721122,-12.1350615964,-19.7323674682,9.3187409983,-9.1837402213,-12.932339738,4.1232926802,-15.7073553454,-9.4854183168,5.270250476,17.7081600268,-3.5654637095,-7.0733516911,-4.2071928671,2.9221621019,-5.5659912628,-12.0892542814,-10.0631369224,22.1262055619,-2.5714379524,-1.9513872321,-1.0409209701,-1.3300238883,3.7952035679,-1.5553222259,-11.9046888741,-6.9595963813,3.3083483315,6.1025104409,2.2690407678,0.9529185061,0.0111564328,-5.7525240008,-11.8223024838,3.9111979729,-2.8319602311,0.7626193882,1.4945842867,1.9130100029,-12.9156447314,-8.6773505482,5.7231248526,13.7285204852,-20.0362636151,7.6375926323,3.5658640671,6.4070057139,13.7455638246,-0.1719798867,-1.4085044435,0.6469601521,-1.3520344317,3.5491611986,0.6476505443,2.116751352,-2.8066417991,12.1190519334,-5.6752887943,-5.3617382331,0.5816729824,4.2650283528,-0.5241138807,-2.6484113967,5.9806988558,3.772422553,-5.5722463927,1.2936750642,5.4632292112,-4.9784045234,-4.6527957031,-0.8658676337,0.2888782446,7.4618172263,7.2606238911,5.477855384,-10.4026506972,6.9071306417,-11.3336471235,2.6579909743,4.112215941,-2.5822290441,13.124464694,-12.4290812136,-6.2197781324,0.1892702147,2.45303233,3.1204958207,-11.7867777271,-0.4286673803,-4.448064279,5.1210990597,9.1529328941,-1.3211903718,0.7586667623,-1.5278459257,0.0087920856,-5.8595125431,8.5100636106,1.4385928744,4.9105931258,-7.8660109111,-0.9805065982,1.3655366787,5.600930026,-8.7451983366,-6.6866200483,2.9036639737,-5.2928498534,-3.4045001491,11.4009120493,2.4308276097,3.3797942077,6.5433690905,-5.4424270746,-4.0435002239,-12.9122845695,2.6524547258,-5.9208927497,-3.3400785465,5.6872745261,0.2489928192,-1.8640874169,-7.7258395364,-1.5481085011,-0.9350086122,-1.1081701234,0.4418804118,0.9976208028,-8.0866673472,-11.0726553575,3.900078903,3.1298016878,0.9012354156,2.0503821635,1.4946742308,2.2008784849,-5.1283587539,-8.0189240429,-1.4062958593,1.7309885008,-0.9013261656,3.7117299039,2.229925487,-2.4545114239,8.3698268384,4.8210158022,12.887419615,-2.7448242886,0.3336848623,-1.7048746349,-2.6532823297,6.5719162566,-0.0616179293,15.7750101194,-8.3759700576,0.8978074406,-0.4596138952,-4.7639173341,-3.083352597,-2.5975605857,-15.0212229624,17.3687951216,-0.9980780201,-2.1245284325,0.5617858681,1.2776290046,0.8801573748,4.1337268825,-16.6389823867,0.0442162191,-9.1193933692,2.7773362083,-0.2159716543,2.2290218085,3.6717954324,-2.6360404454,-5.3598212786,10.6350054773,0.0058625176,-1.8865863616,-0.5465208758,-0.8231155622,-0.2464246603,-1.0702227615,5.6351166789,-0.8643574282,1.9115093779,0.1047991111,-18.7759174144,0.7355017037,-0.5947839322,7.3054749982,1.7300578538,-1.4384695553,-0.3096282533,-1.3783675334,4.8803186556,0.6461285526,-0.9753823786,-0.4455976739,0.0583680143,0.9059563376,1.1433046868,0.7409526279
biasActivation=1,1,1,1,1,1
[BASIC:ACTIVATION]
"org.encog.engine.network.activation.ActivationSigmoid"
"org.encog.engine.network.activation.ActivationSigmoid"
"org.encog.engine.network.activation.ActivationSigmoid"
"org.encog.engine.network.activation.ActivationSigmoid"
"org.encog.engine.network.activation.ActivationSigmoid"
"org.encog.engine.network.activation.ActivationLinear"
