encog,BasicNetwork,java,3.4.0,1,1572774652563
[BASIC]
[BASIC:PARAMS]
[BASIC:NETWORK]
beginTraining=0
connectionLimit=0
contextTargetOffset=0,0,0,0,0,0
contextTargetSize=0,0,0,0,0,0
endTraining=5
hasContext=f
inputCount=2
layerCounts=3,8,8,8,8,3
layerFeedCounts=2,7,7,7,7,2
layerContextCount=0,0,0,0,0,0
layerIndex=0,3,11,19,27,35
output=0.167788419,0.0007538122,1,0.4996645335,0.9997481345,0.9853709693,0.0010137905,0.9999999539,0.0094514933,0.9999834355,1,0.8527584635,0,0.6858618796,0.0162599272,0.000000124,0.9992778755,0.0008384357,1,0.0000001261,0.6532110854,0.9972841231,0.0250872933,0.4200937467,0.0000011394,0.9998510663,1,0,0.0868209228,0.9999999988,0.9724976078,0.0000857446,0.9999981666,0.9306304888,1,8,30,1
outputCount=2
weightIndex=0,16,72,128,184,205
weights=25.8337548939,-13.8524845128,-4.3362734103,-3.7308225063,7.1383555533,3.413042805,-10.6007329103,7.0459654702,-21.6620217191,18.2445149528,-8.5530980148,7.6732131167,-8.5053927256,5.5424467487,6.2247439812,-3.9572265162,-11.1920759715,4.8065250956,10.1738309032,-7.9049335514,-2.0106445306,11.3976117476,4.3330990563,-8.6995275282,9.1549531788,4.4743920789,-1.7774873195,-12.2902824941,-7.8618491959,4.4849754712,8.3834435926,-2.5904152271,2.2469230427,-6.7503686999,9.9594113471,11.345866747,4.4011416044,-4.9558325077,-4.0407150473,0.2343051483,-14.1508571283,14.8572536674,-11.3186559742,-1.6738488641,5.7649574487,4.1624777968,18.3163277475,8.7896400282,5.5642269044,13.6225223303,5.0142811526,-14.7902822812,5.9965559264,14.0591216318,-4.7880562645,-5.096286837,-6.5971239924,2.9035300916,2.1598594495,14.3042898512,6.0123669242,0.2787317763,-11.9179947147,-1.0088235143,-2.639139251,-6.1609755293,13.8262315086,0.1214274882,-5.3762916019,-0.427589268,-2.749761458,4.2035058708,7.8132976553,-2.3186204698,5.3939224301,3.5940340827,-15.2590703992,-5.3740856938,3.4665624737,0.7457118154,8.4935772987,-0.7192289693,-22.3485935007,-6.1037071535,4.6017957382,8.5855176697,-9.4332851128,-2.1988435489,-9.5106190436,0.4168150922,2.7301794439,10.0488285612,-16.2278461253,9.4904419173,6.1949686164,-1.8431261698,4.3918457582,9.5446291121,-14.1610661957,4.8642652045,-2.9634842198,-6.9036338373,8.3628108926,-3.4533572763,4.6495982688,-1.3296327021,-7.1148783303,-0.1737783367,0.3498014188,3.6559646693,-4.9833435816,-3.0986234676,-3.443810099,0.3423201472,1.2894291833,-5.6958169967,7.6838611531,-7.8435209135,1.3554202188,1.2827976368,-2.7455145078,12.7296598413,-13.5203744612,-6.864272993,7.5346127065,1.248807597,-4.7949804998,-0.1134063542,-0.7406965579,19.0796669376,-1.7595278906,-8.009458111,-0.34847665,-3.073867272,-2.787550744,-2.3262885141,-0.6298190687,25.0238453433,-0.2892331089,0.4475525119,0.299959198,0.1442032356,-1.0828781578,-0.821889194,0.7260218277,-13.3169507531,6.0593899261,-13.8290096295,-0.381753678,5.0418218999,5.5440662397,4.250142629,0.7329303936,3.1420040748,1.4573084391,-10.2620565979,-0.0517776295,2.4521671353,1.1500764365,1.0672845056,1.2991055358,-0.2532511252,-3.6128890177,17.9241215521,0.156449644,-5.0582955552,-4.0912456924,-5.252966541,-0.8347861073,18.8335371021,-1.5424998777,-10.0738969025,0.0489115041,-0.8202672683,-1.0917705425,-2.1445479011,-0.4784999732,-19.7625684865,3.598096144,-4.2540843312,0.8465748372,4.7102553974,2.9447809552,3.6158335297,0.357940253,-3.4341770675,-1.3011916071,0.4331621898,-0.2054216091,0.3442663896,1.1412255402,0.3699561111,0.3302548004,1.2798617586,0.1818534667,-12.1289034451,-0.9145191459,-0.0477405124,-0.6156831539,1.2917157446,0.0816646071,0.4256760683,0.1738094914,0.0466073818,-0.1922825359
biasActivation=1,1,1,1,1,1
[BASIC:ACTIVATION]
"org.encog.engine.network.activation.ActivationSigmoid"
"org.encog.engine.network.activation.ActivationSigmoid"
"org.encog.engine.network.activation.ActivationSigmoid"
"org.encog.engine.network.activation.ActivationSigmoid"
"org.encog.engine.network.activation.ActivationSigmoid"
"org.encog.engine.network.activation.ActivationLinear"
