encog,BasicNetwork,java,3.4.0,1,1572774668741
[BASIC]
[BASIC:PARAMS]
[BASIC:NETWORK]
beginTraining=0
connectionLimit=0
contextTargetOffset=0,0,0,0,0,0
contextTargetSize=0,0,0,0,0,0
endTraining=5
hasContext=f
inputCount=2
layerCounts=3,8,8,8,8,3
layerFeedCounts=2,7,7,7,7,2
layerContextCount=0,0,0,0,0,0
layerIndex=0,3,11,19,27,35
output=0.1578896782,0.0999986218,1,0.999124321,0.8691941317,0.0009547515,0.9999982104,0.0086120477,0.9999953121,0.9885059447,1,0.4986967512,0.6426649717,0.0674766967,0.8434022277,0.4344304239,0.9963000905,0.0104849907,1,0.7226377199,0.9885500358,0.0351497698,0.002327551,0.9326546386,0.7241903134,0.0289129633,1,0.9999979109,0.1333222257,0.0148378964,0.9999999977,1,0,0.0000000958,1,8,30,1
outputCount=2
weightIndex=0,16,72,128,184,205
weights=-5.8475436888,4.9066462329,3.5502223222,9.5960333939,-6.5805726845,-16.0127703046,5.0584159312,1.3732679502,4.4933552206,10.6613743841,7.3598672509,-6.4730141408,5.6240690892,-1.5571187571,-6.2485270059,-1.8021059153,-1.6682867553,4.3550417222,-9.4718662246,6.1711368692,-2.5145505971,-0.2620508692,-2.9878714645,1.8919573495,4.9099668787,-2.1046736741,-4.1626855347,-5.3316948051,7.4281649871,2.0793439308,-5.4550540699,0.3340400365,1.1437492727,-5.0922007826,2.6840109869,-7.8497347126,2.2743518996,3.2471471573,1.2335629041,-2.0476482665,-1.9240962301,0.9833153251,-4.2997946987,3.4544613251,0.474548339,7.1078276167,-5.2339355814,3.7049502531,-1.3118456289,0.5536053266,3.3660521153,3.6048580131,0.0515817903,-7.588415124,-1.9151808794,-0.1569781411,3.792123209,6.2098500101,-1.1882843913,4.052068921,-9.4071593704,7.3935141093,-9.4071298916,-0.1295724302,-2.8470538201,-0.4862916123,-5.7197080957,2.0603885794,1.4305256672,4.523785787,-2.2198661092,-0.2703223358,0.378337938,-1.9170336448,-0.0415513233,-1.468588376,2.6369470833,-3.1693543943,-5.1696836619,1.6066738372,7.2679052192,-2.409231737,-0.0106094569,-1.2632607818,-2.6052373809,1.7677872564,-2.9276109995,-1.0459351295,-5.7819015335,4.0483465524,4.6200395729,-0.4941911224,3.5485508362,-9.6893445321,3.2134440154,1.0033189683,-0.1761218343,1.7786830802,-2.3838080966,2.6843967711,-6.1962130422,7.3969440763,-0.8495925947,0.5769565446,-6.2171345107,1.7419754843,8.5890977124,-6.2017426377,0.648952351,3.7202385135,-5.2857508899,-0.9271438694,6.802616962,-4.5099558383,-7.1525201849,1.8981623166,4.704920451,2.2613950031,2.2645905666,-0.7060013516,0.4038477839,0.427344124,6.3008864692,-4.2426067865,3.7793534234,-11.5588362005,2.0443646265,-0.6862995991,-2.7653144867,-8.2747729653,11.4829719629,1.1217348131,3.8463900189,0.6514101854,-4.3027238101,-0.312404212,2.0502582341,2.2645567026,-5.6721707024,0.2034502408,1.0959726879,0.5633205066,2.7535258839,0.8908228552,-8.4025768478,-4.2806153282,8.4850842344,5.168097214,-0.9515128616,-1.0363806904,1.0095213927,1.3184204011,0.6188029365,-2.0403905461,-0.2166006154,-4.9046381917,0.1637320095,-0.3099595586,6.6022015295,-1.6632611852,11.3595570909,-1.9175902535,0.2481090728,-2.4508987428,-3.8519746121,0.4620692412,-0.1578097936,-2.1764830691,-6.0149629193,-6.1714589698,-4.9245364304,0.9885740753,4.2768277862,-0.4986433022,7.8506500532,2.6107532846,-3.5553533862,2.4026062491,-0.6731922998,-5.0945318114,2.7980976049,-0.0408789351,1.1230002414,2.0273219428,-2.7176460855,1.0765178373,2.5244051719,-0.2206486247,-0.2536505895,7.5028083791,1.7559011467,-0.1107812489,-14.9193934266,-1.793505316,1.1167844888,0.7393024403,-1.2858263211,8.5460512404,1.5255960359,-1.8903542318,-0.4244445884,-0.1926937871,1.0204699785,-0.6311886216,-5.3893550668
biasActivation=1,1,1,1,1,1
[BASIC:ACTIVATION]
"org.encog.engine.network.activation.ActivationSigmoid"
"org.encog.engine.network.activation.ActivationSigmoid"
"org.encog.engine.network.activation.ActivationSigmoid"
"org.encog.engine.network.activation.ActivationSigmoid"
"org.encog.engine.network.activation.ActivationSigmoid"
"org.encog.engine.network.activation.ActivationLinear"
