encog,BasicNetwork,java,3.4.0,1,1572774684045
[BASIC]
[BASIC:PARAMS]
[BASIC:NETWORK]
beginTraining=0
connectionLimit=0
contextTargetOffset=0,0,0,0,0,0
contextTargetSize=0,0,0,0,0,0
endTraining=5
hasContext=f
inputCount=2
layerCounts=3,8,8,8,8,3
layerFeedCounts=2,7,7,7,7,2
layerContextCount=0,0,0,0,0,0
layerIndex=0,3,11,19,27,35
output=0.4418665717,0.2553354054,1,0.9927506303,0.3400133425,0.9999999997,0.0028314029,0.999997808,0.0000134022,0.9999998176,1,0.995860087,0.7396056951,0.0328173403,0.0000010626,0.8748808304,0.9999862302,0.9997657937,1,0.9999885738,0.2167990538,0.8086650794,0.7683964573,0.8081025969,0.0000194996,0.9834829939,1,0,0,0,0.3712527609,1,0.0000184138,1,1,8,30,1
outputCount=2
weightIndex=0,16,72,128,184,205
weights=14.2209356488,13.2303326554,-16.6780323253,6.0590357938,7.0509846464,9.7767809086,-5.69049667,-3.5496503893,-8.859982254,-6.4299299104,8.8092686654,5.2706205424,-9.1761918676,-5.8478569756,13.7274968822,-3.4637771475,8.0581163532,-10.9644495185,1.9930987418,3.7855925967,-2.5455959878,9.5414864408,-5.3296202499,2.9528757096,2.6089211946,2.5890760928,-0.2000800319,-1.7907166441,3.9629839553,-0.8297717014,-5.7184489726,-2.0899514153,5.2607642608,-0.0590213319,4.1345285852,-12.8642398657,5.8231014276,9.7465553399,-1.7106740514,3.3830172395,0.056967265,-0.5695105081,-3.750263787,-5.2690011555,-6.1878702012,-2.2699195724,2.9764853665,-0.6688373859,-5.9863594161,15.1875184457,-5.3598741933,-0.9820990812,6.3109746489,5.2931024892,-2.1248061523,-0.7546967093,2.9952825836,-14.6889651051,0.0920490225,-2.50089956,-10.9042842085,-2.1624990556,5.2440515305,3.1176604889,9.8886372413,-5.9666229951,1.68484885,-3.5241651627,5.2111246021,4.2312794408,3.8115149994,-2.573994157,-6.5621072556,-0.3840715254,7.1471702264,3.329737439,7.5553856057,-6.3501861453,-0.5478900201,-1.7765571942,11.2009959411,12.8629121105,-7.0674090992,-4.8588168416,-6.3429087722,9.0222230635,5.3641413207,-3.6469470273,0.7549356495,0.3792465797,4.4534686857,-2.5153196336,1.5896224845,-2.9714037243,-6.5743038126,-0.7079836837,-1.1077178068,-4.2157926771,0.7057405209,-0.7709888632,-8.1941535707,11.7366262009,-4.2645645503,-0.8957313175,9.6341295201,4.3807199083,-2.6691562117,-3.9811919152,-8.9338566422,-2.4919257352,6.1665319717,-2.2665051232,11.0570646541,0.5902801771,-0.3045053919,0.3122085016,-1.3755952024,-5.0909719007,0.4772049858,0.6568497961,-1.4888348427,-8.8522952376,5.2513602431,1.5184053953,4.6779997208,1.7604405053,-0.9053459134,3.4637864195,-0.7814995627,2.2178170427,0.621992178,-12.3685371327,5.5037815059,-10.9672783251,4.7584103625,5.7094496191,-1.9282211141,2.2432595234,-0.0835897096,-16.0411615272,-4.5367339464,6.9715822939,3.7325123903,5.475000294,-1.3382644652,-1.5828811315,-0.805040285,9.7397987527,1.932607509,-1.4136077368,-1.7603358176,-2.3468134044,0.1116434745,-3.3741880621,0.0217181516,0.2282741085,1.4210761039,-1.5206004212,0.2657951161,-0.5723118348,-0.859191836,0.0557854064,0.316905945,12.7020689868,-0.6868932888,-8.728683088,-1.6384939977,-0.9524020096,0.3790201665,4.8405322794,1.9256582403,-8.003675584,-2.0388215485,15.135891051,-3.4436478606,-2.3915175446,6.2242862553,0.6283160108,-1.4342842275,-9.4857239272,6.2677688262,4.8364807675,0.9244407889,0.4160123489,2.7701132681,-2.9544035554,1.0572056287,0.5210724918,-0.9261230354,-3.3045874171,1.6061694245,-5.1166867109,0.5732091489,-0.5087283931,-0.1926386698,9.3221410348,-1.7677207746,1.3057090531,1.0036203424,3.0215495624,-0.9348526099,-7.0292114341,1.9193986816,0.5967871758,0.7575123869
biasActivation=1,1,1,1,1,1
[BASIC:ACTIVATION]
"org.encog.engine.network.activation.ActivationSigmoid"
"org.encog.engine.network.activation.ActivationSigmoid"
"org.encog.engine.network.activation.ActivationSigmoid"
"org.encog.engine.network.activation.ActivationSigmoid"
"org.encog.engine.network.activation.ActivationSigmoid"
"org.encog.engine.network.activation.ActivationLinear"
