encog,BasicNetwork,java,3.4.0,1,1572774696043
[BASIC]
[BASIC:PARAMS]
[BASIC:NETWORK]
beginTraining=0
connectionLimit=0
contextTargetOffset=0,0,0,0,0,0
contextTargetSize=0,0,0,0,0,0
endTraining=5
hasContext=f
inputCount=2
layerCounts=3,8,8,8,8,3
layerFeedCounts=2,7,7,7,7,2
layerContextCount=0,0,0,0,0,0
layerIndex=0,3,11,19,27,35
output=0.2812508526,0.3770494542,1,0.0022684929,0.000003522,0.0597620696,0.1428231877,0.0000837097,1,0.5621119672,1,0.0000000334,0.9998104084,0.0000000048,0.9059113599,0.1131734514,0.0305409965,0.9989149329,1,0.7357164758,0.9996920651,0.9812008032,0.0001154102,0.0000000111,0.8671739178,0.0000267961,1,0,0,1,0.9932161912,0.8414573383,0,1,1,8,30,1
outputCount=2
weightIndex=0,16,72,128,184,205
weights=7.5153032365,-2.1952425877,8.6517667298,-18.682450767,1.3787614228,2.7451517089,13.8418220235,-9.3299873454,7.0787014409,-12.6849606788,-21.0142310867,25.294111127,8.041739688,-17.4278605242,12.19932053,7.6949675657,-8.7754284892,-4.5768698041,-13.1975678561,4.3131886928,-6.0645034948,5.5908005322,-7.2223784673,2.3124011464,1.7126333585,-0.5252440498,12.3162560182,-3.5553288246,-3.5145926779,1.4168008115,-3.687285812,-4.7727358766,-0.6387895003,9.1947095844,-5.9169233283,-10.2371828692,19.8319306831,13.4195813738,-4.0842497059,-1.2492252394,-2.3862760077,9.5024976044,2.3605844194,6.3735340168,9.0198365581,-6.3568572287,-8.8937303703,-9.0091708107,-3.91770535,-5.0465975085,-7.7832376991,-1.3197521108,-2.4833996199,3.4887375447,-3.1992206187,0.2234024515,3.8805609779,7.5577207838,7.6134899407,4.888379414,-1.5547460852,-25.2428253851,12.6232460265,5.390326128,-8.2215863789,2.0941471985,8.9750737769,-0.743800659,0.2708842796,3.6200228177,2.9185633778,-4.2268072071,3.5480295752,-13.120984471,-1.4107121909,2.8448678035,8.4000382258,-5.6132708745,9.9920445934,-0.4580002932,-4.6158475168,-1.9398107007,3.050097154,1.1770285894,-9.4989618763,7.0649779672,4.9927238822,4.7860249905,-16.2946770818,5.3168810578,-6.0928653231,18.6800106816,4.1471915389,-5.1433237239,12.8665506132,-2.0449098947,6.3747698744,2.8221191901,-2.7550645158,0.8450238132,1.477777154,-5.2949635371,-1.7702743688,2.0483064456,-8.3944270207,-7.7792474572,4.8540082152,1.3060636143,-5.2751926406,4.1726497311,0.1768994252,3.5127172256,1.2489937079,2.1353054248,4.9996167464,9.3320584315,-11.0632628067,-4.4974671259,-1.8068382416,-7.5177916516,-6.3943330139,-0.1988595713,2.3258384386,-2.7635016288,-8.4831085137,9.4690821153,4.7435226904,1.234978643,-2.4638066086,0.4762692767,0.5084973408,2.0871924323,19.3570264361,0.9544719543,-6.1827312226,-11.6630890393,-7.7494045907,-1.0274858184,2.2523164165,-7.4689718694,17.7322249048,-0.1331131655,7.8200159819,-9.4896251775,-1.0141288071,-0.7966261805,-1.2916736799,4.4857808905,9.5969333533,0.890366131,-3.9365909972,-3.3475325429,1.6144242452,-0.6873554046,-4.2177502683,-10.1230258868,-0.9903133314,0.1690064715,0.0521306748,5.9863764033,1.3422343222,-0.2198396225,2.7564610594,-19.9989365203,2.4816658836,0.7452727288,-1.9429750835,-1.358733923,1.6990688709,-0.8139799927,-3.7366662534,9.1164973511,-1.1944373687,-0.9871064603,-2.5693342296,0.1326147301,1.7079865149,-0.7316719042,7.4393563331,-9.7300907358,-15.8109130967,0.1598154597,1.9811756074,3.0205344513,1.3081142732,-2.6784027946,-1.0274864487,-0.5407535998,-0.9302840583,0.7399590255,-3.5469393017,6.0457812617,-1.3359614894,-1.1689910775,0.2938360022,5.5232581931,-1.5148004779,-0.2782735974,22.1357233461,-0.6247001039,-0.8971324411,-0.5653408261,-0.6250688836,2.7204821763,-0.5918911567
biasActivation=1,1,1,1,1,1
[BASIC:ACTIVATION]
"org.encog.engine.network.activation.ActivationSigmoid"
"org.encog.engine.network.activation.ActivationSigmoid"
"org.encog.engine.network.activation.ActivationSigmoid"
"org.encog.engine.network.activation.ActivationSigmoid"
"org.encog.engine.network.activation.ActivationSigmoid"
"org.encog.engine.network.activation.ActivationLinear"
