encog,BasicNetwork,java,3.4.0,1,1572774706490
[BASIC]
[BASIC:PARAMS]
[BASIC:NETWORK]
beginTraining=0
connectionLimit=0
contextTargetOffset=0,0,0,0,0,0
contextTargetSize=0,0,0,0,0,0
endTraining=5
hasContext=f
inputCount=2
layerCounts=3,8,8,8,8,3
layerFeedCounts=2,7,7,7,7,2
layerContextCount=0,0,0,0,0,0
layerIndex=0,3,11,19,27,35
output=0.6395347369,0.5340929165,1,0.0058452509,0.5812963736,0.9976322715,0.5820701191,0.9784689581,0.9332154542,0.9998186155,1,0.0022126764,0.8752270228,0.7605713864,0.98287596,0.9343990254,0.5479591864,0.7747509097,1,0.9573736137,0.999755059,0.8458940175,0.6299469084,0.0068878099,0.000014341,0.1087031427,1,1,0.0000000003,1,0.7646586358,1,0.0016889625,0.9999999987,1,8,30,1
outputCount=2
weightIndex=0,16,72,128,184,205
weights=-1.2719160678,6.5475358465,-10.9346324288,-2.1144277503,7.2185174073,-1.635837126,4.586578276,-1.2080444926,-5.6078969066,-9.1667344715,-5.6207045036,15.6652195683,-3.5859318922,7.4051354277,2.0966056858,-3.5109965197,-0.8832196619,-2.9826975383,-1.0956153289,1.58781708,-4.3307777014,-0.3261644642,2.4244801848,-0.9040741095,-6.7490198954,1.8387556907,-3.5771219428,6.7830261947,-6.7667796246,0.3748179255,2.866916853,-1.3161737369,2.978150065,4.7554223523,3.8766255945,2.4041838901,2.4324404525,1.6571919591,-14.6145579534,4.7050233222,-9.9880672438,-14.3500728396,3.6278455746,8.3342971975,-5.9666930476,1.9834808585,8.9905727538,-0.5149155666,0.8635678411,-4.9045268559,-1.3580790293,3.7535096274,-1.9979880099,3.8128955109,5.0886181447,1.2860340633,-2.7877657689,-0.7026340121,2.6888990634,-3.4214517608,6.4524040328,-1.2959808477,1.3412042619,-1.7820145598,-0.8140717751,4.4712402063,0.949511427,1.312450326,-0.1012465641,0.1064040565,6.8825435928,-2.6049430642,4.4256229857,-3.0029950826,-11.4697800179,-3.7425004653,1.7175935418,-0.1697535081,2.954899368,4.3807075492,0.9378621536,-2.2472462774,-2.9303006277,9.8145923519,-1.4445756582,-8.0390562875,4.5418255513,-0.8907950401,-4.1194586293,2.6950673986,3.7598957358,0.8480363831,2.8978805507,-3.8749784238,1.5650002118,-1.4994477328,-2.3230628846,5.9890424554,0.190099444,0.227781041,4.3406009835,-3.343170254,13.3017654689,-1.4936237248,6.7682931265,-6.6994962684,3.1810373216,3.3711381062,3.5766715114,-0.9020380666,-2.896863482,-1.6497997468,1.5468591348,2.4324362946,-0.3863239001,-4.5343533649,-2.1253038501,-3.6562624859,1.6867647037,-0.7058088169,-3.1824892871,0.151740483,2.4634433835,7.4879432896,-7.8131846951,-0.1558017443,-9.0865203187,-1.6288047986,2.1456609683,1.8945283234,-2.0040366449,4.8575977082,-2.9526220966,-4.1081155362,0.7184592512,1.4967931974,0.5264740142,-8.4207539743,2.9582911802,1.6454891479,-2.3104829606,-1.3526300743,4.2013287496,1.6826844069,-1.329746955,-3.2204941579,4.2814897023,-7.9251036908,1.6287708508,13.2493332619,4.5579204693,-1.3980591973,2.3276152724,-4.0209039438,4.4762986312,-13.1340461604,-1.095413469,-0.2269872802,3.5558690804,1.3110647405,-3.125347179,-2.3590700718,2.3860529618,3.7619270437,-1.4177599518,8.0054318695,-1.7419366629,-3.9622105108,-2.8231613999,-3.1061865306,-1.2220260092,-4.5105149912,0.4784175833,11.4955498765,-1.0686743291,-3.0873387233,-4.4830573673,1.1767649112,-0.6189256793,10.4320167012,0.548720738,6.5387583315,-1.3721741987,-4.166595711,0.7437636705,0.73640295,0.1391729634,1.1452836409,-1.24038633,6.2010181569,-1.3894646919,4.8990476535,0.0319135628,1.1175503843,0.2657033123,-15.7331100104,-1.7504054586,2.2124200805,-1.7426757049,1.7681953473,-0.6352061681,-1.4713281913,-0.3104042682,0.7510318259,0.4290838712
biasActivation=1,1,1,1,1,1
[BASIC:ACTIVATION]
"org.encog.engine.network.activation.ActivationSigmoid"
"org.encog.engine.network.activation.ActivationSigmoid"
"org.encog.engine.network.activation.ActivationSigmoid"
"org.encog.engine.network.activation.ActivationSigmoid"
"org.encog.engine.network.activation.ActivationSigmoid"
"org.encog.engine.network.activation.ActivationLinear"
