encog,BasicNetwork,java,3.4.0,1,1572766955719
[BASIC]
[BASIC:PARAMS]
[BASIC:NETWORK]
beginTraining=0
connectionLimit=0
contextTargetOffset=0,0,0,0,0,0
contextTargetSize=0,0,0,0,0,0
endTraining=5
hasContext=f
inputCount=2
layerCounts=3,8,8,8,8,3
layerFeedCounts=2,7,7,7,7,2
layerContextCount=0,0,0,0,0,0
layerIndex=0,3,11,19,27,35
output=0.0003899497,0.0089710482,1,0.9996608593,0.9999800173,0.6375702805,0.0189904975,0.9574460427,0.6762317794,0,1,0.0002929347,0.856631542,0.2020327509,0.9999901914,0.3965777905,0.9998158884,0.0073788042,1,0.0000039547,0.8727209275,0.9997555901,0.9929945984,0.0476023306,0.473634931,0.140561701,1,0.8295146921,1,0.9925564017,0.0000000007,0,1,0.0004084135,1,8,30,1
outputCount=2
weightIndex=0,16,72,128,184,205
weights=0.7749052148,-12.7132012529,-2.162848229,4.4622918253,-1.1773858828,17.8236799655,9.9789320246,-5.5422268509,-23.2647789975,5.0285734314,21.219982153,18.0360913219,7.4388419128,-7.4897824442,13.0566572646,-2.4055303737,3.5119163061,5.847235437,-1.2504052827,9.9433596958,1.4458685332,-7.2547452317,2.1895139307,-0.0479839764,-9.2022272405,-3.2724327628,-8.345842041,-1.7979456309,-0.1159168801,12.2795809794,-9.7766171318,4.9514380842,-4.7476523903,12.7749579103,-9.3351544437,-2.8950179921,-0.1358117847,-4.2619950716,6.5979990175,-1.3298256924,2.1824305689,0.6180217923,9.4966094035,-3.2824211833,12.6361781876,-6.9542071767,4.9218141981,-1.2055547296,-3.5727712101,-2.6067374563,-9.2693843356,8.9543877774,-3.1207423937,-1.7180051514,-6.1122338341,1.2663828437,-0.5623250399,-5.5852556113,3.7572767994,-1.666019696,0.9004838943,3.6740916973,-11.1309381778,2.479695079,12.8708764556,-2.3736495788,5.2741646364,-11.5979287019,4.7212131706,-12.1064980611,-5.8855758112,-5.3357555675,-9.4504439569,-10.0848113305,3.1852835236,-5.1760220253,12.669552988,0.8995443387,3.4952833149,1.1007935408,-5.7161948712,4.1441176242,-4.1577380971,3.7614403295,3.8911447502,3.6492239852,-1.6808348374,-3.08478016,-13.3766789778,-4.610287698,1.0449732833,6.2654119995,7.9273224815,-1.3816388488,-3.9591507292,-3.7827900791,-1.7857994621,4.1327759629,1.0329301236,6.7393304606,-7.7745344866,1.3159467571,-3.1791180297,0.3943624617,-0.2039119737,-6.4445017962,3.5331547238,3.9231182743,11.4140209905,2.2350800734,-6.9966839132,-2.8418991738,-3.5702522844,12.4261305296,1.038945964,0.273022342,-9.0652938203,-8.6761909563,5.3960613729,0.2278491767,-3.1541503175,-7.5912393314,-2.3091894213,1.7489771933,13.5360655725,2.6172701672,-5.3578321555,1.1643356703,-8.3350885363,5.04117351,-13.569447466,-0.8955429715,-0.6862272287,5.92808026,5.2277385441,-3.0294669191,14.9162511797,-0.8542094083,-5.7161032688,0.99008626,-0.8234831072,-5.887265707,-2.6651451554,1.9681027209,4.9398797396,0.7352257837,5.1342775715,-0.5179047974,-0.9105712561,-1.2435045049,-5.2652751402,-0.3669143307,-1.0775462137,-4.2767163812,6.4329083071,0.0395257896,-0.4190903133,0.0735006846,-5.6051763558,3.668364741,-16.6920793618,0.2365301402,9.46465945,0.3668830863,-0.1637862852,-6.5383705348,-14.076625893,7.7636052782,-4.0955488179,-1.9891077555,-1.8719384969,0.4323403922,0.6351433652,4.175990707,-5.1129711754,2.9649695277,-3.2077940549,3.1052106977,-2.6394505603,0.0486758693,-0.2523682486,-1.9189973112,6.5541751021,2.2811931581,-0.4276428918,0.1839736637,-0.5158750777,-2.6366845747,5.9606599793,0.5749045611,-1.4568112078,0.3526563164,5.9677296399,-0.8358876797,-0.4930332849,0.4145555207,-1.9852095281,-2.605355494,0.4783281587,-4.2865033095,2.9188379441,6.2826519414,0.1929766458,-0.2921518834,-0.582078526
biasActivation=1,1,1,1,1,1
[BASIC:ACTIVATION]
"org.encog.engine.network.activation.ActivationSigmoid"
"org.encog.engine.network.activation.ActivationSigmoid"
"org.encog.engine.network.activation.ActivationSigmoid"
"org.encog.engine.network.activation.ActivationSigmoid"
"org.encog.engine.network.activation.ActivationSigmoid"
"org.encog.engine.network.activation.ActivationLinear"
