encog,BasicNetwork,java,3.4.0,1,1572774715532
[BASIC]
[BASIC:PARAMS]
[BASIC:NETWORK]
beginTraining=0
connectionLimit=0
contextTargetOffset=0,0,0,0,0,0
contextTargetSize=0,0,0,0,0,0
endTraining=5
hasContext=f
inputCount=2
layerCounts=3,8,8,8,8,3
layerFeedCounts=2,7,7,7,7,2
layerContextCount=0,0,0,0,0,0
layerIndex=0,3,11,19,27,35
output=0.5922335336,0.4356415984,1,0.9834144063,0.0004515094,0.9539364183,0.9986849742,0.9182602561,0.0002986918,0.0091269898,1,0.0924055378,0.9558857569,0.0019710103,0.8291448251,0.0775349246,0.0109837028,0.796312778,1,0.000005216,0.3684651328,0.9988156126,0.8979220146,0.1094214617,0.37982768,0.9919488228,1,0.897140928,0.0104407562,0,0.0000075648,0.0000000053,0.0000008427,0,1,8,30,1
outputCount=2
weightIndex=0,16,72,128,184,205
weights=-0.6567825418,-4.1204346662,12.484440763,-7.8177588652,-6.7111741028,-8.5426744152,-3.6680333246,3.1177060284,12.4587857777,-10.1949575341,-2.1159668499,-12.6396725895,1.0905621258,-2.8977858599,-2.4261595221,1.1567222226,3.6438735232,5.9371579754,0.3012687126,-8.0615233388,0.3726869279,5.100338139,5.2823356797,0.4628056018,7.1817213089,-11.9783663042,-1.3423772215,-0.7318029416,3.5400712861,-2.7638122629,1.7459116762,2.058858495,-1.9736952061,1.7845427257,-10.1988568532,-2.7909607418,6.3270119276,-1.9111618684,3.248290685,0.7851203307,-4.6381171597,6.4363533526,0.2880881919,-1.1801959968,-1.0306109369,-4.1815382124,6.1669145687,-2.898217871,7.0809396063,0.0701161662,1.6317827077,-0.0759382628,4.8236623723,-8.0254505379,-1.0020968269,2.2694763618,-7.0516810805,-6.2819662855,0.1509979801,4.117769496,-0.5844586935,6.1565411483,-4.5990780838,-1.233868942,-4.4551263175,-4.5833101311,0.3813289428,3.3977741464,-2.1556722286,-0.1222100776,-1.7864247649,-1.1215146142,-4.7549160774,2.2220039749,3.9523451923,-4.5759285264,-2.1225117569,-4.0464155197,-7.4079292772,6.1753216304,-8.1552334148,-2.1299729394,-10.7548825279,7.3891581937,-0.2620582975,4.4190016448,7.2053506843,-0.8291476995,0.5160096195,-8.2810726624,-2.0320874102,-0.9090879111,1.6327383356,8.2910677076,-6.70993778,2.9980997056,3.9853227102,-2.8699618482,8.6503177914,0.1790519598,8.1810281689,-6.5450420416,-1.1247061393,-3.4573494984,-0.1605603494,4.2718661871,5.0822546661,-3.1725884039,1.5394883758,-0.6285004866,-4.163022092,-2.0780786057,3.5254682861,1.2099931647,-6.4478208672,2.8745116624,-4.6785628877,-6.9384179165,1.2062021752,0.8637875063,-6.561161083,2.6871002777,-3.7605688854,4.6509973841,1.46886376,-0.8081325996,-2.2448563743,2.3262284384,-5.167956778,0.1895122178,0.4312708179,2.5616392636,2.6251920434,1.2251001023,12.4044501977,-7.529396968,2.7876594788,1.3610075148,-2.1211819413,-3.9667625952,-0.3012231569,-1.1712772112,10.0647010783,-3.0539094284,2.1612298624,-15.1847105179,0.0739860885,-1.0540808466,0.8650990565,-0.0729207508,0.6654039813,4.9569646062,5.6914038205,-6.6205351319,-0.1824806118,4.3622991134,4.4889728257,-1.078106667,-0.8284582938,-2.8625538902,-5.2843943777,-3.8916355778,1.5814669209,6.0699301913,-1.7147583144,0.5879076143,0.779757688,2.6847674429,2.3083968021,-1.1178465209,6.7041351663,4.718821092,-8.5304086319,0.2456310343,-0.8479839489,-2.5496016438,6.8634867387,-5.1834107892,-0.5670447494,0.3757922896,-3.0218488766,-0.2180025045,1.6449530314,-1.2895455788,-0.8327476406,-0.0368316966,9.9327851662,1.9387536941,-0.3947147246,-8.2201304332,2.1215769247,-5.1801336164,0.184897507,1.3441920295,-0.7357136869,-0.4741172132,0.6966281044,-0.8494767894,0.8582097772,-1.1296594639,-0.1504255604,-0.4365602596,5.526978064,-2.5688710372,-4.948842093
biasActivation=1,1,1,1,1,1
[BASIC:ACTIVATION]
"org.encog.engine.network.activation.ActivationSigmoid"
"org.encog.engine.network.activation.ActivationSigmoid"
"org.encog.engine.network.activation.ActivationSigmoid"
"org.encog.engine.network.activation.ActivationSigmoid"
"org.encog.engine.network.activation.ActivationSigmoid"
"org.encog.engine.network.activation.ActivationLinear"
