encog,BasicNetwork,java,3.4.0,1,1572774753015
[BASIC]
[BASIC:PARAMS]
[BASIC:NETWORK]
beginTraining=0
connectionLimit=0
contextTargetOffset=0,0,0,0,0,0
contextTargetSize=0,0,0,0,0,0
endTraining=5
hasContext=f
inputCount=2
layerCounts=3,8,8,8,8,3
layerFeedCounts=2,7,7,7,7,2
layerContextCount=0,0,0,0,0,0
layerIndex=0,3,11,19,27,35
output=0.8168720074,0.4448107255,1,0.1966943093,0.0000098078,0.1965824538,0.9823995426,0.8854108406,0.048054197,0.0080632483,1,0.5152895988,0.1829218916,0.0005913639,0.999996096,0.0000043936,0.0000006457,0.3173496484,1,0.9999999947,0.9490605228,0.9904951671,0.7457330892,0.007792936,0.4459584686,0.0000227364,1,0.098762546,0.0006922755,0.5459548094,0,0.0000000002,0.4396777304,0.9999698639,1,8,30,1
outputCount=2
weightIndex=0,16,72,128,184,205
weights=-17.8549293327,-8.2066407609,13.8043653717,0.3162955516,-0.2524154377,18.5753504926,-10.7864055746,1.4007572385,-9.4499410637,12.2714727051,-12.1491226901,-8.017003595,8.7546053253,-6.2586816809,8.4288738819,4.382543412,11.9456410856,3.77496633,-2.0080489951,-5.9199121137,-9.744470806,-5.8913262096,-7.4224086267,0.0235487578,1.4894301633,-5.312260365,-0.3878689444,-7.3009522208,3.5715388831,12.1724356832,-0.1610670563,-3.9758338192,-3.5262776785,15.1748817857,-6.2213379307,-7.4277924646,-9.4667099355,-3.6697089383,6.3294198279,3.0562908697,-2.7692200221,-8.5104003933,-2.5747361903,-0.7405334682,-7.1666641842,0.3994185825,1.5975575581,7.2408620951,8.4961586851,-19.3397905493,1.3563231037,-2.6346523292,-10.4923728899,3.7378458815,10.1179814415,0.6273332257,-10.3274340792,-18.0260170348,-3.9365017135,1.3179048736,-4.6019182015,-0.7223279367,4.9021228665,2.7615557645,-8.0289984711,10.3013663618,-1.9877252992,-1.5454386107,7.1048693207,-3.0404550503,-8.3133876472,1.6254005586,-1.3738751249,8.8580898155,-7.8658328642,-3.8978387697,-2.0038257758,3.4299972477,-0.9511681866,2.2120070109,-9.7725942052,-0.606499849,8.8920352533,8.1009527227,1.8026210098,-7.4436356784,2.3857318781,-2.6916922659,1.9539368548,10.3264119926,-13.1389394819,-7.113444051,-4.1861257103,0.8868518685,-2.9254721595,-1.2308379546,6.7469817288,7.833330533,1.4964949197,-4.0911172723,-3.6586501273,1.6401263824,-6.2194703585,-0.861933495,-2.1704437179,1.5019579618,-5.1773474745,-7.2691413198,-2.2780043387,-19.5576927626,1.3605081344,7.698246595,1.3838101107,-14.6496197395,-3.8222392078,0.2362249807,-0.1590619067,1.9360759626,-5.0455422846,1.0142596427,5.1621577684,2.924439543,-7.436690806,-8.3969520989,-4.6900034992,7.0132216749,-7.5253080788,1.8333992255,-2.1298068431,-12.7023863937,-2.0436074181,-1.7264797089,0.3384427006,17.9097565373,14.4746359168,-1.9651122891,1.0525891129,0.7209988619,-0.04577074,-1.0018453797,-0.1533008542,-1.2066096377,6.3427701923,-2.9666920482,4.8951875169,1.608112418,9.8854643743,-0.8509461499,-0.7126690669,-25.2782834731,5.6629525013,4.2163297932,0.7988817279,-4.1588068567,3.6213873298,-0.320032669,-1.1535107901,4.2493014125,-5.6743065182,2.8286611349,0.1391712162,13.1333719335,-0.696160654,0.1396647339,-1.6650526948,1.024194647,-5.7438109906,0.8038436247,-4.232203368,1.9208656455,-3.6534305573,-4.6408806481,-1.1070702265,12.8261098839,3.2880509628,-6.733059185,-0.3610626238,-0.3540456959,-0.4705303557,-1.475964313,-0.4157384816,1.4381486333,-10.7321766954,-0.299194843,1.5106269234,-0.4527580842,-0.7133231838,3.5135410322,-1.5308525115,10.5424131069,0.9212670375,0.0225285558,-7.8616534987,0.6211610805,-5.2038553315,0.3791931498,0.3535674469,-0.8446068928,0.0531514475,-1.1959605139,-0.2795844608,17.7127478629,-0.5450810807,0.5483296254,-1.679483405
biasActivation=1,1,1,1,1,1
[BASIC:ACTIVATION]
"org.encog.engine.network.activation.ActivationSigmoid"
"org.encog.engine.network.activation.ActivationSigmoid"
"org.encog.engine.network.activation.ActivationSigmoid"
"org.encog.engine.network.activation.ActivationSigmoid"
"org.encog.engine.network.activation.ActivationSigmoid"
"org.encog.engine.network.activation.ActivationLinear"
