encog,BasicNetwork,java,3.4.0,1,1572774764840
[BASIC]
[BASIC:PARAMS]
[BASIC:NETWORK]
beginTraining=0
connectionLimit=0
contextTargetOffset=0,0,0,0,0,0
contextTargetSize=0,0,0,0,0,0
endTraining=5
hasContext=f
inputCount=2
layerCounts=3,8,8,8,8,3
layerFeedCounts=2,7,7,7,7,2
layerContextCount=0,0,0,0,0,0
layerIndex=0,3,11,19,27,35
output=0.5999753217,0.4242246253,1,0.7151194334,0.0951134506,0.9948811545,0.997253066,0.2437041493,0.9900238169,0.9999943312,1,0.9873031182,0.512296363,0.0000000001,0.5469604862,0.9062221282,0.5390654146,0.1515581752,1,0.0001429195,0.9998981482,0.006458444,0.7938929181,0.9742281121,0.9978783078,0.9983610329,1,0.0000000171,1,0.000000536,0.0201503248,1,0.9999999994,0.0000419557,1,8,30,1
outputCount=2
weightIndex=0,16,72,128,184,205
weights=7.5498521829,0.8270389058,-8.39134108,-6.2515918524,2.7993648597,10.2690778463,10.0593063101,-11.3976377761,4.8264440267,-12.0419461795,1.2300888228,-5.6890591561,2.9758349873,0.3201033924,-6.4569985509,7.2528807459,-4.0309767513,-1.4930164862,-3.2767453496,6.0540024327,3.5896568921,3.9350623065,-0.5957434652,-2.9302504508,-0.6964802848,0.0865628792,-8.9135267688,-0.3490762188,-5.9766646016,7.6200372815,7.869008808,-1.3026424293,5.9001855323,-8.231526294,-8.8557851047,2.4594611992,2.1078829649,1.7895684097,-4.7301653578,0.1581662839,9.2489092702,-0.7582832041,-5.3276368961,-5.9024829133,-3.5592381817,3.3598206158,-2.8677776898,2.2288653342,-0.5869967836,3.0168226759,-1.112860987,-3.5731499454,-0.5041148629,4.0556608806,-1.45795473,-1.6525308598,-1.7515902965,11.3062857965,4.261298131,7.5272489932,-1.0514165892,0.0654865122,-2.7606950776,-2.2464764865,4.5838977403,3.3213421671,-8.9423023654,0.939115314,6.1410710859,-1.8885050401,2.1143829873,0.472059352,-7.2920833786,0.0283040818,0.2642313062,5.9394474774,-3.85762171,-0.6211502224,4.1634164856,-0.1691870969,10.2426747955,-3.0234036732,-9.3746657937,-3.0677272095,-1.2255443129,7.8583153592,-0.4555384784,-0.6260709568,6.8282158699,-6.1713727503,7.3105997142,-6.5392557869,-3.8034018342,2.0195611167,-5.8050157937,-3.8595552452,1.0235951871,1.2829595378,8.1494794115,-8.09735819,2.2902210316,2.2573797459,4.9100400601,-4.1045562362,-2.4285736527,-11.8424958011,0.4920078302,2.6954130144,2.7069757047,1.0274245337,9.7033648472,-1.3829725035,-1.1397848763,-0.8761681166,0.2692720046,6.7828171038,-0.6046588789,0.025897181,-0.7988651544,-2.9929576927,4.5270949484,0.4499855088,3.5615697911,-11.0469215769,5.8216596086,-0.8147200105,-0.6826473248,2.3969474112,9.8609968984,-1.205813293,-0.4095275089,-3.475349548,-1.8769353723,-3.3348634862,1.8775590376,-2.3655235152,1.9211767393,0.0795540395,-2.2880494603,-3.0402143392,8.0980465145,0.6287025926,-9.8510633322,0.4472621308,10.4905300339,-1.8240867222,-6.2869290734,-9.6041551078,-0.5926354251,-0.269852718,10.3131325823,-2.1562152686,-2.4444990454,-1.7026307447,2.2740059732,13.0776449727,4.1176920035,-0.1962367161,-5.1555022353,-1.1335754716,-6.1819383163,1.7237821985,0.3039134775,-5.6854764034,1.3815856811,0.4376020452,-6.9062991329,0.2042451698,-0.0259732118,-0.7745495711,-3.1343754038,-3.7699237747,6.8370237187,0.152930504,3.2293289055,0.0138440927,-7.7031091377,1.8919967115,-4.8009021341,-2.25588215,2.2574716371,1.6101629689,1.0050267088,0.6978347299,2.6271529901,-1.2029615571,-2.8099632464,0.3279264362,2.989932202,-0.2640538235,0.6057420478,-0.6972951384,1.6337913915,1.7712924061,-0.1078833706,-14.8180168873,-1.7145560734,3.3789975864,0.6352261454,0.9463349711,0.4607674363,-0.1051660528,4.8286611963,-1.2327690983,-11.7250698814
biasActivation=1,1,1,1,1,1
[BASIC:ACTIVATION]
"org.encog.engine.network.activation.ActivationSigmoid"
"org.encog.engine.network.activation.ActivationSigmoid"
"org.encog.engine.network.activation.ActivationSigmoid"
"org.encog.engine.network.activation.ActivationSigmoid"
"org.encog.engine.network.activation.ActivationSigmoid"
"org.encog.engine.network.activation.ActivationLinear"
