encog,BasicNetwork,java,3.4.0,1,1572774816662
[BASIC]
[BASIC:PARAMS]
[BASIC:NETWORK]
beginTraining=0
connectionLimit=0
contextTargetOffset=0,0,0,0,0,0
contextTargetSize=0,0,0,0,0,0
endTraining=5
hasContext=f
inputCount=2
layerCounts=3,8,8,8,8,3
layerFeedCounts=2,7,7,7,7,2
layerContextCount=0,0,0,0,0,0
layerIndex=0,3,11,19,27,35
output=0.6447375603,0.4583343182,1,0.003416194,0.9098520145,0.9989793848,0.7411226082,0.9808906511,0.6648518935,0.0000192075,1,0.1507067728,0.8767391442,0.0225100492,0.8230127974,0.466301845,0.9915753638,0.2379126035,1,0.6385211358,0.9995483204,0.9997959894,0.9994458369,0.0142658044,0.1513696896,0.5423722935,1,0.9999999991,0.000000017,1,0.7915108039,0.9999133151,0,1,1,8,30,1
outputCount=2
weightIndex=0,16,72,128,184,205
weights=-6.4434629029,8.3172391954,-11.8645491561,1.3663158996,6.7892799785,-10.1848469063,-6.6754023621,4.0023759735,-6.2518150707,-5.5229022102,10.9944671127,-14.09441782,4.6474028936,3.7688250635,12.783217563,-2.722773362,-0.1909717284,-0.7392333771,6.6772596726,-10.406936313,-0.066065974,4.0332855527,-2.5381274971,0.0511783418,3.3117637537,-4.0470351126,-12.6155146245,-0.364556914,-3.2734374953,6.1998486716,6.3538283794,-0.1879340158,-0.403490271,6.6632931824,-7.6600678453,5.975841807,0.4204384133,-0.7477072207,-6.0709776491,-1.6508795179,6.7937664543,-0.6163577951,-4.8942877594,5.4228225785,4.5471214173,-1.2998762011,-6.681751712,-3.0262847614,-1.8229103204,4.8891393308,4.4867799576,3.7435964704,-5.144992036,-0.3057308797,2.3650629562,-1.1159208424,-0.7729145287,3.596341056,0.0931585934,1.2972602536,-6.3651302379,0.8464105706,5.1795370192,-2.5248215968,9.1209954539,-8.7135188976,-0.1013503862,-1.4848986629,10.4653850327,-3.958573462,7.9356474102,-6.2137270551,-1.0149158177,5.7916719106,-11.5828316568,-0.0507539377,-0.9997517673,0.0889578322,7.6946525562,0.5885456475,9.839237746,-2.1929841571,-7.2134922014,0.9435318846,-3.9530818495,-0.4315218866,1.176254772,3.6240957739,-0.0224740901,-10.1880687995,-5.3287801094,3.7155027063,-2.5037320315,0.4053575357,5.3257892296,5.126838724,-1.3296213883,9.2672915319,-2.6014328618,5.6465915542,5.483610502,-1.1653205168,-6.5366695228,-6.2763057533,-3.0702231237,-6.5065674287,-3.8331788601,1.9519031604,-9.7856407772,0.5626790531,12.8764531251,3.2812050692,0.3076919944,7.3011587091,0.6126495864,-3.3415101627,-1.830394324,0.1118242294,0.3646745777,-0.1876644191,-3.2065084329,4.68700515,1.6611661999,-2.5348831467,-0.6827256877,0.5320926984,-4.3913501112,-0.6180279083,-0.9984394387,4.3844763701,-2.7180682217,-1.8464819752,8.3566179063,0.8697866109,-1.7488164778,-0.860107814,3.1507762574,-9.9856107241,-0.821619432,-11.9747095022,7.0310613358,0.9702783437,4.0635631105,3.7570261132,1.0245818181,-9.0692608337,0.8193500329,-9.5151149491,12.7330858385,0.9580815091,1.614181222,-0.16164428,-0.4773919832,1.565338222,-0.3122302335,4.1181437636,6.8067419645,-0.9686370007,-0.8266624989,-0.9519253386,0.5896822934,-8.2826427654,3.5356273729,0.9858259625,-12.0121710329,0.11045985,1.4276217375,1.4423852277,0.2197051072,-0.4148427986,0.4708712394,-0.2977078475,-1.0889781854,0.0717482424,-0.6041928693,-0.485759235,-1.4948239946,-1.9401616941,0.4859640009,12.0022990022,-6.6865391658,-1.2404632624,-0.7722680099,-0.8629650843,1.5429638118,0.2778947848,0.1733824423,1.7099477774,-0.7986133263,-7.6132339038,-0.5862237759,3.0723645732,-1.1294567501,0.8972975158,0.2342871372,-12.8729379372,-3.7437420332,1.1120792461,5.9407035709,-0.3515495104,-3.1636577741,0.2722523982,1.8172279758,1.2201659679,-0.0785251532
biasActivation=1,1,1,1,1,1
[BASIC:ACTIVATION]
"org.encog.engine.network.activation.ActivationSigmoid"
"org.encog.engine.network.activation.ActivationSigmoid"
"org.encog.engine.network.activation.ActivationSigmoid"
"org.encog.engine.network.activation.ActivationSigmoid"
"org.encog.engine.network.activation.ActivationSigmoid"
"org.encog.engine.network.activation.ActivationLinear"
