encog,BasicNetwork,java,3.4.0,1,1572774830344
[BASIC]
[BASIC:PARAMS]
[BASIC:NETWORK]
beginTraining=0
connectionLimit=0
contextTargetOffset=0,0,0,0,0,0
contextTargetSize=0,0,0,0,0,0
endTraining=5
hasContext=f
inputCount=2
layerCounts=3,8,8,8,8,3
layerFeedCounts=2,7,7,7,7,2
layerContextCount=0,0,0,0,0,0
layerIndex=0,3,11,19,27,35
output=0.7099984624,0.5463967484,1,0.0195789614,0.6212826903,0.9838265749,0.8831450483,0.9988841288,0.7101149695,0.0462725159,1,0.9572569941,0.0625834405,0.7092937783,0.9848097997,0.0000000004,0.6590055727,0.0190881295,1,0.9999663071,0.9980232356,0.5327302357,0.0015256335,0.9999888111,0.9921729409,0.5613995539,1,1,0,0.000000039,0.0008726755,0,0,0.1381994993,1,8,30,1
outputCount=2
weightIndex=0,16,72,128,184,205
weights=6.6105091275,-9.5298721751,6.6710584721,18.1601102491,-17.5459550868,0.1399643161,3.5058179291,1.350280539,-17.8529115488,7.1008540237,-17.2103924504,3.8930780337,11.0685864361,-10.78638609,8.2838484115,5.8379394823,-10.0591877502,1.781161307,-6.7811713603,12.0447264901,15.5288861991,-6.3334493105,0.9250695256,2.7084286202,-8.0062744733,-0.2949900858,5.4985533793,-1.9471729776,3.0592411967,6.0081443004,0.8292793348,2.2197952452,6.6796854016,15.0040311561,-8.5727236817,2.2974458312,-10.4899214059,-5.9422917538,7.554703691,4.3647313293,-2.3725499647,10.3136177445,5.2365823053,4.2610611972,-6.7515295003,3.7249509441,8.2368425502,-6.8743650336,-0.5147688639,-0.3769090558,-2.4670990708,5.9313561459,20.1781521568,0.1419475431,-3.9181506565,3.203244024,-1.1017033469,3.3974935328,4.7473322162,1.3409517498,4.2437676975,2.5937901868,-18.50348676,-4.306031979,5.7266991669,-2.1041853851,-7.5619212132,-1.8271119027,-3.2901126728,0.9208445293,0.0486147408,-1.8208537333,3.9226332837,0.7350024879,3.6276243347,-6.0626072959,-1.1001148823,-3.0390319797,4.1421014585,-1.6805062511,15.3632231605,-13.4917404089,-8.1229949752,-2.1576769143,0.144409555,0.9924860718,3.2335701917,-3.2180559246,8.7217143674,5.6621053787,-21.375611474,0.5419533628,3.4948465381,-5.3452062494,0.3397616656,-0.4759494122,-12.3818704567,3.2736283374,7.2180482282,-4.1349136007,6.8826193331,-1.4319349563,2.6986451534,2.4702965861,-10.9440024895,6.3746734506,-1.195709747,11.2894468324,-19.3724033314,-0.4130502922,-1.6948368941,4.4108784693,4.3861025498,-5.8504931613,4.6924186523,2.1044473784,-12.2578764243,7.3245170255,1.8899745869,3.5383560758,5.998342258,-8.4601644584,-6.2019733225,-2.4560753735,-6.175214458,12.1526457395,3.9766671017,-6.3012696752,4.7213142816,-0.8560141372,12.1957472069,-25.9909306107,2.5278496369,-0.8812783391,-0.6023609351,5.6828030279,2.4638071246,-0.4554135874,-13.8519173246,-6.5375179659,-0.7752231201,0.5482734739,6.8161080843,2.824230991,1.4968929653,0.721070383,12.5067711762,-16.1482389726,-9.635980569,-0.5827119855,-10.7194791391,0.1297337961,-3.9841589289,0.7086141697,11.6480014587,13.9333533594,0.2601419347,-0.1803961593,-0.2988205904,-2.4705227224,6.0432040771,-0.7240697933,-11.2515059145,-3.2616212303,3.1318127873,-0.6347249907,-9.614227911,6.6889039398,2.387773416,0.8847007601,4.9984363926,-7.8615393269,-7.0578773381,0.7473293502,12.157865631,0.781186598,-0.6557348457,-0.4914847562,0.797093019,-9.0993031478,-3.4457791697,0.4936902086,6.0394819221,0.0758661918,-1.5495151981,9.0568872579,-0.9944295027,-0.9195741898,-0.8368381988,-1.001436223,1.7529155918,-1.1145900215,2.3553614488,2.4299316937,-0.2712486392,-18.3450681117,6.0377298554,-4.4142943403,-1.2102900524,-1.077463347,-0.7960985097,0.1557009575,-1.1104401754,-0.1094158539,10.3356715035
biasActivation=1,1,1,1,1,1
[BASIC:ACTIVATION]
"org.encog.engine.network.activation.ActivationSigmoid"
"org.encog.engine.network.activation.ActivationSigmoid"
"org.encog.engine.network.activation.ActivationSigmoid"
"org.encog.engine.network.activation.ActivationSigmoid"
"org.encog.engine.network.activation.ActivationSigmoid"
"org.encog.engine.network.activation.ActivationLinear"
