encog,BasicNetwork,java,3.4.0,1,1572774843144
[BASIC]
[BASIC:PARAMS]
[BASIC:NETWORK]
beginTraining=0
connectionLimit=0
contextTargetOffset=0,0,0,0,0,0
contextTargetSize=0,0,0,0,0,0
endTraining=5
hasContext=f
inputCount=2
layerCounts=3,8,8,8,8,3
layerFeedCounts=2,7,7,7,7,2
layerContextCount=0,0,0,0,0,0
layerIndex=0,3,11,19,27,35
output=0.6733301925,0.6283770582,1,0.9999888086,0.9454985045,0.518397185,0.0000012377,0,0.6937845952,0.9135798996,1,0.9999759339,0.6089460959,0.8205865173,0.999996445,0.8969390561,0.954635007,0.0000000002,1,0.0180259504,0.9351774362,0.0000033229,0.9999966843,0.0000065266,0.9967046586,0.0174620156,1,0.9999978729,0.9995348957,1,0.1326886692,1,0,0,1,8,30,1
outputCount=2
weightIndex=0,16,72,128,184,205
weights=4.9767008296,6.2421175254,-13.8759782918,-5.1858737524,-0.8430276194,6.6598018972,-9.333022065,0.9439959234,0.5085696435,-11.2725373194,2.3898145495,-3.5988013006,-22.0937003064,8.396429673,6.1524362767,-2.0100604788,2.9434924934,3.5338194329,-0.7466726678,0.9264974508,1.4933460884,3.3534515791,-3.6672756472,1.4504770776,-0.2066651638,5.1231014321,-5.5539636294,-2.3514907194,-1.4971788199,9.9398066379,0.148969375,-1.2965674527,5.7556928639,-6.1903146399,0.0224449323,-2.3253498993,-2.171592145,3.6580212692,4.0410322417,-1.1497301674,-1.9188010299,-4.7152157264,-0.2227230788,-0.6431615503,-2.4136568151,-3.6362625675,6.5228729688,-2.3500652279,-5.951495665,-10.8168720208,-5.5485062688,0.3614530653,1.1524696563,-4.5015645414,20.7069664461,-5.0372984897,3.0210631111,-2.3928841447,-5.536522122,-9.1875253334,-3.0350719667,10.1341858362,4.5841319,6.0325338854,4.2319198121,1.8799612922,8.271950709,-3.4970023897,-7.5235677229,3.6953913327,-5.6528950354,-3.0888919745,-8.2964838034,7.2099148472,-2.7524592249,4.8958408976,-1.2070625341,0.3218895694,0.1968355812,-1.1783876226,1.8361117764,6.3084750348,1.6917432672,-1.6048600669,-0.4825918116,-1.1636929391,-3.0017850914,-2.6726291648,4.438302823,5.7312864716,-1.2927986967,-0.1335845695,5.3277878086,-1.9477073868,-7.8608031489,-1.7073400233,0.2007535369,-1.4255064981,-3.9355599523,11.5435987607,-7.234274763,1.2156183329,1.5219163531,1.0949423324,-0.0418867828,-4.7658078903,3.5892326926,2.3069116085,-0.4156411968,2.5061750483,-3.3169812702,1.8743901282,-7.5253696491,15.3431624567,9.4772107418,-3.7459216155,-5.576375073,-3.895769369,2.0198582374,-3.5727642601,8.2032691111,-14.9232410984,5.9096434865,-2.3532756482,11.1138664337,-2.7741126533,10.4707487792,-3.4803208334,-4.2034632755,-4.7456408989,0.9069167494,6.8768819278,2.5300152938,0.5046798165,0.5419811406,0.5997191858,3.9656176011,-8.2562146364,2.9379873456,-15.3136663315,2.8664850576,-2.165396945,-0.7478392105,3.1833256059,6.1233805695,-13.4620040091,-0.7768870677,-12.6971953525,-3.3599424374,0.5515117438,-0.8379813007,0.5393153283,-1.8003672983,14.4744050714,0.0908807821,-1.4106868685,-0.3618567388,0.2459977153,-0.7203361643,0.4076849757,-0.717578309,-13.4228584257,0.2058253867,-2.1711578631,2.187633367,3.0296441229,-0.7048303509,0.0892049085,1.7927127459,0.0812719358,1.4209373734,0.8604883822,1.1162854758,0.5678467621,-0.3324496895,1.186601757,0.5585932752,-4.5568247756,0.3454621557,8.0821572502,-1.5749677253,2.3185707361,0.5433415807,0.1230971494,-1.0900916835,0.5745183567,4.5459100174,-2.4361393037,0.5544786431,10.5275388876,0.6393129063,0.9577461623,-0.9208682125,1.1207758623,0.0900042746,-13.5437275885,-3.8471149137,4.7739837442,0.2204650543,0.5818110495,-2.0788099245,-1.1820409941,-0.5083122854,-0.6476462279,-0.9779798392
biasActivation=1,1,1,1,1,1
[BASIC:ACTIVATION]
"org.encog.engine.network.activation.ActivationSigmoid"
"org.encog.engine.network.activation.ActivationSigmoid"
"org.encog.engine.network.activation.ActivationSigmoid"
"org.encog.engine.network.activation.ActivationSigmoid"
"org.encog.engine.network.activation.ActivationSigmoid"
"org.encog.engine.network.activation.ActivationLinear"
