encog,BasicNetwork,java,3.4.0,1,1572774886707
[BASIC]
[BASIC:PARAMS]
[BASIC:NETWORK]
beginTraining=0
connectionLimit=0
contextTargetOffset=0,0,0,0,0,0
contextTargetSize=0,0,0,0,0,0
endTraining=5
hasContext=f
inputCount=2
layerCounts=3,8,8,8,8,3
layerFeedCounts=2,7,7,7,7,2
layerContextCount=0,0,0,0,0,0
layerIndex=0,3,11,19,27,35
output=0.3611092503,0.137258248,1,0.6117608519,1,0.9999896347,0.0187959734,0.000964137,0.9999990586,0.9999735446,1,0.9999999506,0.0018968441,0.000000016,0.9999999994,0.8153957341,0.9913135166,0.0000341673,1,0.0000000002,0.0000036787,0.0000006636,0.9999989239,0.8838041876,0.0527809069,0.9546014816,1,0.0717578895,1,0,0,0.9058611333,0,0.9899385916,1,8,30,1
outputCount=2
weightIndex=0,16,72,128,184,205
weights=15.291978845,-18.6407718428,-10.3699642089,22.2600778964,17.9923465664,12.2389746373,13.380162098,-6.9694765221,13.3897506415,15.4154045857,1.4969952619,-2.5200969513,-3.1065834887,-18.4697278476,-9.7312346157,1.3090896606,13.1859873565,5.0140580848,-10.8875644042,-9.4302083445,-4.6662962781,-5.8786375441,-2.6253638386,6.3219714904,11.101036839,2.398469446,-4.1224299508,0.1445808909,0.9867740021,17.4165397446,-2.6189178127,0.9695835705,4.3357051228,1.367064765,1.224019197,0.7356775348,0.6692821469,3.3076502681,2.0892775478,2.57834436,-1.3157512347,-13.4758356023,7.3316640091,-5.8578802206,4.6936181458,3.5849513446,-6.8425609698,-4.1366780652,-14.9157208614,13.0981549113,-11.2537580352,-4.1347369938,9.0999601545,5.3908293367,7.1845958111,-0.6820165299,15.9798831043,-0.6088620828,-5.5909772044,7.3387792783,-9.979709007,3.7259098905,14.1935593186,-4.9982371252,-5.8062292838,6.7440573509,-9.246396416,8.2752356646,13.5278732931,-11.6783637925,-19.6360825455,8.605244838,-3.7686572836,2.9818563709,8.558829525,15.764979018,6.767711441,-14.8326898519,-1.2912994324,-2.9082193706,11.474733429,-8.8251246535,-7.4099927833,-6.5046946264,5.6681506588,11.308613828,-1.2984545582,-4.1278476533,1.0093717764,13.8706973812,2.4155446345,-8.2028831022,-9.1074471256,0.0301497445,-1.4130634429,-0.351518556,7.4163675281,-2.0440425579,1.9913662318,7.3282194629,9.6773024949,-18.1166843392,1.4136373843,5.0319922542,1.2761026881,-2.1205385244,-2.7453777845,0.2442164142,-16.9145071202,14.8064781412,10.6947730317,5.1996192979,-6.3219315917,-2.8771809931,-1.0260139086,16.7792709022,8.7711570812,2.6992027333,-9.4962830952,-10.8712647283,-4.0401751084,-5.1554435862,-0.8339987001,-8.1083056115,-5.9557701924,14.001691778,3.4027637543,-0.8994616702,4.9088258913,0.2167150568,0.6901095293,-5.491293487,-14.7422419882,-3.0494149512,-10.7458895481,1.1136016346,14.195561319,0.3453693121,0.5159004253,2.2911294557,0.5075123068,2.2144771893,-14.2720159217,-0.2082744885,6.5763771827,-1.1059813328,0.5387259341,-0.803199216,0.1431936081,-0.0756186538,-14.0300761682,0.1677276609,-21.6887301127,8.6026289188,0.8577609261,-3.6942829436,11.8730681029,1.2511362424,-12.3216492749,8.1382419065,-9.9257786498,9.0755698975,-0.1192477222,-1.2062376898,-8.2173730158,1.332777754,-7.7692351556,8.8005062959,13.7748723559,1.3382833504,-1.2490217416,0.4342327826,-5.1707107705,-0.6847543034,-0.2427162662,-0.2898999097,0.5518735376,-2.4163682125,0.0435551404,4.3098225673,0.312005392,1.6319643953,7.2281214251,-2.0154484822,1.0247634199,-0.1889055383,-5.090935996,0.7416068973,0.6477301454,0.4229677976,-0.581877491,-2.1885173192,-0.1088718977,3.3552270619,-5.5412345361,-0.2703657104,0.952208086,0.219696415,-11.9444421166,0.1805454676,-1.7990500553,1.978443189,-0.6892088544,0.25565035,2.4330960923
biasActivation=1,1,1,1,1,1
[BASIC:ACTIVATION]
"org.encog.engine.network.activation.ActivationSigmoid"
"org.encog.engine.network.activation.ActivationSigmoid"
"org.encog.engine.network.activation.ActivationSigmoid"
"org.encog.engine.network.activation.ActivationSigmoid"
"org.encog.engine.network.activation.ActivationSigmoid"
"org.encog.engine.network.activation.ActivationLinear"
