encog,BasicNetwork,java,3.4.0,1,1572774898303
[BASIC]
[BASIC:PARAMS]
[BASIC:NETWORK]
beginTraining=0
connectionLimit=0
contextTargetOffset=0,0,0,0,0,0
contextTargetSize=0,0,0,0,0,0
endTraining=5
hasContext=f
inputCount=2
layerCounts=3,8,8,8,8,3
layerFeedCounts=2,7,7,7,7,2
layerContextCount=0,0,0,0,0,0
layerIndex=0,3,11,19,27,35
output=0.8498957399,0.8982394976,1,0.1835344755,1,0.9999998389,0.280487052,1,0.0000084225,0.9954602352,1,0.9999999998,0.2573932937,0.9999942414,0.0000095056,0.3588301658,0.9999920437,0.0000139322,1,0.0296984573,0.0805186952,0.0036423162,0.8572600071,0.999999806,0.8218071817,0.0004276879,1,0,0,0,0.9999999882,0,0.9948545179,0.1796229324,1,8,30,1
outputCount=2
weightIndex=0,16,72,128,184,205
weights=-1.5773905666,8.0472620266,11.6888520781,11.6127925694,-12.288924203,-3.2313615751,-5.9790342621,-2.729218789,11.5603207245,11.5896588161,-10.8998544885,-1.7594546438,2.5064718955,3.279916262,13.7641369076,-16.3483550259,-9.0277499935,3.6082099754,11.4329213982,6.8127933482,-3.1511664181,-0.6628271567,-2.4153659313,-3.0328924367,2.083374598,0.9927023665,15.6143501089,-4.5258921346,-0.6674453607,12.7725304902,-4.8458176139,0.4929436415,7.118870899,0.044910682,4.0169492193,-1.6830323962,4.6363653561,3.812138812,-2.252362347,-0.9820971105,-0.5243211692,2.4767765496,2.2357572134,-4.8743480592,0.5207280841,-2.1116459835,-1.2827217721,-1.3661353595,5.1138991175,0.2848675241,8.7230591806,-5.9343371876,-5.8908333064,14.114596223,-1.9455481565,-0.681191938,-0.9810562807,-3.7135198152,-4.487564084,10.8896503515,2.5853108179,-6.7486808724,9.6511027512,0.5605313636,10.1207449011,9.9285798285,-8.3499179754,0.9362625192,9.1770572704,-6.0629816943,-6.8192399102,3.8339196819,-4.4408503933,-7.2820602744,-12.3919668334,6.4298964914,14.26308222,2.5830114959,-4.1673507119,1.1061114922,-2.3936530897,-6.3382979771,5.1894047436,11.0132500351,0.1577503139,-5.7887240109,-1.3877877901,-5.3381840791,-5.4619052148,3.1301684863,-2.3910334978,11.469806621,-4.5399278401,4.1168367173,-7.9872218945,3.3111849731,0.2721189797,4.3769651454,3.854130305,-17.1115265088,4.7308710865,-1.4422516573,0.8811169622,-0.8151368712,-1.9601866264,-9.8077734626,6.1733447819,-0.9237744729,-0.6299753966,0.9293494298,5.0699495558,0.9009689876,-1.3987036859,-4.3906571768,-3.4983752428,-1.7598142028,5.8739053361,5.0320783805,-13.0342299122,3.6542436556,5.1518621742,7.1827641898,7.9700977759,-15.1398247574,3.0977041205,-2.2787538939,6.866968104,-0.1908517655,0.0251934625,3.8992264116,1.3264300828,-4.2868141984,5.559784983,3.5044404567,6.1694785716,-3.7942858947,0.0569647645,-1.7543503061,-5.193781735,-1.6925679076,12.0540302795,0.0372605176,6.3547247206,-1.9212755115,0.6905833488,0.1496149238,-0.1544075639,-0.0096615844,1.0961807909,-7.752357515,13.29474151,-0.2773974776,-0.8624771088,0.0548488146,4.5233736661,-5.3057258377,10.8334744894,15.9032763352,-16.8752898729,-5.6918149631,-0.9308703704,3.1714128355,0.4714951334,-1.3080198367,-0.41193743,17.5690946021,0.1694097717,-0.74549618,0.1144226855,0.2670264237,-1.0495344646,-2.2121827441,-2.6176807254,5.2188106611,1.6748079828,-1.7519689848,-0.8388135355,3.5573373932,-0.1081643172,-1.7899480452,7.7357181347,-6.6353859562,11.5527283474,-1.4406323635,0.4337512039,-1.1853610959,0.8468865954,0.9670998524,-3.7500523011,0.0042986865,3.0157386374,-9.3373926741,1.5426456066,1.0855655587,0.3013517167,0.5335958678,2.929731791,-1.8636939304,5.316132962,-0.4352987786,0.3212086483,-0.8893917819,1.5550258822,0.1918454472,-19.7144747128
biasActivation=1,1,1,1,1,1
[BASIC:ACTIVATION]
"org.encog.engine.network.activation.ActivationSigmoid"
"org.encog.engine.network.activation.ActivationSigmoid"
"org.encog.engine.network.activation.ActivationSigmoid"
"org.encog.engine.network.activation.ActivationSigmoid"
"org.encog.engine.network.activation.ActivationSigmoid"
"org.encog.engine.network.activation.ActivationLinear"
