encog,BasicNetwork,java,3.4.0,1,1572774909475
[BASIC]
[BASIC:PARAMS]
[BASIC:NETWORK]
beginTraining=0
connectionLimit=0
contextTargetOffset=0,0,0,0,0,0
contextTargetSize=0,0,0,0,0,0
endTraining=5
hasContext=f
inputCount=2
layerCounts=3,8,8,8,8,3
layerFeedCounts=2,7,7,7,7,2
layerContextCount=0,0,0,0,0,0
layerIndex=0,3,11,19,27,35
output=0.1428575262,0.000375606,1,0.0594892622,0.0000268397,0.3353604226,0.6910330363,0.9860602022,0.0170777885,0.984035712,1,0.0011200257,0.0000125887,0.9839669504,0.2809045093,0.0001505558,0.6589424691,0.989430105,1,0.0051238659,0.1719712936,0.9987337347,0.9999999996,0.9042368896,0.1686561651,0.0069186659,1,0.2054122448,0.0000000001,0.9999999999,1,0.0012911296,0.9986795149,0.9988920747,1,8,30,1
outputCount=2
weightIndex=0,16,72,128,184,205
weights=4.1707813738,13.0797876434,-6.3383718679,-8.1555987954,10.4139346591,-1.8726547947,-3.8058718659,-0.770468718,3.703966023,-0.8244648112,-8.7048858527,9.3357761233,-4.2745858822,8.8386019577,-3.5169246197,-4.1141389704,-7.9239351104,5.9600686702,-0.2647984429,3.4598015176,0.940463525,-6.3695502687,2.0705551415,-1.3147921889,-1.175974838,12.5518089342,0.6368447688,-1.2028260819,5.806773682,-16.0225231394,-0.7331121725,0.4692130638,1.5528533094,1.0164797153,-0.2505129196,-1.4087838084,2.6886450001,-1.1808743617,5.1026184354,-4.3145217544,8.4969242122,-3.6029851594,-5.2692640866,-0.7452829586,-2.344978916,-3.7945396896,5.9633379632,2.7900472112,-1.5931915864,-3.8979266875,6.0337833982,-0.1336666537,1.4069621798,5.0486761947,-0.3924170498,-4.5774226289,-10.7680013846,9.181859214,-0.9947294953,-1.7208076971,4.1962413169,5.183406605,-3.5443263486,-2.4879781666,2.7496956316,0.3492697651,-0.7580365448,-0.473942372,-0.6810164305,2.0388291383,1.670227784,2.0012970622,4.222964213,-0.013510924,0.710090312,-16.1423210404,6.4795020625,3.9792064798,-0.1985361059,2.0917835535,-5.3399936993,-3.6961532544,-5.3327592134,0.6592259805,-12.3120152454,6.6304551691,1.7511801196,4.0496672574,1.4876951196,5.0756069779,5.658248529,-0.5150030734,2.3542763983,-1.21526238,4.5852077968,-3.8552075393,-0.6309061307,-2.0621842626,0.0219290003,0.4528844551,-3.1788798864,0.6246356357,1.8185937928,1.6996336815,1.9469453895,-1.9966021838,-6.1229949162,1.7764793214,-7.379116364,1.1774922873,3.0500829392,2.3238941316,11.2977201591,4.9693421174,-0.7781141356,-2.3323343311,4.0673786339,-12.4860757002,-3.1065223899,1.3050488581,-2.3702970401,-3.7280941444,1.5126408228,5.5755588956,0.1505387794,-2.2852895613,1.0196050475,-1.651643645,0.6140451122,-7.0827278347,1.429888448,1.4888662098,6.8146431043,-11.4753898092,1.8306695495,1.3092007576,-8.2756744996,0.9586768927,3.5978549511,0.9852982408,0.3032585532,-5.9855738546,0.3150900845,1.2075888858,-5.8648069687,2.0412544145,2.5777122967,-1.7125795327,-6.5926162461,3.8054916321,4.9505461414,-1.7270291941,2.644549635,-3.5112244027,2.3109402525,-1.8071048114,-2.3903795512,12.7479576484,9.8474120615,-1.9878880112,-6.8569856251,6.9437061781,5.6539018444,-1.3323324628,-1.5195369098,-9.570735946,9.3164784178,-0.4139433464,-0.6745104795,2.5598270547,-1.3021871195,-2.0226652416,4.2923073778,8.9669488037,-6.0048160821,-1.094263093,0.9188455575,4.9317832325,5.2523257002,-3.7005510352,-0.01022323,-2.3391211567,-1.9143934672,-2.4587883631,1.3799965797,0.0794998137,-14.7777715714,2.8604288347,-1.5844575226,1.7987177312,-2.4926485654,1.443692488,0.1607886608,1.3510488227,1.6229212022,0.1969750168,3.0396552039,-0.8263091072,-6.178914219,-2.1747772571,0.2015129671,17.9812638273,-0.2622302164,0.4371172376,-4.2115178292
biasActivation=1,1,1,1,1,1
[BASIC:ACTIVATION]
"org.encog.engine.network.activation.ActivationSigmoid"
"org.encog.engine.network.activation.ActivationSigmoid"
"org.encog.engine.network.activation.ActivationSigmoid"
"org.encog.engine.network.activation.ActivationSigmoid"
"org.encog.engine.network.activation.ActivationSigmoid"
"org.encog.engine.network.activation.ActivationLinear"
