encog,BasicNetwork,java,3.4.0,1,1572774922693
[BASIC]
[BASIC:PARAMS]
[BASIC:NETWORK]
beginTraining=0
connectionLimit=0
contextTargetOffset=0,0,0,0,0,0
contextTargetSize=0,0,0,0,0,0
endTraining=5
hasContext=f
inputCount=2
layerCounts=3,8,8,8,8,3
layerFeedCounts=2,7,7,7,7,2
layerContextCount=0,0,0,0,0,0
layerIndex=0,3,11,19,27,35
output=0.9997912586,0.9997978487,1,0.0408995087,0.1148000613,0.0000002242,0.1360444875,0.0025970672,0.0054737565,0.9999635468,1,0.9998354845,0.0795008067,0.9152315666,0.9998517854,0.0016588561,0.4651635949,0.8653402824,1,0.9869709164,0.048730314,0.2021192591,0.8786891287,0.9999974202,0.0855526158,0.0069849416,1,0.9999999642,0.9964761302,0,0.5805412608,0,1,0.9999747564,1,8,30,1
outputCount=2
weightIndex=0,16,72,128,184,205
weights=4.3132500907,-4.4410501146,5.9992931472,-8.2047824402,-7.8456119683,6.3675043288,10.6806569962,-0.7709034349,-1.96449994,-4.0066650115,-10.811063021,-8.4481938424,7.413115759,3.5010907542,5.9731592679,4.1845792648,-3.9833251395,2.9173131017,-0.1955023837,2.0214511788,1.2319982881,-0.346769244,1.5420001942,-2.4214525103,-1.9459896537,-2.9113977816,-1.5970696319,-0.3932236251,-0.035443819,7.265165547,-2.8306556231,1.0594089538,-1.9965535524,-1.768736793,-3.3196460593,-7.7545300828,5.7773536354,-1.8340223619,-3.0811875257,1.1275273318,-0.4406805508,4.2870008439,-0.4765642652,-3.5543464807,9.1334868299,4.8125252665,-5.3992439902,4.659655655,-10.4744617321,6.0245937493,0.6482663297,3.8164678072,1.2792755144,-2.3323520393,-1.7278741575,2.2117926991,-1.7819704434,-1.4677897409,-8.0625963917,5.5877313723,6.2419970313,0.7252564922,-1.4948038896,-0.5658975505,2.0108819701,-2.4435969474,8.6889773516,0.1695800103,1.7661015005,-1.6671219564,2.8316947791,-1.3966447951,5.2545247459,-7.6626967527,-10.1778636327,1.7900230033,5.3041001115,1.4173121877,-0.9128415645,-1.0350129442,0.0733564308,4.9810488018,3.6894108847,-3.8096699868,-1.3971202285,-0.1140762861,4.1839990194,1.2151880757,-7.0311538282,-8.0930350878,-2.4660960415,5.2479444057,0.7936301878,3.230015256,2.7533838392,4.511111552,5.8341855553,-7.5389217199,-1.7079769959,-1.3115757676,7.7987070251,-6.3080921808,1.9017160095,-2.3487102128,-7.4937378748,4.3019334149,2.0447386675,0.9427780187,-2.6096280046,4.3151142075,6.7174769745,1.7383408902,-0.5557973374,7.6037851887,1.0541429654,-3.1809302721,3.6681171035,2.0891444804,-0.4038184824,-1.2235833002,3.6416051935,-6.790776125,-3.8210520665,-1.3567568233,1.2362931906,-0.6068260254,-1.8649433748,-0.6097421717,-5.1507695593,7.0972002017,-0.2720520015,6.6851951422,1.4726984196,-3.1489476445,4.6610939591,-2.9870249711,3.4767549128,-5.8875763212,-0.3480285783,-9.7785388512,1.6375107659,-4.5671123285,5.3368260197,4.3258444796,5.4271316756,-0.4014935071,-0.7501427881,-1.5709669771,-3.7917513918,-3.235601955,-7.1401358348,4.8874146879,1.7148240727,1.2335413987,0.8117333857,-1.0895394817,1.5937227731,4.1470102209,-7.1787209716,2.7001083224,0.4268271671,1.7355283764,-0.4976672362,1.0752873538,1.4460443943,1.6848893099,10.7140435181,-2.3113370746,1.0452764894,-3.2657521006,-0.6190122394,-2.1972473052,1.5434280439,2.9394700377,-3.2775017544,1.4533209102,-4.5518799355,0.6577880864,-0.2119087079,-2.9330467367,-4.3862379297,0.1644384552,-2.3378986442,2.8155762688,-6.3043230564,2.4200953732,-5.0241167458,-2.1400174783,0.718863932,1.1988872879,-0.865791956,-0.9454578679,0.8884002654,-1.2223993936,-0.1097643374,13.3971209842,0.7427981942,-1.3499443962,2.1027948377,-1.9069759974,6.638517327,1.417460746,-0.8449124131,0.6454992895,-2.0187672994
biasActivation=1,1,1,1,1,1
[BASIC:ACTIVATION]
"org.encog.engine.network.activation.ActivationSigmoid"
"org.encog.engine.network.activation.ActivationSigmoid"
"org.encog.engine.network.activation.ActivationSigmoid"
"org.encog.engine.network.activation.ActivationSigmoid"
"org.encog.engine.network.activation.ActivationSigmoid"
"org.encog.engine.network.activation.ActivationLinear"
