encog,BasicNetwork,java,3.4.0,1,1572766990502
[BASIC]
[BASIC:PARAMS]
[BASIC:NETWORK]
beginTraining=0
connectionLimit=0
contextTargetOffset=0,0,0,0,0,0
contextTargetSize=0,0,0,0,0,0
endTraining=5
hasContext=f
inputCount=2
layerCounts=3,8,8,8,8,3
layerFeedCounts=2,7,7,7,7,2
layerContextCount=0,0,0,0,0,0
layerIndex=0,3,11,19,27,35
output=0.153313512,0.0002272183,1,0.2342808039,0.9999084015,0.998485035,0.4830393518,0.3346915012,0.9978415308,0.9997464454,1,0.9979357668,0.9837778029,0.2951077365,0.9999914851,0.0000389942,0.9809935166,0.1260509343,1,0.0161359576,0.0081128558,0.0250377595,0.1264039648,0.9980702159,0.0187461504,0.0955068778,1,0,1,0.1357165081,0.9999999997,1,0.0000000015,1,1,8,30,1
outputCount=2
weightIndex=0,16,72,128,184,205
weights=-5.051653432,-10.924852253,7.4660883889,-0.2368984359,15.2143758412,-12.5246228516,7.3510596226,3.1144359841,10.4979396047,0.0501799019,-8.565062755,8.4671511796,-0.4944474857,-3.3999060464,-4.2904391403,1.4105125872,-1.4314352605,-7.8790554214,6.4886703727,8.2727605402,6.962038749,-2.7730891295,1.5119704154,0.3374039394,5.0452094187,9.0266193363,-14.2122491316,-1.0281735018,-8.2367595465,-1.9420479655,1.2644191481,2.3514071127,2.7245827139,0.0155811125,-5.3044272801,5.4903644867,4.1154433285,-3.3964688429,-3.7996322076,3.6423203216,2.2439919749,3.0843932576,0.9283868702,-5.2410772546,-2.9175041427,-1.1536031429,-2.5083422474,1.0734422271,0.3584915739,-9.486056775,-5.2148536433,-1.5335758671,-1.1148155428,4.7777396988,5.5371678031,5.9750319946,2.1730392339,0.8633915589,2.8610525628,2.1223563843,0.670467896,-2.2086852991,-19.3064709306,4.751877655,-3.5596717484,3.3836058739,-4.8799341473,5.7127772507,-0.1902496376,0.9780905191,-2.2148102359,3.5503488864,3.8283155329,-1.1530120012,-1.3395002038,0.079362306,6.2144817326,-2.8611579268,-3.3107276134,0.319360969,0.3460240698,4.7264897988,1.0019357962,-8.0502008265,1.283958105,1.9352046906,-5.1939762071,4.2318843501,-10.9011128958,0.8794134912,4.323247695,-0.0336377948,-0.7186596845,-1.9348506957,10.5515877894,-1.0601369971,-0.570922528,-2.591205827,-4.6014276976,4.1859191286,11.3050856608,-7.4814436701,-1.1128600231,0.2532820307,1.2951887479,-4.6792179725,6.9347185875,-5.0613884691,-6.296237776,12.1230526542,1.8449451939,-3.788223552,-2.5685541235,-1.5365858501,-1.3066277603,-11.4005833681,5.356937686,-0.8590527998,9.1698250384,-0.7347855301,2.0129645583,1.7716305178,-0.3916366421,-19.5159564563,1.0181129383,2.3287499661,4.6708590177,-1.0123926061,-0.6619884469,-0.1736468839,1.9634237615,3.8957170454,-10.7234060508,0.872086363,2.701493631,-0.0770643074,0.7299667476,1.3773369008,1.1710322928,-4.0101835734,-4.7102811956,-0.9072986225,3.3713581341,-0.9933180732,-2.4203164396,-1.5890075696,8.5287108483,2.0962600222,-4.104481975,0.5308591552,-3.2073842619,1.985113252,0.2620021841,-4.4145574155,16.1554806287,-2.0710895507,-1.4729867342,-0.5446108034,5.2190178195,-1.3860847542,2.2446585266,-5.323016611,-8.4139104404,4.3985640459,7.6653530839,-0.0976346152,0.7896218211,-0.1402002733,6.1806828492,-7.2777755749,15.5887933289,0.3665424406,-1.3732025343,-0.798522927,2.3447523576,-0.1338160536,2.5208552027,6.0978698723,-11.5554597661,-1.9746722153,-1.5829985642,0.1795433598,-2.9876631565,-0.232445726,1.4482860905,-1.6052489453,0.0217916908,-0.4894336691,0.9443287375,1.1531149595,1.7685185235,0.2278437344,-22.8347928412,-9.9693646658,3.4290210142,-1.319368732,-2.7905596867,1.6056722906,5.2069857533,-0.7567671769,-0.452272771,-0.7254045534,-0.8724356375,6.9052602302,-0.0622302239
biasActivation=1,1,1,1,1,1
[BASIC:ACTIVATION]
"org.encog.engine.network.activation.ActivationSigmoid"
"org.encog.engine.network.activation.ActivationSigmoid"
"org.encog.engine.network.activation.ActivationSigmoid"
"org.encog.engine.network.activation.ActivationSigmoid"
"org.encog.engine.network.activation.ActivationSigmoid"
"org.encog.engine.network.activation.ActivationLinear"
