encog,BasicNetwork,java,3.4.0,1,1572774934725
[BASIC]
[BASIC:PARAMS]
[BASIC:NETWORK]
beginTraining=0
connectionLimit=0
contextTargetOffset=0,0,0,0,0,0
contextTargetSize=0,0,0,0,0,0
endTraining=5
hasContext=f
inputCount=2
layerCounts=3,8,8,8,8,3
layerFeedCounts=2,7,7,7,7,2
layerContextCount=0,0,0,0,0,0
layerIndex=0,3,11,19,27,35
output=0.8350176202,0.7861621855,1,0.9104234471,0.9977446773,0.0001325926,0.0183130226,0.8968506324,0.0000000002,0.3573212712,1,0.6450564535,0,0.0575076641,0.7230101494,0.8793373639,0.9999999954,0.2173983264,1,0.967055258,0.0570472665,0.0795738256,0.7479817021,0.9944004778,0.7313742392,0.9968944992,1,0.9998939676,0.6423283612,0.0420403728,1,1,0,0,1,8,30,1
outputCount=2
weightIndex=0,16,72,128,184,205
weights=-8.0304415852,4.5658594252,5.0473731579,-1.1050707713,9.6489403332,-7.5231599975,-22.3120669837,3.7156403589,13.9613615376,6.1270529068,-1.1243447008,-0.9303266417,-15.0503665043,6.0707890781,1.6721141005,-4.6044051078,6.3321293848,1.1612555669,3.3698335727,-12.3500471054,12.1223332547,-4.7839408217,-3.2853347172,1.8081999412,-0.2990436946,-2.5787240944,-5.6319438914,2.7987530414,2.3794189531,1.9860885369,-2.6462330291,1.0823436222,-2.2421919823,5.6151597164,0.6862241761,-2.3196712611,-0.629259111,-4.4911773303,3.5834852187,-1.5786089949,0.0251215787,-0.4532529084,-0.3917510162,-0.9032834005,-0.5520807464,-2.5463246041,0.5563192469,-0.4114062115,7.2641596379,-13.2555156229,11.8461685596,3.818612073,-3.398408944,-3.848761811,-2.3521086724,1.3832316445,8.9967080188,4.2972766559,0.8315068032,-7.416792013,-10.9822494677,-13.4939169349,6.7673082293,-1.0484221685,-3.055968676,-3.0933293809,-2.280478806,1.8996534036,-13.9867470542,13.3966710166,-10.5733928314,1.3429752099,-7.2841166807,5.9299668501,0.8353092608,1.8344199574,-3.1444265337,8.6964120558,-0.7180489089,3.3469592102,-5.0324397842,6.086302692,11.9693210214,-8.4463226445,-16.6553022344,1.6328103352,-4.1587311997,4.510924126,-1.3504887428,-1.1217049167,-2.5225686401,-6.8865292008,9.5050530618,-12.4189284228,4.4236423879,-0.8537435942,0.3055256303,-5.4478259634,-1.8124710972,12.3542938789,-4.2897721397,2.4422371033,-6.4158258022,0.7536689143,-4.8175931368,4.4419218717,-5.7126524731,-3.3257671334,4.3087279718,-9.5367762053,8.1371769385,3.9122843122,6.5259021287,-1.0238710841,-11.9308878024,3.5104910779,15.7312183764,-5.5955094954,4.2423571667,-4.5085631959,-3.6923317765,-0.1614271898,1.9274255158,-5.4916665568,-2.136727562,2.7556731337,4.8169560578,1.5606363135,0.6145347914,-3.9926406378,-9.0858421623,0.4359931123,4.7342247299,5.7106978298,0.7419488882,0.5412950005,-5.1176236672,-4.0407505383,3.6599927543,2.4065440558,0.8896565659,-6.4857030072,0.3423531788,1.4573656255,-6.5616596775,11.7391330723,5.7156915192,-1.2432887669,-1.3842325696,6.4265704795,-0.2239458796,-1.0403342263,-3.4173322577,-11.8021121472,-16.4662685595,3.1071054483,4.7765827692,-4.9603603512,0.2399940101,4.8942379357,19.234534089,-20.0333195533,4.7679227684,-2.0759172185,-0.0028243566,1.379882729,0.2121458001,0.693229783,15.5758767867,13.0361458379,-9.5567906192,-8.0111245502,-7.8883253905,0.1797101496,0.08544983,-6.6448843535,5.2123379593,7.7746055422,-10.646752835,-1.4471061712,-1.5316948068,-1.5511850103,-0.3927373942,-1.0077705239,-1.2557571995,0.5859077339,1.6204852358,0.9102536853,0.2155429162,-13.1628326861,-1.5095330974,-0.2808971105,17.3770028739,2.8358263732,2.8791081022,0.8095860658,-1.5077074414,4.3919886445,0.4285970346,3.2660012026,-5.9817040609,0.6140096656,-0.8745107438,-0.9190790402,-0.1949439504
biasActivation=1,1,1,1,1,1
[BASIC:ACTIVATION]
"org.encog.engine.network.activation.ActivationSigmoid"
"org.encog.engine.network.activation.ActivationSigmoid"
"org.encog.engine.network.activation.ActivationSigmoid"
"org.encog.engine.network.activation.ActivationSigmoid"
"org.encog.engine.network.activation.ActivationSigmoid"
"org.encog.engine.network.activation.ActivationLinear"
