encog,BasicNetwork,java,3.4.0,1,1572774970115
[BASIC]
[BASIC:PARAMS]
[BASIC:NETWORK]
beginTraining=0
connectionLimit=0
contextTargetOffset=0,0,0,0,0,0
contextTargetSize=0,0,0,0,0,0
endTraining=5
hasContext=f
inputCount=2
layerCounts=3,8,8,8,8,3
layerFeedCounts=2,7,7,7,7,2
layerContextCount=0,0,0,0,0,0
layerIndex=0,3,11,19,27,35
output=0.1906450733,0.0006307013,1,0.9999573385,0.0125509057,0.9999231907,0.999999885,0.9978320674,0.9999664292,0.6347806502,1,0.2011378295,0.9977678838,0.9999958094,0.0000000821,0.5997461621,0.9939619257,0.0007377306,1,0.0016055849,0.1024832313,0.0000001275,0.9941834523,0.8596165016,0.0686657577,0.9998825102,1,1,0.9926511387,0.9810216104,1,0.011371991,1,0.0000170799,1,8,30,1
outputCount=2
weightIndex=0,16,72,128,184,205
weights=-9.9368773644,6.1032813122,-7.7938881416,8.5877989699,0.3092218812,10.3328261477,-7.2061928497,1.5528401583,8.1017951792,7.1522017077,-0.5391395669,3.9401488115,-15.3109135887,-1.2706717467,-6.9869448662,2.023213342,2.414226326,0.2210828555,10.5818883774,-6.7367181182,2.5615334498,-0.5620717243,-4.0920930727,-2.2004269888,-0.5896629373,-10.4425990643,5.1578373293,2.5801954564,5.0613187767,-0.8290649389,0.8386163812,-1.1973207513,4.650217405,-0.0249399454,2.9285362219,-9.1426385168,6.7670560837,3.8072150027,-3.232262799,-2.2052239568,1.1493656251,1.3382767818,7.7633191502,-12.5337865575,4.8833731952,-0.3894435372,-2.4662737884,4.1087098125,-2.319897442,-2.5602062779,0.083538549,-9.4671632895,-1.5565991262,6.3700466543,5.4348012488,3.6673554072,-5.1187571103,7.506901225,3.7604141317,-9.7174263295,-4.6595457111,1.9538658621,-5.3514710074,0.9372792752,-3.9174358115,-7.7585741485,4.3435912147,-1.8514993645,0.2979333312,-0.159318745,1.65353063,4.7168616956,2.5532682185,-3.5543910931,-2.829620568,2.3224845002,-8.0666296701,5.4369009204,-0.9588166868,4.1915757522,-4.4727990442,2.0948507073,5.4283623482,6.6600527117,2.6008140188,-6.4781487636,-6.4016146306,3.8837369361,0.3368459408,-2.0328736781,-11.8557592329,3.3794249266,0.5805090845,-1.4113935197,5.2043053699,3.6248846226,-2.7315113354,10.6187246726,8.3685751111,-8.3396565134,-7.2115820053,-1.2376966988,-0.4010839979,-2.4228219719,0.8138036113,-8.8998665992,-4.818575978,-0.5933468538,2.9924907944,7.1543390845,1.0066639085,-2.1651139616,-0.6531016222,-6.3295047721,-2.1694556901,7.0659556977,3.6475634332,-0.8571827416,-3.4752029983,-0.8733773954,1.0696481594,4.6246414289,-0.2761017412,-4.0103421436,-3.6772881312,-0.4291292399,0.9725012927,-1.4817066207,-2.1236045638,0.0622066355,-0.0974558979,-3.6177376894,2.5168083243,-0.8332153768,0.6612161286,0.1471217838,-2.4869536922,-3.6444534884,-8.0411719935,0.014535399,-10.9263478517,9.2691516391,0.0236015776,2.663822368,3.1439187874,-1.3892491588,-15.5643131572,-0.8053651941,0.7034214955,1.9264210182,0.9623025678,-3.5000870947,2.4632437291,5.4767599365,8.9200635068,-5.6667411722,9.723113765,-3.4986341574,0.3216827985,-2.454517271,1.005072262,3.3986166421,-5.4848570292,1.0368118545,3.2967419479,0.5200578281,1.0005469009,1.2197814515,-6.7465592646,-1.2215368063,4.7323358207,0.1760250174,10.6021261961,-0.218603861,-0.3407313609,0.6312452544,6.4129440166,-1.8621602911,1.4720392996,-4.9012135032,-3.6430769378,4.5958487873,-0.3994471118,3.3872713783,-2.4674163716,2.596818273,-0.4609801902,-8.3112270068,2.397631045,-0.5332813944,-0.1934925441,0.5098226708,-9.801446228,-2.0837538478,4.3215888755,-0.3857672494,1.4461990389,-0.2250208345,-9.2841320065,-0.8753284079,4.2773063319,-0.5139297121,-1.0245045821,-0.0849088221,-0.234290792
biasActivation=1,1,1,1,1,1
[BASIC:ACTIVATION]
"org.encog.engine.network.activation.ActivationSigmoid"
"org.encog.engine.network.activation.ActivationSigmoid"
"org.encog.engine.network.activation.ActivationSigmoid"
"org.encog.engine.network.activation.ActivationSigmoid"
"org.encog.engine.network.activation.ActivationSigmoid"
"org.encog.engine.network.activation.ActivationLinear"
