encog,BasicNetwork,java,3.4.0,1,1572774981756
[BASIC]
[BASIC:PARAMS]
[BASIC:NETWORK]
beginTraining=0
connectionLimit=0
contextTargetOffset=0,0,0,0,0,0
contextTargetSize=0,0,0,0,0,0
endTraining=5
hasContext=f
inputCount=2
layerCounts=3,8,8,8,8,3
layerFeedCounts=2,7,7,7,7,2
layerContextCount=0,0,0,0,0,0
layerIndex=0,3,11,19,27,35
output=0.4901943534,0.2800067491,1,0.9996536665,0.1951841585,0.1306406506,0.1477832738,0.0586982747,0.8861443171,0.9997783126,1,0.5138851238,0.2615327073,0.00003287,0.9708750953,0.9999723275,0.3911891972,0.0109948115,1,0.0000030222,0.9223634603,0.9898394402,0.0841486823,0.0005570022,0.7746703145,0.0074571744,1,0.0000002484,0,0.1346510618,0.9980451505,0.9999999728,0.0000651518,0,1,8,30,1
outputCount=2
weightIndex=0,16,72,128,184,205
weights=8.1394021884,-5.0847303197,3.8178362043,-6.454161985,-3.0966388196,1.9748702283,-7.5179591689,-0.7802596077,-11.3919996776,-5.104458156,0.8378020001,2.6231211695,-5.1768056996,8.8081082546,0.9952695188,2.4463966616,5.3734825738,-0.0972235036,-2.9219777202,-4.3634516901,8.9995492057,-2.7865608584,-5.9422492305,1.6244053428,-5.348309063,2.2292392073,1.3254920919,-0.8685157933,0.6723550406,-4.2773524485,-1.362612183,2.6078036169,0.7761336873,-3.6108028103,0.1025418775,-4.1389483196,1.7953612081,3.8685601384,-0.581808726,-0.6336617632,0.3521132991,2.9920509572,-1.9167025222,1.490763879,-4.8236534119,4.2590113875,-2.753252344,-0.9751293542,-4.2303504559,0.5317663945,-2.0161436353,-1.7420426915,1.3430110893,3.7144686301,-2.7115061471,-1.8148628267,7.7198492722,-0.2664829432,6.3229941722,1.0717721065,-1.095540873,-4.124779393,1.9706541528,-0.1988255353,3.563341847,3.0273396522,-0.7990143674,0.9198150782,6.4833500681,2.8149311523,-5.7721898162,-2.6227524505,-7.2085283304,0.6297522085,4.1692996343,-0.640356326,-3.6883694064,-4.2329507362,-0.9242211994,-1.3102481496,3.2288825793,2.5498845264,1.0542305478,-4.8960936062,-2.383207772,-6.2100646767,4.1088235653,0.7599733099,1.433895527,-4.0376474587,-0.5722854811,0.9862495153,4.2451525066,-3.0441653375,1.7708293296,-3.772608275,4.3167864308,-0.5656016885,3.6941735624,-6.5451108114,0.9594716561,3.1339349357,0.6442500584,-1.5106998464,4.2722427769,-1.9088755254,3.3450837876,-7.2666785852,-5.2011990115,7.0375269567,4.9656433208,4.0701964161,-0.408546407,2.2783558874,-7.5705954247,0.1831666967,-2.5592935296,3.8684239719,6.6901743724,1.8892560085,-3.0660122119,-2.1236430161,-1.5076254472,1.4677285692,7.9153541425,-0.1592383256,3.8628238838,-1.0815538222,0.7059887613,1.233046218,6.1431643635,-8.2979306976,-2.0400844774,1.4283780488,-0.7693843029,-3.214991037,-0.9866738166,-1.2175132201,-6.0013264456,-2.6848650604,6.4454436648,-1.2185108429,3.2124787734,-0.482761159,-0.7656542962,1.228218275,-8.1781830391,-2.8983957993,11.0892322951,-6.4062137437,-2.3327719157,-2.5158543144,-0.9824633548,-4.9667639483,-5.877791187,-6.4279953672,3.5753445966,9.025007287,-3.3522684252,1.2436794037,0.4081506207,4.3132479225,-5.7619460499,-9.5614321192,5.8458172651,0.282311691,1.4929047368,-3.0196266909,-0.1399324403,5.1724342627,0.1345010703,5.5646454294,-1.4454145678,2.987890297,-1.8054583328,-2.891785261,0.0767788773,2.9136177436,-4.5714259099,0.1081478384,-5.8044943457,-1.0177076796,0.8069543273,1.4210778161,-0.8706363357,-0.2789805938,0.1261514453,8.853705766,-4.1042375099,1.1259565367,1.2877768316,0.0360647189,-13.244602336,-2.5559138229,0.8136949381,2.2719477723,-1.0543956238,0.7413730982,3.6140172472,0.5465727711,-0.630221173,4.8953279968,1.1763469156,-4.4272693103,-0.1018176293
biasActivation=1,1,1,1,1,1
[BASIC:ACTIVATION]
"org.encog.engine.network.activation.ActivationSigmoid"
"org.encog.engine.network.activation.ActivationSigmoid"
"org.encog.engine.network.activation.ActivationSigmoid"
"org.encog.engine.network.activation.ActivationSigmoid"
"org.encog.engine.network.activation.ActivationSigmoid"
"org.encog.engine.network.activation.ActivationLinear"
