encog,BasicNetwork,java,3.4.0,1,1572775017304
[BASIC]
[BASIC:PARAMS]
[BASIC:NETWORK]
beginTraining=0
connectionLimit=0
contextTargetOffset=0,0,0,0,0,0
contextTargetSize=0,0,0,0,0,0
endTraining=5
hasContext=f
inputCount=2
layerCounts=3,8,8,8,8,3
layerFeedCounts=2,7,7,7,7,2
layerContextCount=0,0,0,0,0,0
layerIndex=0,3,11,19,27,35
output=0.9044751828,0.9748230124,1,0.6071725841,0.2872482027,0,0.0000000025,0.971839115,0.9999963894,0.6224972989,1,0.9254853478,0.0000000041,1,0.5390106676,0.999999999,0.0000795892,1,1,0.9812630259,0.9567483451,0.9999999764,0.9992565824,0.9996635639,0.3526246574,0.0431142785,1,0.9999986797,1,0,0.8996171978,0.9999999999,0,0.0000000146,1,8,30,1
outputCount=2
weightIndex=0,16,72,128,184,205
weights=1.2346783253,13.2140367025,-12.8674066839,-18.2506787665,13.1624998354,-13.7878110936,-12.5882111066,6.5346542439,-16.9032303121,-9.1396623402,-11.4947078239,0.8052385929,2.2508832013,-4.4524357812,19.0258997294,6.9662073263,13.6130894128,2.9568223315,-4.886050771,16.4965173308,-5.8790762162,9.4978328804,-5.7883835625,-4.5023163001,-3.8497898968,-10.4781250453,4.8828692601,-0.1822549879,-14.2072750733,-4.4010331537,5.6578650536,6.4192659969,-0.2758433209,6.22520133,-13.6522663866,0.1148000211,-4.252084887,2.7853981009,-21.3332000384,0.5425332569,-1.1352932493,-9.1949165728,-1.9108033039,2.3328057039,-13.6027620391,15.5104609995,-4.3799137522,-0.1152720898,8.5454020247,6.8483854688,-3.8539647584,3.2677978938,5.3504032467,7.5300026052,-4.2506871344,-3.3751166598,-0.8655206241,3.3422196007,5.7458366076,0.6953387683,4.8194037812,-12.2652014334,2.3793868144,0.0142224367,1.457623312,-3.1961557009,-6.3192871143,5.8621146056,-3.7282122792,-1.0811672614,11.2801866269,-5.2411909349,4.6469205124,-3.6734764272,-4.5910114932,7.224280821,-2.315810891,-7.2932303247,-2.1026219168,3.823622591,9.2454288998,5.4337590076,-18.1583465039,-5.4453758091,-14.4279382642,5.9319675488,3.4576234333,2.1925659773,2.9729846623,3.163337381,25.526843112,-0.3547814384,8.3335615534,-2.2357374726,-2.3301031949,0.309571091,1.6758744647,6.1467355832,0.0104442916,-10.9827173235,-2.6989357327,15.3733467626,9.5479727357,0.4604686247,-2.4154451394,4.2750298076,6.6085817184,11.4571606111,3.6723493161,-7.0753392052,-14.2714793502,0.3378503743,-1.8334172727,3.7118388447,-4.8876283899,-9.289853465,-4.6098534754,16.3961888747,16.4282164702,1.0981029218,2.4242412539,2.5613308015,16.0215992167,5.7548840385,8.5193510389,-3.9639234714,-4.4317080328,-0.8078049463,-3.1162187501,0.1817194167,-0.3396699654,10.2385400609,-2.6609516467,1.3457067642,0.7939410658,0.3430218832,-0.4714867755,3.5668229429,-1.7786044512,-9.0128939144,5.5844055296,0.1294646283,0.4454279955,2.5249169404,-3.990490881,0.1037297098,-5.9667433918,29.5556876657,0.6116829344,-8.460043151,0.6770699943,-5.7502660005,-1.4586673509,-5.8854809847,0.0935296857,4.0016514119,13.7839823081,6.5162902479,-0.281737205,-2.8362813851,1.7800735667,-5.1838492836,-3.66779667,17.1726232923,4.8570283923,-5.2387017503,0.7408302272,-8.9052717854,-3.356647533,7.1612293294,-1.989652932,-19.4967485068,2.5200562951,11.172003097,-0.2581634594,10.6074456833,0.3515748734,6.6397784291,1.9826184784,-24.9218058613,3.3654030194,5.7989394537,-0.9097478927,8.9634995686,-7.7092381045,2.577384535,-2.1099767338,-3.124406805,6.0303242964,-0.4927535826,1.0148015996,-3.6226808776,0.0316642995,-2.748568039,-0.2112086576,30.5177824786,-1.3097966478,1.0703661336,1.0546579123,1.3680082082,-3.5490517704,0.6191120893,-1.0058348393,-0.3393602077,0.1843505361
biasActivation=1,1,1,1,1,1
[BASIC:ACTIVATION]
"org.encog.engine.network.activation.ActivationSigmoid"
"org.encog.engine.network.activation.ActivationSigmoid"
"org.encog.engine.network.activation.ActivationSigmoid"
"org.encog.engine.network.activation.ActivationSigmoid"
"org.encog.engine.network.activation.ActivationSigmoid"
"org.encog.engine.network.activation.ActivationLinear"
