encog,BasicNetwork,java,3.4.0,1,1572775036662
[BASIC]
[BASIC:PARAMS]
[BASIC:NETWORK]
beginTraining=0
connectionLimit=0
contextTargetOffset=0,0,0,0,0,0
contextTargetSize=0,0,0,0,0,0
endTraining=5
hasContext=f
inputCount=2
layerCounts=3,8,8,8,8,3
layerFeedCounts=2,7,7,7,7,2
layerContextCount=0,0,0,0,0,0
layerIndex=0,3,11,19,27,35
output=0.6199929428,0.6288609441,1,0.8673567824,0.9884017858,0.0004374775,0.0003674121,0.999991725,0.0086257906,0,1,0.0000000159,0.9999999999,0.9999993121,0.9999975033,0.9999981887,0.5022303118,0.984311349,1,0.9400190896,0.3993659625,0.0306049256,0.9999996774,0.0012240496,0.9888302974,0.4389227282,1,0.9999999996,0,0,0.4121386468,0.0237796244,0,0.9944126004,1,8,30,1
outputCount=2
weightIndex=0,16,72,128,184,205
weights=13.6359979442,7.7957574652,11.7855188899,1.9567424839,-19.9853067983,2.778247553,-28.4073524253,0.9122043773,5.8997258192,-11.5835380029,-6.7647752743,-12.1006608834,9.8118617688,11.76458865,-1.8247143977,-3.0464982905,6.6466245941,-5.4309526678,-5.4871712652,-5.4121183757,2.3383093629,7.0357180008,18.074715963,-5.4549916526,-1.5918104728,1.1844033425,12.8192130199,-0.0516590851,-3.5638924073,-5.1552112358,-3.6731849924,0.2618365561,8.0210793777,2.0199994019,-7.6785774969,-0.1844306359,-3.2658454392,15.1815889185,-6.4355382999,0.0847139809,6.0048558813,-6.9868170832,-1.783777159,-8.7694993603,4.4121182527,3.9742483953,1.3118456845,1.9320486129,1.5862058844,1.0602630784,23.56156584,-0.6749181331,-6.7984963114,-2.3388979962,-5.0310842521,0.6806708509,-14.5462316709,7.6989541632,-6.9023651623,5.4951869729,1.7658826955,1.9149208034,-16.6525401375,2.6275712559,10.3896526705,5.8708524783,-18.1103755703,-0.7011155722,4.8264057777,-24.5955912237,-7.4223253154,0.8517679355,-1.5331872894,16.9677938835,5.5865544319,-3.0857034808,15.9512247858,-21.6939793671,-4.5209769063,3.0392218605,7.7855952603,-7.5618389193,5.4680748795,19.4703316712,-7.3302877666,3.5017656675,-1.279145834,-3.3609822945,4.147845195,-22.5946793632,2.1317798371,4.089650759,3.0910090228,3.6245781457,-2.7755903546,12.78955052,6.792788869,-4.8655031429,-2.1797096062,4.8599869577,-1.6194551548,2.5523459486,4.411893513,-0.7933099915,-2.7021639086,-8.4784532313,4.7136124887,9.8915445134,-15.8139680712,9.5947258912,4.2833574632,-2.2365211889,3.909024479,-6.2473121262,-9.4072790238,-2.9294501212,-2.4721898538,-2.0096422549,3.9016109136,2.3244012696,-1.6550154452,17.0499976589,2.3578190539,-7.7633666631,4.9457635597,12.6734630668,-6.9331187266,-2.918089387,1.0080468441,-0.3456711269,-0.1714939173,-4.2517095433,14.7358871499,-1.5849376803,0.8765447348,2.2740598147,-4.164819299,-0.9906363348,0.0114400289,15.8052478695,7.404916176,6.951074074,2.3221389481,-5.2424921569,-1.8383646337,-0.0570085684,-0.3738670708,7.7365584342,-9.2733887546,13.3400310524,-1.3136509307,-3.2788526319,14.8734732134,0.5250110547,0.340997421,-28.5763264148,-6.4802321593,-4.0372002629,-1.281835133,13.2794321541,-8.3855376343,0.9696748663,0.6527802694,19.376159287,4.4915456958,-1.2696110584,1.2826291858,-7.6867621016,7.8025367931,-0.4481817252,0.3088731292,-23.2772102949,-9.5918973709,4.8151761088,-0.3711973811,6.8714339742,5.8167267634,-0.8045006749,0.1693068768,-21.8299959431,7.3874675833,2.8789487355,-3.1594593635,5.9008579672,1.0790273463,0.4024869378,0.9571055906,-1.016580302,-0.664223215,0.2302166731,-0.8160119474,-0.9970655858,-0.6415119702,1.55066233,0.1470489682,-17.1718989971,1.1125872123,-0.3008558034,-3.5898828556,1.0548731573,-1.7110071438,-0.5924023669,-3.677847938,1.1707340203,-0.5175988911
biasActivation=1,1,1,1,1,1
[BASIC:ACTIVATION]
"org.encog.engine.network.activation.ActivationSigmoid"
"org.encog.engine.network.activation.ActivationSigmoid"
"org.encog.engine.network.activation.ActivationSigmoid"
"org.encog.engine.network.activation.ActivationSigmoid"
"org.encog.engine.network.activation.ActivationSigmoid"
"org.encog.engine.network.activation.ActivationLinear"
