encog,BasicNetwork,java,3.4.0,1,1572775112209
[BASIC]
[BASIC:PARAMS]
[BASIC:NETWORK]
beginTraining=0
connectionLimit=0
contextTargetOffset=0,0,0,0,0,0
contextTargetSize=0,0,0,0,0,0
endTraining=5
hasContext=f
inputCount=2
layerCounts=3,8,8,8,8,3
layerFeedCounts=2,7,7,7,7,2
layerContextCount=0,0,0,0,0,0
layerIndex=0,3,11,19,27,35
output=0.0069503927,0.0003327084,1,0.0001635843,0.1161877981,0.0725132142,0.3165997683,0.8468519555,0.9988703334,0.0024631291,1,0.0022481488,0.826448948,0.1243327234,0.0000003809,0.1264556346,0.0614313892,0.9892908166,1,0.997163254,0.9973597392,0.2939566112,0.0033377682,0.9931413199,0.9998858626,0.9887517554,1,1,0.999931887,0,0.999659866,0.2833927316,1,0.9999999998,1,8,30,1
outputCount=2
weightIndex=0,16,72,128,184,205
weights=6.5941998562,-14.207644095,-4.2413197267,11.0092996557,-2.4256619049,-9.8913532408,-5.4943367575,5.4575928145,-15.4393287661,8.9797360685,-4.2624670262,-4.5590899371,-6.280817052,-4.6172778261,11.5143661718,2.6063931249,5.3023130926,-6.1493666406,-1.2771349685,4.4079686411,-4.6713135337,-0.0275213744,1.3896774649,-4.2714035697,-7.7894831109,-5.8654047643,-3.413147015,11.4904333388,-9.071451353,7.1537030053,4.4846221945,-0.4686270956,-2.5200994401,-2.4846865533,7.1148515498,-5.5595098868,-1.4185293508,2.0242507025,-1.2174166106,-0.1147767726,4.4568617798,-1.8688179999,1.8300876817,2.2949773119,-2.1603084308,1.569336446,1.3285109502,-0.6000269687,-9.5913513275,2.3798580399,-9.5153754008,-1.5038387172,-2.029269397,6.5921136748,-2.3948380747,3.1687667135,-3.8866393217,7.7650239607,-7.8536401036,-2.2532708796,4.6204945803,-8.6268984257,3.3276273102,-1.9938067434,-0.2368419814,1.8402368713,10.1300084609,8.021542732,-1.6948518906,-1.390857531,-7.9765520084,-0.5927850197,3.5763091652,2.4610794257,4.1833844898,-4.7605946749,0.34996763,-6.9824444881,-3.925635683,-2.8144274514,-4.6310178391,-6.1163003493,-2.0932447702,-3.3306234248,-2.8056188513,16.5901308739,1.3255281528,-2.2073407283,-9.9740557642,3.749038233,7.2652479074,3.958264302,4.890145634,-12.0066338112,5.708964185,3.6096270681,-0.0992593634,7.5532998479,-0.4994665612,-2.1981864631,-0.5952767563,-18.7060442282,-1.2883885234,-1.4918281647,1.8346529732,-0.8991753306,-6.1326243033,8.6217132975,-3.7025757619,4.2761185906,-0.5209348641,-1.1747407502,4.0239170349,-0.7640585274,4.9301431836,-2.7787970769,2.3097039074,-9.4680451454,-1.4829405012,1.2224929004,3.5965978392,2.5743992851,-3.5147220441,4.5936719514,-2.5937926216,-0.104599303,1.7495805443,0.340421628,0.3043317283,-4.1814905349,-1.0635416196,1.7485077077,-11.1963397003,7.4591799328,3.7403188996,-0.0353196623,-0.1203117356,1.7953752276,1.0659665117,-10.0456865549,-1.1512994204,8.3793723278,6.4773337741,-0.2288739097,-0.7159834175,1.7684865716,2.4965027426,5.9596932948,2.4042854621,-1.2432715962,-6.9584956061,-0.3658832387,-1.1625322205,7.2436840905,-0.6313604499,-7.289573368,-1.9480805691,-5.4792838348,0.9142548879,0.6244267352,-1.1577202493,7.0031223189,0.1516811144,2.4057540969,1.6179754093,-2.475323284,-1.2392347125,-0.0184674083,0.9812072954,-1.6682898889,-1.7104232257,13.3708991779,-21.7697626406,0.6489935172,1.2177665621,0.7012434937,-1.2162944725,-0.1870611103,-0.292944862,4.6301346717,-7.8617295061,-1.5860872194,5.9816213147,-0.9165628484,0.8557160866,0.9451191119,0.4546718972,-0.2778983979,0.4054809726,-0.3469676412,0.4097074519,-4.3981427489,-0.9391170468,-0.3804619418,0.5575374423,-5.6965969999,1.2860272837,0.2176316783,-17.7448628863,-1.5170271983,1.6826575741,3.1450157604,-10.4501816573,3.5125772313,0.7271119174
biasActivation=1,1,1,1,1,1
[BASIC:ACTIVATION]
"org.encog.engine.network.activation.ActivationSigmoid"
"org.encog.engine.network.activation.ActivationSigmoid"
"org.encog.engine.network.activation.ActivationSigmoid"
"org.encog.engine.network.activation.ActivationSigmoid"
"org.encog.engine.network.activation.ActivationSigmoid"
"org.encog.engine.network.activation.ActivationLinear"
