encog,BasicNetwork,java,3.4.0,1,1572775147570
[BASIC]
[BASIC:PARAMS]
[BASIC:NETWORK]
beginTraining=0
connectionLimit=0
contextTargetOffset=0,0,0,0,0,0
contextTargetSize=0,0,0,0,0,0
endTraining=5
hasContext=f
inputCount=2
layerCounts=3,8,8,8,8,3
layerFeedCounts=2,7,7,7,7,2
layerContextCount=0,0,0,0,0,0
layerIndex=0,3,11,19,27,35
output=0.4666141064,0.1135560397,1,0.0000000054,0.9942078941,0.000001709,0.9999996007,0.4948317153,0.0000201313,0.0000055095,1,0.7571451161,0.0001107303,0.0000281189,0.599627402,0.0000006403,0.9951195465,0.9981876876,1,0.0001121707,0.4738354448,0.9999999996,0.0000000002,0.9973333995,0.9555895483,0.999999996,1,0.9900198307,1,0.9999999995,1,1,1,0.9996892424,1,8,30,1
outputCount=2
weightIndex=0,16,72,128,184,205
weights=-8.6469047731,4.0129624691,-6.6855591009,-17.8181923312,20.043011658,-13.6461649755,20.4004701506,3.7769796294,7.5965230423,6.8004081645,-4.3000090094,11.7364503556,-30.3755634342,0.560333854,-6.9953545855,-5.5215598752,-15.2481305214,1.5024549447,1.3017454873,8.689113617,3.6654717325,-9.3473381437,-5.4873105108,2.0742119532,10.3765852508,-4.6141427326,5.0564968709,-1.7084201025,0.9561835973,1.023952967,-0.4117475343,-2.2943011115,-4.8532678514,0.0601949149,6.9538913506,-3.5827579008,3.1208412465,-4.0683131658,-1.5586223304,-1.8525743981,-2.7225326735,5.7013179381,-20.407330343,3.5887975795,1.2219471571,1.7113114642,3.0146727699,9.9307517629,-10.3974962616,9.1010437249,-6.7089851947,-8.4231609431,-3.6970506922,-0.7076914627,8.5746912228,5.0467674107,-0.2439017756,-0.6783948546,2.5415157505,-15.0083991809,6.3994335384,-3.0632210783,4.988437904,-3.5602226035,-8.0738970453,3.5496633578,-12.3672291772,16.4238193935,5.3904973872,-8.7256280166,-5.0734674918,-2.096816048,5.437940201,5.3275588136,11.1417669802,-16.6186009967,4.6463171133,-3.6121669216,-10.8557101749,-2.8561404477,2.3488016119,2.0453605615,-1.3197299865,5.279329181,-2.668696272,-1.4876594332,-0.1529110284,-4.5219170166,1.269349189,21.8476743587,-12.4305928797,-10.2985925822,5.6580941124,-5.5770996178,-8.4471496001,-0.2672307978,-0.114728031,-12.4493373595,-5.6509185628,12.2970446366,3.7531034282,-0.7575720038,5.5826061212,3.3520079776,5.5091954879,-0.552296256,-4.5035955495,-0.4292610326,-0.2386800495,-0.6459555706,-7.1860813358,-1.455248776,0.878595383,-4.2526393904,5.8358135869,-6.9722442119,1.8366396341,0.655272214,-1.1650353344,0.2038858723,-4.6953051828,13.0886909857,5.2206365435,-10.4638269675,-0.5751024114,-0.6294305343,-5.4876328845,1.5520210753,-11.0015311883,3.0899345352,3.8277482306,-0.268521674,-0.2814988168,1.7259441101,-6.0927885123,-0.206353492,20.5372718649,0.7407010543,0.5701450766,0.0478531161,1.437196556,-2.9707666719,-21.0643404339,0.7956050761,7.5531491923,-0.2076086414,5.6383233021,1.0162428338,1.0592873587,-6.7300292171,13.9704410374,-0.6668134102,-22.6998267246,1.137656366,3.2025789875,0.8401704135,-0.1094091497,-3.4598817865,-0.6726977062,-0.6762208256,8.8746377376,1.7530140557,-7.9015428924,0.6700816576,0.0376444134,-3.9131082313,5.3018607325,1.1919111873,4.5198681475,-1.3935174476,-0.7646676036,-1.2982525166,-1.2965701273,-0.8857015161,5.2730903181,-1.0386479155,6.9566154254,-1.619854897,-2.1836075655,1.4734007169,0.2965171052,-3.8091700463,16.847223445,1.4614060574,-0.6349208863,0.6082117479,-8.5698604271,-0.4553922748,1.5611229185,1.0786976182,-0.5353755384,0.9678695343,-3.3019261825,0.3014720993,2.0480860185,1.0811587771,0.7842873729,0.9168536526,0.2890936491,-3.6371014281,4.4760851749,-0.9698011375,-3.277219413,0.4473153349,20.874481696
biasActivation=1,1,1,1,1,1
[BASIC:ACTIVATION]
"org.encog.engine.network.activation.ActivationSigmoid"
"org.encog.engine.network.activation.ActivationSigmoid"
"org.encog.engine.network.activation.ActivationSigmoid"
"org.encog.engine.network.activation.ActivationSigmoid"
"org.encog.engine.network.activation.ActivationSigmoid"
"org.encog.engine.network.activation.ActivationLinear"
