encog,BasicNetwork,java,3.4.0,1,1572775230017
[BASIC]
[BASIC:PARAMS]
[BASIC:NETWORK]
beginTraining=0
connectionLimit=0
contextTargetOffset=0,0,0,0,0,0
contextTargetSize=0,0,0,0,0,0
endTraining=5
hasContext=f
inputCount=2
layerCounts=3,8,8,8,8,3
layerFeedCounts=2,7,7,7,7,2
layerContextCount=0,0,0,0,0,0
layerIndex=0,3,11,19,27,35
output=0.0856994297,0.0008261392,1,0.0145188207,0.3295831469,0.9174958128,0.992384186,0.0000000416,0.999999903,0.5823554945,1,1,0.0000133161,0.8876111292,0.0002827213,0.4782884125,0.9942031333,0.0000020117,1,0.594244409,0.9827548896,0.9988456526,0.7810402612,0.9998144043,0.4108924162,0.007017424,1,1,1,0,0.8015916347,1,0,0.9996247004,1,8,30,1
outputCount=2
weightIndex=0,16,72,128,184,205
weights=0.7163211692,4.5324339408,-3.4665776378,-7.3492992111,2.6854275719,0.1132801691,7.2611534665,2.2605187174,-10.2773956771,-20.8041008748,-18.5058943038,10.1456927419,-9.5309697457,-11.1559302734,7.2528692606,13.7508127842,-5.9588148498,8.5014989655,5.5949893247,4.7053872537,2.6729973277,-0.9840625403,-2.1750432831,-3.5265889163,-6.8711501495,-9.09099792,-3.2654106651,7.6189674148,3.0803364068,2.3068535409,-9.345589064,5.2907095582,4.9932121274,-6.411127525,-6.4571040869,-9.0202670327,-14.1693397403,6.2298261068,2.6789968239,3.7329328717,4.2697023902,-0.6870515109,-4.034352564,-3.773761247,3.6610627363,1.5396271283,1.3347240123,0.9004446739,-5.502750505,2.2562818831,3.22271074,6.8057487198,-1.8773808866,-10.44226171,6.3878722211,-3.0762902582,9.7957134542,-9.756143565,-3.8861051378,-13.2652141938,7.125880045,3.5590693091,-2.46123797,2.8599029347,-1.1470697916,1.5009396208,12.4910613435,1.8753772297,-18.4848029906,0.9923972036,-1.9156140954,-1.7538084747,2.2765366138,3.9287542113,7.4511386271,-0.0818312743,15.3731219904,1.2492348891,-7.405395028,-0.1573313888,9.2590786709,-1.4586435255,-9.4081376903,-1.3226697935,-7.6878086834,2.9761265261,-1.4552761288,1.6088700401,-10.8947785608,1.5190752709,5.063666874,7.2855065034,0.1872518658,-11.8905630021,0.5404804162,0.994488132,-2.8139871425,-5.8873228172,1.9370137389,-1.6445326875,-3.2268599365,-0.5551464293,12.2296057663,2.0054398367,7.2593188629,-6.9842785398,-3.9488838224,-3.0874681994,0.2599188204,18.2733983579,2.2232340773,1.0350128876,2.3311098083,4.1825041746,1.9987871561,-10.7440563752,-0.1948538205,6.98219245,-4.1075672522,3.3987716078,-14.7920267901,-7.0213586559,-2.6862753626,5.8901014276,-1.1050965887,2.1805302731,3.164223569,0.8433008461,-6.7718371761,6.7778581898,4.7259304841,14.6948697791,4.2557830748,0.1513383994,-10.5278033879,-5.1356967573,-3.1676564754,-3.0422332163,0.8822911983,9.467617418,-2.5268959468,0.7030468844,6.0051160999,-0.8124085764,1.5258899943,-5.355039671,-0.9303515744,3.4283985919,-1.6221994143,-0.1743094012,10.6707478765,-1.2005046095,-4.1257923451,-5.4874905412,5.9559736126,-7.2972454946,9.8347056995,0.7738949198,6.9879433447,-0.085593813,-4.9757830554,-1.2726087048,2.6813368663,13.9250511841,4.7824320634,0.2208540896,0.117983789,-1.2224298964,0.0205268064,3.9123510887,3.1725690852,9.4199808238,2.9550870001,-0.8953327609,-18.5665230388,3.7603349049,4.4955432693,1.230542442,-1.4265336631,-11.832802662,-0.9070860497,-0.3735158833,2.8352726109,-3.1204494808,-1.749143843,6.5686358134,1.385047803,-1.6063741721,2.7462974169,-0.8391943472,3.8310637412,-1.8479793089,-18.5409169442,-0.1467677027,0.2403649095,-4.6405337276,-2.9266895855,3.7076556924,1.0290523988,-0.8384243604,-0.713181601,-0.7708395566,-2.3945477756,0.4472707928,13.6256690113
biasActivation=1,1,1,1,1,1
[BASIC:ACTIVATION]
"org.encog.engine.network.activation.ActivationSigmoid"
"org.encog.engine.network.activation.ActivationSigmoid"
"org.encog.engine.network.activation.ActivationSigmoid"
"org.encog.engine.network.activation.ActivationSigmoid"
"org.encog.engine.network.activation.ActivationSigmoid"
"org.encog.engine.network.activation.ActivationLinear"
