encog,BasicNetwork,java,3.4.0,1,1572775242264
[BASIC]
[BASIC:PARAMS]
[BASIC:NETWORK]
beginTraining=0
connectionLimit=0
contextTargetOffset=0,0,0,0,0,0
contextTargetSize=0,0,0,0,0,0
endTraining=5
hasContext=f
inputCount=2
layerCounts=3,8,8,8,8,3
layerFeedCounts=2,7,7,7,7,2
layerContextCount=0,0,0,0,0,0
layerIndex=0,3,11,19,27,35
output=0.2647061666,0.2999993961,1,0.7686273235,0.9989858375,0.2113070839,0.9999999999,0.1820638363,0.0158290252,0.1368494139,1,0.9255374854,0.3122016847,0.9791873728,0.0000019146,0.8773472407,0.9993705419,0.9999889852,1,0.2604412469,0.0000005081,0.9961167767,0.0000004482,0.6535066981,0.9987622211,0.1338993282,1,0.0000002104,0.9156451446,0.0000709867,0,0.5429166995,0.0147413365,0.9991130694,1,8,29,1
outputCount=2
weightIndex=0,16,72,128,184,205
weights=7.2237870555,3.6872915787,2.9797869872,-12.1628790079,10.2726091292,-7.5173460374,1.9987904134,-0.7491847191,-1.5342036395,6.3393248475,15.9818816015,-7.0372900784,-0.6613727659,1.473320164,-10.7020416089,-0.7791013972,1.0254172356,-2.2568081568,0.0803354798,-6.4323092914,1.1689777874,1.1707193689,-2.7443342591,1.4261646894,0.8694606463,2.8840894291,-1.7717637626,-1.1218753354,5.868837087,-0.1885702864,3.8693206864,-1.907402154,8.7898343201,-1.4363060959,3.8976638389,-3.9732367934,7.1448901895,-6.230781387,-7.7596821585,-5.1025978018,3.4225352687,-1.2585858047,5.4369428991,7.0798936222,3.5485752286,11.7917562104,5.2027775582,-4.6038626986,-3.9225136863,3.5799723155,9.1492238312,-2.0920622649,-6.327710191,1.2707713365,-0.3266866151,-3.3401566411,-2.5456375634,-2.9808352649,0.4862641041,2.5827876071,0.71982877,1.4963104333,-7.1334774749,3.6870923682,-6.3553071352,-7.811326887,5.2024825796,1.4455135488,-0.9028517013,3.6357737477,0.3444188807,-1.8009174508,-6.4452784716,-6.8063555732,8.8593497229,1.9399816776,-3.1040767639,-2.0485542917,-0.0879606904,-0.5399176758,-10.0116558702,9.1172811977,1.1657907915,-7.1374989006,0.1536644793,0.2975577804,-1.8931911501,0.5122234825,1.0297745891,-5.9523828236,8.5702805824,5.826212475,1.744634996,-2.8376864218,-6.3101365625,-2.4150661144,5.286236366,2.6803444959,-4.6103958952,-2.715090937,0.8044235056,-9.1734812626,-0.7243692034,-1.2168515662,8.3743421502,-2.3653235891,5.0594493075,-2.9973869536,-3.5863472963,-0.8082174934,-7.1978015327,-1.1385784466,-16.8560818749,-3.8388965869,9.0671042294,-6.0831968786,-5.245049473,4.8837461229,-2.7585375921,1.6474908566,-4.5699904953,-5.9091963231,6.9549719484,-19.095124832,4.8071832665,1.7256874654,0.6822749201,0.7220851621,0.7191115094,16.8890014685,-0.1865036788,0.5449858644,-1.1627803004,14.5526533004,-6.3924571018,-9.7044408174,0.9399327605,-7.610545642,0.6400324748,-7.9748301875,-0.5992013918,8.4420451937,-8.140762908,0.8103012974,-0.8184295408,-6.3891120542,0.373449055,8.1291226967,-0.538836647,-10.9946614734,6.5961714193,5.2616303849,-0.8417651802,-9.9304677158,0.733313716,-8.8680303016,0.8344969322,15.1596111263,-4.629066034,-1.576781511,-0.7386296349,5.6756800954,-0.6630979872,-0.8683871538,-0.6610562664,-1.603329884,-4.1495617047,-0.0339573571,-0.0782169406,-0.478470108,-0.9525482486,2.1872814281,-0.4651456739,-4.7650989121,7.7846464046,-0.3235880544,0.8459128735,3.419475419,0.8035619434,2.3146560383,-1.713304644,4.341407334,-1.196128384,-2.9367451433,-0.9609127512,-0.2520525131,-0.3774310774,0.0707426934,0.4264422142,-10.5481692361,-0.8096926505,-0.0769954829,-0.8425362251,2.0073446633,-5.4377903612,0.1329209333,-2.5460145906,0.7234113313,-0.4387216337,2.8697421427,-0.0768944805,-24.9302458599,-0.5186135034,0.3049455712,2.3323429833
biasActivation=1,1,1,1,1,1
[BASIC:ACTIVATION]
"org.encog.engine.network.activation.ActivationSigmoid"
"org.encog.engine.network.activation.ActivationSigmoid"
"org.encog.engine.network.activation.ActivationSigmoid"
"org.encog.engine.network.activation.ActivationSigmoid"
"org.encog.engine.network.activation.ActivationSigmoid"
"org.encog.engine.network.activation.ActivationLinear"
