encog,BasicNetwork,java,3.4.0,1,1572775251377
[BASIC]
[BASIC:PARAMS]
[BASIC:NETWORK]
beginTraining=0
connectionLimit=0
contextTargetOffset=0,0,0,0,0,0
contextTargetSize=0,0,0,0,0,0
endTraining=5
hasContext=f
inputCount=2
layerCounts=3,8,8,8,8,3
layerFeedCounts=2,7,7,7,7,2
layerContextCount=0,0,0,0,0,0
layerIndex=0,3,11,19,27,35
output=0.4736837833,0.4038474932,1,0.0022636981,0.99292489,0.5403542142,0.0030691909,0.0319556578,0.1219775138,0.9721969751,1,0.0000012301,0.1414334802,0.0034278872,0.0253458922,0.6105306258,0.1565797927,0.0000003933,1,0.0000001058,0.1211132817,0.0002880534,0.0525745416,0.1413933364,0.9999927261,0.975831761,1,0.0089148547,0,0.9999949392,0,1,0.9999984588,0.9816968595,1,8,30,1
outputCount=2
weightIndex=0,16,72,128,184,205
weights=15.1072692138,-5.8128898495,-0.5089990777,-13.535291333,10.4350592037,-10.9218957357,8.7824906979,-1.5907597047,5.1518657043,11.3043017903,-7.2141182711,2.4919530573,10.2896213065,7.8794554215,-7.4752052844,-1.7574691879,4.9727598826,-0.5247207944,3.5644175325,7.3823293509,-6.1897544619,5.1968665292,-12.6248342071,-3.248297037,-1.6298613316,-5.8026570212,-2.9545797383,-4.0559615705,3.8030981445,6.2502508531,6.7198598828,2.5771204226,0.1012881244,9.5889382105,2.5342288585,1.3597655255,-0.6040573063,2.0138714509,-6.0354806931,-1.1841135485,7.4715084652,6.6935397548,1.1253692654,4.5050781684,-4.3900939519,-19.9662355088,-5.813008628,-1.0414119492,-5.1342587545,5.8765318481,-2.0201796106,-8.7611316016,-2.4923319028,-7.959781289,9.1381026512,-1.2450947701,5.7680879305,-3.1553847016,-5.206806394,2.7009169244,-2.0977578819,-10.1598943075,0.8312915238,1.2934049005,2.8988733671,1.5695941455,-12.761329197,-0.4163746757,-0.1891423786,-5.3041114422,10.4694154539,4.3327044322,-6.1235493315,6.6399654734,3.9326613862,7.6732217921,8.1891829667,-3.5686477626,-10.0541391925,-2.5952442464,-0.9905668223,8.0083489532,4.1341601934,8.7566951371,6.0188291418,-5.0719462707,2.747487181,-1.6951202793,2.3525402939,4.3142786171,7.4573323866,8.7743163481,3.3216026631,-6.2284435197,3.7566176223,-4.5654289347,-0.7236541754,3.7432217102,-5.0615362914,4.2015735415,5.3504789079,-7.4025781432,5.2326096179,-2.7824019981,-2.7114429663,0.1159644531,-0.7981318488,-2.6061269394,-0.1328417153,0.140529104,0.7576139261,-0.2883043714,18.4139430585,-7.7389791689,-4.8598390645,-9.2578228627,-7.9527358094,4.8711462645,-2.2411987089,-1.8180967598,7.8256474442,-1.7013949675,5.4592194027,-6.2332105279,-5.3077658757,-7.6848201092,-4.1295193541,-1.7516148799,17.0126384132,0.9070269366,-4.4295842463,0.6726388897,-3.6052086035,-4.3118693008,-0.275485402,-3.5964386297,-7.1188143533,0.2099506142,3.4290645657,0.7244345443,0.6231567669,2.3978582638,-12.3495310168,3.7549707709,10.2797575105,-0.0489059855,0.1111374501,0.1034580752,0.1357827884,-0.2222818579,-9.1938250979,0.7571920875,-10.8231381116,-0.8971625801,2.7630056621,-0.9498266616,2.3769063703,3.8368828372,-15.8581292617,3.796071165,-8.5352642538,-0.8042130395,1.8098270491,0.5695098119,1.5744582502,2.4076777013,-11.6325524215,3.9000154001,-2.0026781755,-0.0164751048,-1.3149629678,0.7491859663,2.8519280237,-1.3317154355,12.8426904842,-0.9638180911,-9.9393113455,0.7044658882,-0.8139212568,0.8623272186,-0.8076649389,-1.4278495618,7.8077202452,-0.8285266255,0.6483894796,-0.4393603409,3.2826128996,-0.865196438,-0.6348634384,-0.9594024553,0.1604706493,0.3529508926,0.3216857341,-1.0717461236,-0.8610949199,0.9613537232,-0.4749722646,4.2522737795,1.4818737027,0.9319039395,0.2040642361,-0.1942229641,-1.3036076671,0.1628541168,9.5254477377
biasActivation=1,1,1,1,1,1
[BASIC:ACTIVATION]
"org.encog.engine.network.activation.ActivationSigmoid"
"org.encog.engine.network.activation.ActivationSigmoid"
"org.encog.engine.network.activation.ActivationSigmoid"
"org.encog.engine.network.activation.ActivationSigmoid"
"org.encog.engine.network.activation.ActivationSigmoid"
"org.encog.engine.network.activation.ActivationLinear"
