encog,BasicNetwork,java,3.4.0,1,1572767010018
[BASIC]
[BASIC:PARAMS]
[BASIC:NETWORK]
beginTraining=0
connectionLimit=0
contextTargetOffset=0,0,0,0,0,0
contextTargetSize=0,0,0,0,0,0
endTraining=5
hasContext=f
inputCount=2
layerCounts=3,8,8,8,8,3
layerFeedCounts=2,7,7,7,7,2
layerContextCount=0,0,0,0,0,0
layerIndex=0,3,11,19,27,35
output=0.4651155766,0.2988689797,1,0.0156106821,0.9999925108,0.4313645622,0.9779190592,1,0.9995370158,0.6612446896,1,0.8443208474,0.8595546129,0.9999843876,0.999894314,0.9999999883,0.2673115245,0.126547399,1,0.2119289718,0.0000000727,0.9233564003,0.9995159456,0.9527956668,0.9891703947,0.4924761097,1,0,0.9446467818,0,0,0,0,0.9883161027,1,8,30,1
outputCount=2
weightIndex=0,16,72,128,184,205
weights=-6.5588531013,5.8211609508,10.3804234491,-1.5189947876,3.3216087314,-5.0593646861,-18.2123729164,4.9274616115,15.0269083305,2.5252204409,-18.1074415669,-8.6276108147,5.3547884046,-3.4075795848,12.6879504235,2.296916029,-7.6989213834,9.0848066169,-2.5843738043,-3.6325462388,-1.1019222097,10.3955535401,7.9586915488,-1.9201786423,11.2144482353,5.9349541247,6.6468995807,4.4025474244,-6.0540168608,-5.9097720146,-2.8405493313,-5.8236133261,9.3578384416,4.9392055977,-9.9455535394,-0.3231541791,-7.1138319909,15.8224273325,8.7157275258,-0.3729405964,-6.6856076019,0.1040991026,4.5201781112,1.1298715786,0.4237296431,6.5575213353,5.2929396005,0.8497329759,9.4589402378,12.2785638735,7.1551707817,15.6302829286,-1.6828257403,-23.2846496654,2.9105219424,0.3059597447,0.993409432,6.4154003419,1.4906901667,-8.461908872,3.0474016945,7.3769709651,-4.5338522441,3.8489550857,1.9333867207,6.5509615433,-1.184652163,2.0269365491,-10.4264975074,5.6165437984,-0.8957355205,1.6019328141,-0.8212189246,2.5135232907,-0.3021154838,-7.7643515013,5.2309444605,3.7097203865,8.077892759,-2.7274072988,-10.9431038057,8.5953394774,-8.648048898,3.3598951349,0.5597211173,6.4260447587,-0.9387712404,2.3302876268,6.1088504901,-2.557565597,-2.1842076545,-3.0089999947,0.7042473303,11.6107288535,13.6606264499,-4.0863893465,-6.3684925884,3.2150925243,14.7464467768,-11.7564354687,10.285356852,1.3290309629,2.6059676413,-3.758739345,2.6802672008,-6.5770472045,-2.717335138,16.8889186703,-2.6580234355,-0.8811926236,-4.0230616689,8.7131443992,8.3532116604,-8.8533500347,-9.5260856559,5.5117667741,7.6262303413,-6.7139984856,-6.0029740079,2.8396511858,-7.6722741722,-4.6725514435,-4.9458075658,-1.0648527124,2.8040779926,-0.3107750805,-5.7394381538,5.7874532434,1.0007541362,13.2063186474,-5.8943458411,1.5709267642,0.5409011413,1.2186138162,-14.804347849,0.8427319161,-0.0519911575,-21.6986109053,-5.2215773457,1.2331215458,-0.4132649657,0.1502188778,3.8013543926,0.3035758855,0.0025016203,-5.5095320541,15.664071012,0.2313164853,0.8420580075,1.9366521708,10.2083378225,-2.3956537364,0.7729068579,13.3852363301,3.8821538477,5.0368777233,-0.7317464979,0.9761896949,-5.8599215933,0.7799636052,-0.6857784866,-4.313263287,-5.6921388638,-3.2309799186,0.8713418407,-0.3698696544,10.2202247563,-3.0213876394,-0.5121421034,7.3650866157,-1.1212016481,-1.1597164266,-0.2323630087,0.4112091859,6.1003687958,-8.4719150867,0.0016947741,-5.3212260931,-0.9298207234,-0.4445531916,0.1550047622,0.7140195365,13.948768521,-8.7892112707,-1.3989137983,-0.470556748,-0.7767117026,0.9729363316,0.5006329272,-19.9654021891,2.7613721773,-2.0635221222,-13.8000994426,1.8069056105,-8.0088903643,0.6604197461,-0.5661483073,-0.8707343178,-0.0358520475,-0.8827659104,-0.9832271346,0.5345231242,-0.9930645343,0.2057217702,6.210654157
biasActivation=1,1,1,1,1,1
[BASIC:ACTIVATION]
"org.encog.engine.network.activation.ActivationSigmoid"
"org.encog.engine.network.activation.ActivationSigmoid"
"org.encog.engine.network.activation.ActivationSigmoid"
"org.encog.engine.network.activation.ActivationSigmoid"
"org.encog.engine.network.activation.ActivationSigmoid"
"org.encog.engine.network.activation.ActivationLinear"
