encog,BasicNetwork,java,3.4.0,1,1572775259896
[BASIC]
[BASIC:PARAMS]
[BASIC:NETWORK]
beginTraining=0
connectionLimit=0
contextTargetOffset=0,0,0,0,0,0
contextTargetSize=0,0,0,0,0,0
endTraining=5
hasContext=f
inputCount=2
layerCounts=3,8,8,8,8,3
layerFeedCounts=2,7,7,7,7,2
layerContextCount=0,0,0,0,0,0
layerIndex=0,3,11,19,27,35
output=0.3200054896,0.1546116559,1,0.3538168671,0.1087307345,0.0000031846,0.9964524517,0.0000844447,0.9999287071,0.5546061953,1,0.2143257553,0.5408002229,0.1158549309,1,0.497101428,0.9763080874,0.4145168043,1,0.9999434991,0.9999719839,0.1295832953,0.8753120807,0.4919330711,0.8706555726,0.1116997901,1,0,1,1,1,0.9980968498,1,0.1799303404,1,8,30,1
outputCount=2
weightIndex=0,16,72,128,184,205
weights=-12.0860662697,-1.8888673762,-11.1532573644,-4.0649503071,-1.2169081191,11.758022223,12.253819244,-10.7746745825,9.4454276905,17.2981298289,-1.7357416213,4.9773771589,-4.0244382468,-14.0591553337,-0.9119836358,2.6829009184,-2.2973077995,0.787872292,-1.4268723897,2.2294058269,-1.1364188284,4.4820245091,-17.6137657824,0.8901721477,1.7489288368,-2.7701508491,-5.8121606266,2.2085595711,0.2391756964,0.8817929083,-0.7543949121,-3.1827932484,-3.2420897659,-1.1461032827,9.7821546366,1.1796713724,-3.3050019448,-6.7339286315,-4.8099629568,-3.4443814904,-12.9270123987,10.1397650406,2.9948363385,1.3802300685,1.1361850105,-1.5895834548,1.5856775826,1.5275865449,7.7143400378,-2.3894982973,10.267886245,0.886862057,-9.2795919758,-4.5284759911,-2.1427224796,-1.8946359626,-1.9516118589,1.698504613,1.2914096489,15.2121729845,-4.5074068219,-4.4450819675,-3.0791421537,1.5433466456,4.9056712342,3.9081120493,9.7487003339,-17.1287891768,4.2080283822,9.4875680305,-6.9107763533,4.5637606853,1.5209922201,-1.170019895,-0.9322701072,8.2778193838,3.8393070775,-9.2514366874,-4.8429822698,-2.067740136,-0.9007258518,1.0651527721,-0.4615796753,-8.2789532458,-1.8137031522,12.4435821317,-5.4502691417,-2.0274622315,11.2132925058,-2.8193731665,1.2189205361,-10.4550997669,1.2506129278,-2.2585124007,0.6927479528,-0.1583349678,18.1167036348,12.3700415119,-2.1615657338,-2.2191091304,-9.3177557403,1.4173004794,-0.0956868732,0.9963605667,-9.1753291359,-3.9401186865,-0.0295871476,5.7643460245,-6.1827441338,10.9370165857,2.5067045555,1.3005803895,-5.6266805018,1.5828667484,-6.8210268791,10.0700195044,-8.6954640085,9.0689128623,7.8556228066,-4.6641185716,-3.3971370986,-3.6929189269,3.2638086074,2.6834376286,-0.9042882344,2.3883116396,1.0484742752,2.2209943012,0.7065472015,1.5475626817,0.9529472448,1.4947154047,4.855882562,0.9168750442,-14.1833709357,2.5744744642,0.1447114584,1.7513761859,0.6298528848,-0.2579440848,7.7582132286,0.1396875621,-6.1618499881,1.5849874018,-0.6301096514,0.8758803871,-0.484035097,1.6904040146,-5.4501086328,1.3719658842,-1.8255580399,0.4093461614,0.7178453425,-4.0395287881,-1.9917380472,-4.4385953474,17.0006345831,-3.5163396031,13.6145598603,-3.4829839089,0.5692679289,2.8191580557,1.3880037455,3.204632767,-12.8470046634,3.1476170461,-4.6637658255,3.0700257264,-0.8543207579,-0.8148069187,-1.2725119617,-2.7244737256,12.4066331376,-2.6997195589,-8.4775674823,-1.4393700502,0.5028972541,-2.3882510967,-1.9363360298,-1.2695616175,5.6554418273,-1.1517895712,9.5132901142,-2.6839648179,-0.9907183243,-0.6211171838,0.3207867959,1.0215553912,0.8441064206,0.9033101328,3.1188187374,1.9949590627,-0.2608381982,8.4862913178,0.0454177477,0.6796208598,-0.8354519377,0.2673620821,4.925092842,1.0596955604,0.5600416232,0.4047362691,-0.4548675039,-0.2480870064,9.5647307138
biasActivation=1,1,1,1,1,1
[BASIC:ACTIVATION]
"org.encog.engine.network.activation.ActivationSigmoid"
"org.encog.engine.network.activation.ActivationSigmoid"
"org.encog.engine.network.activation.ActivationSigmoid"
"org.encog.engine.network.activation.ActivationSigmoid"
"org.encog.engine.network.activation.ActivationSigmoid"
"org.encog.engine.network.activation.ActivationLinear"
