encog,BasicNetwork,java,3.4.0,1,1572775269334
[BASIC]
[BASIC:PARAMS]
[BASIC:NETWORK]
beginTraining=0
connectionLimit=0
contextTargetOffset=0,0,0,0,0,0
contextTargetSize=0,0,0,0,0,0
endTraining=5
hasContext=f
inputCount=2
layerCounts=3,8,8,8,8,3
layerFeedCounts=2,7,7,7,7,2
layerContextCount=0,0,0,0,0,0
layerIndex=0,3,11,19,27,35
output=0.386353905,0.3408717435,1,0.2274491566,0.9999923984,0.4152210802,0.7514447696,0.9999707152,0.7785556281,0.8876796163,1,0,0.5836072102,0.001000787,0.8723131821,0.7871411686,0.9363351801,0.9999871502,1,0.1183384395,0.008983209,0.0000000221,0.9999668863,0.999997187,0.6083250762,0.9888541534,1,0.9999998767,1,0,0.0023159253,0.0520953124,0.0000000064,0,1,8,30,1
outputCount=2
weightIndex=0,16,72,128,184,205
weights=-3.3053764235,-14.6422497845,-17.1118906003,-2.5703875934,8.5596812227,7.6180052225,5.8272479746,4.304800363,-8.7356827505,-5.3177913169,13.805224231,-13.2874303875,3.4629119466,6.1301566465,8.0486338565,-4.4822740426,0.1232367914,4.7989360519,6.034038296,0.1872972193,-0.0825809988,-2.8743100382,-0.1212820126,-1.3152844335,2.8477466332,-6.7587880838,-10.0697531561,2.3202241572,4.3251123477,-1.2339400217,13.4446193786,-1.9758009544,-6.841614208,-8.3519982207,-0.8157535815,3.9564768675,9.5047909255,-4.520415872,-7.4538336663,5.2861431503,7.5998892698,7.0776235425,-7.7044525168,3.6758858682,-4.3929568411,3.075046675,-5.8663194456,0.2218141881,2.0050541161,-1.74348105,-4.1804279642,-1.6538059954,-0.9268652098,10.390546015,1.7360803901,2.1672245044,-2.2629722499,-5.3899933797,11.9844803287,-1.4761219214,-1.5783331102,2.1664452121,2.7397806452,2.152661387,-11.2923193096,-2.6647831745,-2.9162716267,-1.2704596914,0.9360806881,-1.5654928997,4.9952406989,0.4674214243,5.4120588593,2.1507375104,9.0241406709,-10.489527854,-10.0203205287,-6.5586851059,-0.5792351485,-3.0608781571,-3.0805594546,3.3980793624,-6.0327423869,1.9958571869,7.6133121528,-9.4446793153,-4.0692789267,0.831899023,-0.9489167158,-1.483122231,-8.681593119,-4.5662914201,-4.5728867002,8.1512136021,-10.7086432919,7.9893622587,-2.8177851853,-4.8699276778,0.5894232399,-1.6018257426,6.3191019307,-0.7821050477,1.7231071672,-3.6466711722,4.2447982448,1.7703799693,10.3346980334,9.6242454907,2.3581920002,-7.0428769785,-1.4367074262,-5.4875076796,-7.6134942914,1.9843859808,6.3849769282,-7.7923952411,5.0378390972,-3.4642742804,3.8152336112,4.6604917109,0.2034546563,-7.2514604925,4.9937296614,14.8172654683,-2.3866503616,-3.3018622761,2.400409934,-1.4919456169,2.1322827201,-7.43567007,-1.0278693523,5.3430014089,1.1333351908,-0.9771533005,0.1526939236,3.2237125623,-4.7499531004,4.5899366733,0.1158641784,10.6048967761,-1.3592732376,0.7891467356,-0.1464565468,-4.4971068612,-6.6231099052,-7.3281444029,0.013956782,3.2424478251,15.6517040627,0.3903409525,1.6611566169,-4.5003007429,3.3136907385,3.1989740154,0.5588492345,6.9328866924,-19.9731789688,-0.4240436908,0.7078552349,4.8273201982,3.7083537842,6.6818102054,-0.5604041146,-14.2633478428,-15.5427592759,0.5713041585,0.5270997901,3.2338418174,3.2391014221,-6.0401550123,-0.3185723766,-14.422068848,7.3909340175,-0.8673379253,1.0763212187,2.8896985963,0.9062971647,2.7012496963,0.3916638138,-17.0687326284,-21.5219667654,0.2958473458,-0.4956298243,2.0386566685,1.3921533534,0.1819298404,-0.6865347684,-2.6637760051,4.5423768558,3.6815420266,-0.8521841368,-2.4897417245,0.7159233559,2.4222965156,-0.2149503774,-18.9954881747,0.5997522278,-0.2353832253,-0.6377000494,-1.0083497511,-0.3470173993,-0.382040431,-1.4649871179,-0.504070395,-1.077165619
biasActivation=1,1,1,1,1,1
[BASIC:ACTIVATION]
"org.encog.engine.network.activation.ActivationSigmoid"
"org.encog.engine.network.activation.ActivationSigmoid"
"org.encog.engine.network.activation.ActivationSigmoid"
"org.encog.engine.network.activation.ActivationSigmoid"
"org.encog.engine.network.activation.ActivationSigmoid"
"org.encog.engine.network.activation.ActivationLinear"
