encog,BasicNetwork,java,3.4.0,1,1572775279515
[BASIC]
[BASIC:PARAMS]
[BASIC:NETWORK]
beginTraining=0
connectionLimit=0
contextTargetOffset=0,0,0,0,0,0
contextTargetSize=0,0,0,0,0,0
endTraining=5
hasContext=f
inputCount=2
layerCounts=3,8,8,8,8,3
layerFeedCounts=2,7,7,7,7,2
layerContextCount=0,0,0,0,0,0
layerIndex=0,3,11,19,27,35
output=0.5098091186,0.326085786,1,0.0000001506,0.8335663619,0.2987830177,0.0447233693,0.0000285839,0.0000000317,0.0564168825,1,0.9981682554,0.9997733282,0.6278713979,0.3283689182,0.9999995663,0.9996018639,0.0078967268,1,0.0284466105,0.1541646682,0.0000000001,0.8433837639,0.9999969446,0.9990012,0.9210732133,1,0.9991818408,1,0,1,0.9999839667,0.0137856652,0.0237261349,1,8,30,1
outputCount=2
weightIndex=0,16,72,128,184,205
weights=-3.141032124,2.3850512948,-8.5520808832,10.1722752666,-12.5293698114,2.1608153079,11.5282537827,-0.4986085076,12.1806793688,10.2093505846,3.7508161625,7.5312927828,6.3139466939,14.30712061,-10.4938773948,-10.1017694323,-11.9016385108,2.8918209004,13.3390707373,-1.9605365862,-2.8364455518,-7.4619348902,0.0478874301,-4.1561054983,2.6902777155,7.5092499782,5.9593152128,0.065476298,-6.7795458286,-1.720446636,-7.4102654666,-3.7871435593,10.6122226744,-9.2518150014,-3.3739671328,-15.3448173541,-7.9876190188,8.8366885893,0.293464991,4.1131406197,6.0868993851,-9.2287725095,-0.3718253183,10.5482879031,9.3025506898,-9.2083571138,-6.0919824863,-3.1905943336,2.2036961301,-8.2539511463,-1.6103630587,-1.0677791092,4.7800993795,-8.0447616322,4.8002881427,0.1750620246,-5.1481803687,-2.374450429,-0.6228951682,-9.2249361601,-9.5022816626,-1.8529733714,3.0278910614,4.9975216624,5.8130178304,4.3762577513,-5.6657167354,-11.0946949912,-3.1978793901,-6.5767352991,-1.6361195794,3.9908576836,-9.9729196181,-0.544390087,7.1019071419,12.2873255115,1.370437632,-8.1799947463,-0.5141352832,3.5802910168,-1.0998763419,-4.8979547,-12.0768023819,-7.037544737,7.9285003734,-0.8749007926,4.6370245894,3.788022759,-5.2298406057,-3.3232241934,-13.3286197685,-4.6846754481,3.8447710619,6.4698778828,-6.1343559465,0.4771859329,4.5232979126,-10.043621812,-15.5496450543,-8.1766430054,6.038380239,5.4931966748,-10.5291189743,5.7721931952,0.0073193703,2.265184323,-9.4112510177,4.476231619,4.9298040518,0.7323699258,2.2292045949,2.8115720416,-4.9839832287,5.9296518563,10.6099303965,6.3441962027,-1.0846007261,5.4928901358,4.2232059668,-6.5873274283,3.3336129908,2.8934056383,-4.6726963673,1.5953571546,2.4767191635,-6.6752422768,-2.0512470325,-0.6385559466,-10.7216947792,1.8268739734,-0.0515555729,1.6560387609,2.1446649492,-1.4284323097,1.4634349977,1.5394824548,-3.4449181845,1.309628114,-0.2693471067,0.2121752975,-0.9285009164,7.1610088942,-17.1361123599,1.4543333607,-27.3883429105,2.8382504484,-1.2059126247,2.4897510329,-2.7862171726,5.2784462885,-6.6321342185,1.78763464,1.2822685399,-1.1121173652,-0.8360810366,-0.9595779862,3.6673412228,2.2135094886,-14.4593348089,-0.8806334514,5.3791209506,0.0679110897,-0.2819218397,-0.7596868353,8.0459632544,-2.6210514019,6.450572879,-0.1471025213,7.8191416675,0.5175069659,-0.8784116019,1.1834406551,-1.7427248871,-1.2891796416,-14.6198677771,-0.4983931838,7.9427986452,0.357924105,-0.4455080053,1.4322352285,-7.624363679,-9.3750200716,-6.5463251147,0.6393606647,-2.4923977491,0.2483040843,19.5976946128,1.1925891291,0.7894359441,0.2306340108,-1.2387870859,-1.1615774043,1.0841872648,1.0330649745,1.2374181318,0.5275029921,-3.0042689424,1.5524651698,-11.4989793459,1.7422147712,-1.0247683593,12.5350881988,-1.4484957365,-0.3496170163,18.3593104135
biasActivation=1,1,1,1,1,1
[BASIC:ACTIVATION]
"org.encog.engine.network.activation.ActivationSigmoid"
"org.encog.engine.network.activation.ActivationSigmoid"
"org.encog.engine.network.activation.ActivationSigmoid"
"org.encog.engine.network.activation.ActivationSigmoid"
"org.encog.engine.network.activation.ActivationSigmoid"
"org.encog.engine.network.activation.ActivationLinear"
