encog,BasicNetwork,java,3.4.0,1,1572775287969
[BASIC]
[BASIC:PARAMS]
[BASIC:NETWORK]
beginTraining=0
connectionLimit=0
contextTargetOffset=0,0,0,0,0,0
contextTargetSize=0,0,0,0,0,0
endTraining=5
hasContext=f
inputCount=2
layerCounts=3,8,8,8,8,3
layerFeedCounts=2,7,7,7,7,2
layerContextCount=0,0,0,0,0,0
layerIndex=0,3,11,19,27,35
output=0.4680869106,0.7155975048,1,0.999908452,0.9997194069,0.97357704,0.1303357311,0.3005136178,0.3007428543,0.9955761168,1,0.000119139,0.678831414,0.8808437088,0.0126068075,0.9844637621,0.9571698991,0.9912918606,1,0.9999999896,0.2390940629,0.0151068625,0.2129769534,0.3517366678,0.8512193361,0.9996042078,1,0.0000030494,0.4146175631,1,0.0033375632,0,1,0,1,8,30,1
outputCount=2
weightIndex=0,16,72,128,184,205
weights=11.226759676,-4.832306201,-4.9891504315,5.3394616841,-9.1806185203,2.5313893,2.2603652224,-2.6139700466,5.1577358736,9.8735142575,-16.553956232,-1.5047744901,12.0689535103,-12.53539265,5.8175892195,-3.4414105267,1.8136128502,4.3506142338,-1.5155104712,-5.3322795572,2.1510060225,-0.1719146773,6.8871389517,-1.0330434219,-1.2076448234,-5.9918838025,-6.2003138196,-4.8327188716,0.9685563249,5.7346256614,11.8857509209,-0.4563880266,5.6815615083,7.8249014887,-3.36137129,6.582979085,-0.5185554617,6.9817141944,1.6158538611,-6.6018401938,-0.9907453895,-1.4052085016,2.3088883254,7.6768078694,-1.4379236056,-2.7798764928,2.618157451,-1.5934860421,-1.0121729337,-2.7515990472,5.4187531959,9.5163955743,-3.115264024,4.9187490354,-7.715169044,2.136863476,-2.8540394379,-14.977873401,-0.0771719409,10.2856300589,6.3851139919,3.3712138674,-1.8416260923,1.5751866879,-1.0355403666,2.0157483224,-0.3532505096,3.3837751771,-5.034917951,1.8794675342,7.4932583688,0.046292177,-8.1564899467,4.1467792185,0.8222086371,-1.2588522211,0.1038767865,-1.0209044995,-0.9889011752,0.206590899,9.3179764621,8.7903159464,-11.2309284583,-3.59961753,1.3261328613,-2.3539220714,-7.3690163176,-0.8316282684,1.8993294907,-1.4500689783,1.8183886291,-4.5367104786,2.6195083248,-1.2008903224,1.9576807024,-0.4694996872,-8.8753463665,-7.5423189479,12.0215814678,-8.245209657,6.3381370968,-5.2439888783,8.6009293212,1.5291741935,-2.6038627365,-2.5857007795,4.5014070228,1.6416977915,-0.0582324507,4.2496033933,5.6595203631,-2.3007781137,-4.463996388,-0.1722478366,-8.5044756737,-2.7651517278,-0.0660373719,2.330409723,10.1339222386,-3.7610642908,7.482274157,0.424745805,-10.9321948379,2.0953475683,9.4076598682,9.2378472236,-11.0769090288,-3.230115245,1.2830471729,-8.076740085,10.0500797995,-17.7225466144,-0.6613481172,5.8729451085,-0.8898969805,5.8685491041,1.539722484,10.458889845,2.6400572386,-2.9022333002,-0.2109963436,-4.1083339123,-1.6941343617,-4.0161337573,-2.1988378739,-18.2672451949,0.7012964987,12.3020997397,0.6750284915,1.3528825009,1.2017611657,1.3013053232,1.0321068932,8.2893393655,4.5542344505,2.592523692,-0.772827552,-4.66944213,-1.3167967676,-4.6374274387,-0.1643086314,-10.5445114517,1.423224019,-12.6838087508,-0.8584855492,1.4720928432,-0.9883701109,0.9075420966,0.808781526,8.5696668664,0.6565627859,-11.6730313486,-0.137683126,-0.627379408,-1.4161322566,-1.799164089,-1.9236416884,-7.9701967658,4.0997068048,-12.632977952,0.0858049583,4.403482125,-0.7790665142,2.6777892667,-4.3767846008,0.7369117362,0.2063490548,-0.5954234438,-0.1176290866,7.9473513358,-0.7905745073,2.3489442918,0.1118610411,0.2114700664,-0.3847289152,4.1509357533,-1.0426466521,-3.5724036929,-1.0421102332,0.6768838045,1.426528102,0.1355112568,-1.8932583061,-2.1545044524,-1.0467696712
biasActivation=1,1,1,1,1,1
[BASIC:ACTIVATION]
"org.encog.engine.network.activation.ActivationSigmoid"
"org.encog.engine.network.activation.ActivationSigmoid"
"org.encog.engine.network.activation.ActivationSigmoid"
"org.encog.engine.network.activation.ActivationSigmoid"
"org.encog.engine.network.activation.ActivationSigmoid"
"org.encog.engine.network.activation.ActivationLinear"
