encog,BasicNetwork,java,3.4.0,1,1572775297579
[BASIC]
[BASIC:PARAMS]
[BASIC:NETWORK]
beginTraining=0
connectionLimit=0
contextTargetOffset=0,0,0,0,0,0
contextTargetSize=0,0,0,0,0,0
endTraining=5
hasContext=f
inputCount=2
layerCounts=3,8,8,8,8,3
layerFeedCounts=2,7,7,7,7,2
layerContextCount=0,0,0,0,0,0
layerIndex=0,3,11,19,27,35
output=0.7192765652,0.5714498164,1,0.0984236658,0.0000002528,0.5674342838,0.000839614,0.4291776784,0.9743286852,0.0474344164,1,0.0882984819,0.993947737,0.9999958397,0.7999189444,0.9502722994,0.0103528871,0.99757251,1,0.9999974569,0.9999699922,0.4983498585,0.9995736015,0.9721450383,0.9995704106,0.9988726521,1,1,1,0.9999997536,0,1,0.5010087996,0.0000000421,1,8,30,1
outputCount=2
weightIndex=0,16,72,128,184,205
weights=12.7659599077,1.4382940646,-3.5418720765,-4.7580244364,-3.8245016025,2.1445031773,-4.9399241543,1.4844397601,-8.1280563032,-16.6425808225,-13.386581179,7.0952299591,6.3867296331,5.1441635406,12.8608119339,0.3146209725,2.9207238399,-12.443737002,-1.5889613098,-1.3115294694,4.0670505628,5.1286083956,5.7148397484,2.9148688615,-3.401274748,-0.3581630099,-8.4011434567,4.6100957028,-2.1553736574,3.8859007849,-7.7956343738,-0.0363483452,0.3928678105,-6.666397714,-5.7151166697,5.0566078318,5.740672612,10.4686079853,4.5367499201,-1.5563510168,8.7586530386,-2.2512409344,-5.7075325019,-6.8597135066,8.9436387028,7.5213346093,1.0573747039,-4.0543322518,3.7166740205,0.3141964761,-0.6187252727,2.9784657892,3.4156878517,-1.8568561775,-6.7768182459,0.8442708107,-2.2732080428,-0.6662679299,-1.4058092672,-4.0567384491,5.6491113809,-4.8445189205,5.9807868445,-2.1341116771,-10.2169202531,-0.0017195184,-0.3025588647,-8.4455358105,3.4307322879,10.4593289245,1.402042034,0.1952857448,1.5372340549,-4.6736788347,-11.1394763577,-6.8946032371,4.2189512122,6.6836691997,3.980822123,-1.5138262471,-1.1941973928,-0.2452294822,-7.1423321458,2.5897029902,1.1060918784,4.7430790941,-0.4822698013,2.1768531904,-2.5375916107,0.123854886,-6.0588413955,-1.1959402124,8.2103507654,10.0857609015,1.2462439191,-0.2894235062,8.6736340343,1.6107952054,-0.8403651418,2.2501440112,-3.4449603168,-1.5465307704,-5.93971956,0.0989311971,17.3655022658,-0.679804157,2.4896654214,-4.2332954094,-1.4265826751,-5.8746041789,-0.4726955175,-3.0136335728,-4.5020158626,-2.8240073229,10.9791166916,0.7004929042,0.7941493205,-14.7937224105,6.1740556953,4.4424520046,0.0615425746,-4.9293896984,-9.5122398952,-2.8553388334,7.0818142105,10.1477285164,1.7199560597,-0.2652256489,0.1528913171,0.4327381576,13.1900878519,-0.1409949593,0.389643803,-2.4183060747,-12.6442060979,-0.0716216374,0.6648885925,-1.2175613378,2.5048304307,-0.3997997164,2.971840473,5.8977543232,-9.0784870508,2.5352005233,-4.9388903927,-5.0403532391,12.9337536617,-0.6388015546,-5.4783604685,14.2158697652,0.867756957,-4.6050228475,2.8272971864,-3.5406259883,7.1570976356,-0.1290701607,-1.7264814712,5.3720383866,4.6533622333,0.3509853509,1.1492975149,3.0479453317,-1.9020918654,0.4427124632,3.565743088,-9.1788346141,-8.5842241595,2.2902766362,0.6353590261,0.6089711732,13.8723222764,0.0447971278,3.0603503434,-21.7337751635,-3.2140926881,0.4640644354,-0.6576663798,5.7746922824,0.543731403,0.054332271,0.537982346,0.2180687335,-5.6486439092,0.4787657746,-2.4004138413,3.6739152187,-1.8224610286,-1.9080990623,4.074918333,-0.1743126491,-2.9128727522,1.3741537418,-2.7053007079,-0.5436926944,-0.7557193362,0.3181217755,-0.5797394794,3.3584536329,1.1938367616,0.8507891144,0.1578150489,-11.5367291799,0.7841924101,-0.8601587459,2.547223657
biasActivation=1,1,1,1,1,1
[BASIC:ACTIVATION]
"org.encog.engine.network.activation.ActivationSigmoid"
"org.encog.engine.network.activation.ActivationSigmoid"
"org.encog.engine.network.activation.ActivationSigmoid"
"org.encog.engine.network.activation.ActivationSigmoid"
"org.encog.engine.network.activation.ActivationSigmoid"
"org.encog.engine.network.activation.ActivationLinear"
