encog,BasicNetwork,java,3.4.0,1,1572775318360
[BASIC]
[BASIC:PARAMS]
[BASIC:NETWORK]
beginTraining=0
connectionLimit=0
contextTargetOffset=0,0,0,0,0,0
contextTargetSize=0,0,0,0,0,0
endTraining=5
hasContext=f
inputCount=2
layerCounts=3,8,8,8,8,3
layerFeedCounts=2,7,7,7,7,2
layerContextCount=0,0,0,0,0,0
layerIndex=0,3,11,19,27,35
output=0.5531694244,0.2127741086,1,0,0.9999999951,0.0000524626,0.9711613515,0.00000454,0.367135755,0.719126772,1,0.0000000453,1,1,0.4390268237,0.9989245769,0.0050839497,0.0039964504,1,0.0382588401,0.5548726771,1,0.9999996045,0.9997140571,0.8694534362,0.9409942871,1,0,0.0156117729,0,0.9641929631,0,0,0,1,8,30,1
outputCount=2
weightIndex=0,16,72,128,184,205
weights=-23.2543570987,30.1004775121,10.2992000837,-38.2403910474,6.8644074601,-31.2844977978,28.3468442833,-1.6492910774,15.9733510562,-11.2789911098,1.7338660264,5.5379782655,-19.690568364,15.4382552072,3.4115701597,-3.5288520438,-1.611015099,-14.8240796623,7.3767702076,-7.7872424259,-19.6139895905,11.041443633,6.6750218677,-6.5808432052,-1.9598245426,2.2568624592,10.6460850069,3.0565818522,3.0174761982,21.7013616083,-4.0615141214,1.7814629808,-9.3324325967,6.7721384769,1.7511432603,-0.7527837256,-15.0686750028,12.7588865855,-3.4241527592,-3.0468586674,2.8551260945,8.7051215521,2.6199356472,2.8069695145,-16.8221249226,7.0351682913,7.9846927388,7.6957410853,-8.9830584423,-1.2361324135,1.5790809176,-2.0282963141,-16.8368083917,2.1894163502,3.7887769199,5.0373844523,-4.188074402,4.6855489931,-11.7133686337,20.8151359696,-5.6929177948,16.8794752755,-14.3737990452,3.0033178197,0.7293236234,4.361104611,-16.9483651062,3.635595288,4.4071480941,16.3948977208,5.0572393646,7.4253004606,6.5029922263,2.1602480709,-2.5971385406,-1.5345083605,-11.612912289,-0.8590701204,-6.5623952275,4.3064225373,-8.5744909974,0.5887141272,-2.0459268566,-0.1082408107,2.851600584,27.7086934238,3.8213516212,-2.5654936848,-11.2721210872,-4.2846311277,9.8976701099,8.651346861,8.7460946702,1.5965056487,7.5748522515,-7.0620095733,-11.2951786925,-3.5810728649,16.8846388888,-2.2392224625,-0.5716632361,-9.4866231275,-1.8187769883,-1.9402143611,-13.4147097535,21.2730405258,15.9673135602,-9.0631445264,15.115076301,-17.5303128507,-4.9269440567,-6.5935425173,13.4838740181,-4.5949250562,-3.0851389872,0.193683641,1.9438499938,14.053822313,-3.5637186185,-11.1603928936,14.4298154146,0.9576489257,-3.7363007734,-1.7043824482,-9.9747087774,12.3860480305,-4.4441026406,2.2235368367,0.1999386658,-17.805082804,-3.3759359285,-33.598178312,0.8921050188,-2.0548534954,-0.4323543313,29.4487253063,-1.2208952434,13.5976090272,-3.6751501275,14.5881152256,-0.6826751811,0.0448361905,0.2642235044,-14.057662512,0.4261598528,-10.0734630904,5.2311021103,37.8619370538,-1.3484430608,4.7215966244,-0.2847471385,-2.9030725486,1.6413363965,-17.3602371698,-5.4031200994,5.3874673286,1.0982493423,2.0846948148,-0.5684132793,9.8195249954,1.4681060937,-11.8227544344,0.7583749503,10.8526465708,0.7961811895,0.9178556126,-0.6047695536,-2.1200388078,2.2431585796,-18.7715319327,-0.8807282158,15.6830623303,0.6092713365,-0.9933568749,-1.2708007311,-12.9323066391,0.9590505084,-7.316812953,0.2797083496,8.7401617054,-0.4889006033,-0.8245296339,0.4241258777,-5.5436711901,-1.5285803406,-0.3984849199,-0.594612911,-1.5331796526,-0.5292277688,23.9982752258,1.3281646667,-6.7902348751,10.4297224253,-0.8624543488,0.1607017365,5.371729703,-1.2624822163,-1.8914094461,-0.1686075443,2.8450633295,-6.2625818163,1.2656135162,-0.6529389057,-3.0217850748,-0.5502632965
biasActivation=1,1,1,1,1,1
[BASIC:ACTIVATION]
"org.encog.engine.network.activation.ActivationSigmoid"
"org.encog.engine.network.activation.ActivationSigmoid"
"org.encog.engine.network.activation.ActivationSigmoid"
"org.encog.engine.network.activation.ActivationSigmoid"
"org.encog.engine.network.activation.ActivationSigmoid"
"org.encog.engine.network.activation.ActivationLinear"
