encog,BasicNetwork,java,3.4.0,1,1572775353349
[BASIC]
[BASIC:PARAMS]
[BASIC:NETWORK]
beginTraining=0
connectionLimit=0
contextTargetOffset=0,0,0,0,0,0
contextTargetSize=0,0,0,0,0,0
endTraining=5
hasContext=f
inputCount=2
layerCounts=3,8,8,8,8,3
layerFeedCounts=2,7,7,7,7,2
layerContextCount=0,0,0,0,0,0
layerIndex=0,3,11,19,27,35
output=0.0965527031,0.0335775871,1,0.5694054057,0.8505374161,0.9916821426,0.0138850556,0.5673923592,0.3815912627,0.9665547235,1,0.0492205562,0.221574185,0.0008357789,0.0000026723,0.8270646679,0.5643817509,0.6421142777,1,0.7999526316,0.6614078288,0.1207975491,0.0000530613,0.9659224832,0.9999998965,0.6673186749,1,0,0.0036200127,1,0.0009719459,0.7394507305,1,1,1,8,30,1
outputCount=2
weightIndex=0,16,72,128,184,205
weights=11.3335943901,-10.5909386117,8.9111906039,-2.6166344551,-3.1455161062,9.8729881475,-10.4269088111,-0.3868118454,-10.3089086475,2.5734695757,1.2845932865,8.5889553674,-9.153878863,4.6776262922,-3.3066860138,5.5332001643,2.7679324444,0.591314536,-4.6702162346,-9.1875500858,7.7267112513,-5.1044005935,-11.0349919965,3.592160831,3.0654984788,-0.1081968793,-0.4554778807,2.8189890776,-1.6318378665,11.4383644308,-2.6919310112,-1.7651578062,-6.8686422039,-3.4883790581,2.6273776744,-0.2601691149,3.6794860021,-4.8201084022,2.0115857648,4.2753562748,3.6896673026,0.6986605421,2.3773967272,2.0939618466,-3.5736459826,1.2051395023,-0.4246203907,-2.0532325897,5.3701053366,-0.1884315209,-3.8557719952,-3.1685774513,2.8246171528,2.2342439774,-8.2419438748,1.7470451725,-3.1295792732,-10.0977898251,5.0030047527,2.9976580205,2.4479956677,1.0915794233,-2.1436544101,0.6402130572,4.7034106493,2.6128425982,4.0458245542,-5.0692691575,-1.0783797902,8.185140444,-3.6367801439,1.1575909091,-2.112106435,3.0262383877,4.3059707452,-3.4545540406,3.6873920197,-1.0658067302,-2.8377144751,-4.395199214,-2.5032483837,-2.1011888051,5.767974583,5.8464877873,3.5711582633,-7.4575736198,10.0559470797,-1.2637712872,-0.2680818676,-8.6968575067,3.7723520156,0.1001668132,1.8168642773,5.3951847704,-7.0477132017,-4.0224476887,3.7780105923,-6.818363811,-2.4010347323,8.5331742849,-6.5625299677,-1.6185027725,-1.4371888266,-2.1390494851,-3.789686594,3.0608095251,-3.8910106155,-2.7322403209,-1.4474515935,3.7696915795,-3.3107201138,2.8800012772,6.8504825169,5.170612329,4.0868545935,-8.0334706356,-0.7857141128,-4.1958821301,-4.8090185021,-0.9702676651,2.7112279095,-7.6429129716,-12.1458259631,3.3388713738,-1.2433617756,4.7542616999,-1.3424899128,2.2803884594,0.0365364151,-6.986787347,-0.1308502568,4.1260019767,5.6833813081,-1.3018843317,-3.5078530249,2.145287496,-0.3279201295,1.6273447815,0.4274994088,8.191806174,14.8799460668,-0.6598273657,-9.4079760823,-0.7069616626,-0.0934532647,-9.6942481724,2.5456132749,-0.4724824847,-12.0895037657,-1.313709311,0.4839551276,5.2743866343,-0.2749459984,13.1371959027,-2.5246114953,10.0618673047,-2.6233573815,-1.3091413245,-2.8883410393,-1.2394090884,0.0772221764,-6.4416553882,1.6837678126,-1.4497353357,3.7244993079,-2.5206878362,0.3994747406,1.0525352391,0.2202368652,-8.1354057242,7.2699302612,-3.3637861526,15.0332751016,-1.7510446897,-2.4658505286,1.9473167638,0.0035162777,-1.637436732,-1.6591836988,-12.0210928307,2.8516382269,-1.0321289061,1.9839195072,-0.6875588232,0.969647595,-3.4291047879,1.0136512282,0.7559746673,-0.2366423852,-4.5661769602,-1.4250051284,7.4090874221,0.4561423028,2.2681661191,-0.3948351318,-13.2355129592,-0.2150795882,0.1723596584,-2.40703737,-4.5620467885,5.1176400711,0.3975704868,-3.4749614293,2.9752863727,-2.1425382348
biasActivation=1,1,1,1,1,1
[BASIC:ACTIVATION]
"org.encog.engine.network.activation.ActivationSigmoid"
"org.encog.engine.network.activation.ActivationSigmoid"
"org.encog.engine.network.activation.ActivationSigmoid"
"org.encog.engine.network.activation.ActivationSigmoid"
"org.encog.engine.network.activation.ActivationSigmoid"
"org.encog.engine.network.activation.ActivationLinear"
