encog,BasicNetwork,java,3.4.0,1,1572775361191
[BASIC]
[BASIC:PARAMS]
[BASIC:NETWORK]
beginTraining=0
connectionLimit=0
contextTargetOffset=0,0,0,0,0,0
contextTargetSize=0,0,0,0,0,0
endTraining=5
hasContext=f
inputCount=2
layerCounts=3,8,8,8,8,3
layerFeedCounts=2,7,7,7,7,2
layerContextCount=0,0,0,0,0,0
layerIndex=0,3,11,19,27,35
output=0.7185160478,0.3925936549,1,0.9214488689,0.4110104474,0.0010789765,0.0351818758,0.7280245297,0.2248473366,0.0353305436,1,0.9949766571,0.9860517857,0.999139954,0.9472996924,0.9906748291,0.9917559563,0.9999990605,1,0.9210144873,0.9993177884,0.9984893059,0.9992501147,0.0025041171,0.1624503365,0.3497927741,1,0,0.8705465548,0.9964673074,0.0000000245,1,1,0,1,8,30,1
outputCount=2
weightIndex=0,16,72,128,184,205
weights=5.1341637117,-4.5737887529,-7.6935832435,7.0914556606,-5.4424039914,-7.5522005097,-6.7914718148,3.7451708702,-1.8064522221,11.350369029,-0.3769512238,-9.3681163459,-7.0613810402,-8.3156374716,5.9551649282,3.6932131873,3.5368230847,0.19031569,-1.4428985753,1.7647066205,0.2102475262,-2.7516417351,0.3215014,0.7246006163,-4.8384279022,-6.4130931962,0.465279029,7.2147220397,-3.1915443407,-0.5371849854,8.3967253688,-1.2235862585,4.5874333912,1.1006338826,-2.0963624443,-3.0988565715,-2.4422804795,-1.1365606881,-4.0157407112,0.112204986,1.5161580944,-3.4834327403,4.5169905636,4.3500673686,-7.8668347896,-7.6673570888,4.1942237094,1.1843738876,-0.7318517064,-0.0784388229,-0.1593723664,8.9595624093,-5.2403492415,-5.2348239936,3.3978742083,0.4472665018,0.3587625829,0.157898991,-1.5556870505,2.9298565899,1.3472834286,-4.1856160971,7.6447831978,-7.7997845636,-5.43631012,-1.3252175318,6.5360381012,7.6936512828,0.1170880074,-9.3488078136,2.2142574858,-3.4684288953,4.3486084972,-0.5817416072,-3.8390549193,4.8880974918,-2.691229713,-2.6382788378,-2.0797476418,1.976469407,-0.9479380291,7.8093118445,1.4078260698,-3.5835616561,-1.4821404424,-1.2341577148,-0.405331905,-0.151404124,1.1628096356,-0.2378951824,0.9365288463,2.8052484864,-12.0673103966,-3.2920170796,1.1126627517,2.6619795663,-6.2716168205,6.1117819403,2.708323089,-5.9753460547,-3.9367925204,7.9175703312,7.9602394133,1.763477341,2.0216431288,-4.3523477411,0.7126666441,3.3765067701,-5.234741266,-4.7889116589,2.1720453695,3.0988231096,7.014279109,0.0626115138,-2.876606829,5.891155605,8.0485503019,-7.470185876,-8.1824582048,-0.6917676821,1.3078862099,5.0388012527,2.2290439482,5.2383593328,-10.4090727871,-0.6341953971,-1.8698928627,0.9610625399,-1.499763755,-7.3739008994,2.4287255543,-6.4185973211,2.0109258937,2.4542868711,-0.7913976886,1.9901771156,-0.5617579748,2.4198032167,3.5420884991,-9.5816800747,-0.0689400085,1.5428556029,1.2675208665,0.1794461045,-0.1421892138,4.1787419963,6.7328257749,1.8363200764,-1.6414328578,0.2504056212,-0.7571541296,-2.4621287699,0.9811346887,-7.0615272658,7.7091192033,-3.2144373661,1.4325332563,1.8295607832,0.8323254911,2.3982491926,-1.4569267839,7.8203923507,-17.7961711212,-6.0988077501,3.8642214742,-2.1540206448,-3.1638518818,3.2277746154,0.7495353332,8.8094631998,-10.5366271181,-1.6391359775,0.3392713311,0.5834016794,-0.117937178,0.2675754173,1.3494246564,7.847228747,-1.3601320205,6.7579448204,-1.7123310112,-2.8362016447,0.2509799573,-1.5474685838,0.2521748832,-3.1028659916,0.743791462,0.9236175017,0.2799948965,-13.8829869902,-2.693786079,0.4744517909,12.9588908857,1.1400710553,-0.9573204503,2.0751390458,0.9618036298,0.7673822111,0.0176566638,-1.540637849,3.4534701741,0.4171887166,0.5792603565,-3.5325430536,0.3186706269
biasActivation=1,1,1,1,1,1
[BASIC:ACTIVATION]
"org.encog.engine.network.activation.ActivationSigmoid"
"org.encog.engine.network.activation.ActivationSigmoid"
"org.encog.engine.network.activation.ActivationSigmoid"
"org.encog.engine.network.activation.ActivationSigmoid"
"org.encog.engine.network.activation.ActivationSigmoid"
"org.encog.engine.network.activation.ActivationLinear"
