encog,BasicNetwork,java,3.4.0,1,1572775372534
[BASIC]
[BASIC:PARAMS]
[BASIC:NETWORK]
beginTraining=0
connectionLimit=0
contextTargetOffset=0,0,0,0,0,0
contextTargetSize=0,0,0,0,0,0
endTraining=5
hasContext=f
inputCount=2
layerCounts=3,8,8,8,8,3
layerFeedCounts=2,7,7,7,7,2
layerContextCount=0,0,0,0,0,0
layerIndex=0,3,11,19,27,35
output=0.2803771246,0.1504410181,1,0.0000014563,0.6772028051,0.9976114114,0.8987124138,0.9998640796,0.2768826194,0.2130831859,1,0.5838565227,0.1408160854,0.1841108592,0.0011681585,0.2771715627,0.9999027294,0.0000112372,1,0.449404559,0.4715740089,0.0316989612,0.9999157404,0.0147548866,0.0074510705,0.8032493921,1,0,0.2048096702,0.9999737376,0,0.9993196095,1,0.003269379,1,8,30,1
outputCount=2
weightIndex=0,16,72,128,184,205
weights=10.9521791683,7.5396163257,8.0589210538,-2.9059372032,-7.7068858346,-11.098735209,-5.3110150829,0.43404644,2.9986687006,-1.9304721655,-9.204939193,8.7894958621,1.4011936597,-0.4620051412,2.4415065073,-0.9334321334,-0.0844530627,-4.4773313343,6.2860562162,-2.8945466778,6.7417388722,-14.4490110572,-2.0260032326,-1.3347558147,-3.6907822241,-0.8813304461,-1.0518933231,-1.1876588716,-4.2476790185,3.1039365666,-1.4662717508,1.2887093455,2.4490353375,1.2549217978,-4.7342845589,-6.6162733179,-4.0920286681,0.8678022672,-1.2964743363,5.5739154976,0.5787118327,-2.590735315,5.5176524481,2.4966882235,-0.5834094578,4.8348444795,-9.2114459454,-3.4814106732,1.8669200252,-1.0435025669,3.6223554792,-3.6688124389,-12.5708083195,7.5637341521,6.4701243019,3.2188040816,0.5686628401,-5.4311244193,-3.8007308963,-2.1393039985,-13.5066059031,3.6310490571,5.1493082106,0.2879424864,-3.445245323,-0.8274225045,-5.1385821516,-3.336512615,5.5315620469,-0.7638029096,-2.8114258653,1.0021383034,4.3507804613,0.7745381519,0.8577007984,-0.7839106045,-2.6100395492,1.5591672683,-1.9468220807,0.3654458914,3.2078808705,0.1404476522,-2.8025711891,1.066878225,-1.1355799745,2.7017239631,-4.0429291586,-1.0502408006,2.4837989235,-4.3403490425,4.472514571,7.8680199379,8.7343722701,-2.7277735107,-5.9298985278,-3.9126686789,1.5916260492,-0.7478316794,0.3717483757,-6.1129146456,1.531884123,2.7992582236,-1.1117678606,-0.1636017066,-9.6006415521,-9.8007219178,5.4372328536,3.8791762875,3.7341001321,-3.1748643528,5.003968315,-0.1242760744,5.2791450827,8.3451193436,-10.2239302471,2.2042362227,-2.5752413157,-1.2696537158,-1.1008230166,1.9818339138,7.3681953074,1.9715764368,-2.509351854,-6.2901815041,-1.3363459775,11.1402151841,-5.0012685726,-5.3141387909,4.2028757756,17.3100675467,1.7108638376,-6.2452934876,-0.5538413074,-4.3250480065,3.4490639222,-0.5919287512,-4.8695664515,13.8495488486,2.9583221754,6.0948509205,-2.5138486122,-1.9763110621,-1.6193917516,-1.4148490392,-2.0510485271,-13.5722153918,-2.879958742,-0.3409292859,0.7554578941,1.619241168,-0.0031992551,-0.1338296502,-3.5575618797,3.9476856825,-0.3964706537,-0.9673943403,0.1830149114,9.071963517,-0.183354297,-0.2847940381,1.5182845244,6.0183384097,-0.58215085,3.051215572,2.0822041145,-8.6525481416,-7.4500516744,1.7443233045,-0.5739531433,7.1395005889,1.1520600861,-3.9026204847,-1.1193019107,-4.777803579,8.904791092,-1.6389563993,-3.676918933,-3.0884034887,0.5281461207,8.0816990792,0.251648298,1.6637025416,-0.0282495732,-0.4039563485,3.3072816736,-6.6524827479,-0.3582357482,1.8152710408,0.2555818197,-23.546123303,-5.9817847083,1.9963798652,-1.4897721825,9.211262423,-3.275074738,-0.6992226314,1.7587348234,-0.2526474596,0.8017081883,-1.4483105245,1.4610543174,-6.5487295065,1.0545681929,-0.2720949322,-5.9935780659
biasActivation=1,1,1,1,1,1
[BASIC:ACTIVATION]
"org.encog.engine.network.activation.ActivationSigmoid"
"org.encog.engine.network.activation.ActivationSigmoid"
"org.encog.engine.network.activation.ActivationSigmoid"
"org.encog.engine.network.activation.ActivationSigmoid"
"org.encog.engine.network.activation.ActivationSigmoid"
"org.encog.engine.network.activation.ActivationLinear"
