encog,BasicNetwork,java,3.4.0,1,1572775380397
[BASIC]
[BASIC:PARAMS]
[BASIC:NETWORK]
beginTraining=0
connectionLimit=0
contextTargetOffset=0,0,0,0,0,0
contextTargetSize=0,0,0,0,0,0
endTraining=5
hasContext=f
inputCount=2
layerCounts=3,8,8,8,8,3
layerFeedCounts=2,7,7,7,7,2
layerContextCount=0,0,0,0,0,0
layerIndex=0,3,11,19,27,35
output=0.2244835881,0.0005978901,1,0.0039502406,0.9932700122,0.6692446268,0.9999893412,0.2978388644,0.0031655516,0.2338818762,1,0.9999990294,0.997641147,0.8520451671,0.9916201642,0.3092709687,0.9999993143,0.7900098649,1,0.6597301191,0.5632079802,0.0014919423,0.997341602,0.1193926351,0.8138508033,0.8046909098,1,0.9999957436,0.000000247,0.0000017985,0.6313119684,1,1,0.0000000487,1,8,30,1
outputCount=2
weightIndex=0,16,72,128,184,205
weights=10.5906466501,-9.0283576453,16.2524116793,-1.00320984,-6.7489681664,-9.7061357107,-0.9817032085,0.0828275939,5.4008615936,2.809946263,-5.9891381169,-9.9980797608,14.1741781467,-4.1574797436,3.0716116586,-1.1545586047,0.9397009138,-12.0133307378,1.5774664308,5.6025593465,4.0582111114,-9.0186873384,4.4159525762,2.8905370405,7.9889403818,-3.1722516401,-2.7691115074,4.3105018232,-4.5668317911,2.6326976974,-0.2521082045,-2.7658465333,-3.8103823465,-1.3156323252,3.708892376,-10.0862106714,7.8906366839,6.422051486,9.8161991842,-3.9480618715,12.3556775335,3.0689594784,-0.9675646595,-6.317707743,-1.4405719371,6.9105370156,-1.6120629669,-2.0705543738,6.8199427789,7.1935068478,-10.697320984,-0.1136646662,3.3861161922,-5.0078059124,-6.475442121,3.449466138,-1.8946851775,-5.4608823657,-2.0315212652,1.7600598101,-3.9788346184,-0.87263963,4.8084385076,-0.1194728224,-0.8108482468,-0.9108761052,3.8774421634,5.239643779,2.0545867399,-5.6766483077,-5.1561159526,1.1481653317,3.0483653425,-4.320074004,-7.3994641007,-1.7257763518,-2.3089514618,13.4218879864,4.0118010733,2.1236131355,2.45029412,-1.8229399533,-4.9264836784,-4.8926162356,-6.4205448073,4.3380015752,13.5630330701,-3.3336303239,-2.1447007039,-2.1414075387,-7.6450748158,8.9301049708,0.5069341365,-6.5176892951,-2.1937911231,2.4859810143,5.4749639605,3.1099057203,3.9137713309,-0.8688972297,-7.6815318663,-5.9979075231,1.6170644361,4.7680208331,2.917605597,-9.3124801411,-0.5175543252,3.9360671226,-7.4313395327,-2.0170692773,2.6108599162,-0.980424859,2.6164012514,-1.7073469883,-5.6887236163,3.0065748553,-5.5064448543,-1.5666629384,13.724889343,1.3263662252,-3.2598245382,7.0800689919,-3.5807346588,-7.1387937829,7.6855489397,3.3370093204,4.7107530343,-0.8109295708,-0.9931508863,0.0559299638,-7.5977379494,6.0931658884,-0.9244364927,-0.291138627,0.2689521444,-0.9758613635,-1.2869580491,1.3551361233,8.2074117145,-2.8133299959,-1.5343182816,6.2234541535,-3.6042579638,-1.3719175036,0.1643754672,0.2577415532,7.8729170981,-12.3216523978,-0.0649184019,0.2531504111,3.1859929226,0.9200021087,2.2062384854,-0.7518685507,-5.0704047211,-9.3510513053,2.0616112766,6.1009097267,-5.314775092,1.4620597225,-1.7375002708,-0.9845803222,15.5251362134,6.0624741583,-1.2496968704,-2.3451995263,1.4430642698,-0.4931453108,-2.472916714,0.4533549824,5.8129102153,15.2230907848,-2.7896503069,-1.2520397643,1.062768505,-1.6207051905,-0.8554155242,0.6234980601,12.5824510703,16.5455577614,-1.4510889174,-4.6998343085,-4.3100354884,-2.023221243,1.0618510991,0.1133738797,0.4710651014,-1.4602360718,-0.1173960921,-0.0101183315,1.2511206975,-0.6308554261,-4.3118799726,0.5565043026,0.122101356,-7.5772258013,0.643127274,1.199144033,0.9151808757,-0.5053361624,2.1324537668,0.2455875351,7.3536783882,-2.5481112337,0.7754377622
biasActivation=1,1,1,1,1,1
[BASIC:ACTIVATION]
"org.encog.engine.network.activation.ActivationSigmoid"
"org.encog.engine.network.activation.ActivationSigmoid"
"org.encog.engine.network.activation.ActivationSigmoid"
"org.encog.engine.network.activation.ActivationSigmoid"
"org.encog.engine.network.activation.ActivationSigmoid"
"org.encog.engine.network.activation.ActivationLinear"
