encog,BasicNetwork,java,3.4.0,1,1572767065240
[BASIC]
[BASIC:PARAMS]
[BASIC:NETWORK]
beginTraining=0
connectionLimit=0
contextTargetOffset=0,0,0,0,0,0
contextTargetSize=0,0,0,0,0,0
endTraining=5
hasContext=f
inputCount=2
layerCounts=3,8,8,8,8,3
layerFeedCounts=2,7,7,7,7,2
layerContextCount=0,0,0,0,0,0
layerIndex=0,3,11,19,27,35
output=0.9999862415,0.8918918572,1,0.9999380132,0.9712684847,0.0000000344,0.9999999068,0.0003769754,0.9663583415,0.230798541,1,0.0760190418,0.9999941212,0.2738148123,0.0000608974,0.9682611082,0.000084328,0.0053721136,1,0.000000389,0.9979547801,0.0000222496,0.841691678,0.9988197162,0.0000010006,0.983969264,1,0.9999999999,1,0.040316738,0,0.1373980577,1,0.0031572224,1,8,30,1
outputCount=2
weightIndex=0,16,72,128,184,205
weights=-4.0788565946,-0.333182395,15.3104208691,17.2117305679,-15.6264472513,3.6831558745,-13.4142124745,-2.0730560413,-1.485149284,6.163345403,-2.8234693991,8.0442749885,1.9899993127,-10.6360129136,5.0949253234,-1.3337189405,1.3080521012,1.3038420673,2.4812034854,-0.4188236994,7.6234737634,-3.0693682629,-0.8960367598,0.2294510467,-2.4239571361,1.3189010256,-10.7009567885,6.0404263454,6.1779653918,13.7476078138,-2.1533269932,-0.6557804328,2.119374274,1.2293494129,-7.4783486534,-1.7156561877,-14.4835343016,9.6436986882,4.8545917667,-2.5321789745,10.3290361019,16.4132666269,0.5837998162,2.0125367413,-0.3430184502,-11.5141344268,-0.1621609377,-0.835779646,1.2786808,5.4165414043,1.5950611599,-3.9085202585,-8.4794106357,4.0138098331,1.7821429682,-5.6328092951,-13.2715404293,-1.7639361645,7.5613687348,-0.7730503481,-2.2585917736,2.991999382,7.2680270108,6.2078270775,-1.630713714,-3.2633318546,-2.5452010444,6.2349791436,2.2799418266,6.3880188594,12.4336959209,0.6050914039,1.2911742832,-4.495508285,-6.3016746587,8.9671381823,-3.2698244145,5.6042185004,3.7760402694,-6.0083675776,-3.7719922074,2.7399013233,-1.6184925078,12.4388441172,-1.6937796338,-7.5531969265,4.822730927,-4.2134056799,-2.8575824051,2.7648749236,-2.2315450133,-5.1853806474,-2.5527321258,7.8992193119,4.2408932365,-0.9932280199,-2.7515915082,-4.2114992284,0.425521526,1.6080438474,3.3648348044,6.3632012909,-4.85635117,-5.4392291065,-2.946763208,14.270733904,7.7676001632,1.4683529255,0.5745035328,-5.7814495435,-15.3479006668,2.4683826123,-9.5494258031,-8.0828786179,0.5069350545,0.5027938898,8.0506015103,5.779605091,-13.1794310879,3.1894800643,-5.5428099571,-1.3935894569,-2.1657385027,-9.9473324997,3.9205885489,1.7723578027,-0.577997814,1.1949984958,-1.6380468427,-5.7149914815,10.6640120959,-0.4880604394,-1.2445517346,-3.4044250972,10.291575404,-4.2935639863,2.4820834819,-2.3051469706,-5.9659209644,-0.7326246883,-8.1694763185,3.6591731796,7.1296969633,3.6945795927,-2.2893033094,-7.4409398625,1.49463153,-0.2076719972,-1.0102209361,-1.3212752998,3.1961475229,0.4068067266,0.5353133366,-2.0956299284,13.5248992602,-1.8025352044,-15.812810371,2.5802790926,-1.9256663042,2.2843561012,0.5574778232,4.8470884274,-1.3166038341,0.3381300743,-2.0407046227,1.612782991,-4.7952853514,0.0720799276,-5.1115253993,0.3868406127,9.1372879657,1.0003755598,5.5739841001,-5.0225723382,9.3329600477,-5.2314047152,5.1599214343,-2.7101423433,11.2274206421,-1.1928993979,-10.3661412316,1.7473169602,-9.6367417698,0.9220507642,-0.684385194,0.9928366283,-0.7658220858,-0.9092703196,1.6468234408,0.7490822454,1.2368938874,-0.2711251022,-4.9312346092,-1.5239976855,-1.0268170186,0.506651835,2.3616899898,-0.1070020705,-17.5205288973,3.639946393,0.7218405765,0.1273144608,0.6127893009,-0.2974969647,-1.7323058607
biasActivation=1,1,1,1,1,1
[BASIC:ACTIVATION]
"org.encog.engine.network.activation.ActivationSigmoid"
"org.encog.engine.network.activation.ActivationSigmoid"
"org.encog.engine.network.activation.ActivationSigmoid"
"org.encog.engine.network.activation.ActivationSigmoid"
"org.encog.engine.network.activation.ActivationSigmoid"
"org.encog.engine.network.activation.ActivationLinear"
