encog,BasicNetwork,java,3.4.0,1,1572775483109
[BASIC]
[BASIC:PARAMS]
[BASIC:NETWORK]
beginTraining=0
connectionLimit=0
contextTargetOffset=0,0,0,0,0,0
contextTargetSize=0,0,0,0,0,0
endTraining=5
hasContext=f
inputCount=2
layerCounts=3,8,8,8,8,3
layerFeedCounts=2,7,7,7,7,2
layerContextCount=0,0,0,0,0,0
layerIndex=0,3,11,19,27,35
output=0.7752795357,0.5769235753,1,0.0010858594,0.0000002728,0.3348978352,0.0000000265,0.0000977525,0.6043791047,0.0129388236,1,0.0000743157,0.0059769486,0.0006165795,0.1087268712,0.7328027141,0.9999999964,0.3229186777,1,0.9949843622,0.2625257698,0.2216648972,0.000311945,0.746858188,0.4977521931,0.9850777378,1,1,0,0,0,0.9940656215,0.0938777375,0,1,8,30,1
outputCount=2
weightIndex=0,16,72,128,184,205
weights=8.5514024143,18.8078492387,7.6890674246,-5.4529776642,-6.361695662,2.4318288237,-17.8770230527,-2.583793243,-11.1166816366,-7.5468969578,10.3922411978,12.3025628867,8.5563309387,-11.39287809,-3.8859541116,3.7769515075,8.2769920529,3.2305117858,-7.6335036573,12.3979529487,7.3619806245,-14.6493110702,-6.3815145628,3.1276371531,4.0610433864,-3.8147177926,0.0025451645,-0.8884734719,-2.3620855241,-15.5832089019,11.3986710847,-1.3621313726,3.1454619502,-7.9401902962,-3.4991704489,6.5474561163,-6.6821480381,-3.8321956955,11.3873294326,3.7030928442,0.4470420464,-4.9666401879,13.9083327901,-3.189477643,-2.6827515746,-14.9895478701,20.0646348036,-6.6008917782,9.3184490713,6.3947851167,-16.3541966197,-0.720210825,-1.7423724384,-9.4246417751,11.5546273164,-2.2132455337,0.9031317598,-1.9420233692,-9.1335482272,3.6558434814,-2.0982300701,-0.6480636504,3.0817529592,1.2339253803,-2.3273463436,2.295485118,0.5457997021,11.2192201456,-1.7209147768,-4.4411250766,5.1683775328,-1.5349634746,-6.8373478013,-8.2110390201,8.5016639531,3.7927426285,0.7020908003,6.7154754654,-2.6709309175,-3.6700847016,-4.7249379045,3.3184242386,6.3880291132,2.1248460058,-0.097348007,0.6030156233,-5.0235540937,2.0206966747,-0.1435351529,7.2430673808,-2.9240538717,9.7506498159,-10.5247732576,11.392394848,-0.705949629,-5.6189258567,3.9387405197,9.031874581,-10.068749308,-3.4364683574,-10.0091553543,-8.4303766452,1.952013541,3.587836276,1.0431046971,0.8368090662,-1.9445322318,8.5748933383,4.8334179709,2.7220176861,2.2913942496,-7.0422774549,7.119314516,3.9103190138,-2.2560253004,-8.305071174,-3.5683056827,-3.1867419493,13.2171880281,3.0565281614,-2.9123473965,-15.5508884402,-8.302130234,4.4460938937,7.4692727419,3.2731299909,6.2911212352,-5.3261764954,-1.8434071962,-0.2947888056,0.6636218694,-0.2260260767,7.2925551257,-7.772690459,-1.0145009383,0.6139778803,6.5683476712,0.6608880507,-0.6169581742,-1.0271884442,-13.8188645389,-11.4464021908,4.6254980693,7.2101909382,2.5265623167,0.869900691,0.2834012499,0.1823398402,-1.5851554716,14.5423116292,-9.6907211685,-3.5720034572,-5.2291786626,-0.6236010898,-0.6041986647,-0.2686354591,4.5798153852,12.0914982385,-1.8154014915,-8.5309525158,-7.8963447804,0.6514244609,-0.8188507574,-0.5467284477,12.7055020227,5.6031690142,-5.8703086544,-4.177845343,-5.8332185582,-0.8528897355,-0.9253123233,0.3361095586,14.4917371661,10.4141820578,-3.0378300991,-9.5591702927,-4.9198305534,0.3292078431,-0.0126663732,-0.2949923758,10.6453197499,-1.428965685,-1.6900829245,-1.3383014183,0.0244509924,1.3458378403,-1.9442775857,-0.5033013597,-1.3031542951,0.240645036,-0.6195817849,-1.9596095542,0.5764324758,-0.934942283,-0.6867414183,0.4855042639,-1.3338238292,0.1695652767,10.7046732535,0.2075228033,-0.2912196451,4.8092259542,1.932600102,-7.9471230429,-1.7288332219
biasActivation=1,1,1,1,1,1
[BASIC:ACTIVATION]
"org.encog.engine.network.activation.ActivationSigmoid"
"org.encog.engine.network.activation.ActivationSigmoid"
"org.encog.engine.network.activation.ActivationSigmoid"
"org.encog.engine.network.activation.ActivationSigmoid"
"org.encog.engine.network.activation.ActivationSigmoid"
"org.encog.engine.network.activation.ActivationLinear"
