encog,BasicNetwork,java,3.4.0,1,1572775504301
[BASIC]
[BASIC:PARAMS]
[BASIC:NETWORK]
beginTraining=0
connectionLimit=0
contextTargetOffset=0,0,0,0,0,0
contextTargetSize=0,0,0,0,0,0
endTraining=5
hasContext=f
inputCount=2
layerCounts=3,8,8,8,8,3
layerFeedCounts=2,7,7,7,7,2
layerContextCount=0,0,0,0,0,0
layerIndex=0,3,11,19,27,35
output=0.2307690128,0.000031943,1,0.9646702822,0.0000523248,0.8208780458,0.0000185536,0.0028428493,0.9995256975,0.9999947672,1,0.9831428675,0.0954516525,0.9999995621,0.075500762,0.9893820122,0.0000225836,0.0000012237,1,0.9977623241,0.2223525242,0.1124743309,0.0047447758,0.9486313257,0.2587583201,0.1518058716,1,0.9999999982,0.999989191,0.9998505545,0.3471393589,1,0.0003204661,0.9999999999,1,8,30,1
outputCount=2
weightIndex=0,16,72,128,184,205
weights=-4.5463501754,-0.8281937949,-7.0083668138,7.8885402766,-2.9670619695,10.6497153657,2.3571055376,-4.0586561697,6.1690645442,18.7122600002,3.6151007133,3.6771808466,-14.3114959408,0.556950125,-14.4790717735,-5.3082489509,-2.7890708401,0.8519986814,1.0104925116,4.9582976606,3.968249867,-10.5711018347,0.5864603128,0.6570679694,-5.0198789581,-5.964859205,7.2715218589,1.0091713997,-13.057673575,3.0310442509,4.0829294872,1.2178689141,-1.5491735523,-0.531891759,3.2015560537,-1.1952141595,-1.6935552743,14.2833384355,-0.9669792512,1.660073216,7.1872085837,1.8672171468,-10.6212759203,-5.4820354362,1.4874413304,11.4754537231,4.4367665658,-8.575850931,-4.9865697847,3.4159339646,1.9899388531,-13.7458554704,-1.0606159361,2.4989203962,-1.7645526167,-1.1864629378,7.9106483224,4.6717768397,-11.2786925645,-6.421300051,10.2536771356,13.2099610213,1.5438376808,1.0483612796,2.6098517655,-6.2034437125,19.3511763358,-3.9316593417,0.9728894373,-10.430999626,1.519625031,-9.82982447,9.1707981172,0.3768026008,-2.412430153,-0.1650797276,-3.1023391862,0.4755088062,2.447066821,-2.4475043708,0.1365959836,3.7402289447,0.0799797141,-3.2573625414,-6.6966036135,3.5377564563,-2.7599542999,2.6458655382,1.0890264252,-1.6556604537,-7.0280550903,-1.2011347147,22.2670972589,-9.3849785782,1.9170950583,-4.266871418,7.3285856024,1.9003048766,0.7467093232,8.4376251314,-11.9674085198,9.148982883,-1.5143225943,-1.1486877084,11.6326443643,-11.9083604717,1.8989141114,-2.6939867985,-11.8357984463,13.4863449333,7.177203216,2.0235376161,-6.4502375271,3.2872724153,11.4810065889,-8.1892882186,0.9934010481,11.6690010178,-2.5918381849,-9.8142234396,-6.7679341576,-0.2685782964,1.1854127557,-7.3225638102,-6.0931530754,8.9948231254,6.5791648952,-4.4458206025,-0.4843381776,1.1216004597,12.3025598737,-12.7160405713,-1.0322742458,-3.3562376998,-1.0231185694,-0.3671876172,-1.7756103081,-8.7770443519,13.0443660434,-1.8259722633,-1.3708330376,-0.2372765687,-0.0524637434,-1.684626411,2.7054714259,-16.4019756523,1.4058526,6.459051009,3.0965977669,4.0613565796,2.5587882476,2.3260936544,0.9508971021,-2.3530594128,-6.9334807827,6.1621953107,-0.2292267748,-5.2774788324,0.9929179768,0.087485983,-4.2040407963,0.578114244,13.9273877656,16.126198529,-5.0331509165,9.5038325148,-3.6430522161,-4.3082626317,-1.2568064049,6.1335300393,1.8822591683,-16.084188531,-0.5356265765,17.1983168733,0.1293454795,-1.8268429247,-1.9553821923,2.1224129641,6.2388338914,4.7412655245,-3.4563091051,7.543230053,-2.8882048526,-3.4291996173,1.1391092075,0.3682146842,-0.0243906316,-4.7387812493,2.0070131868,-10.8650249165,-0.9028893883,0.4170053475,3.521384035,-0.8578866154,-0.1191380417,9.8055967903,1.0066487572,0.7658820738,0.2165465049,1.6487824381,-0.5539016459,-4.6186235536,1.0112234372,0.5079377126,-0.2727788434
biasActivation=1,1,1,1,1,1
[BASIC:ACTIVATION]
"org.encog.engine.network.activation.ActivationSigmoid"
"org.encog.engine.network.activation.ActivationSigmoid"
"org.encog.engine.network.activation.ActivationSigmoid"
"org.encog.engine.network.activation.ActivationSigmoid"
"org.encog.engine.network.activation.ActivationSigmoid"
"org.encog.engine.network.activation.ActivationLinear"
