encog,BasicNetwork,java,3.4.0,1,1572775519443
[BASIC]
[BASIC:PARAMS]
[BASIC:NETWORK]
beginTraining=0
connectionLimit=0
contextTargetOffset=0,0,0,0,0,0
contextTargetSize=0,0,0,0,0,0
endTraining=5
hasContext=f
inputCount=2
layerCounts=3,8,8,8,8,3
layerFeedCounts=2,7,7,7,7,2
layerContextCount=0,0,0,0,0,0
layerIndex=0,3,11,19,27,35
output=0.999795471,0.9023386258,1,0.6414337793,0.9738424313,0.6124588379,0.000035826,0.2952550127,0.0052599286,0.9229186026,1,0.9019697408,0.8751247105,0.9998611783,0.000180356,0.6615832462,0.5850448167,0.9975146905,1,0.7781336758,0.815843929,0.9522655325,0.0010527321,0.9998753251,0.9626533701,0.999869926,1,0.9999999999,1,0.000043985,0.5226864074,0,0.000000149,0,1,8,30,1
outputCount=2
weightIndex=0,16,72,128,184,205
weights=-9.7724248853,9.5845158187,3.1094878232,-3.7224776042,-13.0043679115,-0.004130652,4.9092337112,2.8336549068,11.6459215032,2.164040762,11.2086037449,-15.8214909313,-2.8479748237,6.6083901165,-16.4389269643,1.7596306588,1.7217626887,6.9917440919,3.0368116158,0.3380868944,-6.3153345437,-2.1664403355,-2.8167930206,-1.8711076596,4.1750638773,0.8155351922,0.0739650081,4.6804078409,-1.7878377097,1.2494017822,-0.5813188712,0.0945573221,-6.3615715043,6.5045066138,-3.7163114468,-11.9295792514,10.5540653641,-2.3781051387,-1.3398956712,-0.0332318067,0.7458979295,-1.7850404399,0.0140525855,4.7550227555,-9.8412989951,5.6331942333,-1.2146338122,-4.9355703046,-3.9171954586,-12.797381018,7.3049260771,9.3065429412,-4.467090358,-3.5963624613,5.9251396956,5.7058805274,-8.0135460484,-1.2913433709,3.7602251496,-2.8301243382,9.0270455324,-4.882980851,-1.9055723265,-1.8580372546,-7.8978349201,4.9891386615,0.8129547103,-6.2503152726,4.9826833716,7.436360916,-4.197752322,0.968709448,0.2092090884,-5.9516422773,-1.7693599388,6.5529045612,2.065191024,6.3558765667,2.7038972346,-2.2968596827,10.4097638414,-2.4449666518,-0.6547687794,-2.0947135118,-6.3658267805,-5.5941117298,3.3708268637,4.8471283807,-1.8556840622,9.539085901,1.1344137748,-10.3382766341,-3.0200372988,5.1565718066,1.5826759542,-2.0524342278,-5.320750739,6.8363560465,-13.9392607093,6.5387249383,4.8238228351,-0.5187479515,3.4599105122,-4.5738549163,6.819951835,4.3959133038,0.1882802635,-7.3306416543,-0.1500562946,-8.3655166567,-0.7634399497,0.5720397442,4.1706457631,-6.3684895707,4.7637557127,0.7089168786,-2.0504988372,-4.4387477285,3.7422275133,0.3382628007,-0.341447194,0.9578713275,1.1479700224,0.2527243724,0.7242009413,2.3060912464,4.7680424312,-3.3258499903,-0.2896635125,2.701965787,-16.4282431674,-4.911744491,1.2877158982,0.2221258028,-1.8748611178,1.4105456432,6.7856077595,2.9988233292,-4.8955518926,-20.895820203,0.6142132312,-1.1903246963,-0.1679603569,2.6261850736,2.5497045315,2.4009836192,-6.0521018398,-9.2788998417,0.1529575725,0.0002044602,-2.6668290825,2.8927230653,-14.4856014766,-1.076162542,2.2553934123,18.0495201946,-2.7281340883,0.1760460353,2.0941123971,-0.7278872887,9.3015291954,-1.4863144584,0.359159925,7.0266719717,-0.8304157856,-0.4915885212,3.0083175005,-2.4983003198,0.7518801947,-0.3800497637,-14.3127980159,3.3671150973,0.8955651923,1.1579840731,4.2517619412,1.1183043745,-0.3597310604,4.3061618057,-10.0960824226,1.3255674363,0.8769541806,-0.7732686008,-0.8572834044,4.3084339782,-0.7904792351,1.1957538758,-6.2880964033,-0.3682489302,1.4356062251,0.8372397766,2.3282846469,-0.8219435826,-3.9995868222,0.9523807522,0.1941429418,-13.3525262938,2.2138753015,-7.3143290318,0.5338561645,-1.1730976209,-0.2183724965,0.2163615739,1.1636912038,-5.1953262739,0.1182256642
biasActivation=1,1,1,1,1,1
[BASIC:ACTIVATION]
"org.encog.engine.network.activation.ActivationSigmoid"
"org.encog.engine.network.activation.ActivationSigmoid"
"org.encog.engine.network.activation.ActivationSigmoid"
"org.encog.engine.network.activation.ActivationSigmoid"
"org.encog.engine.network.activation.ActivationSigmoid"
"org.encog.engine.network.activation.ActivationLinear"
