encog,BasicNetwork,java,3.4.0,1,1572775531986
[BASIC]
[BASIC:PARAMS]
[BASIC:NETWORK]
beginTraining=0
connectionLimit=0
contextTargetOffset=0,0,0,0,0,0
contextTargetSize=0,0,0,0,0,0
endTraining=5
hasContext=f
inputCount=2
layerCounts=3,8,8,8,8,3
layerFeedCounts=2,7,7,7,7,2
layerContextCount=0,0,0,0,0,0
layerIndex=0,3,11,19,27,35
output=0.5599973668,0.4545441236,1,0.1991153102,0.2988389912,0.1304781763,0.0000006977,0.8890749903,0.9999906544,0.0022519029,1,0.999640303,0.0000000106,0.6589225908,0.0000001642,0.0275483247,0.2282683267,0.0525753294,1,0.9944256728,0.0001827655,0.7547035498,0.0621663755,0.3850486923,0.0001213751,0.9999952798,1,0.9717692879,0,0,1,1,0.9990250868,0.000000664,1,8,30,1
outputCount=2
weightIndex=0,16,72,128,184,205
weights=5.8773690034,-13.7062669197,7.0960691478,6.3645301121,17.149897381,-12.4193315113,0.5390728711,-0.5885857476,7.169699873,-8.5955142329,-15.1695409811,7.7871663436,-6.2008460683,11.4243183704,13.251311158,-3.0029956392,-2.2457790137,0.8953710639,3.6920894999,7.5774746244,4.209620939,0.144262874,0.3116795099,-1.7449493948,-11.2852037212,-13.5072447725,-2.1086417436,-4.9435679944,4.045341137,9.2968897437,7.1251274749,9.2095107359,-1.3440775583,-0.6506578854,-1.667813535,-0.5102081362,-4.1544583358,6.0746752284,12.2343261103,-1.3696145548,-15.6002794252,-2.9898598207,-1.3297916664,-2.2813309452,1.9226346997,6.0202596701,-1.506448539,0.947467906,10.0814372826,-14.5491642719,-3.8332403186,5.5568283093,-4.9681945978,8.7394952927,-4.4680606578,-7.0938507024,14.5546694979,4.3685122012,0.8697117944,0.1862386063,-4.5619657596,-4.9791368725,1.7050689516,-2.3693005847,-5.3646192434,-17.8266236126,-3.4927520292,9.8541919619,0.8015720493,-9.8128681259,17.9342892152,2.8453999933,-0.0978965913,17.311436215,9.826237331,-2.6727304095,-13.1759347487,-7.5777593939,11.1322667824,-5.2835845275,-4.338686386,12.6648850161,-19.4814459498,3.1435528206,-0.3855003254,8.5277308858,5.6851396031,-5.0778408189,0.8279158015,-6.1927492089,-2.5523972061,1.7159123301,-2.4080019533,1.1768496281,3.0171909139,-0.4341626292,0.0677113895,7.7748545223,-12.5132587826,15.232478743,-3.0551872915,5.4632330014,-5.8477721494,-0.1705190076,0.1982000661,-4.7961701775,-10.347460509,6.6644123499,-5.7297980884,0.3995030946,6.4880468762,-0.6469479814,2.8000864707,-5.5025293915,-8.3807963625,10.3078975227,0.2480552413,0.9767169268,-0.5071683633,2.0941589034,-1.2232946099,-9.8267512387,5.5496154211,3.9539433123,2.5542806672,5.4253238116,-9.6495700074,2.557997859,0.8848340627,-0.7168477014,0.2585906892,0.4999185462,1.6620149658,0.780482013,-0.5106330566,1.3824848856,-16.2685432041,1.3417544312,0.8863568596,4.0799778202,4.1220645656,-5.3672259164,-0.9919070404,4.3620986235,22.6283783698,-0.6861649007,0.8359049962,-1.1390753094,-0.8138617486,-19.3483351747,1.0984986668,0.416702965,-17.8361623659,0.3886956743,0.4324250974,-0.8976489134,1.7476923878,13.4025635896,-0.6317899432,0.3793361983,-2.6231618237,0.8874309294,0.8932815909,3.989810611,3.3300242523,-9.1188314923,0.496925762,3.8710410369,-19.7867838948,0.0163486685,-0.4492816065,3.7903914174,2.8226282299,0.1632606053,-0.1832901027,3.4355647802,8.0401045383,-0.2713090868,-0.617127971,-0.096893725,-0.9429604122,6.0805340826,-0.2429824342,-0.5842229089,-1.0795243642,0.1717111283,7.0235690151,-0.735052451,-2.363712077,-0.1313327029,-0.5326724147,-3.661367618,0.0268989123,-0.7504740179,2.9072826206,-2.2970780431,0.9239823456,0.6398297772,0.8727823976,-0.4222535171,0.4513044469,-3.2289185422,-0.9542874429,-0.1841036439,-1.0676359992
biasActivation=1,1,1,1,1,1
[BASIC:ACTIVATION]
"org.encog.engine.network.activation.ActivationSigmoid"
"org.encog.engine.network.activation.ActivationSigmoid"
"org.encog.engine.network.activation.ActivationSigmoid"
"org.encog.engine.network.activation.ActivationSigmoid"
"org.encog.engine.network.activation.ActivationSigmoid"
"org.encog.engine.network.activation.ActivationLinear"
