encog,BasicNetwork,java,3.4.0,1,1572775549062
[BASIC]
[BASIC:PARAMS]
[BASIC:NETWORK]
beginTraining=0
connectionLimit=0
contextTargetOffset=0,0,0,0,0,0
contextTargetSize=0,0,0,0,0,0
endTraining=5
hasContext=f
inputCount=2
layerCounts=3,8,8,8,8,3
layerFeedCounts=2,7,7,7,7,2
layerContextCount=0,0,0,0,0,0
layerIndex=0,3,11,19,27,35
output=0.4555566735,0.3709680329,1,0.0007799585,0.9998041193,0.2336420333,0.998525743,0.7170291095,0.9289435686,0.0111484166,1,0.0000000002,0.4457403042,0.2549856948,0.7175347897,0.1797835557,0.9999999866,0.9829230633,1,0.8481325598,0.9999977099,0.9020317511,0.9999999968,0.9998371669,0.9999986485,0.0005979552,1,1,0.9983989898,0,1,0.9985701708,0,1,1,8,30,1
outputCount=2
weightIndex=0,16,72,128,184,205
weights=-12.9520896811,19.7850254957,-4.0693566945,4.8731421399,-7.8165887615,-23.7613484487,11.8673680742,3.6808944116,8.0697117167,-11.1056567814,22.2798576593,15.4619601572,-11.3264725648,0.9012754062,-13.1495362355,-2.6447822709,-3.6570116059,15.2685269189,14.4852616556,7.2885178717,5.324978817,-10.032489279,-4.2123922494,-9.6689841085,2.5144234716,-4.1584596649,-6.0435849844,14.2696305919,7.7375450278,-15.6086809382,10.0313014609,6.0510731967,2.1212899906,-8.3211824697,-19.4838160956,4.6733949344,-3.1862859243,-0.6358405289,6.0214376319,-0.5739294598,-12.9022122983,8.3825341897,-5.0617252168,-14.7886074396,0.6747069695,8.2010631955,-0.8389275024,7.1859372061,-1.0327539739,12.1731894855,-11.3285410097,4.0134480461,5.9614793051,5.3331162598,-5.3246859203,-5.6586170171,5.8375498207,4.6424686848,-10.9126707948,12.8733552892,4.630464095,-6.933316621,-11.0316409738,10.9908224503,-2.722562437,-0.0378232507,4.4092359936,1.6265684189,0.0485973134,4.7215922682,-7.8100813886,-3.8134190358,-10.2324066878,-1.6376531527,3.5222936627,-11.3510022762,-2.6768360466,-2.0404478277,3.6527712805,0.806714779,11.2765509765,8.3424966416,-7.3204709658,-3.1299623643,-10.7240924883,-0.8757913791,-1.2257201779,3.2077445531,14.1459722573,-7.2973422263,-3.5928840296,-0.744614675,-5.9063487087,5.8309753699,0.1141655496,-1.712668772,-8.3220058632,1.7509431641,-5.7017399099,1.085111048,3.7129394267,6.9276750002,-15.5687601224,-0.3331606422,7.9642555994,-7.0717588859,1.0969398473,3.1647707265,1.0019876817,-4.0374550565,-6.1994691466,-2.3157296082,-2.5946574115,2.1288569231,1.4426437878,9.6049011431,-0.4343606477,7.5737604832,-8.6369468627,0.1611452278,-1.0588303666,-6.0963400523,-0.0076916731,2.87382073,7.0707198755,1.1652488501,-15.2186855081,-0.0454416724,-4.3216806035,21.4931253676,0.1086395208,1.2346087141,-13.7697242062,0.5298884856,-1.221242684,-1.680335321,7.1026637057,-1.2454576745,-0.8213750498,-2.2486073766,14.3334051067,0.2231136232,-1.8458870136,-3.0907187518,-6.4684459879,-7.4755629001,-0.1951011123,3.9756585622,7.4347794287,0.53776736,2.2256145637,2.5266246304,3.6654490264,19.7993945499,-0.823976099,-5.0010161515,2.6179905505,-0.7707109419,-0.7990565153,-0.6938099612,-0.4234901044,9.897566297,0.0043935518,-1.7206775278,4.3656016305,-0.560854252,-2.2927011704,-1.0815887282,14.6114832821,0.8853445525,0.4130647395,-1.786160604,3.6970504684,0.7620868874,-1.9289718762,-1.9577392088,-12.2181444733,17.773841466,-0.5196918821,0.4490002972,-11.1478587597,0.7352468441,-1.3124674386,-0.9532511237,-1.6824833854,1.3043008852,1.0609643117,-3.3418880082,0.1232603272,29.4728124158,0.151191832,-0.8954616549,0.4185971535,-0.2448147663,7.2588476335,2.3178505107,-4.4522975283,0.5370842839,26.0546211287,-1.1102296957,-0.9520301483,-0.068498353,1.0565008719,0.9018407285,-0.863818942
biasActivation=1,1,1,1,1,1
[BASIC:ACTIVATION]
"org.encog.engine.network.activation.ActivationSigmoid"
"org.encog.engine.network.activation.ActivationSigmoid"
"org.encog.engine.network.activation.ActivationSigmoid"
"org.encog.engine.network.activation.ActivationSigmoid"
"org.encog.engine.network.activation.ActivationSigmoid"
"org.encog.engine.network.activation.ActivationLinear"
