encog,BasicNetwork,java,3.4.0,1,1572775559428
[BASIC]
[BASIC:PARAMS]
[BASIC:NETWORK]
beginTraining=0
connectionLimit=0
contextTargetOffset=0,0,0,0,0,0
contextTargetSize=0,0,0,0,0,0
endTraining=5
hasContext=f
inputCount=2
layerCounts=3,8,8,8,8,3
layerFeedCounts=2,7,7,7,7,2
layerContextCount=0,0,0,0,0,0
layerIndex=0,3,11,19,27,35
output=0.6274492647,0.5399977672,1,0.7000652828,0.3830313883,0.9999138688,0.6308675006,0.0000054156,0.0124273096,0.1984621344,1,0.9976252599,0.8328648189,0.9846503779,0.4162794645,0.9994941181,0.8368518173,0.9999864389,1,0.0005442634,0.5111118303,0.5823785246,0.9999979082,0.5073833884,0.7875066138,0.4123592577,1,0.000204233,0.9991379811,0.0000042261,1,0.0000016554,0.0000370325,0,1,8,30,1
outputCount=2
weightIndex=0,16,72,128,184,205
weights=-0.1347522113,3.3162185739,11.037946175,-11.9157711296,-4.514499028,7.4248982046,-13.6391885125,-1.559698185,10.7246450019,-10.8134217726,-6.0504348919,0.7114935926,7.5573186718,13.8545824775,0.6918187609,2.0858016146,-1.4192786781,-1.922748182,-5.1418701247,-4.969148682,-0.8262053647,8.4228639342,2.9310465456,1.842496855,-8.4670553144,6.8130966384,-6.9360924888,7.4848714497,4.5096911639,-2.5577276286,-1.2471814915,4.8898801616,-1.1262530817,7.6944523884,4.1233414976,-4.4350730778,-0.1513783974,6.0924903924,-0.2091914884,-2.877148972,-0.4181689458,-1.4536401146,2.7744876649,9.8881481952,1.0349315206,5.0493823046,-9.0978824996,-0.8465651521,4.3364390759,-9.5980699573,-2.9723680424,-0.7158796646,-0.9213367188,0.9180195603,-6.6425307364,1.5613474867,2.6966970438,7.4601825016,4.0159085169,-4.0601897967,-3.575119758,-1.0006545009,-8.1434660245,-2.9889962125,-0.9839364147,7.3658771018,1.1612731837,0.4810934879,0.4267902234,-7.8967716562,3.3296537549,-5.0405865941,0.6999265932,-1.4235929148,-7.9189460055,-1.7408997106,9.5647109953,6.9361142328,4.9242708142,0.7746641405,-7.0987686582,-5.745622641,-5.422262624,0.7672286777,5.8009795394,9.2188903445,9.3920421993,-7.1389833904,-6.9833469806,-2.7638058546,-9.3544600272,9.9085439629,3.0422186176,1.5090100268,-1.327801769,-1.0674713968,-1.4143705944,-5.1904792357,11.4842163219,0.415171562,-3.7288094925,-1.1506148761,-6.1569888009,0.5492321238,1.4628347373,-2.1056948684,3.6472768679,2.0893565559,0.1782970361,2.3089482904,0.4616083572,2.351577241,-5.8627529843,-8.4948014822,8.2438378113,2.5276070326,4.0861283428,-1.0013119971,-5.5264215435,-0.3544860394,0.7665680702,-0.4112483283,16.1061196049,6.0659893191,-0.703390026,0.1205598956,-4.5563316055,-1.88697548,7.8112540627,-0.1701654359,-6.8997050674,-4.4624052189,-0.2065590441,-0.8267532346,1.4717459181,-2.8846439847,4.811317878,7.6059603003,0.8421427908,-4.5065395556,-0.8812186648,-0.2494003317,0.7554260945,-3.0493851168,-7.6960181886,-16.8586131617,-8.7299938558,6.3607503218,0.7139827218,-0.2230027288,-1.5459226837,10.8174913097,-0.3431507705,6.5430807065,-9.5024682374,3.97840186,-0.0293618883,-0.9499034258,3.2859610846,2.5617994226,-13.8439829534,2.2124073614,0.0522571373,-1.1419308539,0.2196037417,-0.6041094871,-0.1643640179,-1.0361844841,-2.3536005093,11.0907668675,6.5041164054,-4.7378520307,-0.4319228621,-0.508090271,-3.5728922067,-5.0329207544,0.8228648406,4.2064187583,10.7951833894,-1.5926842562,-0.809579347,-0.8214943117,-7.2373236257,-2.9645112301,1.7095237411,-1.0241874309,8.5533883179,-2.2976868357,0.2723973247,17.2649459376,1.1490122238,-0.8179757633,2.9729531968,0.7525638318,2.3168661284,-0.9408188457,-1.1527355686,-0.1232615244,-0.3917087769,-1.0238389577,-0.0581311091,-0.2690314845,1.1484659489,-1.779040813,-0.8762085555
biasActivation=1,1,1,1,1,1
[BASIC:ACTIVATION]
"org.encog.engine.network.activation.ActivationSigmoid"
"org.encog.engine.network.activation.ActivationSigmoid"
"org.encog.engine.network.activation.ActivationSigmoid"
"org.encog.engine.network.activation.ActivationSigmoid"
"org.encog.engine.network.activation.ActivationSigmoid"
"org.encog.engine.network.activation.ActivationLinear"
