encog,BasicNetwork,java,3.4.0,1,1572775590349
[BASIC]
[BASIC:PARAMS]
[BASIC:NETWORK]
beginTraining=0
connectionLimit=0
contextTargetOffset=0,0,0,0,0,0
contextTargetSize=0,0,0,0,0,0
endTraining=5
hasContext=f
inputCount=2
layerCounts=3,8,8,8,8,3
layerFeedCounts=2,7,7,7,7,2
layerContextCount=0,0,0,0,0,0
layerIndex=0,3,11,19,27,35
output=0.1035638057,0.0005146932,1,0.0000072338,0.9115556863,0.9832294627,0.0553823535,0.0000047997,0.3254725551,0.9975438415,1,0.842360847,0.9661514942,0.2968743147,0.8476357184,0.0000211101,0.0000010463,0.9999999748,1,0.9999999865,0.0000233237,0.3626520158,0.0016374666,0.0001855256,0.0950908039,0.0119346326,1,0,0,0.8987325476,0,0,0.9979318975,1,1,8,30,1
outputCount=2
weightIndex=0,16,72,128,184,205
weights=1.6221616042,-0.1602715119,6.8278137818,-12.6837334161,10.5904243464,-2.9056429927,-11.5176199866,4.4119798935,13.5551042815,-6.844756239,-0.844551212,13.8752207177,-2.6852285304,-8.5922905035,3.7608783533,-2.2252745189,-1.5764991014,-9.0887875255,-0.0262999807,-6.053762518,1.2771379471,-1.3873676163,2.4968533676,0.9147037886,-3.5131257089,4.069942946,9.1957017558,9.3522443507,-1.7613253397,0.9318841376,-7.8481275306,-1.4491828317,0.296906298,-1.4340229183,0.5191159378,7.8576104187,-0.5442854322,-0.5240938032,2.1753696417,-3.7832609372,-2.8087456736,1.0251765918,7.370596292,-5.1298478424,-7.286088798,6.572447905,2.9827629093,-2.2835320994,-7.5632366472,-6.9022689097,-4.6160197317,-5.6785425613,1.2625990446,0.9950723801,2.0006238671,4.9757208941,1.4569684295,0.2793332158,-3.6322803649,1.0508538653,4.0728934574,3.6863630818,-0.9888737769,-1.0495321974,13.301458366,3.1648913814,-7.5309601204,0.4672257306,-7.8308596162,11.3476148647,-5.4212329872,-0.9945970418,-2.791500862,-5.0384042506,11.4160891136,-3.2569990697,2.1759546901,-1.3566460491,0.042809094,0.4608736961,2.4268213162,-3.8467522272,-9.2013101474,0.2664531881,3.6585996755,-6.1289478422,2.6492918057,4.8116410816,-2.7089331498,4.0815218855,-6.4390330179,1.1860663747,0.9867854784,-8.1375420793,-0.2419488577,4.9563071983,-0.2946267844,-4.2070749271,4.276460414,-1.7278379275,-1.8486391956,-2.1875741401,0.3812461601,0.666675036,-15.5206352859,0.5326834543,4.2233263888,4.872358699,3.3421151148,4.1786882225,-0.3566207909,2.8215912325,-4.7230321387,-1.8430006425,-8.4094693168,5.4798764059,4.2458655844,10.3871099888,2.2690061493,-7.0219959384,11.4230484085,-7.1324553665,-4.5124698827,-3.2148160482,-9.2763203094,2.2511561763,-1.8543605647,7.5269734267,2.4953729999,0.5094362814,-0.0655151503,4.6698056265,0.5369507831,21.1789845362,-1.47032233,-1.4837228692,4.0021018336,0.3324595988,-8.7158330037,3.7676921462,-0.5068286031,-3.633142869,0.1171612379,0.6756542877,1.3830121127,-0.931329362,16.5264253096,2.9013163805,3.5761973125,-9.5660125989,-3.4410509856,-2.4294282834,2.2754203978,0.0505985821,-2.0821914016,1.2714653582,-0.7726993464,-7.3057210306,1.0021855668,1.7467934802,-0.630546613,1.1923941775,3.1220854711,3.8749437213,-3.2699237296,-11.0128636794,-0.477547399,0.0695831866,0.4814941058,-0.8566868055,-4.6095868364,2.0907194656,-1.8045979927,-6.7013625424,3.4966091481,5.0806776735,4.8224124217,1.2870128684,-0.1314253562,-0.3915908547,0.3432127316,-0.4286008434,-2.2433844041,-1.6270892753,2.8096271707,-3.0771003207,1.430957316,0.5518196221,-2.1664423895,-0.3256834934,-0.7118952238,0.1415772025,3.6310661455,2.9781664093,-7.0363141042,0.9068413368,0.5706832564,-4.6735639359,-1.1355265125,-2.7711965904,0.4006688867,16.3285596395,1.5032081214,2.9877668257,-0.6724575412
biasActivation=1,1,1,1,1,1
[BASIC:ACTIVATION]
"org.encog.engine.network.activation.ActivationSigmoid"
"org.encog.engine.network.activation.ActivationSigmoid"
"org.encog.engine.network.activation.ActivationSigmoid"
"org.encog.engine.network.activation.ActivationSigmoid"
"org.encog.engine.network.activation.ActivationSigmoid"
"org.encog.engine.network.activation.ActivationLinear"
