encog,BasicNetwork,java,3.4.0,1,1572775599319
[BASIC]
[BASIC:PARAMS]
[BASIC:NETWORK]
beginTraining=0
connectionLimit=0
contextTargetOffset=0,0,0,0,0,0
contextTargetSize=0,0,0,0,0,0
endTraining=5
hasContext=f
inputCount=2
layerCounts=3,8,8,8,8,3
layerFeedCounts=2,7,7,7,7,2
layerContextCount=0,0,0,0,0,0
layerIndex=0,3,11,19,27,35
output=0.0958916735,0.0002002213,1,0.572534785,0.9982822491,0.9999999859,0.0186325399,0.0451416274,0.6670700755,0.9999999832,1,0.5970080689,0.0106756029,0.2168267935,0.9999998849,0.9955542872,0.0001154334,0.0162311639,1,0.724430411,0.0015844439,0.2927712325,0.4820321125,0.021343137,0.0000014191,0.9019046827,1,1,0.9851715613,0.9998894054,0.9125846764,0,1,0,1,8,30,1
outputCount=2
weightIndex=0,16,72,128,184,205
weights=-14.8715647186,10.4897846817,0.3840389392,9.1349787256,-0.6246791087,9.3971663046,-10.3209980334,-0.6746260992,-4.2415418261,-0.7681424049,7.2830089636,-4.0903730514,10.385022792,-9.043671524,-4.8589511014,-2.1045117674,7.2863703405,4.1071291496,-3.5251406987,-8.0103469956,2.9058583338,0.1784853107,-0.748784606,1.7922169587,-0.4994096911,2.4511407576,-4.599865643,3.3465915003,6.5872633311,2.9118111825,-5.3984364183,-2.1829039911,1.3266308013,0.4141493622,1.5042714031,8.3254511444,2.3573268198,-7.4007526136,-0.6915046569,6.2954031523,-4.9378601997,0.7987835788,5.3710335271,-4.2855428227,4.2541872326,-4.2764290628,0.0334825617,-2.1389883779,-1.6710619712,-2.3011129189,-1.1967233589,6.4468920987,-12.267341151,3.5663094889,3.0412505708,3.9460647431,10.879957276,10.4981566241,0.8881240469,-5.3222714503,-5.5652158542,2.9212206288,-5.4294100164,4.8454313245,0.6352990419,-4.7467838242,-5.5860045527,0.7101050182,14.9393724382,2.851635795,3.9034723128,3.1378364641,-1.6334125672,-1.4996497825,-6.7281899471,-3.6560998286,-4.2741351622,-1.4356273194,9.0161654816,-2.7296344528,-4.6291724566,-2.9693490823,1.8077664874,-2.033705581,5.9556193411,-5.1882580411,-1.209293483,0.2437694138,5.1199583038,3.1178767313,-6.1520050839,-1.6094440612,0.3885102144,1.9234391927,-5.3104466205,2.3599071181,1.1542737247,-5.6076090822,-7.3891361574,0.4092233239,-11.9461890415,-0.5901583587,11.4805553676,7.016535246,5.1349763518,2.8379300755,-0.5836770715,-0.1689123743,-12.799911004,9.1222365823,1.9855151846,0.4216667745,-2.2303292282,1.4968764698,-1.5657873897,5.058195611,3.8619467879,0.8139757744,-5.628739568,-4.4389909789,-1.425508967,-0.8542829214,-4.4474440662,3.6996677277,-5.4299557932,6.0628721339,-2.6539618498,-1.0421929062,-0.1792594401,1.0075148283,-0.7537973442,6.5449072084,-0.0594669111,-5.9217603092,-2.5856906386,0.8559222621,3.0304794961,-2.4842512872,-5.1358187654,-2.6458830908,0.1804255672,-1.2959115628,-1.6843982673,1.8167528243,-1.5083837095,-4.8055627964,10.1791250879,7.1125867981,0.3218497084,-8.9983609555,5.6163374764,-2.3097512459,0.7586005087,-1.0054572985,-4.0840960062,-0.5045111958,-0.1781405189,2.8860121178,1.2506293844,1.8180863116,3.0808283098,-10.4431508467,9.2314842872,-11.2394426504,-0.1917361694,3.1749229535,-1.1786130416,1.2335729139,-0.6179163561,-2.8989178364,-11.9130102699,1.2168970374,-0.001578722,2.674772638,-1.6229730714,-1.8652055257,2.0323467971,8.3462769227,-3.6942394364,-6.3954171165,-0.6411802682,-2.3605305309,-1.9771806233,3.8544288098,2.7490552646,1.9986054925,0.022276138,-2.0598421426,0.2947592577,11.8322283346,-1.943681542,0.5384089861,8.5067111887,0.2796577593,0.1367843611,-3.9951826259,-0.879042861,-2.1075613794,-0.1144737081,-2.3427779081,2.6887591254,2.2254776898,2.2938771918,-2.128511885,-0.4091970403
biasActivation=1,1,1,1,1,1
[BASIC:ACTIVATION]
"org.encog.engine.network.activation.ActivationSigmoid"
"org.encog.engine.network.activation.ActivationSigmoid"
"org.encog.engine.network.activation.ActivationSigmoid"
"org.encog.engine.network.activation.ActivationSigmoid"
"org.encog.engine.network.activation.ActivationSigmoid"
"org.encog.engine.network.activation.ActivationLinear"
