encog,BasicNetwork,java,3.4.0,1,1572775745896
[BASIC]
[BASIC:PARAMS]
[BASIC:NETWORK]
beginTraining=0
connectionLimit=0
contextTargetOffset=0,0,0,0,0,0
contextTargetSize=0,0,0,0,0,0
endTraining=5
hasContext=f
inputCount=2
layerCounts=3,8,8,8,8,3
layerFeedCounts=2,7,7,7,7,2
layerContextCount=0,0,0,0,0,0
layerIndex=0,3,11,19,27,35
output=0.1666678799,0.0563420678,1,0.9999865107,0.9966584014,0.9999979991,0.993747602,0.1980213925,0.9995327951,0.3384885909,1,0.0677015286,0.0046326165,0.0010051325,0.9999993035,0.9976737203,0.9872754873,0.7158966146,1,0.2051014768,0.9999993916,0.0350211979,0.1034288377,0.9999898234,0.976343443,0.0057301179,1,0.0004393082,1,1,1,0.5496459205,0,0,1,8,30,1
outputCount=2
weightIndex=0,16,72,128,184,205
weights=11.6533400763,5.4271098832,-8.0918526162,5.5984372873,-11.8712110722,-10.8777238158,2.1516666912,-3.6481031121,13.1187002808,-20.4397997408,6.8254826213,-1.7957154641,11.2668652788,2.2026661208,-0.7021383562,-4.8013800413,-0.6301622823,2.5244020758,-8.4153419942,6.1758966713,2.060113751,0.1894586362,3.3802033073,0.4148882497,-13.7124457599,0.9216296425,-0.3549879478,-8.8322011835,0.7298396406,11.5734577594,5.4946882507,-0.6333670977,-6.1436503652,-1.0035696453,0.9475124949,2.138813603,4.2952666973,4.9891106406,3.0280791104,0.0240517663,-2.8330558611,1.5932887048,-2.2303607452,-0.1361616042,-3.6161939675,3.4960663498,4.5821668353,2.2671859794,-13.0996719427,-7.1796510825,-1.3568520531,-7.7479496589,8.9216153319,-3.1734117745,-2.1548617707,3.0455583394,-6.1875339364,-3.2433076296,-1.7477660897,-0.9642720735,4.264273605,3.5541204318,12.215874634,-7.4403190164,2.4025802547,2.4854388674,2.3566035616,-3.2075364998,-1.7847681342,3.1523934908,-2.572660857,2.8710509244,8.8116992747,-10.6031747915,6.4455140958,2.5564652385,-4.5623020751,8.3978462721,0.2036863578,2.0450960565,-7.8957829769,-0.1930592655,1.9865924594,0.6588896627,-3.6022623825,-0.324166906,4.6878787871,0.1966466349,0.9958074335,-2.7862737325,0.2758644037,-1.0791221824,-2.0411143811,-0.9209279478,6.6415570088,-1.3154698564,0.2378274759,0.1637523307,-12.5803175648,0.1459909143,-0.1231944158,11.6778988244,-0.7985676519,3.1162109677,-1.9141447806,8.7135493972,-7.3436911205,-0.7862652604,-2.6027024986,1.8226964751,3.8190573763,-1.120072191,-8.2828874341,0.750749744,-8.5153839877,-1.0648721163,7.3809025849,-5.8306616453,-4.2627193953,4.044186121,-8.7468949513,3.5184687518,-7.0793216912,0.7988852675,2.8249786087,-6.1698452688,0.010730375,2.563907197,-13.8721514403,-7.3410839145,4.4660202844,3.9631516874,-12.3552739374,0.7484234687,-0.1284189844,4.3543224122,-14.618784825,-2.8962872392,6.8466580379,5.8838154338,-2.2943517788,-4.4849498569,1.6399100192,5.7458176982,11.3437046044,12.0609219091,-6.139830239,-1.9846078342,-8.0529644524,1.3935134413,-1.3915757813,-2.8313407595,1.1485253693,-1.7233433224,-0.2722752599,0.2705750915,-0.7808836379,1.4066700764,0.1333488307,-0.0059454103,-5.241645155,7.050272085,2.6174199183,0.6117322879,0.5973245801,1.7237430114,2.9149520609,0.889970291,6.822092213,1.2875417749,-3.9824735133,-2.788145456,20.9770766119,-0.9780431103,-1.8565545061,-2.3297103074,11.4115681594,-4.8022781711,-0.4865778353,0.3146745247,-2.1824699418,0.3930570881,-0.856796588,1.0124814078,2.5129868923,-0.3789817969,-16.464311203,-1.8866003806,1.446394889,1.2093867182,-0.0619143468,3.6321156423,0.1759333441,0.8936919521,0.6726555124,-0.5388492473,-0.3863338127,0.159611488,-1.4984339652,1.7901080246,-4.4132603834,-0.0066930802,1.647192563,-2.9613101741,0.5594719623
biasActivation=1,1,1,1,1,1
[BASIC:ACTIVATION]
"org.encog.engine.network.activation.ActivationSigmoid"
"org.encog.engine.network.activation.ActivationSigmoid"
"org.encog.engine.network.activation.ActivationSigmoid"
"org.encog.engine.network.activation.ActivationSigmoid"
"org.encog.engine.network.activation.ActivationSigmoid"
"org.encog.engine.network.activation.ActivationLinear"
