encog,BasicNetwork,java,3.4.0,1,1572775786145
[BASIC]
[BASIC:PARAMS]
[BASIC:NETWORK]
beginTraining=0
connectionLimit=0
contextTargetOffset=0,0,0,0,0,0
contextTargetSize=0,0,0,0,0,0
endTraining=5
hasContext=f
inputCount=2
layerCounts=3,8,8,8,8,3
layerFeedCounts=2,7,7,7,7,2
layerContextCount=0,0,0,0,0,0
layerIndex=0,3,11,19,27,35
output=0.4538420599,0.512286983,1,0.0000020139,0.0311896732,0.0009084293,0.9600461228,0.4805517381,0.0001557726,0.9341494708,1,0.0161490799,0.1566622925,0.0001253747,0.3576928158,0.2718461143,0.9997278177,0.0046267468,1,0.0000000049,0.7302186299,0.003339768,0.0000002007,0.9792409202,0.0002008436,0.9536538981,1,0.000868707,0.9997107458,0.7231000006,0,1,0.9999949329,0,1,8,30,1
outputCount=2
weightIndex=0,16,72,128,184,205
weights=2.8465830709,6.8016265065,11.8003998163,-3.229253466,21.5281378641,-4.3708823475,-5.970398159,-2.075251673,2.9157950322,-8.346604172,-1.6249280601,10.8354360845,0.5515138712,7.4780191967,-19.0884518627,7.4737089291,3.4929989305,3.8977597942,-3.0424678924,-0.0698969565,3.9169284695,-14.0047547566,-0.7023398461,-0.8177014194,0.8397123854,8.0151514924,3.6342660487,3.1219883252,7.6067155023,-6.7864684778,7.54739713,-1.1405374566,-7.9831998221,-5.1367989083,-2.4601578284,2.5193488304,-7.1398525709,-6.6497683414,6.3791744949,1.5893195328,2.6665223579,-0.8575577893,-10.8124162117,4.2313391146,5.6386861383,-0.2730547871,-7.5926882993,0.5336316941,-16.9760515889,1.0030091831,-2.0943726843,0.1805853493,4.0153614323,-7.7760490642,-5.1604581631,6.6810983701,6.4123922294,-1.517172081,6.2919312443,2.1384714231,-1.5922912001,-9.7955085298,-1.6214716787,0.8346695821,-5.4968792444,11.4511053347,0.1089281897,8.5786428762,-10.3163829979,-3.6284967898,-10.8565947777,4.3607380634,-1.938780601,-6.2627641498,-3.1338305856,6.8782963071,11.2967032157,1.6057767239,-10.3135098489,-0.7529570466,-3.0340988962,1.3448341499,13.5012300439,-8.0554209147,-4.978907993,-1.7012500105,-2.5694711151,4.6158909852,8.6120790396,-8.7925141444,4.5639660284,1.9147021458,-3.0794911021,1.1796282853,1.5084322054,-1.0020588749,0.1220447084,-6.2741929582,7.7867344294,0.5509160624,-5.4621971179,0.6528501508,7.6581127034,2.0156212592,-12.2103234438,-5.3872422639,20.5476894705,-7.1155391917,3.6747412007,-2.9817537934,-4.2523465226,3.3373741279,-5.0099784786,-11.5133261523,-20.9755748711,-3.5395020035,4.5935528973,0.6856819484,10.3392669659,2.3276507988,-0.8074465479,-10.367765735,2.832585598,-1.7325279378,-3.7334965337,-1.3244467972,0.7058181901,5.1731643722,0.5886271367,-10.7907680416,-3.9593281922,0.7478595179,3.6552954328,-8.9911554175,-0.2962365977,-0.1441916287,-0.3494816643,13.9298464341,2.3680118521,7.6596500939,-7.8175409046,1.1511259383,0.9250060446,-7.9756700519,8.6503788641,-17.2775093241,26.9091468532,0.7330191278,-3.9286014114,4.215633531,0.6176631565,-8.1785263462,-0.1251694259,-1.939425998,-11.3722832849,0.3848738381,2.9415405678,-6.0838652815,-0.710571745,-2.1169934923,-0.2570209379,-4.7636666708,15.3065622336,2.8108438886,1.6291562645,-7.0676477959,0.9339109972,2.9865865631,-0.1133193978,-1.2093438702,-4.4143852419,1.803202972,-0.6522051477,-3.0420088776,0.0569576093,-0.4174502155,-3.9229908863,-6.9451391013,-0.0587185815,-1.2091575546,7.8176943854,-2.7366958798,-0.6282254044,4.932148783,5.6284897943,-1.0637598899,-20.1627572352,-1.5106621263,0.3637041568,9.3220878508,-0.272073,0.0952734299,0.2782722007,8.9061575925,-4.4482884572,2.4422397458,-0.3164466896,2.7015321827,1.0852523935,-0.6264700926,0.8972385804,-9.7126599782,-0.8409490359,-1.0213927092,-0.7275815089
biasActivation=1,1,1,1,1,1
[BASIC:ACTIVATION]
"org.encog.engine.network.activation.ActivationSigmoid"
"org.encog.engine.network.activation.ActivationSigmoid"
"org.encog.engine.network.activation.ActivationSigmoid"
"org.encog.engine.network.activation.ActivationSigmoid"
"org.encog.engine.network.activation.ActivationSigmoid"
"org.encog.engine.network.activation.ActivationLinear"
