encog,BasicNetwork,java,3.4.0,1,1572767075610
[BASIC]
[BASIC:PARAMS]
[BASIC:NETWORK]
beginTraining=0
connectionLimit=0
contextTargetOffset=0,0,0,0,0,0
contextTargetSize=0,0,0,0,0,0
endTraining=5
hasContext=f
inputCount=2
layerCounts=3,8,8,8,8,3
layerFeedCounts=2,7,7,7,7,2
layerContextCount=0,0,0,0,0,0
layerIndex=0,3,11,19,27,35
output=0.510867433,0.2555570279,1,0.0867091792,0.1026769746,0.1348702602,0.0023925581,0.9996277018,0.0231377905,0.9974914059,1,0.0116135884,0.0000008804,0.0083651407,0.0025046021,0.7306494334,0.5832060862,0.1018433681,1,0.8409945415,0.000275334,0.8216458659,0.9990273292,0.9965664343,0.4413735023,0.9272093422,1,1,1,0.0000058559,1,0.0028044856,0.0000000056,0.6476938569,1,8,30,1
outputCount=2
weightIndex=0,16,72,128,184,205
weights=10.6997856022,-6.2930940512,-5.7955583862,10.051594476,6.585910207,1.5648302861,-8.1192732995,1.9987025919,4.7154103958,-18.55973816,13.7479661154,6.1781868309,-14.1090022977,-3.4130635876,9.0527897447,3.7112646181,-1.0111008205,2.215210616,1.5845084783,-1.3180956045,6.0657131687,1.1312784805,0.7980687363,-7.5256637777,-11.8011347696,1.399712253,19.0216870566,-3.9113688676,-6.3556446991,-4.3236317449,-1.3808607988,5.1258496608,-7.0258473028,0.0446116434,10.5618409951,-1.9334093657,-3.7389417947,3.2364454517,-5.2999905756,-0.4763698991,4.2218848272,-9.5323271205,8.4525276345,-1.631993379,-3.2653625281,-0.3880035672,-2.6625655244,-3.2653526753,-8.2607012206,-4.1441890472,3.1566277118,-4.1574058744,1.9041322449,2.0819415915,-12.9897858224,6.6928593973,0.6556175394,1.3348266407,1.1943020719,-1.7504866819,-3.0896983029,0.2782234334,3.9552050344,-2.0636865429,2.5035423462,0.2093343138,9.5529151869,2.669653988,11.1910774607,-3.1804510537,4.5526903083,-0.9157094531,7.0277599701,5.1080765133,-9.837856004,0.0059512917,3.8589772164,-8.2028144014,-0.3805743288,-2.1506740582,-2.4294867267,12.2354895138,-3.9408577751,-10.6321398671,4.112481773,0.426092317,-1.8234950836,-0.6389367053,-4.3241134353,0.5198064049,2.3097890976,-6.9783216829,-4.4928240885,12.0546212402,5.2331576823,-1.7605891149,2.8886985981,-5.17353319,-1.0539115185,4.84448762,-10.2888771893,-5.4777839276,0.0241514024,0.2599984797,6.26783962,-2.6190034823,-3.7709064614,-2.6255360509,9.9360712349,3.1725531989,-7.7741404527,-2.6452261556,2.0757469993,2.7761615862,-1.0367659644,1.4015471909,-3.4591082215,-5.4490101881,2.0419821465,2.0000979165,-8.8979477396,-5.2928742339,3.2324543963,4.391944117,4.7104869417,-5.3480437014,-6.3002804579,1.7719198474,-4.4896979136,1.2120208896,0.2739763724,1.1629311845,-11.3580555875,3.722021491,4.7480318438,0.7369732975,-12.8467707932,5.4248741972,0.2490242527,4.4290207706,-0.0362826045,4.094271035,-15.214474803,4.6500476316,5.5634542231,-0.8782635376,0.8998236435,-0.9394891659,5.4869691792,-0.7333672562,-2.3251079942,-0.7275983551,5.5747319585,-2.2026630374,0.5413064422,-2.6647259565,-2.6501483555,-0.9850667252,13.1916422527,-2.3095677247,-4.350984441,3.5308097817,0.0154923991,3.3217756151,-17.1590699141,0.6216639518,-0.5893494167,3.5989558442,-8.9294513886,6.6484716477,0.7696897749,6.8944759864,-7.2937673314,4.4202425759,-18.2723649001,7.0062633582,-3.2809468958,0.2339473256,-0.75395004,-0.0413687212,4.9129112753,0.4294052034,8.0415469755,0.4107256868,-8.713211235,4.62605162,1.7315884097,1.0320077291,0.556693433,-0.6169848631,-0.9288281863,-0.1218075593,-0.9632050485,0.926712912,0.7532376795,0.4770278077,0.7247334335,-0.2827751532,-3.1883396,0.0590852977,-0.7004362178,1.5329826892,-1.337431406,-0.2352005505,18.3643853831
biasActivation=1,1,1,1,1,1
[BASIC:ACTIVATION]
"org.encog.engine.network.activation.ActivationSigmoid"
"org.encog.engine.network.activation.ActivationSigmoid"
"org.encog.engine.network.activation.ActivationSigmoid"
"org.encog.engine.network.activation.ActivationSigmoid"
"org.encog.engine.network.activation.ActivationSigmoid"
"org.encog.engine.network.activation.ActivationLinear"
