encog,BasicNetwork,java,3.4.0,1,1572775798749
[BASIC]
[BASIC:PARAMS]
[BASIC:NETWORK]
beginTraining=0
connectionLimit=0
contextTargetOffset=0,0,0,0,0,0
contextTargetSize=0,0,0,0,0,0
endTraining=5
hasContext=f
inputCount=2
layerCounts=3,8,8,8,8,3
layerFeedCounts=2,7,7,7,7,2
layerContextCount=0,0,0,0,0,0
layerIndex=0,3,11,19,27,35
output=0.4268040365,0.3571091078,1,0.988555364,0.0230689125,0.0052681846,0.9767295511,0.0002548273,0.3297013962,0.9715926433,1,0.0000216016,0.9999057888,0.9991140768,0.3271907403,0.9943807408,0.0069583799,0.9979571292,1,0.5013541086,0.0233271778,0.9999999777,0.996794301,0.069254274,0.9999983914,0.8383269049,1,1,1,0.1356882271,1,0.0000000088,1,0.9665348687,1,8,30,1
outputCount=2
weightIndex=0,16,72,128,184,205
weights=11.0800011027,3.5325568202,21.471252531,-7.8525340684,-26.1271023925,-6.4636362357,8.527009592,-9.919953889,0.615971759,-12.0716458368,14.3328667418,15.0513121494,5.5885833241,-12.2794798805,-11.596413282,-0.3808182864,-5.4467033489,8.267663155,-3.7861147759,11.3637840917,-3.0031736313,-11.4033099591,-1.0830605804,0.4030871638,3.7609873043,3.7154355872,-2.1126434457,3.1931186014,-0.8366740768,1.722359975,-9.4652613145,3.8708287522,4.9902430488,-2.1278418744,1.8085409823,6.6214575904,-7.136612701,26.5550934897,1.2774540134,-1.4497866357,-2.6227271399,6.382592234,-0.8163210195,2.7615425905,2.7445731083,-7.7686005502,-8.7468587829,3.3210342363,3.3034169753,2.768501118,-0.7611391508,2.2628242119,6.4856116729,10.4730389041,-13.268434178,-4.3036056665,-2.1323208901,5.2273209109,3.4302549407,5.4686409337,-2.4791762817,1.9890228034,-8.9191068942,0.1994681262,3.5525122985,8.2194479833,0.6650413005,-7.1813822378,4.2590151512,0.7160907223,-10.3809940514,3.1184893114,3.9150540391,-0.861918679,-5.2653820138,-1.0006266705,1.5266487153,-7.5946166758,-2.9814752521,3.5656833025,-3.7611094142,7.0441306837,3.3802339382,5.6124230008,-4.9450371947,4.9483393654,1.0642842908,-3.4815444483,-4.2645284262,0.4223371595,2.8992937241,12.0001210184,-7.0229506685,-0.3549476041,-3.7194947932,-1.7452960395,-0.0076165968,2.5089818518,-0.1691141552,14.8142372575,1.3786910272,-3.7072078706,-13.2719737919,-0.635286169,-0.4830024366,-4.1284049761,0.8675886398,-7.8338559906,-2.6079799071,4.0229928209,7.7807828428,2.0903218259,11.7668514367,1.5216607237,-17.8117704917,9.5761775549,-0.5442515075,-5.1439389755,-6.781893382,8.2376757559,7.6109673893,-0.5547053221,5.9262416562,-13.1873532451,-2.8788801132,-2.4360929357,11.1283258671,2.9136300317,0.2800480888,0.6578427373,6.549472258,0.3604529675,0.0285205233,0.7555888784,-4.8467246018,1.7473258233,-6.1524721271,-0.0701163049,1.6064520234,7.0050744913,-0.7858213111,-0.3967254243,-4.2358214106,-0.2442007683,-2.8855444784,-0.7157620487,-9.6375322892,3.9844597522,0.1615002166,-1.6761218546,21.1266037084,-0.1996960868,1.4186233538,6.211625924,-14.9601909651,0.6213125018,0.4553388848,4.3302106061,-11.2041264682,6.0169425757,1.6028828706,-0.8939001251,9.8240576814,-3.0801710714,-0.8148953887,-0.901703438,-0.210786502,-0.4545859538,1.3497787876,2.7590464435,-7.532106165,-3.9393382393,0.3048317932,1.7863449555,9.7792904658,2.9543324273,-1.3983664513,-4.9822642601,13.9185188915,1.5838218266,0.2100899544,-4.8393692303,14.1341045076,-4.2676741228,-1.9408139498,2.478227332,0.3388441703,0.1998165316,0.9459420332,0.7021059356,-1.0628291874,-0.404599059,18.7890315241,-2.2844267945,4.6408088952,-0.5352142901,-1.1022171022,-0.2915719834,-0.9848561409,0.7878294381,2.1269058181,0.1405994375,-0.5635014116,0.2094254631,1.5884607374
biasActivation=1,1,1,1,1,1
[BASIC:ACTIVATION]
"org.encog.engine.network.activation.ActivationSigmoid"
"org.encog.engine.network.activation.ActivationSigmoid"
"org.encog.engine.network.activation.ActivationSigmoid"
"org.encog.engine.network.activation.ActivationSigmoid"
"org.encog.engine.network.activation.ActivationSigmoid"
"org.encog.engine.network.activation.ActivationLinear"
