encog,BasicNetwork,java,3.4.0,1,1572775810063
[BASIC]
[BASIC:PARAMS]
[BASIC:NETWORK]
beginTraining=0
connectionLimit=0
contextTargetOffset=0,0,0,0,0,0
contextTargetSize=0,0,0,0,0,0
endTraining=5
hasContext=f
inputCount=2
layerCounts=3,8,8,8,8,3
layerFeedCounts=2,7,7,7,7,2
layerContextCount=0,0,0,0,0,0
layerIndex=0,3,11,19,27,35
output=0.1964656137,0.1843779416,1,0.8455417765,0.9995723755,0.9999669567,0.1521855096,0.937623687,0.7520389295,0.0038252617,1,0.0849595222,0.0000517907,0.1033805001,0.9999138286,0.0038355066,0.000635199,0.2557773687,1,0.4569712187,0.9979973347,0.9973631086,0.9967577672,0.0578685514,0.0000071061,0.6073786812,1,0,0,0.9999955089,0.2825816789,0.9999987078,0.9990042768,1,1,8,30,1
outputCount=2
weightIndex=0,16,72,128,184,205
weights=-7.7322968425,-4.3620058349,-3.5429507748,-5.4180909747,-5.6332124531,15.1855350139,7.2958148661,7.6907881592,-3.353742206,-7.2850310567,4.4850398059,12.532516621,18.6984186791,-7.8403496655,-1.0923443051,-9.3931310852,6.82978404,2.4908271171,-2.3742182689,5.8441808011,7.6539487582,-3.2763486949,-20.279120649,0.6811048784,2.3669525086,2.2821452841,4.2250506418,2.2687027997,5.456742556,-0.6781059021,-3.7313779278,5.784232355,2.2282199559,-4.1334519237,-5.886428652,8.8144103389,9.6503056159,-4.8579807795,3.7661902598,0.9262224419,3.2417313324,-5.8062884066,-0.2459543803,-1.7858274153,-7.3208535018,-3.0318734625,12.9585488455,-3.4660749354,-1.1707088411,2.1153647969,-1.5423435785,-4.0831831829,-0.0642689883,-2.5744460787,-5.4106372613,8.437596317,-3.1086665804,-3.8611695807,-8.1663295484,3.1636095446,3.9483306428,5.387784266,-0.0664447972,-0.9468416564,-5.0183007169,-2.8925636384,-2.5077422434,-3.8002333798,9.0367296217,9.5489944179,-6.208559459,0.4706470441,0.2852174084,-3.1737751266,0.9969367302,-3.1260243555,-5.1132485663,5.3298067548,6.7126907819,-0.9994161183,-7.381710348,2.8859549262,-2.7584272794,-11.7963523956,5.7238543268,-4.2312112686,5.3135907685,1.5755017303,0.2640414113,-1.1726328782,0.4015040824,-3.5561231393,2.9492977438,-3.604682572,2.495592511,0.3471422784,-3.0536084499,1.0464339501,7.220277804,-1.1951734589,-10.8637667657,2.317714409,3.8453789831,1.9932719716,-8.6823992311,1.0010981575,-1.2177598246,-7.9760423821,-4.5779024474,-1.9747792968,2.7258543852,5.1829380812,-6.7712192931,2.4817299791,-1.2334966372,-4.7547000003,10.4304505924,-2.101166488,0.9099158974,-1.9301598855,14.5588494626,-0.6399922418,-11.4514646619,9.4433420361,3.734895734,3.993766518,-7.2147229101,-0.9078460726,1.0896406408,0.6664051349,-1.3889101925,-10.5543550235,7.9328457981,-8.3875241311,0.6472817845,3.9978845509,0.1688934518,0.4483620057,-0.3143249575,-3.3836376769,2.6333448882,4.0402530261,2.5882941692,-1.7761165023,-0.2367093278,-0.2574709333,3.0569119057,-1.9676689609,9.4786249158,1.6998530368,-3.551533175,-4.1905967572,3.5844506938,0.5243356554,-7.5861608177,-14.2141420112,3.4827654891,-1.8896049429,5.5854374757,10.1505533701,4.0796869014,1.5792063553,2.1070496348,3.3743368214,3.4452857502,-3.9114729981,-4.0972419547,-1.2909977489,-0.1868334743,0.7395988516,2.8093959125,5.1958755694,-2.2347211961,-9.2686337589,-4.5273170184,-0.110755361,-2.4137011356,-1.0279234227,5.8504271063,4.095431814,-5.802489518,5.0351148483,-1.9415582412,-3.8574489639,1.3786641962,-6.9125473009,-0.5115521342,-0.7968712459,-2.971791451,-0.2880002961,0.0395263086,0.590671801,-5.7229544401,0.2018594795,-0.2904469846,6.1668422366,-2.0123145802,0.5908700366,11.9315876895,-2.509675687,0.4332318849,13.9914939854,-1.231614387,3.6276699015,-0.3123507397
biasActivation=1,1,1,1,1,1
[BASIC:ACTIVATION]
"org.encog.engine.network.activation.ActivationSigmoid"
"org.encog.engine.network.activation.ActivationSigmoid"
"org.encog.engine.network.activation.ActivationSigmoid"
"org.encog.engine.network.activation.ActivationSigmoid"
"org.encog.engine.network.activation.ActivationSigmoid"
"org.encog.engine.network.activation.ActivationLinear"
