encog,BasicNetwork,java,3.4.0,1,1572775844579
[BASIC]
[BASIC:PARAMS]
[BASIC:NETWORK]
beginTraining=0
connectionLimit=0
contextTargetOffset=0,0,0,0,0,0
contextTargetSize=0,0,0,0,0,0
endTraining=5
hasContext=f
inputCount=2
layerCounts=3,8,8,8,8,3
layerFeedCounts=2,7,7,7,7,2
layerContextCount=0,0,0,0,0,0
layerIndex=0,3,11,19,27,35
output=0.2100803276,0.2750019711,1,0.9922186031,0.5228410356,0.0000154664,0.3809563749,0.6625585655,0.0000005356,0.9965350245,1,0.999941152,0.9999637456,0.9729114131,0.9931548345,0.9996645668,0.8904515711,0.4531111103,1,0.2546923574,0.0008695786,0.7997291753,0.8725753427,0.9999186708,0.0021511867,0.0820435429,1,0.9427729516,0.0000000941,1,0.9999627355,0,0.1063326037,0.3268805599,1,8,30,1
outputCount=2
weightIndex=0,16,72,128,184,205
weights=-11.9956452877,9.896736326,-4.6112771098,2.000677019,15.9881423032,-5.8081054338,-8.7309575712,2.7489694041,-3.4518746893,-2.7863918603,-14.2825416688,17.0212551128,-1.5533576093,13.1832046535,2.3512093399,-3.8855502545,-8.3105644011,4.6593474953,18.5745898032,1.0083385355,-6.3656884958,-0.077665032,-3.3295448951,-2.6323984003,-1.9953762018,10.4151469683,-4.9030213841,0.338807678,-2.9138583479,1.801657731,-1.6855166093,-1.822047551,-3.5078349585,5.2948913211,-2.82965733,-0.7400426426,-10.9859056345,-4.3263063986,7.1100553289,2.2370314162,1.1137250321,5.8519743028,3.2506440723,-0.4769518714,-6.623168485,2.9105990894,2.3320108945,-7.1672748992,5.3194074175,-8.0662150805,7.0871243383,-8.5039239371,10.8299873031,-5.3579672481,-1.0258598942,-0.6184014297,-7.3191071033,4.6357684855,-14.9879231179,3.0008745358,0.3514850843,0.2299850623,2.0219974533,-1.6276281251,-3.5564465887,-1.9142555299,2.2065952778,4.0902347868,8.1979742039,-0.508975308,-3.619105369,-1.1792056552,6.0084463103,-8.6468274117,2.8762271058,-2.316699714,9.0236139513,2.8080041712,4.0850579392,-1.4250729821,-5.3438265909,6.8972480934,11.7781496245,4.0799448328,-1.3576591263,-9.6362070939,-6.7592054686,0.5333865233,-12.405424212,-4.0504359346,-4.0640991175,2.4431699749,7.0548405174,-14.7594869368,8.3598517694,0.1542100116,4.2330911589,-3.9914517079,5.888537367,-1.7288182275,3.0211358658,2.9794183009,6.7939348853,-2.8827300507,12.5115160439,-4.6324821932,4.5558604071,-0.6377847253,2.1863314066,7.7018279883,-4.178697578,-0.1296327971,8.7262050955,4.1661232949,4.6478381455,-1.8691147647,-2.8344006073,4.7383667082,2.9662355644,0.3637896648,-0.3080363789,2.3592029236,-2.1513536123,1.6336299351,-1.2882987908,-2.2294072941,4.3977152555,1.1155155111,-4.4387305672,0.4941659716,0.0212483326,11.0913540468,0.0484918519,7.007748446,-16.6768386415,-3.295032481,2.4355192014,-6.3025054039,-0.9926386625,-12.0399439657,-1.0592581426,4.0538965792,4.1513073782,1.9013180289,-2.4940901823,2.9529521685,-1.9813044712,9.8706269186,1.2361860987,-0.3763058256,-8.1204206319,-1.4585703525,2.0593496807,-2.7396524142,2.0352635312,-3.3628371446,1.1257775213,1.9380720122,-3.1835755075,2.1444418176,-0.6807529055,0.5885654693,-0.7135707222,10.2941351853,0.904657707,0.3620479856,5.1158676569,-1.2322368833,-3.0309928538,-1.6035828877,-0.3871397672,4.3823724584,-2.5936370472,3.7157814877,-19.5534839824,-1.2805682171,-4.6944939758,6.6472411373,-3.172709498,5.9957799782,6.5517955382,-1.5806902934,7.7324827264,-3.171424942,0.1400629404,0.0302195322,0.7747093316,7.3327862903,-2.5432863476,1.4572309526,-0.336814466,2.5059696576,0.9894592511,-0.8964585122,0.5689587721,0.3003383621,1.0912398027,-1.4922315269,1.281625127,8.5313187542,-2.4139283866,2.0385398505,1.8231993226,0.2645293464,-23.2438029181
biasActivation=1,1,1,1,1,1
[BASIC:ACTIVATION]
"org.encog.engine.network.activation.ActivationSigmoid"
"org.encog.engine.network.activation.ActivationSigmoid"
"org.encog.engine.network.activation.ActivationSigmoid"
"org.encog.engine.network.activation.ActivationSigmoid"
"org.encog.engine.network.activation.ActivationSigmoid"
"org.encog.engine.network.activation.ActivationLinear"
