encog,BasicNetwork,java,3.4.0,1,1572775922319
[BASIC]
[BASIC:PARAMS]
[BASIC:NETWORK]
beginTraining=0
connectionLimit=0
contextTargetOffset=0,0,0,0,0,0
contextTargetSize=0,0,0,0,0,0
endTraining=5
hasContext=f
inputCount=2
layerCounts=3,8,8,8,8,3
layerFeedCounts=2,7,7,7,7,2
layerContextCount=0,0,0,0,0,0
layerIndex=0,3,11,19,27,35
output=0.8750003171,0.9640100251,1,0,0.4046385311,0.0001538353,0.7294589226,0.8261722573,0.9999791744,0.0822144146,1,0.9969268103,0.999999709,0.8927089247,0.1719264133,0.9999524791,0.9985715371,0.965380276,1,0.0034916871,0.0578711988,0.6605658679,0.0001228444,0.9963225561,0.9999438365,0.0060616231,1,1,1,0.0000004702,0,0.000000002,0,0.5181336524,1,8,30,1
outputCount=2
weightIndex=0,16,72,128,184,205
weights=-7.4408997086,-2.0026331941,11.7293878131,-1.6235022624,-10.2443429695,11.2788923619,-4.3231088175,1.479085763,-13.733080304,10.434762057,-8.5079645526,-18.8730408863,12.1621260918,0.1930058216,6.2179867976,2.0817502602,-3.4190126763,-9.6399132973,-0.8163810919,2.3954214779,-17.5787875016,0.273062104,-2.6269806558,-0.8404307673,7.0702259686,-6.7328244889,-2.4449549027,0.9495591178,-12.07483509,8.7850822873,4.6941072835,0.0876584714,-5.9103311263,-1.5899931529,3.2236557123,6.6131507257,-3.3120678971,-3.5534078748,0.5398162807,1.0270390527,-2.4506333863,5.1417094194,-4.3769324763,10.7932402103,-3.1213853918,10.2913525416,-5.0934678506,-1.8933243431,-7.2710738957,1.1729111518,-0.2371178317,15.4951895824,-3.1713796777,-0.0912782738,7.2676036419,1.4285766515,0.5369568928,7.3644684952,-0.5408583273,-2.5030329487,9.5223188129,-0.9612792418,1.1825678622,-5.910885462,2.8755002384,3.7837312037,-5.2326063266,-7.3306910355,-1.3700813019,1.3740355635,-3.0011770878,-0.2362721942,1.3085142651,-3.3396785809,2.0991585428,7.8650338785,-1.7394982794,3.6092021252,-7.3279241507,2.7515860344,0.5652092594,-18.8123151627,0.240119929,3.36932302,6.4182448629,3.6563406627,-4.2153247979,5.9524069026,1.922624585,-6.7821552745,3.8333656972,2.2011450807,1.1369310602,-2.4881679032,-1.35517928,1.3355251049,5.7941026489,0.511954871,-5.5668286228,-11.1742233843,4.3467580979,-6.3472172185,6.0239635244,4.0363081695,-7.3545913782,3.0422732811,5.8007887997,11.414120353,4.2327437773,2.0491748005,-17.7380363051,-0.1880092645,1.7954340596,8.5043354885,1.395434298,-4.0596795491,3.9012441529,1.5253111046,-3.0648861922,-0.2635207505,0.5110543603,-8.2143045743,4.9876762316,3.3236606001,4.9935702842,-5.7601547639,-6.5773018422,1.3310824212,-1.2714847066,-1.1975351045,3.5871386188,1.8609227087,-0.3730677835,1.9722394828,-6.888434251,0.3842752816,-2.346107713,-6.739420603,-4.5448899546,2.819672179,0.618261412,6.4168686257,17.1711117437,-2.601322558,1.3692403975,0.7225983575,-8.4645581758,-0.7218016412,0.3961552887,-0.1338052427,-4.9005704884,1.1131326404,-1.9280200933,-1.1373477206,12.1917119773,-0.6257756722,-1.0233618746,1.1848175311,-8.7789652606,-1.3904293779,1.649292335,1.3796833985,-0.2676173745,0.5886011861,0.3521071314,-8.0504676848,1.4918461987,1.7999018174,2.7697061927,5.7391597342,-8.4562428326,-2.3779314592,-1.1043701815,-1.734601163,-2.060442624,2.3459098112,-7.7697159792,2.2108870092,9.9845979915,3.7789970058,1.5738614717,0.7546789804,15.6520303134,-7.6507169661,1.2650961644,0.7163720999,0.4703279009,-3.4088051612,5.1268265489,-1.509121729,1.9925345267,-1.050144902,0.9940560139,0.1686160493,-7.9280220537,-0.8716516805,-1.3646617127,-0.2720609102,-0.9444455777,1.271001629,-1.1831322598,1.3467788778,0.9903804399,0.0987445237,-10.8128127932
biasActivation=1,1,1,1,1,1
[BASIC:ACTIVATION]
"org.encog.engine.network.activation.ActivationSigmoid"
"org.encog.engine.network.activation.ActivationSigmoid"
"org.encog.engine.network.activation.ActivationSigmoid"
"org.encog.engine.network.activation.ActivationSigmoid"
"org.encog.engine.network.activation.ActivationSigmoid"
"org.encog.engine.network.activation.ActivationLinear"
