encog,BasicNetwork,java,3.4.0,1,1572775967309
[BASIC]
[BASIC:PARAMS]
[BASIC:NETWORK]
beginTraining=0
connectionLimit=0
contextTargetOffset=0,0,0,0,0,0
contextTargetSize=0,0,0,0,0,0
endTraining=5
hasContext=f
inputCount=2
layerCounts=3,8,8,8,8,3
layerFeedCounts=2,7,7,7,7,2
layerContextCount=0,0,0,0,0,0
layerIndex=0,3,11,19,27,35
output=0.0000049097,0.0727416917,1,0.9660510979,0.9978360994,0.0003257919,0.9816998713,0.9991890623,0.0000012893,0.9141374179,1,0.289691303,0.9999999998,0.3834769594,0.9983690997,0.0251572677,0.9999988062,0.7985688348,1,0.9999576802,0.8489410719,0.9999425651,0.0827913179,0.9868230207,0.9989478033,0.4924078627,1,0.9999999999,1,1,0.9997128948,0.000054507,0.3123772495,1,1,8,30,1
outputCount=2
weightIndex=0,16,72,128,184,205
weights=-15.1887263553,-7.8352622076,22.4164632347,15.3465795616,2.6545020177,-15.6500881751,-10.8654875717,2.4742913825,-6.4440899125,-7.9022003445,2.3491176535,4.3828362832,-2.7843546661,0.2445298852,17.2560494624,-5.7305958021,-3.0983998834,6.0393082785,-14.4550740656,3.5675406636,12.2323704728,1.0802712396,-1.5344687958,0.0254729168,-16.7630811701,-3.9719302036,-2.0964112999,3.1655333121,-6.1047593322,5.2920443724,6.9083919538,1.9499949372,-4.0940530909,6.1042826554,-8.2230010935,0.7409626327,20.2662806195,-8.0689074021,-3.7468887429,0.0175825207,-2.4808079723,0.6060313281,-2.6277432082,4.925474213,-10.4139578326,3.3763724089,-9.2449718953,4.4536172081,0.2705493774,3.4025538829,1.4167315641,1.8429673124,2.2122843236,-1.8213462062,0.5304217708,2.5944436052,-0.4454442396,-13.8479611919,2.4217566133,3.5397879018,-5.834448485,4.6592623274,-10.0897757536,-0.502229119,5.3044982837,4.2253128958,-2.859228649,5.0909783798,1.0664518436,-2.4108339447,-6.1036488171,-0.124788559,3.0145791319,5.2687491107,-0.4761392961,4.2848329246,-15.9817319856,5.3903712665,4.7790727697,-0.2296393748,-0.2364470264,10.3981130105,8.5429783379,-0.4062534883,14.2796639375,-1.0267547469,-14.365521509,-0.6562533951,-0.8677713611,0.570664304,0.8977850793,-3.2852999248,-8.443766043,1.1194285571,11.5066736451,0.8309943487,-1.7484091497,1.9585018498,-4.0597057273,6.5026383209,11.9100393763,0.9567199965,-5.8967745894,0.2185876897,-8.6638735486,6.7904464325,-6.6264287447,2.4454586308,12.3634666481,-0.0622908941,-18.3808034376,2.5777980914,7.7126534205,-2.5427664989,8.1303888625,-5.1922332585,3.7593216643,-0.1126712158,0.769526097,-3.5914811686,5.334699243,0.2984480401,0.0390239875,1.8029243551,6.3224116325,-9.6041734362,5.2025550401,-3.6055654471,-0.1529634723,1.3033418862,-4.0769996369,11.1167998268,-5.425798725,-0.491766735,1.8650074491,0.1721317417,-0.4472615105,-0.6805927982,2.7922628722,4.623000322,-8.9946361771,-8.6581669437,-0.6258646468,-1.2287925438,3.002304608,-2.4777628587,-0.6282856388,9.9647538655,4.1073254306,-5.4349153136,0.8879582153,0.7162140284,0.1359720096,2.1932884424,-0.7570397726,-5.704403343,-3.1876514632,-0.8976918848,1.0673229288,0.9388024247,7.1564966995,-5.3455737354,2.8025902778,-8.4341931093,2.3552943078,-15.6035449828,3.9102336583,9.0981081916,3.0260662805,-3.3493794028,4.0181667497,2.4342375756,3.3007627253,-2.1131985483,2.6721696822,-1.2848043543,-1.1818149378,-1.8035961543,-7.0697664483,9.398359269,7.6075170674,16.4024532971,-2.2575689982,-2.2374532053,0.028250348,0.794050093,-0.5469044129,-1.1995805895,6.5397921195,-0.0569290381,-5.0192936058,4.1502802631,5.1250176392,-1.6873968295,0.6290017465,2.7844970907,-0.0665637279,-0.497761707,5.6482332947,-0.2023980115,-0.2914070103,9.5723656308,-4.0047651368,5.6715950911,-0.2887547454
biasActivation=1,1,1,1,1,1
[BASIC:ACTIVATION]
"org.encog.engine.network.activation.ActivationSigmoid"
"org.encog.engine.network.activation.ActivationSigmoid"
"org.encog.engine.network.activation.ActivationSigmoid"
"org.encog.engine.network.activation.ActivationSigmoid"
"org.encog.engine.network.activation.ActivationSigmoid"
"org.encog.engine.network.activation.ActivationLinear"
