encog,BasicNetwork,java,3.4.0,1,1572775979584
[BASIC]
[BASIC:PARAMS]
[BASIC:NETWORK]
beginTraining=0
connectionLimit=0
contextTargetOffset=0,0,0,0,0,0
contextTargetSize=0,0,0,0,0,0
endTraining=5
hasContext=f
inputCount=2
layerCounts=3,8,8,8,8,3
layerFeedCounts=2,7,7,7,7,2
layerContextCount=0,0,0,0,0,0
layerIndex=0,3,11,19,27,35
output=0.3333491823,0.2333394071,1,0.9601534464,1,0.9464971752,0.9282491783,0.4769346203,0.8501344927,0.9999995002,1,0.9582107183,0.5607010213,0.0003131807,0.999999977,0.0774226159,1,0,1,0.9735619855,0.9999226032,0.9999999999,0.0000181644,0.73408035,0.0005963055,0.9975071671,1,0,0.0000000518,1,1,0.9999999999,1,0.0864429463,1,8,30,1
outputCount=2
weightIndex=0,16,72,128,184,205
weights=2.3615646561,-0.5627409165,-4.3302932838,-11.7754333659,8.2906180846,7.2040489519,3.0047621596,-0.4519066296,14.7369447426,-27.1987083807,-0.7486320043,16.6884729028,-7.9372943655,-9.8775350438,7.6802452776,1.5795090791,2.5291056742,-5.2605050816,0.3148998285,-0.8809139109,0.0452989247,3.5240080354,-14.4275050764,1.0615116755,1.8259529137,2.1166765306,-6.3447937459,0.4929131127,-0.0766427259,12.0085491386,-17.300772225,8.6517008265,7.2465885935,-12.5766449431,-6.8098640252,2.7625785988,-2.7034470184,0.3953246639,-0.7036439229,0.0345497939,3.3404981056,-3.4494758508,3.7152054164,0.8746949021,8.924929727,6.7246919077,0.4336368093,-6.9982172825,-6.6516544567,0.0016200328,-17.6544729295,11.4884201547,2.3384246087,-9.6975692718,10.2879496927,4.3140826636,-15.7558825648,-6.812768162,10.8660046574,11.615346623,-13.3070162568,5.9778809839,-12.343960209,4.0866715521,1.0136815191,0.1206018222,-0.7358909927,4.5896103269,-0.2536387765,8.733553655,-0.880386191,0.1668468172,-3.6581127867,-6.2001394725,0.9684372861,-3.0118432908,2.4643416918,-0.9159365913,11.5902465432,-1.444728235,0.2107432805,7.4950088613,1.3172754523,4.5218669115,-18.1242840372,9.7895371231,-1.73382756,6.2553982248,2.1502288159,-6.8334472021,15.3392318131,-8.2309418403,-21.2970212412,4.5239388297,-4.6708978148,1.6223190911,4.3149647332,-0.0206808576,10.1708296051,-16.0390600891,0.7105235456,-0.1075326373,3.8232881701,-1.0981048164,-0.399689015,-2.9563573674,1.7278918958,-19.1769937005,-1.6633878057,11.7450315548,2.4929768655,-2.1328909113,-0.9722110524,0.6334775536,24.520824144,-7.9765985019,4.8084580559,-2.6334485659,6.299958044,-0.7678240755,-2.0707038786,-6.9177107202,-6.0634296427,3.9121982535,-7.8473088437,22.3164028039,-3.4917748908,-2.2645348474,5.0084780558,-0.7012818054,3.3606927734,-0.4985292702,0.4075115373,-0.3973967771,0.7084011257,0.6726440689,-7.0154738924,-0.8734515169,6.9141954419,-1.3641757497,1.1122273074,1.7877242304,0.5416254707,0.9696965,-0.1271065327,-0.7886764066,0.3196037275,5.4186242096,6.9064233623,6.4601279452,-27.8804190802,6.8280111958,5.8129454404,-0.0514803815,-9.184624952,0.8724863104,-2.5336262122,-0.4002403046,16.1474717855,-1.0658596984,-1.5819645216,-1.2126985589,1.6806672622,-2.0173219586,0.59468751,2.6815046174,-30.7679192983,0.7355565242,5.2516733457,0.6307167073,-4.9914270745,1.6871447486,-0.9944569631,-4.2867648892,32.5501271601,-1.652385774,-2.897614915,0.2702670978,-4.9720054252,4.7576485838,1.7188184063,4.4855329918,-11.0140218999,0.9539294884,1.2497133257,-1.277289644,-3.4566379886,-1.1347607323,-0.2560552177,-0.0167084463,-2.0882700706,1.6168318628,-4.4347131495,-1.8899986377,5.5221813362,0.2135076067,0.6901446743,0.5531440167,0.6357115286,-0.9488183867,3.5890631723,-0.8434673531,2.4745260951,0.1677493484,-27.1865504264
biasActivation=1,1,1,1,1,1
[BASIC:ACTIVATION]
"org.encog.engine.network.activation.ActivationSigmoid"
"org.encog.engine.network.activation.ActivationSigmoid"
"org.encog.engine.network.activation.ActivationSigmoid"
"org.encog.engine.network.activation.ActivationSigmoid"
"org.encog.engine.network.activation.ActivationSigmoid"
"org.encog.engine.network.activation.ActivationLinear"
