encog,BasicNetwork,java,3.4.0,1,1572775988991
[BASIC]
[BASIC:PARAMS]
[BASIC:NETWORK]
beginTraining=0
connectionLimit=0
contextTargetOffset=0,0,0,0,0,0
contextTargetSize=0,0,0,0,0,0
endTraining=5
hasContext=f
inputCount=2
layerCounts=3,8,8,8,8,3
layerFeedCounts=2,7,7,7,7,2
layerContextCount=0,0,0,0,0,0
layerIndex=0,3,11,19,27,35
output=0.4800019763,0.2500003007,1,0.0034578409,0.9121776813,0.4687799622,0.9997869404,0.0002173582,0.8622482608,0.5829179014,1,0.9846949698,0.1464514663,0.1219279274,0.9981315362,0.3242380857,0.0000071304,0.0018728003,1,0.5841162295,0.9999425288,0.3794600079,0.3326163009,0.0012387814,0.9288550667,0.0258187635,1,1,1,0.997208526,1,0.3867437191,0.0015929448,0.0000000001,1,8,30,1
outputCount=2
weightIndex=0,16,72,128,184,205
weights=5.3216877817,-2.2594750369,15.6284578545,4.3870921785,7.5568422641,-6.9560034439,-7.498757041,0.6174600605,7.600567569,10.0365586217,-1.0952208535,-11.4174438992,-4.533434911,3.7617444693,-4.0362709989,0.7586542563,-1.4567152295,-3.2731777449,5.5599867459,-4.1839095057,1.5126311012,2.5848728522,-1.6684023143,-0.7390373299,-0.76939097,1.0645231926,-4.0054779114,0.0687600441,1.1944683216,6.2169952401,-5.2283975217,2.9844369097,7.4905294356,-5.9895904986,5.7594614921,-7.8398212326,1.1997398321,-11.3609280663,0.3748935258,0.1095659981,0.6686998366,-3.7705692706,2.9168104699,5.9429674141,9.5154492009,8.5600326449,-9.7266386496,-1.007154284,-0.0563664512,-2.8735434431,3.3480307424,-7.4344482977,-2.8713257175,2.5782740247,3.3126924453,-0.0202984928,0.6921476292,0.327784589,3.3060105981,2.1059095264,-4.9226407739,3.1409511969,7.3111607502,0.1818544885,-1.1108323039,4.0047799074,-0.5339222223,3.7528670147,-1.6256909381,1.5286604185,4.8638139303,-2.3206754567,0.5370232123,7.1498056394,-1.2583779154,2.3806979722,2.9021604722,-3.683851996,-4.0214681603,-0.0912844071,-1.7021818098,-0.9045083809,1.7650407299,4.1140046166,4.0853595675,-1.4619684538,-1.2137179663,-0.517894632,-6.103948205,-4.0787922795,5.5032903281,-3.7213458671,-5.438151828,4.0252369782,3.0026625598,1.0095261008,0.27493448,-0.3161897702,-1.3662568797,-8.4446117644,-12.4679406479,9.5981156746,3.0958416506,0.7838576135,-0.1754001898,-4.792813204,-4.0193406241,3.5944389256,3.5657562736,3.7971345823,-3.0127591786,1.0366199894,-10.2034536148,-2.5450673052,5.5549978697,8.8311019585,-5.9819897178,-9.7137823662,-4.3154445292,0.750040583,-6.1622786144,-3.5334307924,9.0150625942,1.821692281,4.9382933873,-0.5152005416,5.1589436531,-2.8332798932,-0.5274060171,-9.1466451841,5.372541385,-0.8829121827,-0.3684512817,-5.297490575,0.1071213374,5.6900482999,-1.4763908817,1.6357190935,12.1590319109,-0.9303399528,-4.9863753873,2.1001987666,0.1891805776,0.3351951471,3.7041196404,7.5550926603,-9.8893713703,0.3692994814,-0.2274383876,0.5163876911,-0.4888130082,-2.1714493872,-0.2024697992,7.4358463901,-0.9520738131,-4.1685794314,-7.5412119781,7.1200033775,-0.5397693563,0.0934179933,2.5080454148,1.84198088,-10.2343723547,1.8090163913,-12.3350421991,6.2088248509,0.1891736464,2.1149828652,2.3689581989,-9.9911936613,2.4463669439,3.1651143725,3.9025524673,-10.5665736889,0.3614684907,3.0943610347,1.6273720194,-1.0579902272,-5.9353201709,3.3512930353,-0.3410916286,-5.8868421861,-0.046125339,-1.4911263526,-1.3825607101,6.5399508906,0.3556075484,-0.6396631767,1.1427597184,-4.9523260142,-1.9704737278,0.5890462628,3.9707920865,-6.3147095939,5.6332561305,7.0232126104,-1.2879604708,-0.2057201145,16.0142665259,-0.2750147875,-0.3764470148,7.0529520776,-0.8764013433,-0.5171119806,-0.3316705557
biasActivation=1,1,1,1,1,1
[BASIC:ACTIVATION]
"org.encog.engine.network.activation.ActivationSigmoid"
"org.encog.engine.network.activation.ActivationSigmoid"
"org.encog.engine.network.activation.ActivationSigmoid"
"org.encog.engine.network.activation.ActivationSigmoid"
"org.encog.engine.network.activation.ActivationSigmoid"
"org.encog.engine.network.activation.ActivationLinear"
