encog,BasicNetwork,java,3.4.0,1,1572776002162
[BASIC]
[BASIC:PARAMS]
[BASIC:NETWORK]
beginTraining=0
connectionLimit=0
contextTargetOffset=0,0,0,0,0,0
contextTargetSize=0,0,0,0,0,0
endTraining=5
hasContext=f
inputCount=2
layerCounts=3,8,8,8,8,3
layerFeedCounts=2,7,7,7,7,2
layerContextCount=0,0,0,0,0,0
layerIndex=0,3,11,19,27,35
output=0.3953466673,0.1304301068,1,0.0000000811,0.997069944,0.0069950224,0.3774405084,0.0025570876,0.9991103739,0.1985680795,1,0.5468479379,0.1293842887,0.1462429577,0.9701699569,0.9999966859,0.9967789448,0.9734642251,1,0.7510704417,0.8025506163,0.414769805,0.0186719188,0.3227060977,0.0008737026,0.9450811691,1,1,0.9992388199,0.0996477948,0.0000002266,1,0,0.0032212926,1,8,30,1
outputCount=2
weightIndex=0,16,72,128,184,205
weights=13.2558799437,-8.8835258799,-0.9802760709,6.3376409964,21.0010346823,14.2166917859,-16.2308595526,-4.9874372012,-12.2140494402,-11.3003592982,-13.8791883215,-5.8048738662,-3.5407717892,7.3491664459,10.0295414444,2.3330470147,-1.5454996615,-2.1750491921,9.3605198139,0.8403446901,-18.9440368495,4.8624533343,-2.4556202804,-0.8971105537,4.0076104536,-19.8583070027,-1.7176257948,4.8726977965,12.3444351191,-6.9803099082,-2.7257917348,-1.001663045,2.2240063908,6.0208799823,-2.2207938673,4.3940692028,-4.5284840899,-2.0300015221,-6.827314746,2.3091225987,0.5095053509,-1.6370949525,-0.8052372601,5.266467841,-0.4351480835,-1.266087463,-3.6510976893,-0.3074734648,22.8920052737,-2.0602022417,-6.1254777534,-2.3407636465,-14.7530246895,-7.1323690949,4.7715868455,2.1659345435,8.8453622667,-11.8016503384,-1.6747687303,0.1572556541,9.0910768671,-8.4406195274,6.0427209887,-2.7539299318,-5.6980834108,-15.6264993544,8.3390729365,0.9794723296,-15.9353258985,-1.2271234493,10.5821116498,8.429892119,4.3994959012,10.0942136921,-0.1111133097,-3.8704918727,-1.3203346824,-0.1511762021,-5.6003113196,-5.3801888645,12.3757363847,-6.9475855165,-17.1838079348,8.4803695048,5.6382185011,6.9623503416,-6.30164199,5.4732980886,4.9442356285,6.3830007256,-9.5114147629,3.9399164658,-1.6998638356,-3.6113861743,-3.3901653934,-2.9733527085,1.3530335258,-0.0737373623,0.5433644735,-3.6180627237,-4.8092751908,-3.1806799423,5.7010972732,-1.4661435783,8.0191154643,1.8883326302,19.1696168754,-7.1278760212,-4.5018448399,-7.3048510376,2.2898448427,-3.4438913859,12.6548575116,2.8532477718,-4.3590676201,1.4465104489,-0.5040834096,6.4362850201,-1.2605509049,-2.930374348,-1.6485852148,5.8299053001,3.7230404019,3.0783835753,11.8928602364,4.2078953082,-5.6844108232,0.0907473812,-5.6348115961,16.5848293639,14.2705555269,-0.5645288119,-5.4614212749,-2.1616595356,5.4850692204,-5.8113412376,-2.3728776433,5.1191746083,17.7697015092,-0.8577391679,-2.1941406651,-0.1669832306,-11.8766840994,-0.8784001274,-2.3102839128,4.1909826585,15.239440044,1.2921862561,-2.2684071921,0.4034746172,-9.3808332117,-1.4417415258,2.4606710614,-9.4342109345,5.5273961723,0.1903888747,1.5379157167,-0.7880096206,2.9930178186,0.9061226419,1.8135722304,-7.7772603049,8.0061296604,-1.1245781022,2.6667657177,0.1899222692,0.2077917037,1.7511768839,-1.5978922793,-2.4926741826,6.1732607328,-0.6262867121,-1.4061021083,0.552321381,-0.8215843701,-2.1596303491,-1.5614187445,10.7897626354,-0.8376538148,1.0478046463,-3.0803034476,0.5620217314,0.4166466253,-3.2122849896,1.2675236587,0.6332838956,-0.5528544707,-1.6581097262,0.7338616366,-1.5710921954,-0.6209799863,-0.2888034414,11.4307990238,-1.3066101437,-0.1304689555,-0.9330182247,2.4505548952,1.6857879867,1.0431994472,0.2751654151,-3.0077640248,0.9096441107,0.242709145,-0.3388936731,2.4903909392
biasActivation=1,1,1,1,1,1
[BASIC:ACTIVATION]
"org.encog.engine.network.activation.ActivationSigmoid"
"org.encog.engine.network.activation.ActivationSigmoid"
"org.encog.engine.network.activation.ActivationSigmoid"
"org.encog.engine.network.activation.ActivationSigmoid"
"org.encog.engine.network.activation.ActivationSigmoid"
"org.encog.engine.network.activation.ActivationLinear"
