encog,BasicNetwork,java,3.4.0,1,1572776021819
[BASIC]
[BASIC:PARAMS]
[BASIC:NETWORK]
beginTraining=0
connectionLimit=0
contextTargetOffset=0,0,0,0,0,0
contextTargetSize=0,0,0,0,0,0
endTraining=5
hasContext=f
inputCount=2
layerCounts=3,8,8,8,8,3
layerFeedCounts=2,7,7,7,7,2
layerContextCount=0,0,0,0,0,0
layerIndex=0,3,11,19,27,35
output=0.2912454931,0.2961176154,1,0.9771787105,0.7623071599,0.9740634285,0.9655428006,0.9994683532,0.9925032188,0.6460989292,1,0.000000203,0.0005108817,0.4151947346,0.840061325,0.8371263922,0.5535577003,0.0016292396,1,0.9819693706,0.7343765347,0.9893491253,0.8529207289,0.0003707225,0.1185855422,0.3816778926,1,0.458740419,1,1,1,0.9939068849,1,0,1,8,30,1
outputCount=2
weightIndex=0,16,72,128,184,205
weights=3.1116566028,-3.9050999937,-1.2366112824,8.7927987466,-12.1122630069,1.2730744439,5.483573154,-0.939024952,-8.5499084339,12.6164528242,-8.4830064134,4.5862259123,11.2146007968,-6.2218614075,4.2332261689,-6.0623934838,-0.5247229805,-0.0061517599,-0.4710907914,7.0212140757,-0.0566255066,9.3103915051,4.7566329944,-7.0598629307,11.2693853058,-6.1722480679,-1.4628013871,-2.7585789145,7.3169303774,1.5595809441,0.3174147065,-2.8957865024,-0.2781976532,3.9924315362,0.9549585788,2.6845913814,1.2253446781,-1.4138868431,-1.5939284027,0.7315641233,-6.0384936328,-1.9638871592,-5.5693426213,-2.4324344586,5.0483499882,-2.5385313484,-3.1305294156,4.873949806,-6.6363013475,4.427948071,0.6865084251,-3.5263953968,2.5781312342,11.6380624481,-3.2105081934,1.6187622245,-1.0567944235,-0.139693622,1.8431679266,4.7529969148,-0.039108783,-0.8023041848,-1.3928074135,0.6068754439,5.7434090298,-0.1776105946,-0.0996642865,0.7647276426,7.0671808622,-10.2026493052,1.4450611652,-0.2697361195,-13.749948005,-1.6235330199,-1.8173474179,-3.348767346,6.4537847837,12.6195245226,2.0556220449,1.6547657959,-4.3041612749,4.3384123157,-2.2330662123,-4.7609310327,0.5649576523,-4.8767700348,3.1882129888,-0.9071217415,2.0745260906,-2.7573218722,-0.9586479938,0.3137977285,0.685136187,1.4543166307,-2.8931684411,1.2575966191,-4.6035494468,0.3156539024,-0.3575240876,4.8374044501,-2.2410656567,-1.1692786054,-6.1203960821,4.6507240121,-1.4923783145,-6.4769208128,6.5875696705,0.1555473156,-0.3409828294,4.4646095697,-3.7454436718,2.1091345243,2.3833604194,-8.2034572161,-1.1258433744,9.787833923,-2.0150562132,-12.6529375901,-4.7979830549,-0.0028123519,-3.177214688,-7.6899371898,-0.9323603165,2.3414446129,-1.5273050638,-2.2069276994,2.3589193633,0.6365173767,12.2106610667,1.5251988284,11.9055646048,2.3795508659,-9.0458556463,-2.9727269294,-1.5871572483,-5.4508847652,5.8027182303,7.958646015,-0.2383310969,3.9699265562,-10.0814368963,-3.2554166912,0.2508821153,-0.0598145095,-3.6458522481,-2.213761426,1.9689172091,3.7685186148,-1.2054145869,4.7597921218,-0.1008878674,-0.881491618,-0.1274153424,-6.4840942045,2.8644209991,-1.0711024317,-0.1223278746,7.1207190076,-0.7018953057,-0.4922153757,0.7285736349,0.7287135854,-0.9026640074,-0.8642610998,-3.2450758097,-5.0062483281,1.3563161148,1.0358507773,-8.5421169133,1.9100073557,-3.9558886435,-1.4056384099,-2.7550129411,-0.5904569844,1.3182939757,8.6929239242,17.3904806029,-0.8043598696,0.3152884948,-2.3217625398,-5.1488959467,-0.8565891169,-0.3438614448,0.3247973124,-0.8103831923,-0.2294261348,13.2004351176,-8.1546669989,5.6647779939,-2.0017882486,-3.9248422133,1.9133780724,-1.6039696924,-5.6018781924,5.1748796748,-0.2843078559,-0.7449314753,0.2186686255,4.4938770938,-1.7466325151,4.6470721291,-0.4158943482,-0.4063713558,-3.3187384254,-0.5322763527
biasActivation=1,1,1,1,1,1
[BASIC:ACTIVATION]
"org.encog.engine.network.activation.ActivationSigmoid"
"org.encog.engine.network.activation.ActivationSigmoid"
"org.encog.engine.network.activation.ActivationSigmoid"
"org.encog.engine.network.activation.ActivationSigmoid"
"org.encog.engine.network.activation.ActivationSigmoid"
"org.encog.engine.network.activation.ActivationLinear"
