encog,BasicNetwork,java,3.4.0,1,1572776041568
[BASIC]
[BASIC:PARAMS]
[BASIC:NETWORK]
beginTraining=0
connectionLimit=0
contextTargetOffset=0,0,0,0,0,0
contextTargetSize=0,0,0,0,0,0
endTraining=5
hasContext=f
inputCount=2
layerCounts=3,8,8,8,8,3
layerFeedCounts=2,7,7,7,7,2
layerContextCount=0,0,0,0,0,0
layerIndex=0,3,11,19,27,35
output=0.6885243413,0.3934426327,1,0,0.0000069955,0.3793334929,0.0864388112,0.8051268616,0.696713973,0.0000000807,1,0.9999893805,0,0.0000132214,0.757820117,0.8209487618,0.0000981416,0.9927929763,1,0.0262294615,0.0100186764,0.9987320277,0.9999847642,0.5170036781,0.9882645454,0.4991162615,1,0.99987281,0.0290362469,1,0.999999991,1,0.693661531,1,1,8,30,1
outputCount=2
weightIndex=0,16,72,128,184,205
weights=0.2590845831,-9.1861875786,13.6455817893,-23.1281466693,13.6027354744,-26.4241097223,10.9087902709,5.0743549074,13.3988065639,-10.1850290573,-8.5364619552,3.8654895787,-19.2653245546,13.4580693803,-2.1253266366,8.6058502943,-5.1388138754,1.3344077834,21.3850872552,-5.5767010624,-9.3662447458,1.3875416153,-3.1327417207,-3.7271769623,-5.8076499415,-0.0632152661,1.8220878501,-2.5165300475,1.2340873051,8.638586765,-4.4118130511,-0.7895537625,-0.8155115537,-15.6823547726,13.249451857,-4.0472819805,-0.1933850152,1.9370463756,2.1821312921,1.3822257188,-0.2283018826,-2.3674995864,16.4405783922,0.6567279239,-0.8830862014,3.2013982151,-4.5491165517,2.6134721744,-3.2388884093,-0.7355759244,11.3331031383,-6.0920582527,21.3756061983,1.7934306091,-4.0825863022,-4.2212508915,5.8689362869,-3.936812736,-6.7820997451,-10.9907146313,-12.1236170434,7.3427769663,5.9893917734,7.2978206533,-9.2222568769,-0.0122202414,7.0703457282,-1.7738628213,0.4383705432,12.6152942466,-6.0923076447,-0.0785050365,1.5196381076,0.8300200699,-0.6551387101,0.6553460317,5.8750321084,8.1293171408,-5.6915850478,3.1730379271,0.4264706313,-2.2115318792,-8.028960114,-17.206935219,9.8744299652,-2.0188535696,-6.2542726696,-4.6291602446,4.2399611523,1.1415374869,-2.9049611296,2.6358273736,-17.9052974213,-9.1650495582,7.4343223812,3.5131916323,-0.6884881011,-4.8783935075,2.5828729933,-2.253993199,3.4453935621,5.7373376394,-10.9437464485,-1.1070268336,4.7657641374,-7.2863668821,-18.3733903549,10.6272378541,-0.7261884899,6.1237063278,10.7327072374,-1.8394659645,-6.3585996662,-3.5426996692,0.7589916855,0.7094616191,-5.6124075751,-9.8567890996,8.9591989283,-2.3231365244,4.3801947881,0.7663999265,0.2439904678,1.7324836294,1.5867483092,5.0842848725,-7.5872778424,0.7687198668,3.8990973451,10.5415106349,-6.342179953,-2.7336692764,-1.4261542456,-0.6171496294,5.2545865751,-2.1434699176,4.6347599344,1.3800661773,-4.3356861561,2.0151410202,-1.6251257258,-11.9650933035,1.4956126956,1.4823056533,-0.3241485271,-1.6148679603,4.05130749,-1.6680251099,-1.4382187351,16.5315133394,-3.8276466072,-1.5446273959,1.1040899015,-5.8821066033,3.2450963905,-1.2984495807,-0.9236873792,17.5338493191,-2.6076425652,-0.419183332,15.7022358357,-8.5822618693,-7.1608173882,4.072612577,4.5004366399,-19.1081729544,-7.0374781027,3.4968497744,3.0033888909,-1.9376576005,-1.6631845016,1.1663304449,2.3082260436,-11.1332131058,5.4496889867,1.9482119488,2.7828446728,-6.2141451761,1.7753530131,1.269399732,0.7227082695,11.7417700505,-14.8472561436,0.3293907231,-0.9415524215,0.3670623438,5.4902502886,0.8455607252,-0.5144704699,5.1598840996,-1.5878337076,7.6175606077,0.9418175124,1.006990632,0.3237053462,0.7555729746,0.0863738897,1.5724540014,-0.7529084118,1.7293788037,0.2835063266,-21.5229266922,-2.9397888434,1.7566149896,8.0187340097
biasActivation=1,1,1,1,1,1
[BASIC:ACTIVATION]
"org.encog.engine.network.activation.ActivationSigmoid"
"org.encog.engine.network.activation.ActivationSigmoid"
"org.encog.engine.network.activation.ActivationSigmoid"
"org.encog.engine.network.activation.ActivationSigmoid"
"org.encog.engine.network.activation.ActivationSigmoid"
"org.encog.engine.network.activation.ActivationLinear"
