encog,BasicNetwork,java,3.4.0,1,1572767086550
[BASIC]
[BASIC:PARAMS]
[BASIC:NETWORK]
beginTraining=0
connectionLimit=0
contextTargetOffset=0,0,0,0,0,0
contextTargetSize=0,0,0,0,0,0
endTraining=5
hasContext=f
inputCount=2
layerCounts=3,8,8,8,8,3
layerFeedCounts=2,7,7,7,7,2
layerContextCount=0,0,0,0,0,0
layerIndex=0,3,11,19,27,35
output=0.300002776,0.0000744705,1,0.7607280701,0.9989783563,0.1327501731,0.0202280566,0.9864147196,0.9864627729,0.0657667599,1,0.2963387091,0.0098671318,0.4986787664,0.3923958257,0.4589390893,0.0420375987,0.9999979497,1,0.0503085308,0.0001713596,0.4342487507,0.6308149159,0.0010891707,0.7224524994,0.9999579795,1,0.0000005914,0.9999999999,1,0.9999998589,0,0.9999840572,0.0164992342,1,8,30,1
outputCount=2
weightIndex=0,16,72,128,184,205
weights=8.9120393605,-9.1717921071,0.1578271251,0.8792639695,10.2192980536,-10.7266752202,3.3614745576,1.7766877472,-11.5265119139,-2.8180047234,14.1842550629,11.4559201927,-4.1767694421,4.3087239753,4.0760644844,-0.434497593,-2.6293152313,-0.0585789649,8.1767281439,-11.5734739446,3.115185627,-4.1997931362,-0.5130642289,1.660175264,-0.100660096,-6.6381901985,5.0010377536,8.9220102415,-4.9298935749,0.2688000098,-0.3511814479,3.5881806912,5.6751339054,-7.7959589314,6.2750546076,-4.6661915532,-1.0980626021,-5.8039795626,-5.7179864174,1.6859652807,-0.4911257844,2.9176690266,-4.1001935437,-11.3366306959,14.1687003707,1.8128519345,-0.8027264402,-3.0464262668,5.5416081448,-8.3403383466,-5.1528359231,4.9641264681,5.449308952,-1.0624651424,-2.3176369969,3.2082944016,-0.5495547573,8.3774085118,-2.1281686963,-11.8378997543,-1.1671100675,0.4387227844,9.0161556854,1.5763428575,0.9845620972,0.8199923314,2.5549612752,3.3087894807,1.4450120739,-3.312394624,-4.4040018419,-1.6458611345,2.8337027878,2.1224684681,5.059267218,-4.1836000985,0.7989336484,-0.6973130613,-0.2149657642,0.1522418342,-3.9808852417,-6.2376964671,0.81448142,12.0254131347,8.0251193816,5.7376045398,-17.2418622595,0.7404642099,2.1561994049,5.9669219871,3.2635191035,-1.4557647573,-0.7869196229,-8.8096217705,3.9698191428,1.7820943965,-2.070327754,9.4604651221,6.4051625146,6.714661988,-5.5796676036,-18.7937524231,7.7505472825,-1.5184122807,-1.0230628183,-7.7592126745,-2.1950537198,2.7841348979,12.1008321025,2.6171978576,-3.0026250116,0.1836273877,5.4884836494,-2.6107513603,6.0900784436,-5.6246805452,-0.2914901587,-4.458796851,-0.2180427225,0.9412291234,0.3190831989,-2.3481998862,-2.1518109736,3.6089833282,1.1311014139,12.9084813411,2.1069520518,0.3058338338,-0.5169971273,0.6746553959,-0.9920821653,0.0463085671,-1.8405185668,-2.6785593082,5.1824519262,-0.0738338693,-22.3807497474,1.5602180069,0.7709018541,-7.878634483,-1.3143272131,-3.8389822264,-4.7455025935,0.7931699686,-1.160501903,1.4545085185,1.4563046885,-5.5925044911,-0.2925897722,0.0693452659,9.3666651883,2.1932672543,-3.2579874876,5.0323802925,-3.5108296203,1.8646654665,1.9301284204,-7.9073655885,-11.1373322982,5.2404974284,1.9936289474,1.2108401563,3.3258528571,-4.8033622918,1.6568877288,-6.1666280556,-7.7469974895,-0.2602322127,-9.4260662205,6.9493900737,1.1222554075,1.9917073395,3.7256009765,-15.9502898811,-8.9981584484,6.9918109295,-13.2994172734,0.4251276229,-2.5644814764,3.4108555466,-0.4909915362,7.8969218607,11.9062517873,0.7125777915,1.5656178859,-0.6698154113,-6.771287236,0.2896340619,0.712887532,-0.9595237255,-1.7036242154,6.0493650461,-0.4142066181,-5.2460626754,2.1403839233,-6.4689654116,0.721769556,-2.4385076632,-0.3431783279,-4.6794760459,1.1943343869,12.6522653192,1.2727087569,-0.1858061458,-8.6952901287
biasActivation=1,1,1,1,1,1
[BASIC:ACTIVATION]
"org.encog.engine.network.activation.ActivationSigmoid"
"org.encog.engine.network.activation.ActivationSigmoid"
"org.encog.engine.network.activation.ActivationSigmoid"
"org.encog.engine.network.activation.ActivationSigmoid"
"org.encog.engine.network.activation.ActivationSigmoid"
"org.encog.engine.network.activation.ActivationLinear"
