encog,BasicNetwork,java,3.4.0,1,1572776072381
[BASIC]
[BASIC:PARAMS]
[BASIC:NETWORK]
beginTraining=0
connectionLimit=0
contextTargetOffset=0,0,0,0,0,0
contextTargetSize=0,0,0,0,0,0
endTraining=5
hasContext=f
inputCount=2
layerCounts=3,8,8,8,8,3
layerFeedCounts=2,7,7,7,7,2
layerContextCount=0,0,0,0,0,0
layerIndex=0,3,11,19,27,35
output=0.8396165568,0.772732028,1,0.2366660028,0.9639396388,0.9999977246,0.7744853009,0.9872446418,0.0932719968,0.0146547234,1,0.6992779497,0.9968988834,0.8189818902,0.1721201729,0.9845198509,0.999945321,0.9969072544,1,0.0000992557,0.1353779886,0.9977368118,0.7705135589,0.9972077359,0.0837245777,0.9930035589,1,0,0.1176723772,0,0,0.0174883392,1,0.0000080592,1,8,30,1
outputCount=2
weightIndex=0,16,72,128,184,205
weights=1.5426651644,5.6002980457,-8.4510438361,6.9017537255,0.0023587948,-1.8857785226,2.4512690396,-0.8647110868,-11.3644990092,4.9484849966,0.4093961235,8.859841031,-12.7210268793,6.2308919939,-5.1109065679,3.9246371937,-0.7876613242,-0.9767121783,-7.4053432816,1.6942276081,-8.3126662475,2.5667330628,6.0094834754,5.7531575108,6.5865379415,-6.8440669862,2.1657074448,4.2575894297,1.4330775225,0.6391393455,-1.7936066041,2.7344259939,0.9563347943,5.5170379686,-4.3393613329,-8.5425194292,-1.5739723419,7.4332610005,1.7694825574,4.2016027666,1.5972178091,1.2223854708,5.121605453,-4.8190234449,5.918425675,-3.3595739281,-4.9700677126,-1.9794523083,7.6107054607,8.3027257638,2.7617431884,-0.9597775904,-4.4938785343,-5.5772907477,-1.9588575267,0.6074670056,-5.2267536534,4.0792028259,-5.104101369,-9.9103313909,-1.7546904013,1.5942074577,1.9484847646,1.390961426,-5.1404148258,4.7032979482,-1.4868620319,3.686925829,-1.376007338,0.8831269791,-0.7611627638,-3.4888078537,1.9194032424,4.9144942053,5.1806217017,5.1038564278,-9.5807731487,-2.8130332811,-0.1562986226,1.0216156842,-0.3016003835,3.5057016737,-5.3251190504,13.7580641565,1.0888865942,2.9834667699,0.4082073403,-1.7303724417,6.1825298618,-6.2009821756,12.7793592403,-6.6514305016,-1.5446940728,-2.8886125611,-3.2722318723,-0.2455253837,3.3241870855,-3.7555016476,5.6626819295,-8.8241463185,3.5298850002,-1.0718378176,-1.8083458243,-1.5479302317,5.21247399,11.3301798356,1.9776819418,3.9739321081,-2.5851780243,1.4438888298,2.8505069617,-2.7904464266,-6.203394383,0.4577126186,-1.4338580494,3.187061877,6.7965322085,4.6190713735,3.214672676,-1.6288997416,-2.6539938152,-4.0679310304,-3.2471404041,-0.1947636974,0.2703325968,1.3671271373,5.1702431079,4.1983201096,4.5172593381,-1.8949674469,-0.1490181542,1.1798882289,0.4322829717,-8.9465955865,0.5575801153,-0.0556952769,-0.732129261,-2.0364244639,0.2761879754,-0.2189167527,10.3989335981,4.6390984616,-6.3494601151,-6.4354981091,-3.2868907443,-8.0336472449,-0.2369640743,1.0926285485,4.4276548513,2.7354610368,-3.6835271211,4.2211897068,2.6503681481,-1.2994634865,-0.0872605404,-0.2782743779,12.0518223737,4.2520634186,-11.1715077858,-3.0986154801,0.1266382021,-1.7861726179,0.0148459863,0.6221569075,11.2764611118,4.0475672091,-12.4647549522,1.8436161797,1.0983716141,8.9449779725,-0.626549919,0.6224780004,5.0140044799,0.2755593135,-1.0913201488,-3.8085983757,-0.3206681112,-3.5167504132,-0.5546767424,-0.9666412005,-5.8614624104,3.988102018,-0.8343652989,1.4835689696,1.6813556887,-3.8722938528,0.0961045427,1.2524228747,-0.0009871696,-12.0044270529,-0.8181133407,-0.6236865846,-0.0354617658,-0.6855798351,-3.9164996089,0.2842782334,0.8144829808,-0.2851221354,-1.9907776707,-1.5514699177,2.0657695852,-0.0603748039,5.0849035671,-1.4361546429,-9.3232770632
biasActivation=1,1,1,1,1,1
[BASIC:ACTIVATION]
"org.encog.engine.network.activation.ActivationSigmoid"
"org.encog.engine.network.activation.ActivationSigmoid"
"org.encog.engine.network.activation.ActivationSigmoid"
"org.encog.engine.network.activation.ActivationSigmoid"
"org.encog.engine.network.activation.ActivationSigmoid"
"org.encog.engine.network.activation.ActivationLinear"
