encog,BasicNetwork,java,3.4.0,1,1572776081428
[BASIC]
[BASIC:PARAMS]
[BASIC:NETWORK]
beginTraining=0
connectionLimit=0
contextTargetOffset=0,0,0,0,0,0
contextTargetSize=0,0,0,0,0,0
endTraining=5
hasContext=f
inputCount=2
layerCounts=3,8,8,8,8,3
layerFeedCounts=2,7,7,7,7,2
layerContextCount=0,0,0,0,0,0
layerIndex=0,3,11,19,27,35
output=0.7717389365,0.6279056257,1,0.0401859871,0.057191125,0.004629619,0.0126781297,0.5066725565,0.3468376163,0.7330298171,1,0.0004292502,0.000022349,0.2175881538,0.1960423839,0.1842913298,0.0707670904,0.2145464265,1,0.0000094832,0.9999619528,0.9997904729,0.0268062558,0.47571635,0.0034331583,0.998951649,1,1,0,0.0000000032,0.9996760466,0,0,0.6394132612,1,8,30,1
outputCount=2
weightIndex=0,16,72,128,184,205
weights=-11.3606424708,-10.9145590303,5.2676575399,8.8671159433,-1.0390531501,1.7242963163,-1.5938752732,3.2588721778,6.9507167836,-5.8086154782,10.1529902619,-11.1596605557,8.5310659947,-11.2908531262,6.6497264473,-4.6102108468,5.1638837765,-5.136188078,9.6235561315,3.7465932136,7.213257313,-1.5781066859,1.1546740397,-7.4691798131,6.2579140343,4.4860693308,6.2970156717,-6.480840195,4.8650863113,-0.0300201956,2.0240492959,-4.2336093048,-2.0274131037,11.6124305258,6.01638221,-2.7558848137,-2.0103122907,-2.1030210981,-6.6188095256,-4.1995031165,2.5359313874,-0.9945693962,-2.1209245294,-7.7531711742,7.5377577422,10.6245142921,-1.9025521637,-4.1075693568,-3.4221434778,-0.2167852003,-3.3569749522,-1.5695911015,1.082377207,1.6835007064,10.017072318,-1.4014262762,5.1444265563,4.7236890249,-0.6139130319,-2.3030597346,-3.3027131009,-5.1518067964,6.0012744873,-0.3645175868,-1.2192177521,3.1649945184,3.9679136714,3.1555583709,-11.2810553882,-12.6384018644,-1.0059132863,2.7177065482,-1.2366465176,-6.0568086016,5.3337737798,-8.2613074433,-0.0029719926,1.0155518517,-4.637329626,-2.1772574196,5.9550720914,-3.2469280731,-12.9590711691,1.0083962992,-5.5956151787,1.5291059164,10.1065171357,-1.9718819813,4.6355216079,2.9276286838,-8.1414337718,-2.3394953143,0.9295298099,-1.1854362549,4.3968962661,-0.8353069247,-0.8883887574,-6.6137939421,1.3678946783,-0.6257405382,1.3782766591,7.0614541562,1.5174939411,1.6556858466,2.3722844492,9.170004867,2.0998292475,-0.1039636982,1.9669504997,-1.3578454043,-12.2877666641,-1.4099843625,1.5189816461,1.5245998891,6.6322012989,1.5419297589,3.6251308301,-4.0980488755,-11.8079063634,-0.686603896,4.9147696294,1.6947582321,1.9024346521,5.7499499993,4.8055594801,-0.2337498322,-8.1746507044,0.8321538595,1.18006268,-0.5376205863,0.6798233633,-7.897499435,-0.9422962066,2.6887217628,-5.1516227507,-1.5570853736,1.9453782307,1.0529837371,-10.8053188079,1.617981221,0.1221806759,3.0955778865,7.3984715646,1.883128783,0.2018446216,0.6104778697,-5.0407024656,3.3803183377,0.9474412025,-0.244660507,8.3609284294,-0.4567086067,2.8984176602,-0.1101712845,-3.8904391569,-8.8269363297,-0.963130428,-1.8800830952,-0.8544087528,2.880031556,-1.9336387144,-1.0557358564,2.3483511218,-1.8428059145,-0.6683327667,-0.5015743452,6.546379469,-0.5072052883,-2.0013565061,-1.1260021519,6.4787424238,1.0964466809,0.7308949151,-3.1891579188,-2.9286347847,-2.8929626542,3.8475933154,1.3325865267,-6.3660095103,9.9134786042,-0.182232088,-1.2650140542,-13.5198653635,1.7464087025,-0.1069624554,1.0564516537,-0.4170616404,0.9527771246,-2.8746084489,-0.639312997,9.205435203,-3.1341115475,0.807852703,-1.0226597285,0.4059372765,4.0377464568,-0.8172879692,-0.9880613372,0.3079553016,1.0321471444,-5.4603951837,-0.2337174711,0.7395562392,0.170173993,-10.4488512609
biasActivation=1,1,1,1,1,1
[BASIC:ACTIVATION]
"org.encog.engine.network.activation.ActivationSigmoid"
"org.encog.engine.network.activation.ActivationSigmoid"
"org.encog.engine.network.activation.ActivationSigmoid"
"org.encog.engine.network.activation.ActivationSigmoid"
"org.encog.engine.network.activation.ActivationSigmoid"
"org.encog.engine.network.activation.ActivationLinear"
