encog,BasicNetwork,java,3.4.0,1,1572776111610
[BASIC]
[BASIC:PARAMS]
[BASIC:NETWORK]
beginTraining=0
connectionLimit=0
contextTargetOffset=0,0,0,0,0,0
contextTargetSize=0,0,0,0,0,0
endTraining=5
hasContext=f
inputCount=2
layerCounts=3,8,8,8,8,3
layerFeedCounts=2,7,7,7,7,2
layerContextCount=0,0,0,0,0,0
layerIndex=0,3,11,19,27,35
output=0.3999996436,0.2666635114,1,0.9876607735,0.9772542618,0,0.1739007811,0.9526143461,0.00002358,0.5970022529,1,0.3955378473,0.7762678782,0.9931200726,0.9988947079,0.5078811057,0.3013086578,0.9000803028,1,0.7072564642,0.000979067,0.0000318188,0.9880617099,0.5067231668,0.9320898024,0.9984518965,1,0,1,0.0724176405,0,0,0.9999991313,0.0082680801,1,8,30,1
outputCount=2
weightIndex=0,16,72,128,184,205
weights=6.4625683448,-2.1918666429,-2.9078240664,-11.6387471878,0.5089062293,10.7935823596,2.2766599693,-4.4665106163,-3.0329753455,7.5230240325,16.2115917186,-2.2682340759,4.6157672039,4.6738306178,-15.066782788,-0.3757788891,3.4852019418,-8.8936813999,2.4780768711,0.1410553069,6.4976189674,2.4680661463,4.4737341199,-0.7644089716,-8.8443886399,2.4404643211,4.4810635967,-0.41403342,-0.543551178,-8.2710410159,1.7113360582,2.5554028057,0.2635852424,-10.6810610613,-12.7978280556,-5.5565482162,0.9300327361,5.7607183144,-2.8186337413,1.3601281031,3.0174991686,1.4875886559,-5.7389801523,3.2520636624,-4.1985474153,11.1225644838,2.1688130128,-4.6265731301,1.2398515503,-1.379161066,1.1106584193,3.1583737324,-1.6169895704,-0.6035076642,0.5255652209,-0.1467894989,-1.0120158998,3.2883308976,-9.1332627318,-13.3244690124,-0.4482982415,-2.1602321109,6.6287672088,4.4849030545,1.155593509,4.1541518728,4.3098463586,6.733788787,-13.2028721281,9.4306608488,-6.3978605634,-4.6728288201,-0.0008651725,-1.3743409023,-2.3757001246,-5.2141363836,1.5273794982,-6.0507757648,9.7610616297,-0.1502136929,2.62337263,6.6029505253,-0.7056067548,2.9385353643,6.5135618521,-7.3094490933,-0.6406838729,0.6309367066,-1.6882790265,7.4374429085,-12.589174652,9.1100119689,-1.5243644829,1.7731296378,-2.8187523398,-0.9077420954,0.2742308713,-1.9981023428,-10.0055998019,11.0973402503,-2.9417005854,-7.8209827843,8.4517939177,-4.0082176857,-2.6146190439,0.8196673092,0.9982335867,-2.0958313677,-9.6832314251,7.5448203997,7.1717287985,-5.3356489757,-1.7131769688,-3.1478718103,2.5355721283,4.0888327553,10.5742877631,3.1772838488,-13.4035280888,1.3965913894,-1.5271391819,-4.1600540453,-2.0688331444,5.3041427956,-2.9142422111,4.6159357981,-2.4660330363,-2.3220226751,-0.8104251332,1.0637401978,-2.2633037333,0.6916992292,-0.0609283893,-0.4716894258,2.333476109,0.4346549953,0.0791092225,-1.1248415337,4.3946886712,0.6234371115,-1.8743449286,-5.7958200116,-1.3222385965,-0.3145950321,0.8416710366,2.4881330794,-0.4316084517,-0.6977810215,2.9539068456,-13.9616478817,-6.8596156428,1.2060523574,0.4887312516,1.2933140623,-10.8197899324,-0.0542920861,0.8077863466,1.2498157352,-10.9886245109,2.7472640375,-0.0584371006,-5.9151884956,-0.0897882054,-0.4453469247,0.7507445143,10.7973151971,5.8582573928,-4.8971573256,-0.1704012057,1.2230246681,5.9318408378,0.3546902161,-1.4302054426,0.7006682723,-12.1391338868,0.3663480387,0.1425172448,1.6586623124,-14.9466912575,0.6401569809,-1.8324474931,4.5594121826,16.7848303314,1.1947305871,-1.4711398226,-1.5292639969,-0.0221767522,0.6191081074,4.4370205136,-0.6456889577,1.0863656509,-0.2507025344,-3.7199808403,0.7417831859,-2.886825342,0.0008816029,0.8327013989,-4.3835273294,-0.2837609304,-2.3256239022,0.9765403658,3.2650814132,1.202142229,-0.1685069642,-9.3489793987
biasActivation=1,1,1,1,1,1
[BASIC:ACTIVATION]
"org.encog.engine.network.activation.ActivationSigmoid"
"org.encog.engine.network.activation.ActivationSigmoid"
"org.encog.engine.network.activation.ActivationSigmoid"
"org.encog.engine.network.activation.ActivationSigmoid"
"org.encog.engine.network.activation.ActivationSigmoid"
"org.encog.engine.network.activation.ActivationLinear"
