encog,BasicNetwork,java,3.4.0,1,1572776164741
[BASIC]
[BASIC:PARAMS]
[BASIC:NETWORK]
beginTraining=0
connectionLimit=0
contextTargetOffset=0,0,0,0,0,0
contextTargetSize=0,0,0,0,0,0
endTraining=5
hasContext=f
inputCount=2
layerCounts=3,8,8,8,8,3
layerFeedCounts=2,7,7,7,7,2
layerContextCount=0,0,0,0,0,0
layerIndex=0,3,11,19,27,35
output=0.8424089064,0.6898563067,1,0.9999459077,0.7062434289,0.9999356532,0.9999816532,0.5099724995,0.2746527237,0.1719027918,1,0.9999999992,0.5156793947,0.9999988231,0.6779208137,0.9974152988,0.0616152928,0.690233308,1,0.9987523464,0.3129190995,0.9482054883,0.3139730258,0.111797261,0.943662435,0.0002561178,1,0.2662869927,1,0,0,0,0.9999715277,1,1,8,30,1
outputCount=2
weightIndex=0,16,72,128,184,205
weights=-4.9596766212,-17.4780126508,-6.9191665158,14.635162303,10.5708246934,-0.8223370838,9.2119523023,4.5146962004,0.6623792102,-2.4562859493,14.3178840086,-10.5773014657,1.2976223022,7.2500004843,3.4972770216,-5.1221910065,4.8265180573,-5.3517328227,11.3384999781,-2.72867757,0.052644684,-1.6905464008,-1.3876790482,-0.7211573554,4.2205426181,-5.8756739413,-5.6015987728,3.7207419081,-0.2949408096,6.2051898925,1.6383777467,1.5468347001,11.2951153467,3.0218663473,-5.7545282565,0.802449322,-3.5291549905,2.5153569631,15.8203561913,-5.5464341329,7.4589741962,-7.6168528176,0.7779033864,-0.0055014316,-1.0007519486,7.787645029,14.5167151267,-2.9008474881,5.5571393166,10.9490931505,-11.0720953219,-0.0034517887,-2.0541784572,-0.0737705122,5.9380721323,-2.134284181,-1.0255703149,-2.4189210643,-3.1115886519,4.9522962859,0.2257547357,-0.9572611959,-0.8021812165,1.4436381578,-3.7975853322,-0.2006988739,4.7404753869,-2.1312975447,-3.5409843456,0.6284322086,7.6804767463,-2.7749485821,7.4146053981,-3.6257622824,2.6070574328,4.0845667889,-1.0377270071,8.2913352094,-18.000478248,3.1754524766,0.9581011224,0.3398486794,2.7000303969,2.4179247953,-6.6483836374,-1.5866254946,8.6149901337,-2.0815560369,4.8241046919,0.7523376023,12.9220323345,1.6207244428,-10.2426675573,-0.579910304,1.5222865969,-2.4705501961,0.3198720173,0.3458471589,1.0005731097,1.4959789549,-6.1256748419,-0.0799911542,2.6551553968,-0.3422697271,2.0114987253,0.6662994737,-0.0658988226,1.8991085897,-0.3970563661,0.4087503801,0.8332915821,2.8627411812,-4.5199150871,-4.7278537265,14.3225376496,-4.2962153225,-3.6814731555,-4.6980014273,14.1417274154,-4.1200673192,2.1764350193,-6.0422359415,-7.75975178,1.5010048612,13.7940486229,5.4639647135,-11.7102427578,0.7095099972,5.9316361155,-1.2144115055,1.845100419,-1.7836155296,2.923727599,5.2171184682,1.9398422714,-0.8366760167,7.610529638,0.254753278,-0.7064538902,-0.8025557735,-0.0492946001,-1.0020996391,-2.2380569445,0.1722823682,16.0931231872,-0.3662011987,-0.4640521734,0.3792429121,-1.1106734327,8.0309212441,-7.6753094219,-1.3672842952,-4.03503333,-1.0073159645,0.3425806673,1.0573370637,0.0505612858,4.7035400242,-1.8265064187,-1.5767167004,-19.8944800043,-0.8312842965,0.1925218117,0.1512113496,-1.0186517887,4.1531059587,-0.2034798229,0.1069046956,-8.9446773163,0.0135276246,0.5660123244,-0.426167057,0.8119908056,-1.6374263925,5.9463990873,0.8777112535,14.7897175316,-0.1245012052,-0.171283404,1.5926694759,-1.8655689522,-17.2335227606,5.1437641009,0.0058430634,1.3352094025,0.1825796399,-17.1726077245,2.1230319543,4.922748537,-0.2584450805,-0.7965365409,-5.4868365203,-0.5845159059,-7.5150123569,-2.1230379777,0.1119525033,-4.6825460743,-3.4147292474,-1.145327668,-1.7152771342,0.5270226272,8.3780899212,-2.8461789936,4.2506365353,0.034541123
biasActivation=1,1,1,1,1,1
[BASIC:ACTIVATION]
"org.encog.engine.network.activation.ActivationSigmoid"
"org.encog.engine.network.activation.ActivationSigmoid"
"org.encog.engine.network.activation.ActivationSigmoid"
"org.encog.engine.network.activation.ActivationSigmoid"
"org.encog.engine.network.activation.ActivationSigmoid"
"org.encog.engine.network.activation.ActivationLinear"
