encog,BasicNetwork,java,3.4.0,1,1572776178560
[BASIC]
[BASIC:PARAMS]
[BASIC:NETWORK]
beginTraining=0
connectionLimit=0
contextTargetOffset=0,0,0,0,0,0
contextTargetSize=0,0,0,0,0,0
endTraining=5
hasContext=f
inputCount=2
layerCounts=3,8,8,8,8,3
layerFeedCounts=2,7,7,7,7,2
layerContextCount=0,0,0,0,0,0
layerIndex=0,3,11,19,27,35
output=0.2537055932,0.2224131574,1,0.0000036313,0.9999866278,0.6669942415,0.9180809121,0.1843409286,0.9998781135,0.058752122,1,0.6346447553,0.2809248479,0.9999999994,0.999927338,0.9999490231,0.1470604877,0.8683822932,1,0.985143972,0.0353199598,0.9443308089,0.9413612981,0.0869306102,0.351761357,0.0000580755,1,0.0000000079,0.9999844997,0,1,0.9915918542,0.0036758347,0,1,8,30,1
outputCount=2
weightIndex=0,16,72,128,184,205
weights=-6.9192445052,12.9873509802,-8.2301425019,-6.8342425151,-6.7630327261,0.0298520064,13.0036087298,-1.8493868258,3.3651073124,-7.0048503582,2.3319865988,9.9405915957,4.6315386687,-6.773651956,4.0575952895,0.7520486923,-3.7897508893,-0.2211942592,-0.8642384198,-1.4406076024,2.8312703898,-0.8118905174,-10.2179195848,-1.5925654268,1.3381492761,-4.6031905134,-3.1229538024,-0.774826614,15.1969756932,-1.6820988117,-3.1338016825,3.3364533958,-2.4655075991,10.3348264328,-5.4541809768,1.328187387,0.4506440347,-4.6693869719,2.169438475,1.8342829531,0.8949720924,-7.0711441103,7.6652072018,-6.0224040171,10.3464310334,5.1345403945,-10.0852815933,-0.1513282029,-2.5937843853,-0.4263736628,1.0668884237,-2.51239153,-0.9605253406,0.8972651748,4.6126979603,-1.4530394931,5.6214395151,3.5948995049,-0.762991771,1.5607040781,-4.1197539045,3.0955566211,8.5951907873,-0.1624154783,-1.0751614333,-4.9456499574,-3.9143195746,7.2497643347,4.8239356024,6.6786060757,-6.6632817657,-4.0566685655,1.504199837,-0.5361893558,0.2622164733,-0.42617964,7.8632613488,-0.6007739575,-3.8393761703,-1.2291561134,-2.2535310227,5.5722380017,5.2714273788,-8.2888379078,-0.36578544,2.0432226837,-10.1385954768,3.2218424976,6.3720472219,-5.7198078988,14.142777353,5.3013786652,-5.3043106417,-0.9750490925,4.3036259067,-2.3194924852,6.1605756868,-4.0245731564,2.6113301327,1.4369500383,-1.910933727,-0.5144074053,-0.0136882348,0.131132285,9.5523778426,4.2914465219,-9.330924137,3.7263447233,-18.8217032482,-0.6753500901,5.475121394,7.4991140574,2.6435026553,-1.4135424486,-0.9798381655,-4.2975743711,7.6863193789,-1.2677070672,-3.1945255418,0.4366519105,11.6667672658,-1.9252161927,-2.4582548036,-16.0481660324,8.0431272136,0.6096637436,-2.547984909,6.9763096305,-0.496571314,3.7631438465,-3.447189724,2.9351533194,-4.9856396234,-8.4285626658,-0.1421255623,2.4708448951,-0.6561806602,-5.8813288225,1.8192506149,2.8286443998,-1.4128661636,-0.2561011009,1.4465088351,1.1471729856,-0.9954491696,4.4883383147,7.0318594446,-9.3109375556,4.6703019797,-14.6773054224,0.5783549802,3.0766364343,0.734116841,-8.9665748357,2.7528869809,-1.9044105595,16.7981164101,6.554742352,3.5184941104,-3.0341910459,-0.9251132702,8.5685501652,7.0608755401,-3.3128638235,-14.4973334503,-20.2548439455,5.7052615533,6.8426360327,-0.0196542451,0.736306393,-0.6430384332,-0.1047888188,-0.9275416454,0.6968690498,-2.1480543266,-0.3256309186,-0.8286255555,-5.3615213664,6.532231035,-2.845955833,1.1946754385,-2.3610480371,-6.5154336998,-2.722265755,-0.9174679041,-0.396784631,0.5856122649,-4.2970934275,1.2812058427,7.0152101592,7.1419229219,-2.8707166106,2.1731409848,-1.051202071,1.7395661116,3.1702012191,-1.8384476457,0.3442848316,9.149146833,-0.2866623354,-0.2861461261,5.2753900284,4.3551397482,-5.0056959701,-0.2047265845
biasActivation=1,1,1,1,1,1
[BASIC:ACTIVATION]
"org.encog.engine.network.activation.ActivationSigmoid"
"org.encog.engine.network.activation.ActivationSigmoid"
"org.encog.engine.network.activation.ActivationSigmoid"
"org.encog.engine.network.activation.ActivationSigmoid"
"org.encog.engine.network.activation.ActivationSigmoid"
"org.encog.engine.network.activation.ActivationLinear"
