encog,BasicNetwork,java,3.4.0,1,1572776188193
[BASIC]
[BASIC:PARAMS]
[BASIC:NETWORK]
beginTraining=0
connectionLimit=0
contextTargetOffset=0,0,0,0,0,0
contextTargetSize=0,0,0,0,0,0
endTraining=5
hasContext=f
inputCount=2
layerCounts=3,8,8,8,8,3
layerFeedCounts=2,7,7,7,7,2
layerContextCount=0,0,0,0,0,0
layerIndex=0,3,11,19,27,35
output=0.7333305744,0.5348814934,1,0.0025333446,0.193687092,0.9998836082,0.6133800575,0.0000690422,0.013592522,0.1701423281,1,0.9970926459,0.0185122731,0.9978345146,0.7577286704,0.9999999981,0.043947265,0.7653293499,1,0.9705007173,0.9998517987,0.7948372122,0.2509138103,0.0441495072,0.5875085664,0.0039794041,1,1,0,0.0080362171,0.0497503871,0,1,0,1,8,30,1
outputCount=2
weightIndex=0,16,72,128,184,205
weights=-10.0904563707,-6.0895874488,-6.4423419693,9.8405772192,2.9579785758,-4.9419215059,7.4210425105,1.4265377051,14.4857560654,5.2137785138,-3.5248429503,-7.6962384851,-11.0528229748,-4.5700891275,7.3062480699,6.1581459616,-10.7608100736,1.3835979228,-1.5313764746,1.6029983983,8.8875010457,2.8335099397,0.4795142002,-4.3373571508,-3.0661124396,0.2701275205,0.8020768304,5.1587387215,-5.079776413,3.8705783259,3.3686536791,-0.751749106,1.2021499178,1.1740554393,1.2769815838,4.1401096322,0.4574323784,-5.1148847641,6.8221590851,-2.0270993709,0.3956364673,2.3010865194,-9.7520664081,-3.7850576213,16.2363547835,-2.409292073,-5.5126581744,0.7119793074,-4.7852546925,4.3890125837,7.2806450058,-0.2449076361,-10.8985011758,7.1690012179,-6.4891685832,3.5798567915,0.6076709807,-0.1681619262,2.2330274078,-1.1504749535,2.0555190721,3.577219608,-6.3846656429,-3.5701409964,-0.1482968343,-0.4906924115,-1.6490016166,-1.5846603501,-2.449541072,-14.1251983564,5.5728611574,0.2237346223,-0.5991289364,6.7311132508,2.8002986061,-0.5617140796,-0.9757801954,-2.9023816618,-2.7756516088,-0.6366003438,-0.807263218,-2.2189681993,-1.3271136642,2.3555727637,5.1991836339,-2.3632634031,3.894271402,0.6386460957,-0.5647644726,-0.1308957823,11.677605903,-4.40696265,-9.8043061791,0.4896863456,-4.3722585387,-1.2015449724,0.0502785826,-1.5342294154,-0.3723831072,7.2280190717,-4.6113415819,1.1989036384,-2.4663535758,0.6168847749,6.8182686587,8.8505142386,2.8513753417,2.4816681412,-0.6531787918,0.1638556238,-12.8791905326,1.6841390989,-1.6470222549,1.0012714876,-6.875437997,16.0114950839,0.7383735768,-1.5285771716,-4.0283512711,-0.1536769788,2.4016134602,0.7429554232,2.4796151963,-9.5586672674,5.6427585136,-3.571853342,-3.5365549787,0.3994643251,0.8656567104,2.5209989928,-5.4571760326,-1.2493160399,-1.7534572741,1.0112024826,-3.0834843734,1.7225960104,3.7514600729,0.5074226765,-9.290515302,-0.0299699568,0.3398256569,1.9726242902,-0.9308071275,3.1688580983,0.1481878015,-1.595542108,-13.6715354952,2.8618969999,0.3037077554,0.4383416949,-0.788725308,0.735291026,-1.0563629633,4.5809773001,5.1432158647,-17.6430171001,1.655201029,-0.182402313,1.8765870209,0.981435652,-0.123199503,-0.1019141287,10.5314326914,1.3504002449,-1.8293681809,-1.4681244729,-0.2092219828,-1.6355115869,-0.137495091,-10.1930133455,-1.6588622221,2.3678247372,-0.4266391218,0.6479021839,-0.1480019407,-0.2612009246,-0.9764832075,0.5132402619,10.779124003,-8.3044750242,0.4688986692,-1.8519014585,1.2294788475,-2.3677237114,1.2577780118,0.5997092691,0.5245976415,2.3930809288,-2.6656616694,6.7579143136,1.3893255185,-0.3669320806,-4.9223698633,-0.8441794431,-0.2449754989,11.1529940544,1.4138660318,-5.5140317448,-1.2668247263,0.8452915349,1.0062048797,0.5860160988,1.295186774,-1.5679331403,-1.5469510996
biasActivation=1,1,1,1,1,1
[BASIC:ACTIVATION]
"org.encog.engine.network.activation.ActivationSigmoid"
"org.encog.engine.network.activation.ActivationSigmoid"
"org.encog.engine.network.activation.ActivationSigmoid"
"org.encog.engine.network.activation.ActivationSigmoid"
"org.encog.engine.network.activation.ActivationSigmoid"
"org.encog.engine.network.activation.ActivationLinear"
