encog,BasicNetwork,java,3.4.0,1,1572776198391
[BASIC]
[BASIC:PARAMS]
[BASIC:NETWORK]
beginTraining=0
connectionLimit=0
contextTargetOffset=0,0,0,0,0,0
contextTargetSize=0,0,0,0,0,0
endTraining=5
hasContext=f
inputCount=2
layerCounts=3,8,8,8,8,3
layerFeedCounts=2,7,7,7,7,2
layerContextCount=0,0,0,0,0,0
layerIndex=0,3,11,19,27,35
output=0.9999482349,0.6060176381,1,0.2366085309,0.0050139488,0.0020801529,0.8344882299,0.6403631909,0.0079332275,0.1105945865,1,0.2505434925,0.0505453465,0.5054406928,0.6774405225,0.7658701083,0.0830833864,0.5166413794,1,0.0000128624,0.9917830508,0.0002939891,0.207206492,0.4919926918,0.1279312286,0.51671035,1,0.999889993,0,0.9932469238,1,0.0000000297,1,0.0333314719,1,8,30,1
outputCount=2
weightIndex=0,16,72,128,184,205
weights=4.5850342434,-1.7618824917,0.6568317379,9.3458787901,-2.1684011071,-14.1308790207,4.5759723337,1.9869159902,4.2341597148,-3.580884092,9.4267198475,-10.2961343854,12.606650167,1.8185696344,-4.6526021416,0.4464037052,-3.1769261657,-0.0999716337,-4.0426933591,0.6801002701,-1.2291617348,0.8686448273,1.2146124438,1.4539507982,-2.5335595201,3.4225274701,-3.8503068557,-0.0561961162,-1.5124245446,5.254644499,-0.7931793516,-1.7130232506,-4.5586834082,4.4312594992,-4.2793123017,-2.7391774542,-6.7642684168,-4.6454851358,7.3460266789,0.5347579877,3.1826089044,4.1726001464,-13.9094469874,6.9737510343,-5.0990551537,3.0903441562,4.0467796717,4.4733116682,-6.3283428048,-6.5854673467,5.9265560739,6.8273831547,-0.0351302991,2.1910228888,-6.461384168,-1.9422518659,5.1614982628,5.192429332,-1.481041968,-4.775960998,-0.2968984012,-3.7490446568,5.7604478528,-4.8375717985,2.252575388,-4.5694461465,-1.3118047517,0.2089890408,-3.8051754459,3.5146734622,-1.0107359702,1.2478231515,-0.3044723778,-0.7182551593,-1.8131224342,-12.1162801059,2.3243639399,0.874254606,-7.1909634243,4.5879770756,3.3387078031,-0.9969086265,0.0264181008,-3.4811782125,11.7398689778,1.8032613036,-4.4932767048,-4.9079283878,6.006047045,4.5614990212,4.8957324818,10.3019226781,-7.096205172,-0.7610805786,-1.4448711886,-2.3031686333,-2.6066471938,-1.726768428,-3.5447667911,0.5756582765,-3.8263889322,-1.7518797476,13.0754952455,-2.3131588135,5.1288170492,0.013099245,3.8397477659,1.9734140554,-4.9919502807,1.6392224041,6.2828443993,-0.2380695044,-3.1577408034,-3.0718049291,-2.0903935283,8.8497207745,3.8444189696,-5.1512615517,0.5610806724,-2.7100071478,7.670241204,3.1793946597,-1.6482781837,-0.0831356866,6.9877350999,-4.7237410316,-8.383255351,-1.5709532511,0.2378865302,0.9381273743,-2.3604238717,-3.9741945627,9.170964008,-3.1046494504,9.3028916234,-2.3858012924,4.4941763869,-2.6021980707,-1.9728506607,0.8141233458,-1.130944553,0.3776293629,-1.619066963,1.121364453,3.4959439475,0.0901983132,-8.8788396486,-4.5552400376,-0.3790778689,0.6564651266,2.2761565276,1.0145542881,-1.6315266326,-3.0695552455,-10.3475250152,-1.4698199626,3.3258824878,6.3530126318,-15.3057466446,6.1941178874,3.1212821339,-0.5296731351,-10.9499583809,2.2272973538,1.0102938055,2.2777059746,15.6425364065,2.6966496145,-0.1947611302,1.0561430465,-3.7509940216,3.6030296709,-1.2156372427,-0.8077419519,3.7364309516,-0.9188008914,8.6903260626,-2.6911574484,-12.3275665818,0.2327600114,9.3278573274,2.5803424112,-5.5401652599,0.9933729856,-7.0589262522,2.1765031636,0.2911717346,0.8360474497,-4.5389533479,-1.3388552116,-1.2384567472,0.4348437224,1.8533234743,-2.4978117732,5.0974524716,-0.3740786527,0.5156598114,-0.7784274952,1.8943190393,1.0136133168,0.6001832995,0.0178531458,0.8350983471,-0.1769438007,-4.739826355
biasActivation=1,1,1,1,1,1
[BASIC:ACTIVATION]
"org.encog.engine.network.activation.ActivationSigmoid"
"org.encog.engine.network.activation.ActivationSigmoid"
"org.encog.engine.network.activation.ActivationSigmoid"
"org.encog.engine.network.activation.ActivationSigmoid"
"org.encog.engine.network.activation.ActivationSigmoid"
"org.encog.engine.network.activation.ActivationLinear"
