encog,BasicNetwork,java,3.4.0,1,1572776206951
[BASIC]
[BASIC:PARAMS]
[BASIC:NETWORK]
beginTraining=0
connectionLimit=0
contextTargetOffset=0,0,0,0,0,0
contextTargetSize=0,0,0,0,0,0
endTraining=5
hasContext=f
inputCount=2
layerCounts=3,8,8,8,8,3
layerFeedCounts=2,7,7,7,7,2
layerContextCount=0,0,0,0,0,0
layerIndex=0,3,11,19,27,35
output=0.3333641976,0.0000889748,1,0.2339313061,0.0156692503,0.0000000166,0.0000225705,0.044724395,0.0000226406,0.7079194613,1,0.2337442555,0.9970931829,0.6575221207,0.9999987234,0.0505686606,0.9997591047,0.9994821447,1,0.0001531351,0.0760133068,0.9999996534,0.7609214656,0.2244732788,0.9997083588,0.0090518256,1,0,0,0,0.9999996246,0.8390962213,0.0009845844,0.0000008074,1,8,30,1
outputCount=2
weightIndex=0,16,72,128,184,205
weights=-3.3286264693,-12.4420689131,-9.1686060192,-0.2029384925,8.8514737452,7.1749276291,-1.9873235321,1.291450018,10.2522010905,3.1192532992,-10.387660526,13.1440057433,2.4965128477,-8.0787675175,-4.3286076659,-8.821718293,3.7831346468,-3.9447255878,6.2830287063,-1.6549780231,7.7444761393,-3.0861210887,3.0799211334,-0.9981020933,5.9161391145,0.6274501752,-10.1752783325,-9.8428711534,2.3413753236,7.7397668422,3.414257409,-0.8842143054,3.9239683311,-1.164094554,0.4505128556,-5.0515152082,4.4087655036,-4.3959632046,-8.9226828298,0.1728268747,1.2846024263,-5.8937342525,-5.5697673663,5.9016188844,9.7214184007,-2.8227843302,-6.9936672446,1.9586738867,7.4715832923,-3.5911405388,1.4879228023,-3.8735681704,7.0086623109,-2.5423242268,0.2300625046,3.6253521191,9.0838213987,-5.530078874,0.9805004126,-5.1796018864,7.8750814589,-3.6624104832,-0.6524337086,1.1452576237,0.8758451042,6.2173056797,-2.3398935175,-2.4518852519,0.894321914,6.0423258821,-5.2784653489,-2.3386053587,2.6695392274,5.0045477885,-7.3824356925,6.1982618365,-7.9200865819,1.0339331872,6.0420561489,1.7874577498,0.0128177514,-5.0485107366,1.4867127115,-4.6156557661,-2.5561342389,8.4403504761,-6.4939249853,0.4416536865,-8.7305505488,-1.0095838162,6.7193662601,1.1951688959,-0.5161784462,-4.4566899426,4.2653728676,-2.365794459,0.3045413086,-4.8599788166,2.4030521144,-0.2126683284,9.0390316848,6.5046973413,-12.4243442259,3.2800652771,-6.4840570648,10.6581779495,0.9421487571,1.4136524002,-8.5094582968,-0.1093055692,6.2075786403,-3.7962987112,-0.7822878554,-2.794547996,7.594273647,-6.239304047,3.3240887397,7.0219859276,-4.1648803972,-2.0316082676,-7.9173057589,0.5015456816,5.0550114699,-2.0554640312,-3.7387466071,4.6935641842,-0.2168355756,0.1864380094,0.345615947,-0.4782906585,0.2488830144,-4.4898505115,-6.0496342165,4.4959591541,2.2259463018,0.777608457,0.7681901628,-0.8841134002,0.4087620927,1.5617972077,-9.5633981986,7.5328672918,-9.1166277845,3.9576160314,0.2912251322,0.5111354049,-0.2236585087,9.8902203547,6.0926890713,-2.5610244282,-6.51472738,-0.1249067058,-0.8397052805,0.3940833656,-0.0090866272,0.3626955937,4.5745051312,2.698279728,-8.8072120756,-3.046056941,-0.0180986219,-0.4774052632,0.3298706727,-2.3855961324,4.3923438183,2.9124661959,8.5482127404,-2.5426640985,-0.7133837744,0.2441513566,2.7323622106,-3.0060513146,5.7448489721,-8.4012602461,-0.7410023086,6.3335361036,0.0863975823,0.8936237288,3.4830799003,4.700252759,-8.6179658527,10.4884988702,-7.743566766,-2.1749647436,-0.9858210775,-0.5613515812,-0.2289801045,-1.7255537041,-1.8935443185,0.2361880494,1.5885465172,-6.6427085207,-0.2556272304,-0.2886614164,0.6149023451,-1.3424022051,-1.0037463592,0.0297938724,8.787673548,1.8200585268,-0.6894720747,-0.7986118,1.5303275636,-0.8111903908,-1.9363524277
biasActivation=1,1,1,1,1,1
[BASIC:ACTIVATION]
"org.encog.engine.network.activation.ActivationSigmoid"
"org.encog.engine.network.activation.ActivationSigmoid"
"org.encog.engine.network.activation.ActivationSigmoid"
"org.encog.engine.network.activation.ActivationSigmoid"
"org.encog.engine.network.activation.ActivationSigmoid"
"org.encog.engine.network.activation.ActivationLinear"
