encog,BasicNetwork,java,3.4.0,1,1572776216332
[BASIC]
[BASIC:PARAMS]
[BASIC:NETWORK]
beginTraining=0
connectionLimit=0
contextTargetOffset=0,0,0,0,0,0
contextTargetSize=0,0,0,0,0,0
endTraining=5
hasContext=f
inputCount=2
layerCounts=3,8,8,8,8,3
layerFeedCounts=2,7,7,7,7,2
layerContextCount=0,0,0,0,0,0
layerIndex=0,3,11,19,27,35
output=0.620689898,0.3703659133,1,0.015444571,0.9992378572,0.0110797908,0.0139788557,0.0030127468,0.222732487,0.7542544245,1,0.9997499448,0.9998738332,0.4459421994,0.5042003436,0.0115692558,0.5217440322,0.8068835357,1,0.186610938,0.0001446152,0.5200710969,0.9836894177,0.0103591421,0.9999995167,0.6887268802,1,1,0.8898499306,1,0.9999996333,0,0.0000001857,0.9981076708,1,8,30,1
outputCount=2
weightIndex=0,16,72,128,184,205
weights=0.8645280768,5.9055037741,-12.4293792199,8.9679804075,6.3752635647,-9.1607077493,-6.4825616911,1.5011561331,8.1895021189,-7.0499093531,2.8045991052,-5.2849888769,-9.9625745896,-5.9699528728,13.251734882,-2.2052531717,-9.6054157805,0.4720032784,-4.9970288404,-0.430582014,5.6983238166,6.5958244761,6.9166266089,-1.6665464028,2.4251718509,3.8592160585,-5.3143667812,9.6670540134,-6.831370294,-4.0280976644,2.5141546651,-1.456872127,0.2732942153,-3.425002975,-7.4967868705,1.4451241571,2.4693960241,9.9056621702,-6.1978325242,1.0784954762,-0.7239115044,-6.5055195106,-2.2335617331,6.5763757322,-1.3290174815,1.5375456157,-0.7662164757,0.4839437809,1.5002693588,-2.8776024338,-5.8410497041,-4.1176555008,0.560417392,7.155102737,-4.2600258792,-0.0459177465,8.516684705,1.0461946167,-3.8587938135,-14.9678949811,-4.1958687019,3.3847678954,-3.0560461067,-0.7943801157,3.6029613543,2.5538598595,-2.2011676244,5.0634238605,-1.8391028076,-11.5584712141,1.4547623941,-1.7275349875,-3.9354858862,-0.6127301033,-3.1189960815,10.2807299743,-0.9727539685,-0.0929077811,1.3261450199,-0.2732403709,4.6078828399,-7.5155640495,0.0910936726,-0.0559150737,1.0714106444,6.8344416567,-0.382855139,1.5447582596,5.137789388,-0.277676137,-4.1380598114,-5.4404597912,-3.1659079814,1.7575778145,6.5733803141,0.0759562294,7.8112864907,-9.7266040303,-1.7462726203,-9.2570906261,-4.5594866088,9.9938021867,-6.2541284765,2.935646297,-3.2910451843,1.5841209763,1.9143457055,-5.6234998477,-2.7709440364,1.3181318046,-2.0441199938,0.8207438247,-13.0816335243,6.137081979,5.4915870385,1.1767278347,-2.9502449466,2.3337412369,-9.9848659708,3.0874364821,-5.6557939429,-3.7211375372,-0.9331978429,-7.7966641592,1.2144555177,8.3509854301,2.0079817663,0.8941691612,1.2863859055,-12.6888242513,1.6467793732,0.4196163938,-1.9849823266,-4.1930719859,4.5961022418,1.878780094,0.6529201189,8.3389401302,0.1143073316,-4.846332861,1.8452109053,-0.2358684517,-11.8541994233,-0.3508237377,-0.0888222375,4.1972621409,-0.447574615,-0.0126880561,0.1891032907,6.7636119824,-2.1230665184,-0.9864732463,-1.7040153649,-0.0856573564,-2.1553726614,-2.526661863,1.7722083246,-0.6051505573,12.4938398278,-1.9084300051,0.5026512452,-3.1572032555,-0.6506892548,-1.6874188891,-0.4878923264,5.763448993,-0.6733694517,0.7575148407,-1.3934721841,0.9127676554,-1.1283582571,2.5312011624,-1.2641171462,1.3507496246,15.6255919244,-1.8749670237,-1.5683700093,-3.6419067289,0.4655347053,-5.983958424,-0.5345871635,3.5686847352,12.7824251212,-1.636521177,0.888634726,0.7688850667,-0.1557385605,0.2019230943,0.2114277628,-5.8690085107,0.041682197,1.4035327853,0.6044029697,-1.0645030708,0.5946583159,5.495079797,0.5821861515,-3.2314614912,-0.048017365,0.6165812623,-0.8407357861,4.7901688306,-2.2301480179,0.566602476,7.1111625682
biasActivation=1,1,1,1,1,1
[BASIC:ACTIVATION]
"org.encog.engine.network.activation.ActivationSigmoid"
"org.encog.engine.network.activation.ActivationSigmoid"
"org.encog.engine.network.activation.ActivationSigmoid"
"org.encog.engine.network.activation.ActivationSigmoid"
"org.encog.engine.network.activation.ActivationSigmoid"
"org.encog.engine.network.activation.ActivationLinear"
