encog,BasicNetwork,java,3.4.0,1,1572776226488
[BASIC]
[BASIC:PARAMS]
[BASIC:NETWORK]
beginTraining=0
connectionLimit=0
contextTargetOffset=0,0,0,0,0,0
contextTargetSize=0,0,0,0,0,0
endTraining=5
hasContext=f
inputCount=2
layerCounts=3,8,8,8,8,3
layerFeedCounts=2,7,7,7,7,2
layerContextCount=0,0,0,0,0,0
layerIndex=0,3,11,19,27,35
output=0.6478899049,0.4202908368,1,0.9252923977,0.0000000003,0.3687652289,0.2611137641,0.0203909749,0.4916787858,0.7362861442,1,0.9999378542,0.0078838403,0.982431246,0.9993195611,0.9294477158,0.0000154961,0.0508940941,1,0.0768141452,0.0000034424,0.0002353808,0.8043100329,0.1546382115,0.0000312015,0.6051317417,1,1,0.0000000001,0.7598539296,0,0,0.9994666351,0,1,8,30,1
outputCount=2
weightIndex=0,16,72,128,184,205
weights=7.7477371678,-10.8093479815,1.2773736121,-0.8231939893,17.6448097473,-16.0443651461,-0.9512874161,1.4140497408,6.6210588203,-9.3153206922,4.5159311245,12.2366355867,-1.3775591991,9.4282171503,-9.8927269516,-8.6321541401,4.2361972643,-7.1051139249,-0.7980706526,-1.256641625,0.4610403572,-7.2448584333,-4.3136911585,0.1675863835,-8.294409493,0.7170905558,-6.785074547,-1.3265492452,-5.6578471569,12.590641494,0.3051306921,-0.4497699905,-2.7435104517,0.5475215562,6.5223782274,1.1288285613,-3.3604957195,-1.0268306374,-0.7341595927,-2.1735575297,-2.1827637213,7.523447196,-1.343478254,-4.1302245457,5.5877955146,7.8318475829,-16.6490865704,2.184070874,1.5754150363,3.6497754909,-0.5401080848,7.9192602483,-12.7972506697,-10.2841591819,7.2952383967,-1.3361549184,-4.3353751649,6.3306969874,10.8455935764,-13.0308202391,4.9378274644,-2.5515977096,2.7772066264,1.8880548227,2.3923172799,0.9916394886,1.2331499352,1.0039715292,-3.4808747769,-3.3997401508,9.3418790523,-0.8281084389,-4.8350398816,-0.2941837048,0.5687386129,4.0565819265,4.0689764604,0.5291005359,9.3174663686,0.5269524835,-1.586693141,3.6223790626,-0.5496675772,-2.8139984216,0.5277708521,-3.4124420814,-13.1686074289,5.4375347728,0.8133755885,-6.1042159408,6.7396076839,-0.9666795951,-8.2601162875,-1.5430922054,5.2292997729,2.8503368434,8.5844340517,-1.453832488,-0.9126496927,3.3927674491,-9.0341977242,-6.7555824103,-0.8789031054,5.8331639785,-7.1758463486,0.6284975447,-9.7169338662,1.4710967325,-2.9780935642,-16.4385284709,2.7340472288,0.7550913671,14.9328099814,8.2874859819,2.5585300741,-3.0218715548,-6.2114429752,0.8713006201,-15.4147941887,0.4964145523,0.7648514025,-1.7647665637,-3.1153637746,-14.4650102132,-2.9377303595,-7.4791817867,0.7088185917,8.676157405,0.0941175236,5.5753568279,10.6746754701,-0.3669418585,-3.7489582465,-11.5695138685,-7.9817455794,0.8715896995,0.8779467065,-1.638247422,-4.188281368,-0.408483509,1.1410077246,-12.3025638153,2.3422605418,2.0212017192,3.9375673656,1.9307277848,-5.9865659153,0.0894273113,-3.1563356798,-10.6642128554,-0.4802326466,2.9158027215,9.6191541103,0.1915302994,-6.7687367242,0.6336420517,-0.8743748464,-12.1237844241,0.4243881752,9.0548683121,5.5532701329,-0.312904519,-15.039349458,0.7387557294,-0.6350380034,-1.7375994192,0.0061818463,5.9124348773,3.4632916196,-2.8123120163,2.2471395628,-0.2396078009,-3.4474829321,-19.5857130184,-0.195463538,4.0294640496,5.7674767793,-4.7953082748,-18.5427459867,-0.8035542233,-1.6459594751,3.827108318,-6.4485852068,4.9241285558,1.8169159911,0.8661864586,-0.6938731658,-0.909782871,-1.1096578174,17.7378723802,1.3854449086,0.2796630633,-18.3215723154,-0.7256596413,-0.9630049255,0.6704988852,0.8451593451,-4.8789968385,0.5396817156,-2.3055920688,0.3963807251,14.0890859811,2.4398164268,-5.4178631293,1.048992899
biasActivation=1,1,1,1,1,1
[BASIC:ACTIVATION]
"org.encog.engine.network.activation.ActivationSigmoid"
"org.encog.engine.network.activation.ActivationSigmoid"
"org.encog.engine.network.activation.ActivationSigmoid"
"org.encog.engine.network.activation.ActivationSigmoid"
"org.encog.engine.network.activation.ActivationSigmoid"
"org.encog.engine.network.activation.ActivationLinear"
