encog,BasicNetwork,java,3.4.0,1,1572767122646
[BASIC]
[BASIC:PARAMS]
[BASIC:NETWORK]
beginTraining=0
connectionLimit=0
contextTargetOffset=0,0,0,0,0,0
contextTargetSize=0,0,0,0,0,0
endTraining=5
hasContext=f
inputCount=2
layerCounts=3,8,8,8,8,3
layerFeedCounts=2,7,7,7,7,2
layerContextCount=0,0,0,0,0,0
layerIndex=0,3,11,19,27,35
output=0.9996562323,0.7438992332,1,0.6226173163,0.1241081521,0.444865821,0.4420063887,0.9822208992,0.9528495075,0.0000403233,1,0.4072050371,0.9666547607,0.43524834,0.5767680975,0.9998961411,0.5078469592,0.0345575877,1,0.0312826919,0.4399807465,0.0000001849,0.2822569507,0.2167483059,0.0000002051,0.3016077913,1,0,1,0,0.9843151488,0.9979803185,1,0.9726825712,1,8,30,1
outputCount=2
weightIndex=0,16,72,128,184,205
weights=0.798703109,-12.8544524835,2.0357767609,-3.4032879868,-7.0901559009,10.4552062642,-8.7373486983,6.674097605,2.7273872779,-7.2288053719,14.2377129537,4.1180485889,-1.3168118849,-5.564693707,3.1158338025,-1.2931157478,-0.4201716686,-1.8760447788,-1.72250225,2.9339194116,1.7348406579,0.8737723303,0.9278709038,-0.6676869945,-7.1066452246,-2.474132347,-2.8596495292,5.4227500901,2.4577380735,-8.6496502908,9.8030446929,3.0448389661,-6.1951074637,-3.8402235729,3.8001357,-9.1882816492,10.2948325928,3.5492484757,6.4692925085,-2.6608843749,-3.6304713201,2.9115756267,-0.5128905307,0.4854866204,-4.0757774061,3.310293163,-0.53702775,0.7868463154,-3.6051616876,4.0344456584,1.6504389695,3.1327887983,1.4164007432,-8.766106673,-2.5773026503,2.1793253605,-16.5091801284,4.717446208,4.6791496337,0.294068289,2.3655172992,-3.5626450082,0.0503356418,2.4046580128,-3.9548128915,1.1504809245,-1.1800479521,4.1006897607,-11.8386620201,1.2057457654,0.143048122,-0.2516182448,1.5885269441,3.0773085875,-0.1128746137,3.8969748483,-1.922493282,-10.6430702232,-19.8882180642,3.5360109809,1.4984821962,0.4391107715,-6.6841143969,1.1688227837,0.62150942,2.7334744725,2.5751420441,1.8855478571,1.0692737609,-3.3952848098,5.8466624534,-0.7085990862,0.4978654362,-7.4777313066,3.7362236531,0.1651626702,-2.554399169,3.5252690986,7.8118145074,4.0358269119,2.7837417989,5.856731419,-2.3634398391,-2.1913043263,-10.5770574473,6.2226304731,-5.155214648,-2.6793034039,-0.0095460172,15.079508418,-2.6649196611,8.3274943075,7.8799750508,4.1482694294,-0.1444648073,0.1691724947,-1.9272764637,-2.699815516,-9.4970799926,1.1941025986,6.4323553769,-0.2848522098,-0.4109090174,-1.9195435308,0.818687807,-3.9560787838,-4.5434374799,-1.671158878,0.2741381988,2.0951060615,0.5827237537,-7.5432823643,-1.6972281519,1.9456986017,0.1052642857,1.5426661329,3.5863447691,2.1334247514,-1.1224430104,0.8906287366,1.6325716301,1.989436768,-7.3228605083,0.2527833595,-1.7122150447,-1.1846850335,0.4621160505,-1.7064654661,-6.7159589268,5.7029900879,-15.1618747192,3.1077644542,-1.2074301479,-0.1422052677,1.095203453,-8.19783709,0.4607271704,0.538264387,5.8349564993,0.6045451709,0.0401036522,-0.7346645902,0.4617799493,0.183890909,-2.8265687981,2.3097418073,-0.6928613809,0.4539931011,-6.8255769008,2.1227198011,0.5199865991,-8.3998105087,-17.5989703191,3.0008019471,4.1819592845,1.2405012754,3.4477272079,-5.0646809869,0.2737959439,-9.0206275184,14.786224434,-9.0802332978,7.7034355899,-0.064957283,0.854335307,-1.2287036963,-2.1187831268,-0.6050562142,6.7917482927,0.2486336169,-0.7025822677,-0.8887801152,-1.0640214008,-1.8852965669,0.5746013172,1.9835837846,-2.2048463504,0.220092869,17.2387784514,-5.7316632181,6.0304333977,2.143331247,0.1399292794,0.3052871791,-6.7055167325
biasActivation=1,1,1,1,1,1
[BASIC:ACTIVATION]
"org.encog.engine.network.activation.ActivationSigmoid"
"org.encog.engine.network.activation.ActivationSigmoid"
"org.encog.engine.network.activation.ActivationSigmoid"
"org.encog.engine.network.activation.ActivationSigmoid"
"org.encog.engine.network.activation.ActivationSigmoid"
"org.encog.engine.network.activation.ActivationLinear"
