encog,BasicNetwork,java,3.4.0,1,1572776266221
[BASIC]
[BASIC:PARAMS]
[BASIC:NETWORK]
beginTraining=0
connectionLimit=0
contextTargetOffset=0,0,0,0,0,0
contextTargetSize=0,0,0,0,0,0
endTraining=5
hasContext=f
inputCount=2
layerCounts=3,8,8,8,8,3
layerFeedCounts=2,7,7,7,7,2
layerContextCount=0,0,0,0,0,0
layerIndex=0,3,11,19,27,35
output=0.0115631654,0.0001468225,1,0.0000122508,0.2070435931,0.4976003834,0.4831566697,0.9992938264,0.5589803467,0.000000081,1,0.004233203,0.0047562724,0.9999601031,0.8728107703,0.9475774948,0.9998103143,0.6342025897,1,0.2144179034,0.9996056474,0.1362102872,0.0543127892,0.8067506226,0.9996542651,0.0009407724,1,1,0,0.9998759727,0.9711982667,0.000003075,0.9999997293,0.0006715471,1,8,30,1
outputCount=2
weightIndex=0,16,72,128,184,205
weights=8.7666205454,5.8391675994,-1.4587239408,-11.5982560834,11.778491003,-6.5905001716,13.0001442572,-7.4139476769,-0.1606769706,4.4369540294,-5.6105624627,-0.1974562989,-8.6163847009,5.8940912109,-0.4108239754,-1.5419413078,-1.2833930823,0.7510804767,-1.4325561517,0.5086939535,-6.7806625224,-5.6065753285,-0.3272424477,1.9187108978,7.3657948276,2.3040929229,-4.3657364601,6.8688589926,-2.7539057449,4.0232680161,-5.3868539175,-1.0112395564,-7.6571264624,-1.5727340772,0.3746864008,4.0706331836,0.5067842907,-2.8307799915,0.0430316122,-1.57453307,-1.5975955728,2.7586494743,-0.493487256,-3.5688801257,5.1977026695,1.2270974202,-3.3350910237,-0.5022995541,-3.1327984285,-1.4042467914,3.2949781121,-4.7410485173,0.336810137,10.2327440185,-2.2252957228,-1.0205929966,5.1362331566,1.7493074751,6.410361165,-3.9888031967,2.9040383629,-2.6257968507,-2.2163802353,-1.4425415837,7.4381924329,-1.3383092676,0.8775369967,4.8944101774,-4.4376585335,-8.2601485012,-11.3912534025,-1.8159329983,-1.8886458692,-0.3041863556,-1.807142637,12.1412440976,-3.4328607749,-3.3692278412,-7.3163106382,0.9796068369,1.2172587133,-4.3169860953,0.6809630587,-2.1947301127,-0.7839548328,-1.7703489649,2.3396704064,1.1371978068,1.3672132984,5.0724514187,-2.9192652975,0.3266430169,1.295368558,6.2695899261,-5.5569714879,-2.1617748795,0.0437087676,-2.4866204095,6.1523796581,-7.5926617296,-3.8036673356,4.380620888,-1.9098950278,2.6679733103,2.0991112669,-1.8224473501,-2.4435435955,0.394814476,0.5160880063,4.2279076702,-1.3200215732,-0.0639517541,2.5941192142,-8.5656932135,-3.9559828649,-6.8420675982,5.0649452167,14.0530437246,4.5191950822,-0.6520851159,1.7976259888,-7.4092980034,-3.4525804711,-9.3705377933,4.2105135962,3.3838851354,3.464768062,1.7676295112,1.6232985438,1.7482255727,-3.9926313272,1.1129494828,-1.1026395868,0.1414147476,-3.0244542,-0.149935313,-4.3228198036,1.5328580071,6.5456592529,7.0072285635,6.5495280743,-0.9259542072,-0.9978918498,-0.2629612058,0.3345793421,-3.6628075873,-8.6820664795,3.4188552515,-0.0434708609,1.5256176048,-0.2606730709,1.653452596,-6.6272223603,-3.5865273101,-6.7848054544,11.3530367802,0.9182419236,0.1459018668,7.0594135199,-0.6226608511,-0.686830151,3.2252022676,-4.8827460225,2.1867874981,1.4728291384,2.9320735896,-5.9412194555,1.9461119729,-2.9753116708,-0.7575995616,-5.0515920499,15.9519188974,-0.8152641776,-0.0295508059,0.6832491215,0.5323882547,-2.4928176286,0.9319493019,1.5723032066,-9.3427129492,5.9950134978,1.4490278972,0.9562932066,1.5767797818,-1.4421263388,1.7136403323,-0.5163494141,1.9425515211,-6.5345021127,-0.7972311383,-1.0297548186,0.6253557438,-1.5277489675,-1.9791916172,0.1846005496,13.8136115164,0.4975575046,-0.5134519344,-1.269109865,0.8305253239,0.2634854485,0.5733465116,8.8708509581,-2.5854595619,-0.7082754111
biasActivation=1,1,1,1,1,1
[BASIC:ACTIVATION]
"org.encog.engine.network.activation.ActivationSigmoid"
"org.encog.engine.network.activation.ActivationSigmoid"
"org.encog.engine.network.activation.ActivationSigmoid"
"org.encog.engine.network.activation.ActivationSigmoid"
"org.encog.engine.network.activation.ActivationSigmoid"
"org.encog.engine.network.activation.ActivationLinear"
