encog,BasicNetwork,java,3.4.0,1,1572776277954
[BASIC]
[BASIC:PARAMS]
[BASIC:NETWORK]
beginTraining=0
connectionLimit=0
contextTargetOffset=0,0,0,0,0,0
contextTargetSize=0,0,0,0,0,0
endTraining=5
hasContext=f
inputCount=2
layerCounts=3,8,8,8,8,3
layerFeedCounts=2,7,7,7,7,2
layerContextCount=0,0,0,0,0,0
layerIndex=0,3,11,19,27,35
output=0.9996443723,0.9126218167,1,0.999832287,0.0486003649,0.999939997,0.0941454937,0.0007919959,0.4079585627,0.0636247678,1,0.0000004025,0.8471277129,0.9985285769,0.1387594348,0.0753932791,0.0031923302,0.9999958421,1,0.9117497299,0.9833693137,0.8223343449,0.0662775234,0.0177418299,0.9998772261,0.2180393891,1,0.9997650305,0.6084292927,0,0.9999999815,0.0005018932,0.0042136304,1,1,8,30,1
outputCount=2
weightIndex=0,16,72,128,184,205
weights=11.9154288912,2.7206102861,0.6670536821,-11.6288218171,4.8840811788,-7.0425683798,5.9481392812,-1.1858363697,-12.0085392045,13.737517458,16.0773961223,-4.9231808652,0.1302304045,-4.2024238011,-17.074106639,0.8726643622,-11.9898062985,8.8341693761,-3.8901514815,-5.761085799,2.1189756591,-0.1845009153,8.5643286215,-2.8302045336,8.0465002579,3.270842771,-9.2738675106,-0.8196205224,-0.3022297391,-2.3996722429,5.7482518588,-2.0889574685,5.6030038754,7.0719142148,-4.94806261,-3.8549859759,6.1012926119,-3.6086366876,9.8559202019,-1.0984195353,15.8864526714,-5.4540497031,-1.3978787898,-3.6616885496,-2.2435757609,0.3094171732,3.948361579,0.4799663056,0.6641809867,-2.4467249431,0.8013586163,-2.006418048,1.7828974208,2.1654068048,-6.737553924,1.0069508424,-9.4191150131,-1.054019709,-2.1342748742,6.0706012644,-1.4405090498,2.1056436088,0.4201327311,1.4910151356,8.4248081003,-5.5074832399,-4.4466321302,4.4103036334,-6.5599895318,-1.1640159252,3.3717268277,2.9312250791,-2.3077312401,-1.9102561871,-2.3590884455,-4.71298964,12.2883788617,-11.2154086409,-5.3328571522,3.6681459556,2.1220225468,1.9998457033,-4.6556377662,5.2473557118,6.81623851,2.8814115997,-4.1556961841,-0.8042675955,-1.5858090296,1.146737808,1.1012115252,-8.7426457892,-0.9132402154,3.7117489555,7.8345975227,1.1087822556,-5.4280091683,2.8752932467,0.5002310867,3.1232372457,5.8862009401,0.3706392382,-10.4107722201,1.4724537008,2.0573765953,-3.7147393664,0.8710712485,-3.9188504602,-12.1762559289,-4.0352163396,4.990286935,1.9765885659,3.5906628805,-3.6660097982,-0.9133087834,-0.7813486357,-1.8946171957,-4.8167796077,2.9724828542,-0.4080361851,10.7031984155,0.4617702896,-1.9432040461,9.6127669528,-4.6557153989,6.0476062882,-7.1566741924,-1.2652032153,-1.9741527942,-2.9628210592,6.5033047343,4.9262481944,4.9024889979,-4.9549109013,2.0664767724,-0.8627624121,0.371995063,-0.5613738467,0.0424933286,3.0596015601,-6.3845849209,1.1409826903,0.3104816516,0.6776973721,0.7683012672,3.2564677188,-1.2517885194,2.1509149454,0.6894786463,0.852936053,-3.112629834,-0.2594325478,-1.2221921711,-12.2186620942,0.8626696638,6.2651874713,5.6780830242,-1.4061087858,0.0962653982,-0.3476092265,4.1554006887,-16.0028920254,0.7428169759,-2.7699867558,1.2174529336,6.1037451381,1.7608065284,2.551125148,-0.8435521822,14.8225349554,2.2654166771,3.9572511495,-10.6207990615,-2.3786458107,-0.9858470248,-2.1261181421,-1.4075377322,12.6639624799,1.2566551944,-2.1572467678,7.3645899598,-1.9620934274,-3.2752597628,-2.1379695803,0.9011121743,0.0100118722,0.8465663324,-0.7351405228,-0.1488615795,10.7876861674,3.4443819334,-4.9932100949,1.1554713437,-0.4021210171,0.8081219271,-3.2210665418,1.3529368126,-0.598862896,-0.4542287391,7.8540018716,-2.281121572,0.1364240377,-0.5501194768,2.607356999,0.431897661
biasActivation=1,1,1,1,1,1
[BASIC:ACTIVATION]
"org.encog.engine.network.activation.ActivationSigmoid"
"org.encog.engine.network.activation.ActivationSigmoid"
"org.encog.engine.network.activation.ActivationSigmoid"
"org.encog.engine.network.activation.ActivationSigmoid"
"org.encog.engine.network.activation.ActivationSigmoid"
"org.encog.engine.network.activation.ActivationLinear"
