encog,BasicNetwork,java,3.4.0,1,1572776293300
[BASIC]
[BASIC:PARAMS]
[BASIC:NETWORK]
beginTraining=0
connectionLimit=0
contextTargetOffset=0,0,0,0,0,0
contextTargetSize=0,0,0,0,0,0
endTraining=5
hasContext=f
inputCount=2
layerCounts=3,8,8,8,8,3
layerFeedCounts=2,7,7,7,7,2
layerContextCount=0,0,0,0,0,0
layerIndex=0,3,11,19,27,35
output=0.872543371,0.9863700519,1,0.9986994145,0.0659637207,0.1879975901,0.5032565569,0.7297020578,0.9996006844,0.9997717398,1,0.6590685582,0.0000002437,0.0007209409,0.1108926383,0.9485945947,0.2879920208,0.986990513,1,0.9927738436,0.9958821381,0.9950096712,0.9647166319,0.3809443607,0.4834361826,0.999063221,1,0.0000000411,0.9999948555,1,0.0000000006,0.2229785901,0,0.2785397652,1,8,30,1
outputCount=2
weightIndex=0,16,72,128,184,205
weights=6.9424939263,-9.2408776257,1.6544799328,12.381950723,-12.1633628482,6.795527138,-9.1763159922,0.3144368681,10.0764717898,3.9946796658,4.1341791456,-8.549813744,0.1744884669,1.4322483599,-2.831869083,-1.247352503,3.1747569091,-2.5064667867,-10.3311767971,-0.3051317033,5.1372520515,0.6593363859,0.9244984352,-1.3829818313,-2.618443551,9.3003433004,-5.5642465989,2.3785256506,4.3746603834,-3.8612802904,-2.220333205,-2.0307417883,-1.4348814515,-0.2945097526,0.7326308215,-7.8736100448,-0.0666352425,4.7194574403,-1.7092451158,0.7462608238,-1.0983578989,7.0892979131,-6.6827705268,7.8858838722,-3.5388423715,4.8774972896,5.2421894791,-3.354495583,-6.8750113905,2.964292509,-8.4207589774,0.8200664545,2.5275098717,-0.8710959847,1.7308896241,1.5842609821,3.8072229737,-4.8272403493,6.1204291983,-15.6651208852,1.0180281642,4.0462806742,6.2388686584,-1.2398234306,6.1293396867,1.4578118341,-0.2721770867,5.0060868233,-0.8501330585,-3.6672093985,3.6264309533,2.073504242,-0.7785917681,0.6043085141,0.950296149,5.3194897759,2.9817317442,4.6201867524,-10.4027869823,1.776540055,-13.0732363498,3.0729549281,-8.9014227992,0.3787890991,4.5588270936,1.5385239971,-2.9144468483,3.6140802288,3.4200861356,-1.9019326252,1.0896581903,-10.2032488768,2.041131112,-2.1402694239,-0.524621477,0.8047762687,-5.456597922,5.4267647732,-12.5152706399,-1.7796033888,6.7139339016,2.1576026418,4.6399394677,3.8644311018,4.3037840301,1.9398760353,3.2730135567,-6.98380991,-0.3524509311,4.1337922179,-2.3657972029,0.6908039497,2.4016256686,-5.5786974659,2.8889381153,-5.145591919,-5.3692655433,2.8156667621,5.9234286061,-0.8778690131,-0.4492047211,-4.4050933505,0.6791047525,9.0064014815,-1.7456745843,4.5276832338,-0.5514822616,-1.1753224153,-1.2671141194,6.069198825,1.4861840411,-3.4542798362,-7.5785093253,3.4351263241,11.9575777139,-4.273371543,2.4500688938,1.4868828539,1.6925842748,-2.8368625032,0.8968429763,0.489791547,-6.7039768479,3.9761826177,-0.4501779712,3.7415588903,4.7312074307,0.9349336441,-9.9184811658,2.8974775957,9.3567131438,-3.5721041255,6.0617331324,8.7178204956,-2.507432827,6.3596001432,-3.3225194437,-1.3115036432,-7.9608772468,0.0563512256,2.4291692649,-1.2091987755,-2.1775153655,-3.7554724809,2.5234008078,0.6169429088,-5.0322003653,3.7401695518,-3.096234239,-4.0981361025,2.2463383034,-5.0261492898,-0.2470678699,-0.6799343027,2.7159287304,1.0840940181,0.5145446246,6.6737564371,1.9189988947,4.4363927137,-1.225669312,0.0394526166,-5.1502932417,0.0872644291,0.9955778689,-0.826489554,-0.1778624343,-2.3535408045,1.095277745,-1.8524358761,-0.8071611054,1.7429189376,2.4941835315,0.8662519554,-0.9815361251,1.3284046827,1.1108224132,-0.2318093131,-3.1806920578,2.1748173737,-4.4118144843,1.299284972,-0.3189797364,-0.2812634856,10.0380260311
biasActivation=1,1,1,1,1,1
[BASIC:ACTIVATION]
"org.encog.engine.network.activation.ActivationSigmoid"
"org.encog.engine.network.activation.ActivationSigmoid"
"org.encog.engine.network.activation.ActivationSigmoid"
"org.encog.engine.network.activation.ActivationSigmoid"
"org.encog.engine.network.activation.ActivationSigmoid"
"org.encog.engine.network.activation.ActivationLinear"
