encog,BasicNetwork,java,3.4.0,1,1572776302647
[BASIC]
[BASIC:PARAMS]
[BASIC:NETWORK]
beginTraining=0
connectionLimit=0
contextTargetOffset=0,0,0,0,0,0
contextTargetSize=0,0,0,0,0,0
endTraining=5
hasContext=f
inputCount=2
layerCounts=3,8,8,8,8,3
layerFeedCounts=2,7,7,7,7,2
layerContextCount=0,0,0,0,0,0
layerIndex=0,3,11,19,27,35
output=0.0833324302,0.0003228866,1,0.3783409412,0.9976463503,0.0000001695,0.0229600086,0.0000040047,0.9988781561,0.2624485096,1,0.0016175115,0.9904017874,0.9517562651,0.7475501476,0.0000025359,0.1463117635,0.9967817384,1,0.2938208659,0.9501427739,0.9850716114,0.0001387718,0.988434675,0.2176540258,0.2333033084,1,1,0.1276729004,1,0.9930953094,0.0000000189,1,0,1,8,30,1
outputCount=2
weightIndex=0,16,72,128,184,205
weights=-8.0230677141,7.2339486867,0.7461016272,7.3841664135,13.7496869616,-4.2602376118,-5.524150507,-1.0437069676,-1.7129309745,-10.5250259674,-8.7398707107,9.409289559,-7.7723432305,5.1246390305,4.6156726794,-3.4358318475,0.885253963,-0.6482288652,-0.7301148187,4.3497715388,2.149824181,-4.7255401612,-2.6132277414,0.883412414,4.3370510863,-1.0670549555,0.0863236234,7.6730592,-10.6193145043,-4.2227908774,2.0702894779,-0.164681866,3.8743568817,-8.42491688,-2.0033170974,-0.4981279819,0.9283324391,-7.5588745302,-1.1743964396,-2.6970755869,-4.35215291,-0.1279296096,0.1580038791,-3.0571457918,2.2435159519,6.6629937245,-3.6835056574,1.2147274611,10.5602792492,-9.7415718964,-1.4413113241,-4.1500416753,6.1380420766,-1.4853427563,3.1227210619,-1.2182631451,-0.8837196275,-1.5792026694,3.1401383429,0.9385954047,-4.1362248377,5.2718670674,0.1735889996,3.7224842248,5.879054621,-5.5000968165,2.1899893465,6.1696909342,2.8030595011,3.4761076453,-3.9231962487,1.1099936645,-1.1862678248,-6.0039159948,-6.9847256821,-0.4653038608,4.1801588166,10.0600688841,6.8438126583,-1.4097129494,-1.407761887,5.9476384778,-5.9268902306,-12.761885992,5.1459655075,-2.0065686225,-0.161922536,0.6273042654,0.4279036972,0.8017064706,1.5551618955,1.6038870642,-0.0850394557,0.0398951106,0.3415461803,0.5581007142,-5.9045414764,3.76648652,5.1781734383,-2.4957200502,-2.7359813853,-8.8625670845,-5.8344999791,0.1357614106,1.5404243071,-9.7795865067,-3.5899491136,5.5905051425,0.2330540507,7.078156464,0.5332167951,-2.4053358838,3.0732766892,3.4791718016,0.8425073797,1.5917639563,-6.1087437403,-3.0004476048,5.4048803033,-1.3725029338,-3.8988339327,6.0268387233,3.6277155375,-1.2336406752,1.6405779467,-3.2337128171,-3.0797759898,-2.6177479849,1.2065043784,2.4791111505,-1.6360795431,-0.9765665876,-0.9172067568,4.1197323921,1.7512602321,-3.9137474779,6.2549545415,-4.2159839872,-3.2979758293,8.1655509577,7.2390205631,-3.5783085166,0.4292830375,-4.0021249637,-0.2613139443,-5.0455903824,-2.991846556,7.0030783022,9.2250283294,2.1655416622,0.6257870886,-1.0334707242,0.9771042716,4.0065887844,1.194617576,-14.3754572937,-6.3311461043,3.4188031749,0.7391869906,-0.7083991069,0.6364573107,-2.2181022695,0.5865308296,-2.3297304474,-3.5059400563,4.0101732335,0.3605380974,1.8117857769,1.6797757322,2.6222452378,4.9404992872,-11.2605302401,-8.7365523645,-0.1930957094,1.05248073,3.1414206622,0.8597379164,7.8361887706,-2.1729368704,0.3727960638,-8.7098243742,1.0681278541,0.4486430053,-2.3153716224,-0.6210799775,1.1569471665,0.5631257197,1.4764081078,-0.2293228479,-6.8532723642,0.1888166328,1.0533352531,-2.4290454442,-1.6250757793,0.1926842208,12.18870528,3.0365292911,-1.2279247567,-5.241127419,-3.7716942289,3.8285036892,-2.2606808114,-1.7186297077,-0.4580708686,-0.72607957
biasActivation=1,1,1,1,1,1
[BASIC:ACTIVATION]
"org.encog.engine.network.activation.ActivationSigmoid"
"org.encog.engine.network.activation.ActivationSigmoid"
"org.encog.engine.network.activation.ActivationSigmoid"
"org.encog.engine.network.activation.ActivationSigmoid"
"org.encog.engine.network.activation.ActivationSigmoid"
"org.encog.engine.network.activation.ActivationLinear"
