encog,BasicNetwork,java,3.4.0,1,1572776345941
[BASIC]
[BASIC:PARAMS]
[BASIC:NETWORK]
beginTraining=0
connectionLimit=0
contextTargetOffset=0,0,0,0,0,0
contextTargetSize=0,0,0,0,0,0
endTraining=5
hasContext=f
inputCount=2
layerCounts=3,8,8,8,8,3
layerFeedCounts=2,7,7,7,7,2
layerContextCount=0,0,0,0,0,0
layerIndex=0,3,11,19,27,35
output=0.1234688454,0.1694870943,1,0.0002000627,0.4978432585,0.0615895942,0.5433345246,0.9999949627,0.7972215909,0.9999957728,1,0.1780806409,0.9982611307,0,0.9997476415,0.9999997066,0.7127017714,0.8003456564,1,0.0000006056,0.9999986062,0.0653981943,0.9999998616,0.17080296,0.1835372622,0.6300384719,1,1,1,0.0319106294,1,0,0.0023065709,1,1,8,30,1
outputCount=2
weightIndex=0,16,72,128,184,205
weights=-3.2687233395,3.1162775472,-13.8186164735,21.2559753118,1.1900655217,-6.3246327274,-7.8670926757,-2.4896358082,-12.8612974463,-16.3677215276,5.3392881842,-6.4198527089,-23.3892321108,7.3731821857,14.8551789612,12.3770873229,1.2147172096,-5.7659252309,22.5381981479,5.6648170257,-3.6541645083,1.302914842,-1.4839086988,-4.7272719786,12.7459376706,2.7264693092,-4.9109945813,-3.0630044099,3.0441520176,7.1526437997,-3.0549898556,-7.634733839,-1.6500333122,-8.2734234901,10.883027314,2.8541420246,2.1955811053,-4.7054956586,6.3310491449,-0.9332331886,6.4280208421,-16.1382157308,-8.5154982327,-1.6925395016,15.1799336973,-1.4714571653,6.3825684014,-2.4081461493,-7.072217501,6.1188810271,-1.3347631533,-0.626623684,14.0370802206,7.0292638036,-13.2209998547,-0.4891833509,-4.4956358782,13.0552221853,-1.1033998996,-8.8362263541,0.643453961,12.8152149719,-11.6069507444,-2.5162273856,-6.3790492088,3.6393896925,-2.3640448974,-1.1378651914,16.6564716754,-2.9344546356,-0.3385570759,-3.279635755,8.3536908614,-2.6084381707,15.3867291854,5.1628353373,4.4186943353,3.2083558139,-10.6496791767,0.2760534291,2.7299997828,-6.9598729954,12.3168719725,14.1755810861,-7.4212729259,-7.4483021897,7.266063585,-3.6117220561,2.7118993075,-7.4790751851,14.7135216825,-22.814234464,3.7435149709,4.9172422289,-9.7143523219,3.9172371374,-1.949546032,-2.0212971098,-1.2561646907,10.3453243075,-1.5411533376,-3.5016005651,6.0617109621,-2.8706722555,1.0854360968,6.6720731658,-9.8728567068,6.7501378212,-9.8020387678,-14.8168079913,5.6815457378,3.0792375744,3.9270901346,0.0984174495,-1.3104968636,-0.4515431063,-1.1779339471,-24.622277065,6.2994668878,2.0987631752,7.5519520653,-3.1183805701,-0.8991837294,6.0371685777,2.9186743292,11.4857134661,-1.5787336626,-3.0834466576,-4.1137791813,-4.5285144851,-1.3485179968,0.6432902307,0.7498421681,14.6088049214,-2.0690152532,-4.2397109504,3.1392208301,2.8903066215,6.1740584722,-2.8421898041,0.1717799969,-15.0293125748,6.7208830319,3.4129330674,0.3518277264,0.7638711752,19.7109870874,-1.9097090299,-0.8731762533,-2.4501595361,-2.8007385878,0.3117842637,2.8635566937,2.644901596,-21.7244810992,1.8910082981,-0.1093754814,-20.7302427528,5.2714612997,3.863296459,-0.3344625071,-1.2737572666,13.3861103087,0.1146191811,-1.1811501215,9.610004409,-0.4866348584,-0.0490371107,1.3594645842,0.2665294503,28.6590338031,-1.3464760779,-0.2273891094,-1.1617552517,-4.569188988,1.8852593303,0.0694755203,0.760654483,-16.4709847995,-0.9576892055,1.012486374,22.438098483,0.2868243843,0.8469611074,0.9932037045,0.5580618898,-0.085960621,0.984477475,0.5697947084,0.6449368102,2.0011317557,0.131876238,-23.3777264284,-1.6921061232,3.4077249133,-0.5381162362,-0.5870561352,-1.4719862641,0.5184236422,1.1895992396,-0.3796261003,-4.1976949972,-1.0695740294,5.0341974115,0.1733788291
biasActivation=1,1,1,1,1,1
[BASIC:ACTIVATION]
"org.encog.engine.network.activation.ActivationSigmoid"
"org.encog.engine.network.activation.ActivationSigmoid"
"org.encog.engine.network.activation.ActivationSigmoid"
"org.encog.engine.network.activation.ActivationSigmoid"
"org.encog.engine.network.activation.ActivationSigmoid"
"org.encog.engine.network.activation.ActivationLinear"
