encog,BasicNetwork,java,3.4.0,1,1572776358287
[BASIC]
[BASIC:PARAMS]
[BASIC:NETWORK]
beginTraining=0
connectionLimit=0
contextTargetOffset=0,0,0,0,0,0
contextTargetSize=0,0,0,0,0,0
endTraining=5
hasContext=f
inputCount=2
layerCounts=3,8,8,8,8,3
layerFeedCounts=2,7,7,7,7,2
layerContextCount=0,0,0,0,0,0
layerIndex=0,3,11,19,27,35
output=0.5178570236,0.625000856,1,0.7366011589,0.0006952571,0.7142760175,0.0118098663,0.7082031997,0.9797249693,0.9878369691,1,0.0140540178,0.9302332892,0.206166537,0.9971208544,0.9997930197,0.8257194588,0.7600582056,1,0.2257947113,0.9998716142,0.9778094519,0.8601311208,0.9999998661,0.9851904155,0.7235322166,1,0,0.9905474011,0,1,0.0000142365,0.9957020303,0.9999978414,1,8,30,1
outputCount=2
weightIndex=0,16,72,128,184,205
weights=9.237095883,7.2830883821,-9.569073255,-2.3124712983,-7.8909018474,5.377675176,1.8168516001,-1.3504250413,10.679262089,-4.0671171934,0.0374213759,12.4480348642,5.4844963123,-0.1375509565,-6.5115345587,-4.8434798489,-0.1075442553,-3.4220634855,-4.8390927293,5.0250244578,-2.3382123801,-1.8703500304,5.6664712794,-0.2244268626,5.611630468,-2.7377902882,3.0617751463,-2.3623441514,2.1197687315,-3.4758074463,-5.8634470062,2.1289643303,-0.9163960654,1.8401275111,11.3484721999,-1.2767460032,-0.5326824705,-1.1785434956,0.1240698092,-0.4378125146,2.8081328008,0.1017860418,3.2598512564,-9.742883456,-3.9844975263,7.2920389296,-0.6519398624,2.93967652,10.8825567785,-2.2288507081,-5.3830948604,-3.4791049087,3.2524209995,5.8539516082,2.2224000398,-2.3886400029,0.6785813807,2.1121851452,0.4611871771,-4.8843308999,6.8791574491,-1.2537602212,2.5604096765,-1.1098328927,2.6018301928,0.9928367928,4.0246102407,2.3616549708,-1.2842320106,-1.3791659602,1.7152934331,1.3714327151,-1.6582639415,-1.9615808129,2.9484546188,4.7222847316,1.3031612881,-17.1446097365,5.5061317532,2.7439324665,-1.7502951971,-0.1099843395,8.7642275933,2.8699872445,-2.0389741416,-0.9011395546,-5.6530637151,-0.9259122349,6.1797482256,-2.9299577555,-3.3052385104,-4.8010900477,9.8678304077,0.4816355202,-5.704151192,1.3323034951,-7.1202309627,-2.9464692674,-2.0873907721,4.4658096624,10.2979743657,-3.3631353261,4.8334060574,-1.8807008783,-3.0340571126,6.0527113525,4.1026653501,-0.1946085658,-1.8725536636,-0.2600386085,2.7063449612,-0.5578029398,-2.010457619,-0.4438384322,4.5247754057,-4.462791078,-5.1332458037,2.5942858611,8.5744901451,-1.7590020595,1.2002678707,4.9328741932,0.4116870475,-0.5083419539,3.5353722627,-8.8155069046,-3.8297665741,3.9049734943,1.351504171,-3.6716614633,-4.1507108072,0.5042482599,0.6272551929,-1.9169916953,4.0721733307,-0.262925327,-2.6531974004,6.3333983953,2.4699269726,-4.5588661858,0.8998632324,9.8820028168,1.1800612398,-3.7739242723,1.6965723001,9.8085319191,0.5235316813,-1.3301046215,-0.687761589,-2.7195784051,-0.5110216882,-1.3811426847,-1.3149148357,5.5180970654,-0.1504013243,0.2194858282,-0.0418849501,2.9893920605,-6.9618631609,0.1162618868,5.9652312576,0.648934519,-0.8065570885,-2.3674547294,0.3753447144,13.0859817163,7.7086570453,-3.1877070351,2.6866014507,4.4834768726,3.4747714315,0.06679805,0.1593353929,-11.2090510996,10.4343997323,0.4161614131,-2.7339154815,-4.3678630505,9.9540313218,-3.8534726406,0.4327194208,14.195437029,-2.2961837298,-2.6961540483,0.7068605552,-2.6354202726,0.0910928547,-2.0285223004,0.7045247475,-0.2555960153,3.9798322697,-6.4427688052,2.1804806385,0.7205408312,1.9249881878,-0.1808759507,-0.8569158051,-0.1311804761,-0.3689452092,-1.6942627266,0.2156572421,12.5296898437,-0.971806473,0.8235242447,-3.8852149687
biasActivation=1,1,1,1,1,1
[BASIC:ACTIVATION]
"org.encog.engine.network.activation.ActivationSigmoid"
"org.encog.engine.network.activation.ActivationSigmoid"
"org.encog.engine.network.activation.ActivationSigmoid"
"org.encog.engine.network.activation.ActivationSigmoid"
"org.encog.engine.network.activation.ActivationSigmoid"
"org.encog.engine.network.activation.ActivationLinear"
