encog,BasicNetwork,java,3.4.0,1,1572776389976
[BASIC]
[BASIC:PARAMS]
[BASIC:NETWORK]
beginTraining=0
connectionLimit=0
contextTargetOffset=0,0,0,0,0,0
contextTargetSize=0,0,0,0,0,0
endTraining=5
hasContext=f
inputCount=2
layerCounts=3,8,8,8,8,3
layerFeedCounts=2,7,7,7,7,2
layerContextCount=0,0,0,0,0,0
layerIndex=0,3,11,19,27,35
output=0.418951462,0.2432683688,1,0.0675294275,0.2618151636,0.004946013,0.7799447154,0.0003143176,0.5079208948,0.142210905,1,0.0921921394,0.5830821993,0.5187855101,0.1009238866,0.0002214434,0.9642077909,0.9999342233,1,0.1726805971,0.9999999798,0.3135478106,0.0000108084,0.999999989,0.9999880979,0.9998525795,1,0,0.9999701877,0.9999508679,0.0000000003,0.9996207751,0.9996518493,0.0000000078,1,8,30,1
outputCount=2
weightIndex=0,16,72,128,184,205
weights=0.9108507403,2.6983727821,0.2405284852,-3.0482860399,-8.7159943449,-5.8847645051,12.4550894177,2.5017264712,-10.9593052243,14.8034156313,-8.5355885066,-0.4218753764,7.6310831044,-7.7776933895,-8.7637108295,1.2950797338,0.5564545919,4.8508817885,4.7655582534,-0.8103034123,-2.844630167,-2.1186951728,-5.7213052972,-0.1311400033,6.4565129381,-3.709975438,-4.7149238979,14.8458875316,3.4800992205,1.8670488953,-2.2768597929,1.9548712419,1.7443491716,2.3515966384,-8.6087784026,10.3686415827,-2.8252617957,-1.2133397785,-1.0048160381,-1.2412514775,0.4260060762,0.125655519,-2.0445346869,-1.132826025,1.3643140153,0.5222359763,1.0561240044,0.7679058473,2.3902559315,-6.4865969757,0.6831993987,2.0551301664,8.6450849108,-3.3647505991,1.863873605,-3.6861282071,-1.7757973411,-3.8669894109,13.3068828524,-2.5690162271,-4.930685505,-1.5602481728,-2.1518304147,-0.536785243,13.7825548987,-7.1524209812,-13.468395189,0.5081145351,-3.5032761166,4.6952652867,-1.8771348608,5.3892622471,4.6065863154,8.235789525,1.5019690465,-4.0001988743,-2.2840067463,-4.8157170365,-2.7458103457,-1.9442391845,2.2132529398,-7.3492963382,-6.814215429,7.6436129877,0.1977691989,9.1325630173,-0.4736424939,0.5823983037,22.3819430429,-0.2430652645,-1.669442415,-5.8031476973,-10.9039229395,12.4228726006,0.9590058656,-5.5008382785,10.8542571354,0.9545704956,0.2054637338,-6.6996812761,5.8090856971,-9.8637471322,-0.765587593,-0.2602226008,-0.6234758932,-4.9094988413,4.125676674,4.0214777264,-0.5481100901,-5.5855462938,0.0482343678,1.3937609793,-1.5005398067,2.3918027338,0.4969672412,0.230814351,1.1284263159,1.3870565021,-2.0188214818,0.5081200826,-3.4306091748,-2.4212545793,-2.4766577625,2.033113702,6.5194038307,4.876080695,1.884293221,0.1399195157,1.1753796139,-1.9477564275,-8.6522207549,-0.4099926341,13.0778778886,3.9374566222,7.4221137252,-7.9762574805,-6.2516881855,17.5814627314,1.4836160509,0.1701801316,-1.2358652207,-4.3895524506,-0.5158826046,4.2765556663,-3.5089494823,2.0649535107,2.9729003174,-0.4930124789,-6.9672334026,0.5475352756,-0.8620992167,0.5960156836,1.6144999936,-1.6318344956,-8.8534200157,-0.3642732698,-2.0185167307,-3.9871681634,-2.0243600387,5.0531289677,-0.5585182142,0.349604973,0.4383199808,-0.2282686132,8.042160982,5.2499657997,-7.4998241922,4.2458312737,-3.8615009371,12.1745197211,4.0146418019,0.4652556358,6.106601488,-5.8300143484,4.5695816181,-5.1261146563,-0.0898254537,0.2719798885,9.1310758071,0.3897929874,-1.4075304961,1.404196706,5.1081358464,-0.5772359224,0.840275696,-3.3718865954,-0.86099985,-5.8164732499,1.6026528112,8.8727629226,-2.2094530712,0.6986158913,6.6380964744,0.0634854205,-0.7439779119,-0.0238555543,-0.4632692236,0.5477446081,-4.8491826005,-1.2660173911,0.372671536,6.9105199379,2.7107793091,-1.0137594382,-9.9427919931
biasActivation=1,1,1,1,1,1
[BASIC:ACTIVATION]
"org.encog.engine.network.activation.ActivationSigmoid"
"org.encog.engine.network.activation.ActivationSigmoid"
"org.encog.engine.network.activation.ActivationSigmoid"
"org.encog.engine.network.activation.ActivationSigmoid"
"org.encog.engine.network.activation.ActivationSigmoid"
"org.encog.engine.network.activation.ActivationLinear"
