encog,BasicNetwork,java,3.4.0,1,1572776420334
[BASIC]
[BASIC:PARAMS]
[BASIC:NETWORK]
beginTraining=0
connectionLimit=0
contextTargetOffset=0,0,0,0,0,0
contextTargetSize=0,0,0,0,0,0
endTraining=5
hasContext=f
inputCount=2
layerCounts=3,8,8,8,8,3
layerFeedCounts=2,7,7,7,7,2
layerContextCount=0,0,0,0,0,0
layerIndex=0,3,11,19,27,35
output=0.0555518355,0.000323937,1,0.9990596806,0.9952056185,0.4967403057,0.9122106948,0.7112110339,0.0166925886,0.0007534604,1,0.9999999998,0.4495067615,0.967884751,0.9938027405,0.0878070209,0.3337921056,0.4386951431,1,0.0198684701,0.5983996441,0.0372272079,0.999931418,0.0000591206,0.9999999777,0.0585691948,1,1,1,0,1,0.9433521934,1,0.9996336853,1,8,30,1
outputCount=2
weightIndex=0,16,72,128,184,205
weights=4.9689001019,-6.729617413,5.0063532453,-9.2582533004,5.7498620452,3.8982560367,6.8724275516,0.6988458831,-11.0544421626,9.7214818458,10.4025661595,-6.9633585015,-8.9834439965,8.3052671207,-7.7629900234,0.7755499863,2.3443326208,-1.4916234228,-3.6453650907,13.0701953237,0.7612099517,-8.433898428,-2.231350415,-0.439178583,8.2819759842,-2.5071722135,-2.7784725346,6.6841491816,0.7409951949,-1.4573357968,-3.4350951255,-3.8446228951,1.0814415317,1.5371093736,-5.5978856227,-0.000380109,-2.4215539286,13.8738200053,-1.9521768856,0.0711326981,8.0055856063,-11.3603968476,-2.971402391,1.1746260713,1.6565570717,-0.3511536593,-5.6107154801,3.5836979592,7.7884892983,-0.5409469211,2.0803879461,-4.044568452,-3.0310714788,0.7131977743,-5.9271216686,-2.009840499,-1.6554639439,0.8024045168,-6.6236785855,2.2602136548,-1.6471305901,1.4448617031,4.843329195,-1.0788271084,3.1946695095,-3.8238596776,-4.1144219827,2.0545210301,-0.6974577752,2.8715202846,-8.4295135706,-3.9246638131,-1.6177504166,3.9261266452,-7.5805350295,6.8169822619,2.4019437119,11.7455213779,-2.0198697882,1.6568115352,2.3369883897,4.3467826077,-0.2908582606,7.3155523055,8.5604965156,-7.8084392241,-4.3555701266,-2.0913968931,0.1581373723,1.8916378484,0.6127041422,2.2918617716,1.490388821,1.6815966547,-4.8672912615,-1.4404405605,-5.1074655395,2.6347158966,1.8100031489,-4.5712705486,-3.7798010707,4.2838526154,-14.0951360041,4.6477834121,0.9750235553,-1.1580655841,-0.0705371176,-2.0356107491,-1.1390382999,-0.7848474939,-2.4868534731,1.3015685666,3.939421622,7.2817189127,11.3483880409,2.9257800762,-0.9658403974,-2.6935017142,-5.9426614071,-5.4331642742,1.2027110581,4.2400950825,-4.3307956535,-4.9337528083,-7.3253965062,1.0422893956,0.9390653844,1.1901544233,-0.4334184698,-4.3836469158,0.4869498749,6.6780970445,-5.5576497762,-0.0842033233,-0.0063817147,-0.4261805724,0.8863919136,0.5293851567,-0.8633214676,-2.9498637181,-10.4091929901,-1.318453485,12.8488744223,0.2267088581,0.3576445268,7.7341183268,-3.5865140777,4.3080183762,-5.7046235867,-1.5479484297,-9.1566435638,0.4301481673,0.4392821238,-3.977653104,-4.4145331647,0.3977939434,3.8995054064,-1.413677309,12.1701079078,-1.7025907487,1.5243834657,-1.7215268463,0.3368101134,9.4176999888,-10.292288824,-1.7558729345,-7.345459235,-0.1485336557,-0.8453932812,1.0078661783,-0.975984821,-0.601133963,6.6273430721,0.7783416872,12.1423942175,-1.1116251445,-1.2550576972,0.1295806818,-2.4656800942,10.2950538101,-15.1809094574,0.5624616803,1.6452344258,0.1670820279,-1.1488148399,4.0152850101,0.6485835472,-1.9543665996,1.8114431675,-0.7711180464,1.4480911298,-2.6419115038,1.1903752151,-4.2821535089,3.1408522521,-2.9229504009,-0.896747415,0.2714192932,1.843986952,-0.360455043,3.7387000946,-0.1888962986,-2.5045637821,0.497089281,13.0354832715
biasActivation=1,1,1,1,1,1
[BASIC:ACTIVATION]
"org.encog.engine.network.activation.ActivationSigmoid"
"org.encog.engine.network.activation.ActivationSigmoid"
"org.encog.engine.network.activation.ActivationSigmoid"
"org.encog.engine.network.activation.ActivationSigmoid"
"org.encog.engine.network.activation.ActivationSigmoid"
"org.encog.engine.network.activation.ActivationLinear"
