encog,BasicNetwork,java,3.4.0,1,1572776451006
[BASIC]
[BASIC:PARAMS]
[BASIC:NETWORK]
beginTraining=0
connectionLimit=0
contextTargetOffset=0,0,0,0,0,0
contextTargetSize=0,0,0,0,0,0
endTraining=5
hasContext=f
inputCount=2
layerCounts=3,8,8,8,8,3
layerFeedCounts=2,7,7,7,7,2
layerContextCount=0,0,0,0,0,0
layerIndex=0,3,11,19,27,35
output=0.7272748262,0.6451612418,1,0.0024153256,0.5900970318,0.9952497544,0.0002097545,0.0552381683,0.0003762768,0.9999993037,1,0.999998186,0.7919805368,0.9675609107,0.9998030746,0.7705591695,0.0000691146,0.5658914037,1,0.8231090384,0.1627639625,0.5042094352,0.9757859538,0.568001394,0.0105698151,0.0053813687,1,0,0.0000008465,1,0.9999999743,0.1579788455,0.0056091409,0,1,8,30,1
outputCount=2
weightIndex=0,16,72,128,184,205
weights=11.6469710982,-2.3288859429,6.8459742654,11.8227580637,-11.1393250938,-2.0516159,1.9190261238,-5.7918936896,3.6062990195,3.463867698,-8.553536306,-6.9219723552,-0.8198633161,-1.3544231992,11.4464727345,-4.3412022006,-1.9074373369,-6.0682137461,6.756863804,-2.7973945772,-5.125586039,4.4963142966,-0.956512499,1.4395432835,-0.2212866372,-11.3358950197,10.1731598413,0.0911821521,-1.3798274513,-1.8990392004,2.8077542911,-0.8963690931,1.1491944149,-1.4567078985,5.1134866238,6.554524482,-2.9244716365,-7.3760140939,-4.5833352087,-1.3038959219,1.4418288666,-0.551639807,-5.3593826561,6.4163761027,-14.1168642652,0.939378608,-3.5571886181,2.1869121281,-0.9547276753,0.9297165825,1.3100203293,-1.8421825039,-7.3913940125,-1.9488174004,3.4047217466,1.722363433,-3.3387539199,-0.4657209216,-0.8632004442,-2.5061169783,-0.0838738572,1.2321014651,-1.2105385221,-0.0868189185,11.4111486655,-4.2828345797,-0.0166336656,3.863455293,3.967280507,-8.6228405347,2.3151567695,-2.054895394,5.121011243,-9.0429581402,-0.9420620653,8.3545065014,1.5353159945,-0.5580873574,-3.0394191365,1.9496608481,1.0771683703,7.5609234816,5.9854812564,-2.3191128065,-6.5355680877,-4.7248143372,-5.6874033626,2.2574120724,-1.6294417838,-5.0095790476,-11.4713281141,7.4795841306,8.9897415086,-1.1436354377,1.0100194555,-1.0620528274,8.8833126501,-11.0087076976,2.1459492944,2.1494691793,-7.6766505706,-0.5174369574,0.2200507652,4.1975778872,-0.9962522306,-6.8385743388,-1.6354981373,5.6485380107,-3.21053873,0.6779312731,0.3399022716,0.272034209,-0.4495990287,8.5305454045,4.9351223443,-13.2694105327,0.3545056717,4.4499990845,1.3675009996,-0.3940577403,4.5897277193,-2.4214570039,6.2315721268,-2.5100387236,-5.2661840581,3.6218185844,0.972781871,-0.8636868603,1.0663245678,-0.3143198638,4.7644184881,-1.6317203787,2.9204260481,-5.1621943092,5.8388541699,-2.0275527719,-4.0608701584,0.0440209174,-0.9817189457,-1.858713267,6.4429818216,13.7781413441,-6.7375254149,0.1074887956,-0.8720643077,0.9276961843,0.1681175025,-0.8274607244,11.7599538501,1.8260206468,-0.6338346385,-1.191885786,5.3492303129,0.1562100632,4.2381381907,1.2719258348,-9.8700796032,-6.2963743533,1.3737947369,-0.2191727254,-7.8076075166,0.5437340089,-0.475996483,0.7461585591,-8.8051458296,6.6504435604,-5.7734729537,1.3572624924,-8.5906316794,0.9409525482,-2.886691118,-0.05291002,0.5970966669,0.9577498828,8.029108283,-1.6992273553,4.6909093713,0.6612107096,-3.4337957206,-0.4125395357,0.6477974428,1.2078552642,0.4535353768,-1.482195259,1.0949061239,-1.4820036627,1.741409264,-0.9521438711,-0.2120659205,-0.0030778958,-1.5505297236,4.4220355584,-0.4372440183,1.2878448849,0.2612319496,-0.6624951505,0.9521178195,0.1907597529,-15.0130791465,0.8510223844,-0.2884905953,-3.3311939969,2.6888504391,-1.6119507061,2.2156125481
biasActivation=1,1,1,1,1,1
[BASIC:ACTIVATION]
"org.encog.engine.network.activation.ActivationSigmoid"
"org.encog.engine.network.activation.ActivationSigmoid"
"org.encog.engine.network.activation.ActivationSigmoid"
"org.encog.engine.network.activation.ActivationSigmoid"
"org.encog.engine.network.activation.ActivationSigmoid"
"org.encog.engine.network.activation.ActivationLinear"
