encog,BasicNetwork,java,3.4.0,1,1572767156772
[BASIC]
[BASIC:PARAMS]
[BASIC:NETWORK]
beginTraining=0
connectionLimit=0
contextTargetOffset=0,0,0,0,0,0
contextTargetSize=0,0,0,0,0,0
endTraining=5
hasContext=f
inputCount=2
layerCounts=3,8,8,8,8,3
layerFeedCounts=2,7,7,7,7,2
layerContextCount=0,0,0,0,0,0
layerIndex=0,3,11,19,27,35
output=0.4234250189,0.4741376938,1,0.2841766991,0.1834604657,0.0000001162,0.0000068758,0.0000001018,0.9998817669,0.0000001676,1,0.9997012757,0.0000520175,0.1868761349,0.0000643497,0.0065400397,0.8061926163,0.8815611232,1,0.0021894039,0.5022976026,0.0624373151,0.8586080563,0.8435104482,0.9754374669,0.0047829938,1,0.7321746037,0.9999999524,1,1,1,0,0.998356315,1,8,30,1
outputCount=2
weightIndex=0,16,72,128,184,205
weights=18.1261524952,1.4291172771,2.9215193921,-8.5519374894,8.0990447629,6.4757856737,-14.3909541621,-12.1969056234,3.308938025,11.5274587341,-7.3530113965,2.4145353399,-15.1383213637,-4.2495692026,14.7963333523,1.0903524138,-7.0844226767,-4.4521503767,1.4249443022,-4.8357924708,7.9569643728,5.4746453327,1.5856083635,0.029255753,-3.6499928075,-1.103089229,-2.2703903778,-3.7803288913,-10.2770698992,1.9812358382,-7.8426321249,7.964123082,-7.4781210385,-0.3115083354,-10.6845456185,20.0562287416,-9.7265202578,-2.0790441825,-1.7097661153,-3.2498590584,-8.0794573931,4.7690161088,-6.0180409484,7.2070618142,0.5805498815,-2.2891853595,0.5403179237,-1.3211381832,-8.4301659152,13.3400774938,-1.5252515887,0.4984347079,5.8230490683,-0.0595994781,-2.0144897483,-5.6022978935,8.2241632217,-5.5291748909,2.8691483782,-3.4672585066,-3.7703677573,0.7113883894,-1.4514464001,1.0160441004,-0.8922835063,4.3489361674,12.4337888248,10.7533105718,4.7438689685,-1.2359237474,-13.4847711456,-4.1813886793,-8.2882785125,-4.2957203873,-0.5095649917,6.5394066191,10.3706187286,-5.5754046896,1.7617587946,1.3909027668,9.1325472572,8.748556637,4.8476658397,-7.4365854016,-6.5869075654,-2.0651129875,2.1396356042,-0.6355361663,12.2495748839,-10.9956519544,-4.023111576,1.6161401757,7.0163105389,-3.0941097169,-4.8388598536,0.0123177558,-13.1172489135,7.7100823204,3.4877948575,-15.651948604,-0.712002165,-0.4875689185,1.9602045456,0.7927688446,17.031734863,-1.088478973,7.9972765536,-5.0777999723,2.2957833446,-1.9384080784,-1.6298526009,-0.6912137967,-3.7345806271,3.0295698254,0.3557931244,-1.8092987477,5.5069951849,-0.7704341725,-2.6976712901,-2.4376422216,10.6739059838,10.7930004425,4.2619500176,-10.014889274,2.7609478248,1.4094833021,0.2763990368,1.1903163053,-22.5165637849,0.7486433854,0.4710938664,7.6567083429,-0.1569791337,2.0145038939,1.714387183,-0.0669136884,9.9158238122,2.4913534778,-0.7395072554,3.2479749007,1.3837354508,-4.9090056413,-16.8527355424,3.1905546032,-4.4536628915,4.3839366018,1.5170792901,-5.2626693749,2.3321078369,-2.9854755072,-6.6744865269,4.2447999655,-10.2509427651,-1.3461076747,0.6143954387,-4.4111128324,-1.1143397962,-0.7512893817,16.0555254298,-0.4627136835,-10.6841127214,2.2400433405,3.984783683,2.0779389533,2.7663335269,-0.2218151939,-3.3050221379,1.7377093655,2.2721774074,-0.5218667198,0.5248858553,-0.2198505302,-0.4408778616,-4.0492061381,3.0111986678,-0.3305067494,0.1842440558,0.8375154717,0.9958380029,-1.7262147098,-0.4736531486,4.201808073,-6.4567202106,1.3398288561,0.5918080404,0.2156895618,-10.199467423,0.4577591452,0.4064145739,1.0069242366,-0.8215688656,4.058001087,0.0695943207,-1.4567305565,2.4044855652,-5.4281821718,-0.2263427072,1.5517760447,-0.4419077384,5.9793786031,-5.9197000257,4.9957673849,-1.3160600245,0.3324018195,6.9655951756
biasActivation=1,1,1,1,1,1
[BASIC:ACTIVATION]
"org.encog.engine.network.activation.ActivationSigmoid"
"org.encog.engine.network.activation.ActivationSigmoid"
"org.encog.engine.network.activation.ActivationSigmoid"
"org.encog.engine.network.activation.ActivationSigmoid"
"org.encog.engine.network.activation.ActivationSigmoid"
"org.encog.engine.network.activation.ActivationLinear"
