encog,BasicNetwork,java,3.4.0,1,1572776464849
[BASIC]
[BASIC:PARAMS]
[BASIC:NETWORK]
beginTraining=0
connectionLimit=0
contextTargetOffset=0,0,0,0,0,0
contextTargetSize=0,0,0,0,0,0
endTraining=5
hasContext=f
inputCount=2
layerCounts=3,8,8,8,8,3
layerFeedCounts=2,7,7,7,7,2
layerContextCount=0,0,0,0,0,0
layerIndex=0,3,11,19,27,35
output=0.6292468225,0.489950731,1,0.5684171314,0.9999343586,0.9987513339,0.0494112687,0.1706995218,0.7139851534,0.1282326764,1,0.9672887315,0.9999555921,0.0000039441,0.5916277467,0.008447855,0.999312953,0.0599302628,1,0.7985675289,0.1329453464,0.9999333031,0.9999446974,0.0003929797,0.9944616854,0.4887536182,1,1,0.0004743971,1,0.9487397458,0.0000649828,0.9837485772,1,1,8,30,1
outputCount=2
weightIndex=0,16,72,128,184,205
weights=2.7254326853,10.722001777,-1.8791666611,19.0146733192,-6.2416594593,-18.6072234598,-0.3703595851,3.5940092946,5.3508410046,5.8751849614,-12.1417004197,-0.9700680359,-5.3043857804,-0.1914318788,-5.9292848297,5.0204239908,0.2936232073,-0.3781777934,1.7373917694,1.4131433473,0.6060263015,0.3626709749,-1.0195157487,-0.7729646701,7.6336746845,-10.6733735206,4.2576287939,5.1358859959,1.7091060526,11.1117851379,-0.6917124501,-1.1955138309,10.7652749353,-0.6896145546,8.9153503672,-11.2965516263,5.0666271575,4.5278760059,-3.1704877824,-0.7333561352,4.7963102565,-9.4282896018,-10.5550491641,4.0320076665,-2.1882946702,-5.5716031602,4.3388552853,4.7723779324,1.820199939,5.8406953251,8.0723764523,-7.834717698,3.0948724651,-0.7689503983,3.425400013,-4.0095760859,-9.5958709585,-6.4631482079,-3.871244838,7.6530772667,-1.0543815927,5.9058803104,-3.8252657307,6.4682336479,-5.0865141948,4.7045622422,3.0677984209,-4.4926814715,-7.9322157668,3.8105713406,8.1747434059,-3.273776314,-3.3734573835,-1.6096129715,11.3289947547,-4.6055191689,-4.3132499866,4.4216753654,-6.7162920319,-1.5411528646,2.6890782641,9.2607800798,2.0672867287,-1.8755401969,-13.5770404565,2.2125273218,5.3593628734,1.6374027545,0.9510116084,1.1659691634,-14.7371737028,4.545732387,3.5886317189,-6.1302628355,7.4706602534,-0.7234324056,-8.4497505304,-5.9635441432,8.2740462681,5.1138354215,3.6254241857,-3.8257397014,-1.7125642536,-0.8356778897,-0.5979079812,1.4954603819,4.1967470366,-4.2428299081,-9.6351147336,-0.3093669132,-7.5398536571,-0.4440047305,2.2409506918,0.7037288309,8.3552177809,-2.9882419199,-15.8271937025,3.0355983911,-11.6712669823,2.7245362521,2.1056666692,2.4808878422,-5.4336066181,3.7558264413,-1.4059569012,-3.0901899878,6.3143032151,-3.0989969917,-0.2420344328,-1.8940077632,-0.5595163272,6.0877555814,-3.986272899,-0.729366754,-1.7378593717,-1.1402491545,-1.5420635156,13.3812253378,-2.9480829781,8.4138090822,7.873893911,-1.0468269997,-2.9844084149,-1.3601691898,-1.6808795892,17.6215033493,-1.6565262021,5.2290902473,-14.0752999668,9.3527618134,-0.8740181364,-0.3425479727,2.5224821436,-8.8272071187,2.4351796158,-0.5145676596,-0.901533191,1.5610123713,1.145784469,2.6559827474,3.5652183797,-7.6948198351,4.938048749,-18.5040968864,-5.4934479614,-7.8981519663,4.6412252857,4.3435234798,0.7213599201,5.6847004918,-0.8690200506,3.1550310179,-7.2922639014,2.9418066013,-0.1394666256,-0.4118862215,1.2885065787,-9.6543481493,1.5719370307,3.3480306018,0.0649672746,-10.5127128591,2.8138636504,1.450732013,1.1435426188,1.0268689295,-0.1834063397,0.9878207673,-0.457640763,-1.8263346268,1.3129747146,0.9943737935,-0.9160663273,-0.6330693153,0.1208074448,4.3585500195,2.2820371143,-0.4115709631,-15.5504906452,-2.065226937,0.5820066208,3.1648067674,1.3141856651,0.8132948844,-0.7366261747
biasActivation=1,1,1,1,1,1
[BASIC:ACTIVATION]
"org.encog.engine.network.activation.ActivationSigmoid"
"org.encog.engine.network.activation.ActivationSigmoid"
"org.encog.engine.network.activation.ActivationSigmoid"
"org.encog.engine.network.activation.ActivationSigmoid"
"org.encog.engine.network.activation.ActivationSigmoid"
"org.encog.engine.network.activation.ActivationLinear"
