encog,BasicNetwork,java,3.4.0,1,1572776475506
[BASIC]
[BASIC:PARAMS]
[BASIC:NETWORK]
beginTraining=0
connectionLimit=0
contextTargetOffset=0,0,0,0,0,0
contextTargetSize=0,0,0,0,0,0
endTraining=5
hasContext=f
inputCount=2
layerCounts=3,8,8,8,8,3
layerFeedCounts=2,7,7,7,7,2
layerContextCount=0,0,0,0,0,0
layerIndex=0,3,11,19,27,35
output=0.4313382068,0.356732905,1,0.0630692867,0.9989562628,0.9289553642,0.4896339799,0.8665600783,0.0389183459,0.7723338383,1,0.7889377906,0.0130015008,0.5430298045,0.0000080209,0.6115821154,0.4326539318,0.999737367,1,0.1660879312,0.9845712371,0.9172347806,0.0008505624,0.0002739929,0.9928893746,0.9999178327,1,0.9990968045,0,0,0.000000563,0.9723677831,1,0.7718779857,1,8,30,1
outputCount=2
weightIndex=0,16,72,128,184,205
weights=4.6214175138,8.1917552418,3.9927655213,-13.0984509294,-6.5978680996,-8.4897344185,-3.1526403596,2.4360239656,-12.2601660307,-2.3280797537,-3.3057414467,-7.8680859994,11.1061147305,7.2890744443,-2.1731775118,1.2033097547,-8.0754365052,2.2033689186,-6.0169929187,5.3445804253,-1.0635115454,10.9780206517,2.4756895161,0.3370596518,1.2258840882,-7.54939085,-2.7566363634,-1.3476393225,0.8417459796,2.5292051773,7.1738443426,-1.2891707036,2.5962194178,0.4022358917,-3.2294812279,0.461695431,-2.2112004721,-1.7215405657,3.7845774683,0.5845463553,-0.6649302162,-8.349499974,-0.3436323223,-3.1588757126,-8.6533624191,5.9391186129,5.7523004997,-2.2498285681,9.146462604,-3.0414813941,2.9991314757,-6.0885595947,2.3602724209,0.4372359623,-9.0296838389,0.4605050584,-5.4007189352,-0.6068607654,-2.4040785538,1.3329868432,-12.6712967023,6.1899884966,3.8157760309,3.6242450636,-1.605083607,-1.4111562492,-0.281608411,0.3497448581,0.8206478557,-2.3956491232,2.5164648924,0.6779032305,-6.0392666953,3.0819450864,4.9260448412,7.375487308,-1.8514854955,-3.2270439532,1.9891852688,-4.0218404718,1.689284892,-2.6922170507,-1.5619708854,3.59945115,4.7021760826,-6.9989424467,3.4811033688,2.9372082683,-1.5916875209,-0.0041323666,2.0474760867,1.7068474281,6.8449268183,1.9659542378,-5.7280585787,2.3352440581,4.4907657993,-6.1947383671,-0.5436374771,5.0461788673,1.0230931437,-3.8719568055,-0.1870592261,-1.8546119186,-7.9110464216,-3.9440857461,6.7740982195,5.9610997535,4.7667284823,-3.7754925684,4.2603451197,-1.0800332695,4.6393880492,4.4260677014,-8.63020378,-5.0350387761,-3.3843623073,5.3991478182,-0.8146521744,-2.0243948951,0.6382588985,-2.6634008406,2.6741443582,-0.8157322629,-4.1691231799,13.8103964926,-4.1649753986,-1.2377536441,-3.6842344253,4.0100445061,-0.4930752853,5.4839322009,4.2055172782,1.3608465698,-4.5316699757,0.1150333548,1.0028616897,3.268585064,-0.5553829044,2.3513524941,1.4129918324,-1.9873377753,7.2682862097,-1.8428245497,6.9254919473,-1.3395927634,-0.4035799274,-0.6841096447,-4.3158394694,-0.1931287593,-5.6612152954,4.245598539,-1.3265113311,-0.8128789777,-0.5211302989,4.2011970225,-7.241234816,-1.8246492313,4.3932187896,-0.2686871792,-13.1625164365,-7.3823329926,-0.755672908,-2.4155574111,0.5064397115,-0.0439312204,6.020661705,-0.1472355619,15.5714059043,8.0718681183,0.2970310351,10.525027846,1.0357804783,-4.88614545,-3.2063326989,-4.2644352478,2.9010803204,9.918796402,0.1440549531,-6.2196343106,0.3015144185,-0.060224777,8.5631052043,-0.3344155948,-3.376785686,0.69112494,13.2892052311,1.3567212214,-1.5752159511,0.3187557377,0.6265048777,-2.6229095049,-0.1152246458,2.3701374598,-1.0640151495,-1.4305928771,-0.7180081779,0.276160882,1.0199907036,-0.984131604,5.12592939,-0.2241002835,0.8278023975,0.1957863569,-11.2770640364
biasActivation=1,1,1,1,1,1
[BASIC:ACTIVATION]
"org.encog.engine.network.activation.ActivationSigmoid"
"org.encog.engine.network.activation.ActivationSigmoid"
"org.encog.engine.network.activation.ActivationSigmoid"
"org.encog.engine.network.activation.ActivationSigmoid"
"org.encog.engine.network.activation.ActivationSigmoid"
"org.encog.engine.network.activation.ActivationLinear"
