encog,BasicNetwork,java,3.4.0,1,1572776484366
[BASIC]
[BASIC:PARAMS]
[BASIC:NETWORK]
beginTraining=0
connectionLimit=0
contextTargetOffset=0,0,0,0,0,0
contextTargetSize=0,0,0,0,0,0
endTraining=5
hasContext=f
inputCount=2
layerCounts=3,8,8,8,8,3
layerFeedCounts=2,7,7,7,7,2
layerContextCount=0,0,0,0,0,0
layerIndex=0,3,11,19,27,35
output=0.6857153746,0.5454551579,1,0.0024549288,0.6449130603,0.0019586128,0.1018337215,0.9999943172,0.9621747719,0.9999990675,1,0.0000000619,0.9938028582,0.8739720278,0.0040639103,0.8065952309,0.0008988537,0.2667336161,1,0.4848701955,0.7801037032,0.340588378,0.9967471302,0.9335891512,0.3334010544,0.9968437507,1,0.9999998335,0,0.000625945,0.999999994,0.0837575285,0,0,1,8,30,1
outputCount=2
weightIndex=0,16,72,128,184,205
weights=-0.2532833755,-12.7733652842,5.6013147493,6.6857086471,10.867720235,-2.5276613769,-2.0345277043,1.9256134388,7.4303443667,11.2044740182,8.2813829616,-0.458413063,-1.0993897627,6.4610834217,3.8480384539,-15.9967095,3.2257171112,5.4187310808,-8.8781596094,-0.6429623781,-0.8649881442,-0.8870690358,-1.8036286778,-2.4508930439,-4.2792869566,0.4448907683,-7.9202646434,-0.9238687587,5.861238381,3.8371007716,6.3500654408,0.6555918404,1.878883916,3.9941559572,-11.1210641215,-0.6021900114,-1.1727745518,1.555704532,-1.6604710757,0.9064436757,-3.6598844072,-1.6741454142,-4.7215635061,0.3462596761,0.3881224473,-0.8969588404,-2.6586738609,4.0087702851,-9.786928318,11.7395560357,2.4938917119,-4.1412400364,-5.6193126972,6.1534347881,3.5102835905,1.8391710436,-0.4803604531,-3.1715962371,12.2755937408,0.0270581152,-1.8313955501,-1.3522184635,0.7926224672,-3.0734829544,-4.8517400376,16.5780477543,-1.5359337336,-0.6527055906,-0.750815216,-3.2573161498,-0.7174710019,-0.4449766727,12.6764229549,3.192080193,2.4436900819,-10.3463816747,-3.0288352684,-3.8546581348,-10.8888790635,-0.7868080263,-7.6930269726,12.1702763263,-2.717221297,4.5482759253,-4.08212377,-14.6280976577,5.9908532893,-1.5784294672,7.4771855413,-6.8656368703,-2.3736803549,-0.2672327182,-0.1171688048,12.660097013,2.6436612431,-2.0050191511,2.7816802258,-5.5049302532,2.2770552972,-1.8018131664,-0.5880904929,3.0636890552,-0.6739148931,-1.3360756746,3.5484325055,7.1722529479,-4.7950836472,-1.8061677886,-1.6521094803,4.7979795409,-3.2518211041,0.7301463981,7.585810289,-1.6517458121,0.0832503082,-4.7398770405,-0.0719339112,-0.9490303897,-4.1308530039,-0.2056070737,-0.0595373293,-9.3111194184,-3.3108972432,3.5951796874,-0.6065463256,-3.0648906262,4.654687715,0.773522593,0.9898070268,0.0671191555,3.5360575673,-3.0402505749,10.9436076848,6.1662425022,-7.1832958353,1.0710830849,2.1708555364,0.7137744209,-6.1142528986,-1.5075323565,-17.0179372999,2.9377481984,0.7400856323,2.0321555336,0.0474639071,-0.6336237912,-7.0102074475,-0.6737002421,2.9495892055,1.4331533133,-2.833409953,-0.2770992691,1.5021972512,0.1682845336,-0.6373790269,3.0220480836,-11.0887720865,-0.0616215085,-4.716784305,2.1298815326,1.7145106685,0.7277560372,-0.1644725793,-0.4699090266,3.1350508424,-4.3402461172,0.8340781716,1.1360935128,-1.239606444,-0.4409543059,-3.0694460073,-0.1005696751,13.8341771422,-2.0192539637,1.6837283495,-0.5094617216,1.7941503576,-0.6663093812,-8.1402540606,1.8787024666,-10.9915175089,-0.9765978123,-0.3140034125,3.0080748349,1.033072848,0.2582009553,-0.4024366102,-0.6701245593,-0.7891083145,-0.1868114429,0.0678404228,-0.4721321198,6.2456182488,-0.3397466554,0.6773475598,1.326472479,1.479942506,0.184507995,-19.7671348757,6.9975604073,-6.0756955094,-1.504062113,9.6971274837,-4.0977703902,-2.8388342474
biasActivation=1,1,1,1,1,1
[BASIC:ACTIVATION]
"org.encog.engine.network.activation.ActivationSigmoid"
"org.encog.engine.network.activation.ActivationSigmoid"
"org.encog.engine.network.activation.ActivationSigmoid"
"org.encog.engine.network.activation.ActivationSigmoid"
"org.encog.engine.network.activation.ActivationSigmoid"
"org.encog.engine.network.activation.ActivationLinear"
