encog,BasicNetwork,java,3.4.0,1,1572776499550
[BASIC]
[BASIC:PARAMS]
[BASIC:NETWORK]
beginTraining=0
connectionLimit=0
contextTargetOffset=0,0,0,0,0,0
contextTargetSize=0,0,0,0,0,0
endTraining=5
hasContext=f
inputCount=2
layerCounts=3,8,8,8,8,3
layerFeedCounts=2,7,7,7,7,2
layerContextCount=0,0,0,0,0,0
layerIndex=0,3,11,19,27,35
output=0.3952382888,0.4952783384,1,0.0000000009,0.8864590191,0.95408155,0.9999971533,1,0.2187027543,0.226524005,1,0.9256156599,0.9997571649,0.9999999999,0.0267960236,0,0,0.9992054858,1,0.9999999972,0.4011429174,0.0000786291,0.9635690391,0.0727002731,0.0000061464,0.0005053314,1,0.9481851391,0,0.000002932,0,1,0.9999999999,0,1,8,30,1
outputCount=2
weightIndex=0,16,72,128,184,205
weights=-1.0745694342,-5.2907038243,2.4510165745,-19.828315176,18.6652352677,-9.6565317594,-32.0084151057,12.4517847003,-10.4787832316,-17.5602326688,19.0581397556,6.8108027183,-7.807418587,-18.1502162162,6.735815828,0.8048334657,3.2993191037,-15.5147544918,-19.0025351561,-2.0150433013,2.6433947804,10.740928262,9.1944474189,1.5184121347,-6.2142984761,6.8734865865,10.4546239614,3.8758920643,7.4777179716,-18.6170151242,-3.4763362042,-6.1496026678,-13.2264511015,0.3644057868,2.7895871297,2.8111860395,2.2427292018,-15.1368107676,2.6532000133,9.3961673768,-5.2962845109,1.9625967914,5.5237200218,8.1637071019,-22.0933848041,-0.8227714867,5.6554511915,4.3161012833,-5.2162166203,11.2964436962,34.5632573024,3.1477838272,-2.267650754,-6.8445984988,10.6629150289,1.9422180502,1.5427740025,-6.2159122336,3.4982050603,3.5627810997,-23.7134752316,-4.1784256863,0.5758284344,-0.6558994932,0.7845168865,0.6691121387,-3.1434617489,4.7429412071,4.0835651191,4.866680969,1.1337704989,-0.7396544022,-1.2156551191,12.5629797176,4.6253830068,-3.1376120958,-11.2742575146,1.6910826579,10.1294378537,2.5347731034,-5.8746087672,-1.2072596448,2.5361598151,9.0307978574,-25.6321152018,15.0385075615,8.2372914464,7.8389876356,11.5240432809,-5.062931311,-8.0674446504,10.7623941823,-1.6974100948,2.258758935,-9.7115531734,2.972362001,0.9461478558,-6.6142278992,-1.2857957627,-1.5031018389,-14.5324312996,-1.4583930599,-2.0931051087,0.6207845237,-12.1036005661,10.5435939564,2.9356104181,-11.4674017112,18.6210791258,4.357047334,15.290803538,-8.2911138308,-17.9946387754,-0.5298124918,7.3546753225,-10.5201719529,-2.1509569364,9.2313389106,3.1207557757,-4.3753773112,7.430580559,1.7661992742,2.3524966165,0.8474453957,-5.5352730462,-0.0062411834,-3.1813894367,-1.4148275194,21.8943748638,-6.9197058329,-0.13820079,-4.9521740201,2.0755625141,-2.1086560906,-2.6127747697,-1.0357032228,-14.8494197742,-11.2966695663,0.4787681048,1.6979199271,3.2985843064,5.3862950345,-0.8365055921,4.9944132006,-13.444901361,4.7761364942,-0.2627948175,3.0451026696,0.559507645,1.1883833359,1.9514758331,1.5496748949,7.8257565299,-7.5331696921,-0.5985752814,-6.1946355333,-0.2758760727,-1.2048066269,4.6157304641,-2.6643564372,-24.5999968769,2.3924317234,0.2794475263,3.5717154675,5.4768259798,7.2717182765,-1.0252860731,8.0308746838,-19.1262282939,0.2873900943,-0.7840133844,3.5894494399,0.7158208536,2.8791172285,-0.2066535055,2.5406369262,-20.4774663161,4.8607077104,0.9030098307,5.131683233,1.711928433,5.3058477389,0.9182947136,4.8088598621,-2.6698067815,-0.1327192235,28.2469037365,0.7746267404,-1.1461730292,3.3271866801,-1.0577066814,-0.1471186115,0.1353773107,1.1296578052,-2.7319354945,-0.0299846308,-0.7233406251,3.8484694205,-0.6037426073,0.8814811259,0.5193183749,0.3411034009,0.9283662276,-1.1369228343,0.2251298353
biasActivation=1,1,1,1,1,1
[BASIC:ACTIVATION]
"org.encog.engine.network.activation.ActivationSigmoid"
"org.encog.engine.network.activation.ActivationSigmoid"
"org.encog.engine.network.activation.ActivationSigmoid"
"org.encog.engine.network.activation.ActivationSigmoid"
"org.encog.engine.network.activation.ActivationSigmoid"
"org.encog.engine.network.activation.ActivationLinear"
