encog,BasicNetwork,java,3.4.0,1,1572776514030
[BASIC]
[BASIC:PARAMS]
[BASIC:NETWORK]
beginTraining=0
connectionLimit=0
contextTargetOffset=0,0,0,0,0,0
contextTargetSize=0,0,0,0,0,0
endTraining=5
hasContext=f
inputCount=2
layerCounts=3,8,8,8,8,3
layerFeedCounts=2,7,7,7,7,2
layerContextCount=0,0,0,0,0,0
layerIndex=0,3,11,19,27,35
output=0.1083338747,0.0002625786,1,0.0006197938,0.3706231367,0.999017839,0.2961372724,0.0056816169,0.0413017929,0.8718821918,1,0.0014988767,0.9655623381,0.6788030284,0.0974949413,0.0026948684,0.5756045362,0.0030777312,1,0.8174243703,0.2789760048,0.9601800237,0.0979068099,0.9993797225,0.0008014468,0.0000000032,1,1,0,0.9999676318,0.999999995,0,0.0000000028,0.7685814354,1,8,30,1
outputCount=2
weightIndex=0,16,72,128,184,205
weights=-2.3034387166,2.4653012969,-10.8136500629,5.8006182742,-12.5651770198,7.1145407945,6.8232628453,-0.1064280047,6.8986266399,4.0355151564,-3.1770100097,15.4881390913,5.7312202857,-9.9966502214,-10.8088824549,-1.3529649301,0.2584064611,-8.8284840454,-5.1420593405,6.0752868301,-1.2521506501,5.7407377525,1.0740695777,0.732370401,0.1367325367,1.7233681929,0.1509761759,-1.0697825648,7.0973612762,-2.6148792671,-0.9598012459,-0.7029896221,-2.4138915557,-0.6950495144,10.5018343965,1.9835142881,0.9634060474,-0.313286673,-2.7145843986,0.4635325771,-3.8095379455,-4.6272176897,-9.0209531766,-9.1628708161,-0.7618833001,15.1236231388,-1.6595109647,1.9265354236,2.753334105,-7.1269450146,8.2200647079,3.4659314072,-7.1581496643,4.0408963137,2.240328359,-6.518717527,-8.0983660958,-4.8964984918,-4.9642155909,9.812330325,2.2073437531,-0.4223701865,3.8599130819,4.2337044913,-2.0935819226,-5.0528923094,7.5213923055,10.6707585841,-0.35235179,1.6951915821,-4.530457843,-0.307031118,-10.1810371689,7.2859852932,-0.6496122063,-0.5772032001,-0.369945886,2.3787604123,2.9138774757,0.8361402521,-1.3693394221,1.2252600918,-1.6736901386,-7.1971294134,2.6207973364,-6.099513461,9.0844013092,3.8084816348,16.8808345531,-6.3347708282,-0.3428709122,-10.1169854865,-11.7913746304,-0.5538232931,2.0986165857,1.8209640774,2.3504753182,6.9527829952,-7.1499026538,5.1399490662,-0.9326108424,-1.1588629589,-15.486073281,1.2085496333,-0.2249296022,-0.8382076414,-6.920534662,2.5704431213,0.4238154778,-3.4208027516,0.3063854353,0.4764796065,1.4703214829,-3.9829685839,4.0620621378,12.7355174747,-1.0268499539,-4.8349305124,-2.4711747311,-3.9030856503,-1.3312956832,2.0124522936,-2.0011399342,0.4743426132,-1.7348763802,2.3264301973,6.3278761989,-1.6467234996,4.9854256716,0.6750576922,0.468060444,5.7072983513,-1.3620044473,-1.5878161136,-18.8484500708,4.8247934162,-2.2481278722,0.7218953626,-4.9950791208,-0.3554903156,0.0418798657,7.8078585436,8.0831449647,0.4364338001,-1.1631203388,-0.6707286285,1.2715463511,-1.1263294662,1.1505043253,-2.50646425,6.6230914108,-0.8896884019,4.2347222687,-0.4031378404,6.9551499262,0.231208771,3.3194247807,0.9199612093,-18.1720767251,0.32516325,0.4652249318,0.7443047274,-2.9933586065,-0.9011405217,1.3054056442,-0.3930247952,13.7983264411,0.2087628301,0.7582090248,0.3782764429,-10.5865295793,-0.1774926921,-0.0481296991,1.463961444,2.1952491104,1.1899526048,-0.8403498173,-0.789988751,-9.4157375641,1.9715350021,-2.2597425252,7.0633884903,-16.8553235723,1.6840720995,-1.6438719175,5.2432063051,-0.7406157384,0.6533343733,-2.1861343368,0.623633961,-2.3955034998,0.6239412069,10.7840922036,1.7935840699,0.1792597461,-0.6134186808,0.4366649648,-4.4163777932,-0.6069625379,0.3696184649,-0.8537141138,2.9487448184,0.3976239295,0.2483513039,-9.4312120684
biasActivation=1,1,1,1,1,1
[BASIC:ACTIVATION]
"org.encog.engine.network.activation.ActivationSigmoid"
"org.encog.engine.network.activation.ActivationSigmoid"
"org.encog.engine.network.activation.ActivationSigmoid"
"org.encog.engine.network.activation.ActivationSigmoid"
"org.encog.engine.network.activation.ActivationSigmoid"
"org.encog.engine.network.activation.ActivationLinear"
