encog,BasicNetwork,java,3.4.0,1,1572776547819
[BASIC]
[BASIC:PARAMS]
[BASIC:NETWORK]
beginTraining=0
connectionLimit=0
contextTargetOffset=0,0,0,0,0,0
contextTargetSize=0,0,0,0,0,0
endTraining=5
hasContext=f
inputCount=2
layerCounts=3,8,8,8,8,3
layerFeedCounts=2,7,7,7,7,2
layerContextCount=0,0,0,0,0,0
layerIndex=0,3,11,19,27,35
output=0.4857084747,0.0571416209,1,0.0000724847,0.6607396307,0.9999849729,0.7009794888,0.8673746658,0.910384138,0.369372236,1,0.182826119,0.9987234101,0.000142429,0.9571962364,0.0000000043,0.3793551654,0.6611591002,1,0.8714705356,0.7183632964,0.1064428513,0.0004766856,0.8442227257,0.9999998255,0.9698416825,1,1,0.1275364148,0.6194009902,1,0.9991807035,0.9999999941,1,1,8,30,1
outputCount=2
weightIndex=0,16,72,128,184,205
weights=-1.5684394366,-6.5139803567,-3.538825616,-12.403991264,12.8158501704,1.8540121648,-0.748549913,3.9531794101,14.4762210901,12.0312138814,11.0205529272,-1.2476896103,1.8004433524,-19.3149490888,9.5283373759,-8.3968538995,-0.687649747,-4.5737948816,16.5276820774,-8.7885216178,-11.3486726823,4.1702831621,-2.6759001072,3.7587767293,-3.7735742528,8.1388391391,-7.6813100076,1.3141745648,7.425825526,4.7619086672,-6.8143764418,-5.3298458377,-7.3198934325,10.3725728466,1.4659233066,4.9660465606,-1.9050776316,5.6459211301,0.3121989725,-5.0173367778,-14.7918459969,-2.924670241,2.2508117669,5.6766873869,3.5426898175,3.045683144,1.5503511749,-1.1372099288,-14.2215079085,6.16680969,-1.345112822,-5.00589705,8.5429768882,-4.3852344839,3.7467197054,2.2972696888,-1.9258210734,1.4315260034,6.0632495422,-1.1121435062,-1.220560455,1.9578656595,3.2520788801,-0.5884658307,1.4736243877,2.4774850154,-0.2757875904,-0.5356264564,-10.334529562,3.3961790426,-1.9886882635,-2.7394299463,12.6021915239,9.4709514791,-8.5790402712,-1.1269439957,-6.7322557808,-13.2828230719,3.2633118361,-2.5681759473,4.6567824691,-8.1972854819,2.2108725341,-4.2047210385,-1.5333667062,7.0806620981,5.9337139516,-3.2815824402,-8.6241800584,-6.6887850125,1.8701421838,-3.5731784215,3.5069834876,4.0404295005,-5.4231614375,1.5253158892,-3.3276150244,-2.3180543735,4.0275451518,-1.8281279366,5.3901069527,7.2022843979,-0.8288130515,-3.704242407,-5.0511768661,-1.6232700804,9.8655009137,5.8345312176,0.7354036204,-4.7568877721,-13.5474829886,2.5165026902,-8.4417520762,-2.887051273,3.7374940127,1.1724259441,8.874583393,-6.1668879353,2.3405695124,4.9447953633,0.9807985625,-4.6166769332,1.6098364257,-7.1251225889,4.1921829093,-0.9226598096,-0.8291174257,1.1498551127,-10.0592119748,0.01949931,-7.6239070329,-0.9139739007,15.0096177466,6.089588886,-2.7880581771,-0.6918726408,4.1048823086,-1.3026763761,-6.8454200587,0.9389320661,7.9731173741,-4.0321060188,-4.1622277811,0.5264904813,-6.0603459491,2.1609666058,8.0556447937,1.1252641052,-2.7331836406,-2.9768204125,1.4788670449,1.771101192,2.5821553873,0.1716081595,2.0687830051,1.2293240379,-1.4671189707,-9.9760264683,-2.6484966969,1.3274914054,-0.9561028164,-1.2842520196,11.1405514824,-1.9094878548,-1.1917988154,-2.3245382276,3.3185427295,-1.9842820928,-1.8541181219,-0.3991418923,4.1257549023,-0.6991894573,5.9993087234,1.4891328562,8.0400636035,0.0862966759,-4.3977092322,-0.5674090543,-11.3407321688,-0.3602162314,9.7816565136,6.208378067,-1.4965278667,0.8399310033,-1.6700234227,1.7921590541,2.6330562908,2.4632323406,-0.7586093494,1.1295027704,1.0582545546,0.2945052761,-16.8141882082,0.835484627,0.7360763128,0.5258776157,-1.1287569904,0.295223366,7.2795998695,-3.6990230859,1.6362903824,-0.5485653176,-5.5505321621,2.8967676196,1.1770337951
biasActivation=1,1,1,1,1,1
[BASIC:ACTIVATION]
"org.encog.engine.network.activation.ActivationSigmoid"
"org.encog.engine.network.activation.ActivationSigmoid"
"org.encog.engine.network.activation.ActivationSigmoid"
"org.encog.engine.network.activation.ActivationSigmoid"
"org.encog.engine.network.activation.ActivationSigmoid"
"org.encog.engine.network.activation.ActivationLinear"
