encog,BasicNetwork,java,3.4.0,1,1572776566531
[BASIC]
[BASIC:PARAMS]
[BASIC:NETWORK]
beginTraining=0
connectionLimit=0
contextTargetOffset=0,0,0,0,0,0
contextTargetSize=0,0,0,0,0,0
endTraining=5
hasContext=f
inputCount=2
layerCounts=3,8,8,8,8,3
layerFeedCounts=2,7,7,7,7,2
layerContextCount=0,0,0,0,0,0
layerIndex=0,3,11,19,27,35
output=0.3986741692,0.5091564219,1,0.2483433285,0.994803549,0.9999861616,0.646802398,0.6844498127,0.8405418436,0.9469008936,1,0.433330513,0.9932328799,0.0000003016,0.3871034496,0.968773429,0.6121042167,0.1635433066,1,0.9999750364,0.0905466989,0.9987475727,0.002893718,0.9981295634,0.6806604994,0.9539006528,1,0.944008268,0.01242811,0,1,0.0000000001,1,0,1,8,30,1
outputCount=2
weightIndex=0,16,72,128,184,205
weights=4.543928907,-13.1336936356,-3.6894914327,15.6177980535,-4.806806243,5.3841110293,7.1387646966,-2.8814463636,-9.5123171579,-9.0166736943,2.7204079856,-1.0927981255,24.177174585,-6.78966326,-6.9679858527,5.1121488746,-1.1544325008,-1.1380292286,13.9412485346,-0.6896537682,0.5958263452,0.894072505,-2.3181979645,0.044714015,7.5249076146,-3.8838531495,-3.2611990426,-8.0637785164,8.0079953176,1.6314835281,1.2945559339,0.0045984427,5.7193906238,1.9258901775,-0.3579783106,-3.0502062999,2.3142539254,12.9728719102,-6.2725126488,-1.1793610957,-7.0014220691,12.1307783382,-6.4281733909,7.3437629409,-9.7835793272,-6.2484641717,-5.0650606352,2.8786007633,13.3877761708,5.3379728231,9.6314040907,0.0669697621,8.1752079451,-13.9489965529,2.4551262094,-10.1380156685,2.6097645293,-0.3828051606,-5.2392354298,3.6866742573,1.4695062688,-1.305998008,-8.9540016865,0.3246218212,3.8514628836,6.0921393681,2.9503009539,-0.1773778089,0.8846923171,-2.0665148263,-1.7178339302,-4.0813762391,8.8811369354,3.9120230436,3.3884480044,3.1317614833,-5.5762818594,-1.2923785715,-6.0227830315,-0.7060186421,-0.6946511522,-11.6406679821,-4.9422789817,-1.511413843,6.3040485152,6.9834400833,-0.2930057936,0.9118995803,-13.1361719342,-6.6264177867,-1.2690787469,3.4432363257,-9.4951093098,3.8104952272,4.3594810505,2.7043226604,-3.6347615647,-8.5735194258,-1.377759673,6.8233519465,5.4518743102,-0.4466001562,-0.1661227537,0.3285305527,9.8787456821,10.746492181,-0.5080416546,-3.3278042846,0.0954008433,-0.2244809523,-7.678862474,0.4826828721,18.6709602126,5.5107100554,-1.2928037633,2.0051564413,-5.8977072163,-7.2351709181,-4.854366084,-1.9859686505,4.049014442,-14.3838361756,-7.7570894153,-1.1444708813,-2.3690634302,-5.2155062723,7.4821883798,2.1494415697,10.7577492995,-3.1845141402,1.1293925771,0.4889227534,0.5342074996,-1.6583049095,0.8144577706,1.651621624,12.4707164406,17.4455617507,-3.7677876343,-5.9286361381,-0.8697873789,-3.1377946415,-2.1438673125,-5.2298219321,11.2294608885,-8.1538320123,-1.0460203715,-1.5364905323,0.8436667708,-1.4766860838,-0.6924913116,-0.8047720684,-14.0702965516,14.416606529,-0.007511474,2.190125785,0.9135530795,2.1253500201,0.5417042674,2.9455141271,13.3877065309,4.8431523643,-0.7466287612,-3.8131099386,0.32531881,2.3203239559,7.5578559517,-4.9257996949,0.538556375,-3.30578214,-5.6775963967,1.0633733826,0.2501547859,-1.1825639492,6.0860573308,0.4086823669,0.7364249761,3.9205549701,-0.8232742111,-0.5216493247,0.645009666,2.9109875847,-8.0811033403,-0.1034938754,-0.9092495913,0.2248681568,3.3528829138,1.4188467736,-0.170878922,-10.5996949833,1.1897646688,-1.4411345565,-2.344950961,2.6430636208,0.9589024132,1.2518104077,-0.3763413684,-0.6906744114,0.7151689775,-0.9467701123,5.3656233849,0.6466945247,3.6471554958,-7.0106844335,1.3722656285
biasActivation=1,1,1,1,1,1
[BASIC:ACTIVATION]
"org.encog.engine.network.activation.ActivationSigmoid"
"org.encog.engine.network.activation.ActivationSigmoid"
"org.encog.engine.network.activation.ActivationSigmoid"
"org.encog.engine.network.activation.ActivationSigmoid"
"org.encog.engine.network.activation.ActivationSigmoid"
"org.encog.engine.network.activation.ActivationLinear"
