encog,BasicNetwork,java,3.4.0,1,1572776575943
[BASIC]
[BASIC:PARAMS]
[BASIC:NETWORK]
beginTraining=0
connectionLimit=0
contextTargetOffset=0,0,0,0,0,0
contextTargetSize=0,0,0,0,0,0
endTraining=5
hasContext=f
inputCount=2
layerCounts=3,8,8,8,8,3
layerFeedCounts=2,7,7,7,7,2
layerContextCount=0,0,0,0,0,0
layerIndex=0,3,11,19,27,35
output=0.0000895418,0.0006296855,1,0.0035975148,0.0075391337,0.5523346095,0.0778067274,0.0000048996,0.9954671396,0.9028461705,1,0.0654787043,0.2562153274,0.0009326535,0.7546645829,0.0008694493,0.7389337963,0.112308196,1,0.3964177106,0.9822293536,0.8407182927,0.1268927357,0.0000009215,0.4317134987,0.5841973913,1,1,1,1,0.0006162877,0.0049781779,0.9999999793,0.0222151967,1,8,30,1
outputCount=2
weightIndex=0,16,72,128,184,205
weights=2.7971159314,1.618603767,-8.7744661166,14.5542036189,-10.8472821557,4.4233748021,-10.2893282332,-0.742544759,-9.5067058876,-2.3842497789,5.1744446708,3.5231196611,-2.2384505555,-6.8526946051,-7.3776936416,3.0329339942,0.193997356,-0.8713812245,5.0406721307,-3.6268960929,-4.0695412184,-3.658254357,4.510453642,-0.4807755188,1.6792942015,-2.6503091928,-0.5254648444,-1.9672795806,-1.9455966959,-2.5893318383,-1.6098210641,-0.7300296695,10.3278185183,3.9118158048,2.3907124416,1.2917317288,-1.2160037252,0.6020104833,-3.0847215819,-2.5428143745,-2.8665034528,-5.9589892432,3.130051823,-6.0885174357,1.8676947566,1.6539185655,8.7373520765,1.6287851616,2.9634282394,2.0676945202,-1.686305574,-8.836712173,-2.4169209182,-6.272931943,0.5194129838,-1.7007906281,0.30281164,-9.8664565488,-7.7793126577,11.350567898,-7.9976325432,2.7675855357,-7.9536740375,-1.803493743,-9.1728401757,-5.9683535719,-4.9681863666,5.5931387939,3.9947421851,2.3973416699,-2.3997867251,-1.3626785015,3.5148329524,3.0818929675,-1.7831683304,4.6400908333,-0.2350007695,2.5438842067,-6.8553280216,-3.2617929937,1.4336111719,-3.3584632087,0.1439872534,-3.9860379717,-6.9027081873,2.2214774144,2.880579964,-0.5923772541,2.484971141,-2.8491735163,1.5035145506,-3.9123857687,3.3103617157,2.7667193618,-10.5262906325,-0.9756688543,-10.2811576419,-8.4319929994,6.1089168459,-4.8214904273,-4.499355511,6.0643086818,4.5429933105,3.6853204304,-1.680314923,-9.9029885006,2.4017593419,-3.7422028715,-9.2479127676,6.2162661998,-4.1138455466,1.5216475158,-9.6503694171,-0.8554674627,1.569406706,-1.8982474921,-0.0217425213,2.8528302023,0.5968064437,3.0474637413,0.1953420555,-3.8287085651,2.5283340915,-2.3435891756,-8.9141231322,5.1832045984,-4.7885751684,0.3474447808,-0.1035088345,0.3090333642,-0.6511846923,1.3109533685,-9.4906477302,-0.0268082591,13.4141632532,-0.1995055509,-0.9618977605,4.4658988223,0.7360684446,-10.0671966739,-10.0873688757,0.0599016677,9.1344512861,-0.4341969768,-0.2500315436,3.1107410696,-0.8353803886,-1.9702993315,5.1343292214,0.0200829352,-1.5974126892,-0.37068831,0.92744309,-4.7900421801,1.0153297056,4.2137680509,-7.4741695826,0.4185675952,2.2302749364,0.4850503656,-1.9352122878,-6.4866240989,-2.121859381,-4.9385323245,11.9519437142,-1.3793998025,8.2028080843,-2.2128687566,0.1719971629,-0.9212019853,-0.0550920121,0.2948603694,10.8388970156,0.4783965657,1.3034563364,-0.0320594616,-0.731604996,0.7594069406,-0.1847447087,10.9368682964,4.3623333241,-0.376031728,-12.3771308776,1.1195064277,0.9728877983,1.6300515217,-0.4302806559,-2.9935311024,3.3052140776,-1.2650970321,0.9963911961,0.7289064867,-0.4131308396,0.5447768945,-0.2830519284,-3.2578374713,1.3304384695,-0.5831947753,1.5546347814,1.0153909112,0.3409324338,-0.6570254723,1.1949909338,-0.1734939154,-8.1396230249
biasActivation=1,1,1,1,1,1
[BASIC:ACTIVATION]
"org.encog.engine.network.activation.ActivationSigmoid"
"org.encog.engine.network.activation.ActivationSigmoid"
"org.encog.engine.network.activation.ActivationSigmoid"
"org.encog.engine.network.activation.ActivationSigmoid"
"org.encog.engine.network.activation.ActivationSigmoid"
"org.encog.engine.network.activation.ActivationLinear"
