encog,BasicNetwork,java,3.4.0,1,1572776588475
[BASIC]
[BASIC:PARAMS]
[BASIC:NETWORK]
beginTraining=0
connectionLimit=0
contextTargetOffset=0,0,0,0,0,0
contextTargetSize=0,0,0,0,0,0
endTraining=5
hasContext=f
inputCount=2
layerCounts=3,8,8,8,8,3
layerFeedCounts=2,7,7,7,7,2
layerContextCount=0,0,0,0,0,0
layerIndex=0,3,11,19,27,35
output=0.9591833184,0.7500000093,1,0,0.0285806026,0.5937030853,0.3917637949,0.0278342587,0.9999985237,0.0043980826,1,0.9445851479,0.9998894147,0.9999999987,0.0002080256,0.6703043598,0.9605026552,0.5694504658,1,0.9817334771,0.9998947121,0.000038046,0.285760819,0.9999994186,0.9999974457,0.2736352713,1,0.0000015333,0.9591634096,0.0033952819,1,1,1,1,1,8,30,1
outputCount=2
weightIndex=0,16,72,128,184,205
weights=-10.958373073,-12.6574813859,-9.3882621127,-2.0591644014,9.3313892539,9.0481309232,10.3701910269,0.5458372149,-9.497858595,-10.2469657301,14.2535180718,19.6314707891,0.5772870717,-10.636309977,-6.8042817329,-4.1116286471,-1.6595865807,-0.5213556276,-24.709797295,-1.8412460827,1.6931061927,0.3667289607,1.8972492591,0.2827743554,-6.4812309168,-0.9073540101,-7.0499166835,-4.1775427916,1.7361798485,10.0095167806,8.2916412483,-4.9455315352,1.5912564117,-4.3114153233,10.1943145281,-4.5507396135,-7.2250074208,-7.2785787534,11.1950600745,-1.5471953265,-4.13267679,-0.0292357501,-5.9315575845,-0.7079733287,11.2417188835,7.6624636099,-8.457893711,-0.6541400283,-8.2560469551,8.1438182392,1.9833346181,-6.1663399398,-0.6443556244,-6.3027367307,1.3583859543,-0.1675126598,-5.9522900992,6.2720628754,2.8639746358,-6.0709683388,1.2610247713,8.5126259107,7.514674988,-3.3865432386,3.7565521493,-3.9420686512,-2.2112850586,0.9568242488,-2.0373187293,-1.8621433408,-5.4132078774,3.4189275394,-11.8019199355,11.4972102911,4.6609038284,10.9881244439,11.8274962275,-6.3077480391,4.1132254019,-6.8591954331,9.418115861,1.0578686816,7.306298056,-11.176955759,-2.6573714814,3.6012221769,-5.8478292081,2.6557630563,1.8693269098,-2.5566108682,-4.6165094356,-4.9949285154,17.285895054,6.6587320355,3.2333609756,-2.1920089665,-6.8914468083,0.9703240963,-5.7150189652,6.511793106,-0.2824323298,-3.5074099356,2.0545705617,-1.3152669623,6.2003794386,15.3533596713,9.4963315351,1.5903400295,-9.3341587461,-10.1922063424,1.585968978,-2.0917628536,2.2583090182,3.5027269161,-12.6178701552,-2.5736527767,-11.4895584464,11.7236839547,-3.7557458504,-0.9986609096,10.4656209681,2.9648905067,7.5765396289,3.7984246762,-13.4250895522,-2.7419853031,-4.9802441107,3.4846819099,0.7531161694,-14.0195519144,-7.8048146502,4.0241402044,5.9816248319,-0.976639707,3.92340922,4.5052548852,-0.1594675648,21.041547039,17.0895027591,-2.8932106898,-1.7821506087,-1.8574805269,-2.9753359283,-1.5734211743,0.3990695246,-23.1690421124,11.3603635419,-1.5384718307,3.7323124293,1.4690542313,2.569412175,5.7753427494,-0.7119615698,16.2089939483,8.8260578258,-3.7925917327,-2.9563318083,-2.7518484486,-2.9447624382,-4.0475680657,-1.06864019,25.0950117464,-17.9474168294,0.9183859349,-3.6977676693,-0.6055593594,-1.7226331077,-4.5438111954,-0.817585803,14.3142529649,-12.2175225021,0.2027813858,0.3032407252,-1.2887034184,1.5511625202,-1.5789906267,-0.4778996038,13.1932495898,1.5532629276,-0.477542346,-3.6712005108,-2.7602592491,-2.8932114935,-3.8337978698,-1.2606194509,-0.1306821684,0.6173366006,-2.8476136805,-0.2720525629,34.0989692839,0.5061140959,-0.3344238394,0.3018349807,-1.2969090157,4.961563872,-0.628042802,0.4573336115,3.2052065303,-0.885752857,-1.535632042,5.2378644499,-1.1730852716,0.2460690025,3.1160590782,1.2184290135
biasActivation=1,1,1,1,1,1
[BASIC:ACTIVATION]
"org.encog.engine.network.activation.ActivationSigmoid"
"org.encog.engine.network.activation.ActivationSigmoid"
"org.encog.engine.network.activation.ActivationSigmoid"
"org.encog.engine.network.activation.ActivationSigmoid"
"org.encog.engine.network.activation.ActivationSigmoid"
"org.encog.engine.network.activation.ActivationLinear"
