encog,BasicNetwork,java,3.4.0,1,1572776623435
[BASIC]
[BASIC:PARAMS]
[BASIC:NETWORK]
beginTraining=0
connectionLimit=0
contextTargetOffset=0,0,0,0,0,0
contextTargetSize=0,0,0,0,0,0
endTraining=5
hasContext=f
inputCount=2
layerCounts=3,8,8,8,8,3
layerFeedCounts=2,7,7,7,7,2
layerContextCount=0,0,0,0,0,0
layerIndex=0,3,11,19,27,35
output=0.8681485613,0.7548330941,1,0.9999996327,0.9999814426,0.6134165339,0.000106817,0.9379346265,0.0021962408,0.2423107167,1,0.9717258983,0.1988169555,0.6252045793,0.9999820687,0.3556918607,0.9999150792,0.198933596,1,0.0000272044,0.3194774727,0.2256244172,0.9991800094,0.1455396179,0.6940785725,0.9991553517,1,0.9999998764,0,1,0,0.9863745246,0.00000004,0.9645860492,1,8,30,1
outputCount=2
weightIndex=0,16,72,128,184,205
weights=9.6565832134,-5.8707226642,-0.6337849921,2.5623573828,-0.6857038725,6.7372914665,-4.8878741103,0.2999545409,5.4287391707,1.097233275,-18.1644035905,-8.4265462049,0.2551000847,3.5872664391,22.688257821,-0.002900787,3.4412078629,-1.2503100655,8.0049900036,3.2923568939,-4.0369647451,7.3055671281,-14.3406849555,0.4084195114,-1.8105600318,0.5269721841,6.0311846882,8.535846322,0.9363885397,2.7013581957,-10.1968983317,-0.7628882694,-1.3151533734,-3.2610666428,-0.9450534301,-6.8429632387,11.1835950991,5.3102495539,7.2474236635,-0.9077557948,7.3402685404,4.3111184385,6.1088318863,-5.6928558809,-14.0808356269,-12.3621003185,-0.6222106438,2.2326131199,0.1148889647,-0.4249488046,0.6350966474,1.4388499128,0.2434182089,-0.2626187296,1.5639524646,0.7173408766,2.911081002,1.3725459357,-5.1987158831,-3.3025114715,2.344108913,-2.531388016,-2.1912234176,-0.5344538712,5.424868979,8.6050468898,-11.3938850066,8.501560605,-0.4923338895,-4.7996876048,-8.3418359896,-2.8663959148,-2.4596716386,-6.211946945,2.5695754513,1.3419480304,3.0250587517,9.2778065175,-2.216091654,-1.0644078315,0.9026432674,-1.9840151728,4.7719230918,6.0069051094,5.4081770362,-4.0706945632,-3.8917139471,-1.9118184643,-5.3947891755,-6.8718640114,-0.209400085,-3.2157384473,8.0699179618,7.1704161081,4.0254952787,-4.2058216607,-10.9959536296,-3.3649964,1.1210939814,3.3461149254,-2.3102064111,4.0851429433,4.5750293701,1.3376159523,-7.1319836683,8.5117159904,-1.7566791605,2.4574980548,-1.5102034763,-10.5154089183,6.8085959627,-4.6568836473,-0.7289116463,3.9559191554,-1.0447259438,-1.7464453104,-11.4045064419,0.5546620905,10.1983986405,1.1756716608,-13.8716607686,3.9743493262,2.0912056798,7.9234321332,-0.7751701822,-7.7817856811,-9.1316030837,3.5868062307,-18.9387695343,1.4926530354,-1.3340476907,-1.5014681807,9.3738357912,-0.9105545989,4.448544568,-3.7764082745,11.7828761106,0.7711981122,3.8715535523,1.9279523884,-18.4334746124,0.2680404775,-2.5412733695,4.2229842186,-3.1984825715,-0.2562644059,2.2956499699,-0.4927911271,0.0479931849,-0.230399174,-3.0047258885,2.5206243754,-4.1134697445,-1.8177870721,-2.0139689265,0.3581977416,-0.3542247924,-0.3257273493,10.6563135815,3.3033024382,-13.83371969,0.0194611592,6.5932426964,-0.3955578613,2.1280881502,-0.727381714,-2.231182298,5.5235288927,4.1459316967,-4.9934999656,-1.7168579902,-1.4470649603,12.1238856569,-0.6588336052,-7.064421521,-6.7542657996,0.1538019615,4.342212349,-3.9007967297,0.902606461,0.1107756388,0.4501965485,12.0876681315,-0.9461223004,-1.7194870982,0.9072964719,2.4429203378,2.2659611386,-4.8846112579,1.0039411653,-1.0110118719,5.6957258096,-0.3998677884,-0.443643228,-2.6992618158,-1.1751641999,-1.3049358993,0.1247609371,10.9787539765,-1.1864295795,-0.2488351803,-0.0783487558,-1.4188026933,0.3646004622,3.7170008922
biasActivation=1,1,1,1,1,1
[BASIC:ACTIVATION]
"org.encog.engine.network.activation.ActivationSigmoid"
"org.encog.engine.network.activation.ActivationSigmoid"
"org.encog.engine.network.activation.ActivationSigmoid"
"org.encog.engine.network.activation.ActivationSigmoid"
"org.encog.engine.network.activation.ActivationSigmoid"
"org.encog.engine.network.activation.ActivationLinear"
