encog,BasicNetwork,java,3.4.0,1,1572767173685
[BASIC]
[BASIC:PARAMS]
[BASIC:NETWORK]
beginTraining=0
connectionLimit=0
contextTargetOffset=0,0,0,0,0,0
contextTargetSize=0,0,0,0,0,0
endTraining=5
hasContext=f
inputCount=2
layerCounts=3,8,8,8,8,3
layerFeedCounts=2,7,7,7,7,2
layerContextCount=0,0,0,0,0,0
layerIndex=0,3,11,19,27,35
output=0.038448472,0.00028538,1,0.3144980173,0.852729298,0.0022439447,0.2746660642,0.5550757499,0.312266827,0.153338969,1,0.0985365639,0.8477428427,0.1625417798,0.9065983982,0.9293096212,0.3266504328,0.3750742575,1,0.0000175814,0.0342925475,0.9906701396,0.0283070395,0.9989823148,0.0066968409,0.7631306161,1,1,0.9922590336,1,0,0.9533498116,0,0.0059388057,1,8,30,1
outputCount=2
weightIndex=0,16,72,128,184,205
weights=11.0024304012,-4.5478354892,7.5957952937,4.0437757899,3.1484368751,-5.1581101041,3.6506827265,-4.6258379154,2.6099188025,-11.010958942,-5.2399031967,3.2356849165,-9.3668883839,14.5655756157,-2.5646535344,0.5744223817,-6.1676623923,-4.0287920638,3.2136471814,-1.7611315071,4.1943883918,-0.7697902487,0.5791881662,0.4545616071,2.1107571028,3.3919416326,-4.6730160182,0.2562335841,2.9628528047,-13.4037846851,1.6800762869,0.1947392159,-1.0668727225,-3.0862707212,-3.1595309145,1.7745508754,-6.6199940374,2.7300395911,0.1342362223,0.7388741893,0.5849243585,-3.7317475509,2.5391898372,4.9386209642,-0.3025736297,-1.4744264016,-5.2610833313,-0.0191170213,-3.6054038639,-5.4992360271,-2.6259927157,1.1688479627,3.8396030684,2.492956595,11.242523941,-3.993726266,3.2524335258,8.0520950633,10.9456290198,-2.6009085564,-4.6058398834,-3.1221051055,3.9198994927,-3.5274400587,-3.5391607374,1.2780368089,-7.7519847347,-0.2780898599,-0.3526001097,7.4946756264,1.6202474772,-3.6593995451,2.1171733514,2.4106622328,0.7670681351,0.0727718887,-3.005074737,-0.8795746293,0.3525360526,-0.3193923881,-7.2525680372,3.8176316625,-1.8035366671,4.3977723717,2.2078922106,-7.4977807478,-0.8284185348,1.7251973432,5.1862748576,8.2591771742,-5.1603879877,-10.1509664662,1.7582175121,-2.7200318671,1.7024214145,0.4394479057,-1.404081057,-5.1806182106,0.2610488129,-1.3914589837,0.4754083849,-5.1187008827,1.9950225062,0.2681389819,0.1896701808,-4.3236133164,-0.763093017,11.2525181368,-2.1733910682,-4.8488004327,8.0267048434,-0.7599284682,0.8413914076,3.4949059615,-0.8823083312,-6.725135519,10.7252643344,6.472154447,-8.5971865639,-3.9757089527,1.2280171165,0.5570072816,-3.2896911634,14.3064525437,-2.9919531632,-1.8995875727,9.3988271353,-1.8465093168,-1.455987442,-0.0047708678,0.0260164643,0.7028921579,-8.8291520279,6.282317836,2.8495327948,-1.1135993022,-0.085358297,-0.8205890621,2.5947807455,-1.9881789612,-3.9240079335,-1.0312344275,5.617009378,-1.3255245289,-3.0446235648,1.1462950652,3.8135641182,0.923226939,4.0589465786,2.9896339722,-0.9517915041,-1.105144071,6.6885091121,2.9335422172,-3.0898862664,0.9990594587,-15.1177929315,-6.1088392406,0.3505387537,4.3650773005,-2.7509616551,3.3517072758,0.6807426715,1.807895725,7.8333530797,0.1198313671,2.7210706805,-1.8504219848,-3.6087927183,-0.7733849396,1.2697207017,-2.0869214988,0.5886000263,-5.5013074669,11.8119860188,-2.5242206118,4.7309553076,5.0729147865,-0.2617324126,-1.6601325909,-11.417623998,-2.0503199902,-6.7584741152,2.5921788715,-0.627278098,6.3673276787,0.299509112,-0.4194232259,0.2518826746,0.6523632286,-1.5410547332,3.8680643938,-1.7517641287,0.8151362675,-3.2988547188,0.3263488056,0.4765365552,0.3968611197,-12.7008210984,2.7789619781,-2.1498993295,-0.3609386067,1.602213436,-0.5664200931,-0.9453954146
biasActivation=1,1,1,1,1,1
[BASIC:ACTIVATION]
"org.encog.engine.network.activation.ActivationSigmoid"
"org.encog.engine.network.activation.ActivationSigmoid"
"org.encog.engine.network.activation.ActivationSigmoid"
"org.encog.engine.network.activation.ActivationSigmoid"
"org.encog.engine.network.activation.ActivationSigmoid"
"org.encog.engine.network.activation.ActivationLinear"
