encog,BasicNetwork,java,3.4.0,1,1572776642066
[BASIC]
[BASIC:PARAMS]
[BASIC:NETWORK]
beginTraining=0
connectionLimit=0
contextTargetOffset=0,0,0,0,0,0
contextTargetSize=0,0,0,0,0,0
endTraining=5
hasContext=f
inputCount=2
layerCounts=3,8,8,8,8,3
layerFeedCounts=2,7,7,7,7,2
layerContextCount=0,0,0,0,0,0
layerIndex=0,3,11,19,27,35
output=0.1250072203,0.0004023504,1,0.4749376883,0.9992301483,0.0000657742,0.0000074565,0.5578498127,0.011253587,0.9998957689,1,0.9989323977,0.0000000001,0.9996421306,0.1961509992,0.4229817974,0.4909175752,0.9648587602,1,0.9998692585,0.9973833328,0,0.9996409474,0.3258418816,0.9968376885,0.563658624,1,1,0.0505298555,1,0,0.4493347577,0,0.0014108373,1,8,30,1
outputCount=2
weightIndex=0,16,72,128,184,205
weights=10.1912273472,1.719602756,1.0610385856,1.3129846512,11.3136511671,-5.5136049953,-18.7087156796,3.953094708,-0.8294303552,-9.6607796618,-7.4929776249,4.8489383252,16.9973228079,13.4287971366,-0.63324507,-6.76995452,-9.5483128689,-9.8273528587,5.2995121759,-13.8207982452,2.4591928512,6.7510744135,1.4388168278,1.1084635662,7.2001437908,-3.9844806829,2.6117225045,2.6403251238,-3.2830886329,-3.2241955423,1.2774364016,-1.4136493647,-3.7393190739,11.2196463729,-2.4400729416,-0.165588557,0.1381752349,3.1471280724,-1.7572728392,-3.3301167111,-4.6580014966,2.3861489232,-0.1199184098,-0.3866891867,-1.3346907048,0.1915540619,-5.0821214085,-1.5836177885,0.1659203184,-1.974279782,12.3061480884,-2.4201208857,10.4836136052,-13.6825364962,-8.1770855699,-1.5879854298,4.4316902378,4.3669379785,-1.9281097154,-0.9448689149,-2.7570826483,14.0556407943,-5.0756742601,-7.6266097873,14.6644452367,-6.2017028279,-0.0547204424,-11.7185019825,-3.5275433002,14.2330579228,-4.3889926447,-4.3871107718,10.1985232123,2.5166445418,2.7263639112,-5.3161943135,7.9273713375,-0.3559136126,-16.0789335716,6.2830562458,-8.3178014962,-3.6028395557,10.5828751797,-5.6112671557,-1.4936841111,-3.4363007491,5.8235456227,-4.7254567529,8.2273992421,1.848994013,-4.3136746739,0.5220021648,-1.761381493,-1.4119220634,1.8974739087,-1.7454480622,4.357533311,-5.8865565876,0.1678507934,-4.5675795359,6.9879396165,1.9488121837,0.1288987034,0.3773349949,-2.0272324177,-7.2999538319,-2.1275657716,-3.3738008571,2.1780305897,0.949989337,19.8741894996,-0.4890725922,-2.174052775,0.173009451,-0.1481812473,1.2359556286,-6.0497655086,-3.0235917795,16.9801852352,-3.8563643853,4.4543773952,-1.0018672076,-13.2054069064,2.2151448205,-2.5646730992,0.8722831476,-2.5486643235,-0.9535626545,1.9086684677,-4.9284606489,3.8144500389,-0.1458291879,-0.4601192229,1.4411567595,-6.3931177954,3.6838408681,-0.0510682763,2.5509999644,3.1938012164,0.5670814319,-0.9486917381,-0.0829953581,-15.2605667318,3.1194094663,-9.1935705477,10.4455530427,-9.7314215147,0.8442710525,3.1995990429,-1.1343804939,14.3642642229,-8.2164863806,4.3310847107,-8.3349291419,3.1190992591,-0.9507992352,-0.9019488054,-0.4079857176,-5.4733625138,1.3156601956,-1.1465255368,-6.2340974412,-2.0412772515,-0.9885256507,5.2298258484,-0.9181509278,-0.5752174254,0.4266273964,8.6583963149,3.5968803712,-0.8724115651,0.7363247829,-1.4132554985,0.3570370422,-3.9385119382,-1.5738684632,1.6105804693,18.1728675081,-4.188825756,-0.4362079857,15.1296668876,0.720188235,-25.0017159975,-4.8470150515,-0.366034658,1.0997523726,0.0229429706,-0.5499737073,-0.4323020152,14.4355103867,1.1348320599,2.2108309891,-0.8877340714,-0.9952998562,-0.814504813,0.5723511258,0.1377419647,-0.1083388704,1.9448714898,-0.6541075029,-6.9537311295,0.3385759339,1.6316471676,-0.3580452204,-8.8739808027
biasActivation=1,1,1,1,1,1
[BASIC:ACTIVATION]
"org.encog.engine.network.activation.ActivationSigmoid"
"org.encog.engine.network.activation.ActivationSigmoid"
"org.encog.engine.network.activation.ActivationSigmoid"
"org.encog.engine.network.activation.ActivationSigmoid"
"org.encog.engine.network.activation.ActivationSigmoid"
"org.encog.engine.network.activation.ActivationLinear"
