encog,BasicNetwork,java,3.4.0,1,1572776678975
[BASIC]
[BASIC:PARAMS]
[BASIC:NETWORK]
beginTraining=0
connectionLimit=0
contextTargetOffset=0,0,0,0,0,0
contextTargetSize=0,0,0,0,0,0
endTraining=5
hasContext=f
inputCount=2
layerCounts=3,8,8,8,8,3
layerFeedCounts=2,7,7,7,7,2
layerContextCount=0,0,0,0,0,0
layerIndex=0,3,11,19,27,35
output=0.6969695538,0.4230764089,1,0.9999971271,0.794132517,0.4623744843,0.9736177278,0.0000001995,0.983534801,0.9999999939,1,0.0000654583,0,0.9950492561,0.1145321073,0.9999993083,0.0000003661,0.9977830828,1,0.0000003697,0.0009908387,0.9999999998,0.9999999723,0.000009695,0.7731564417,0.0000000339,1,0.9999999921,0,1,0.9985383639,0,0.0000000079,1,1,8,30,1
outputCount=2
weightIndex=0,16,72,128,184,205
weights=13.5746559854,12.4729195464,2.1301463496,6.6615050248,-6.0219511614,-13.8403110174,-14.1719885418,-2.3331270418,-21.6991881689,-16.4405872378,26.2074930016,4.6238499122,-10.1193769036,8.1490730165,7.2818613411,2.5286792273,4.3138584957,-16.8496214931,-4.9736206462,4.7921789145,9.094903683,7.3729195164,1.2226940807,6.8451636614,1.3212760512,4.8680378786,-6.9708249143,-5.4012734919,6.4000561622,-0.8477016617,2.92049809,-0.4092104501,12.6913713389,1.161818683,8.3485598276,-18.7606781991,4.5468147924,-3.6747880005,-17.635774953,6.7397214904,3.7908055554,-0.7466299987,-3.9763941886,-0.2509188383,3.1244348895,-7.3750444839,1.3826558875,3.0895039936,5.3160503937,6.4281183006,-8.2088486349,19.7082901782,-4.3419479349,1.442772226,-1.3708410653,-3.8071879476,3.7390723026,1.0211264101,-4.3824326508,-0.0182374306,7.3760833271,2.9966360112,8.8983275111,-7.8021955881,3.9478478874,-19.5306062069,6.1136895782,-11.1510281295,8.8928377939,-2.5897192449,5.5529846486,-0.3207613597,5.3413666731,0.747719122,5.1984710193,-6.5605659475,5.3126801314,-10.0889289439,1.3102645669,-0.4724116464,13.4430218445,5.2943993645,-7.1462010574,-22.4741006701,2.249727398,-2.0373846738,16.540539681,-6.7184381934,-4.1671859115,3.885020555,-8.0041628063,10.8010428808,-7.3017384515,5.2658630599,-0.1545786391,-1.5687384199,12.8916842396,-2.5462065211,8.4851366755,-10.4862524023,-10.9796913745,-9.7052323885,-15.7935650095,7.462142473,7.5288914897,-4.4404559541,2.0367463257,3.915831729,-15.0458593432,2.3099706876,-11.5350885528,6.4500760259,3.6576793516,2.3646996303,-17.2931650347,1.9732052935,-1.2417873255,1.5950146391,-1.15357628,-0.7358742567,12.2353846018,-13.9726872888,0.0482120583,-5.0709932527,-7.6426551406,17.9611261198,4.5624945172,-2.7406468679,2.8729931632,-1.3863954079,2.513739677,-25.1894176414,0.7570773213,3.1467675915,3.4599161744,1.4952452556,-1.4070545614,9.2004996753,-1.296384707,0.5714750391,0.310438271,-4.4028023847,-2.5614882467,-2.2216797072,3.7733259334,-15.4419575354,5.1710449124,8.7547078086,-0.9824126631,0.5155869432,-0.4438693689,5.3378740909,0.278073799,16.8020660175,0.9310696295,16.6091705314,0.7812924059,-16.1988881319,-0.7105949844,0.31704253,3.9673511088,1.4049246938,2.5372997833,-24.5241260747,0.4552770819,-15.3500153165,2.8683431909,3.5713917851,-3.5085508567,19.1279921429,-4.2007253788,16.9710784697,-0.1874544572,-1.7682747374,-3.9285386201,-4.0822372853,-0.1800064138,4.4033827536,0.9193484841,-19.6517811244,0.6188286339,-1.0759691336,1.2433133405,0.4407739833,1.1843250513,0.2895597205,0.4966338702,3.215400886,-2.3487759586,-2.1817471087,1.0510402315,0.5989723054,0.9735686438,-3.1912015882,0.2737762029,23.8430627518,-0.958670626,-0.8770537282,-0.6731993163,2.0890028171,-0.7827605587,-11.8802525958,-1.9261980395,9.2556161221,-0.3038065657
biasActivation=1,1,1,1,1,1
[BASIC:ACTIVATION]
"org.encog.engine.network.activation.ActivationSigmoid"
"org.encog.engine.network.activation.ActivationSigmoid"
"org.encog.engine.network.activation.ActivationSigmoid"
"org.encog.engine.network.activation.ActivationSigmoid"
"org.encog.engine.network.activation.ActivationSigmoid"
"org.encog.engine.network.activation.ActivationLinear"
