encog,BasicNetwork,java,3.4.0,1,1572776688898
[BASIC]
[BASIC:PARAMS]
[BASIC:NETWORK]
beginTraining=0
connectionLimit=0
contextTargetOffset=0,0,0,0,0,0
contextTargetSize=0,0,0,0,0,0
endTraining=5
hasContext=f
inputCount=2
layerCounts=3,8,8,8,8,3
layerFeedCounts=2,7,7,7,7,2
layerContextCount=0,0,0,0,0,0
layerIndex=0,3,11,19,27,35
output=0.5666581002,0.4000035261,1,0.0437564546,0.0088776852,0.9999691449,0.0207949674,0.1683997709,0.6161517811,0.999999991,1,0.5610442761,0.9999914534,0.0113737504,0.999999252,0.5914784396,0.9999998748,0.0004169381,1,0.8047685872,0.9963600302,0.6969324395,0.9999311009,0.0103484751,0.9998947859,0.0017514115,1,1,0.0000002178,0.8078826516,1,0.999999388,1,0,1,8,30,1
outputCount=2
weightIndex=0,16,72,128,184,205
weights=1.0680980531,-1.7281637584,-11.399424025,-21.5264178057,12.7831207116,-6.9837460626,10.622586292,3.6113352395,-11.6468133542,8.8510908682,-1.8717388098,2.6326291951,-15.3356901263,-4.1385159503,-0.7583545749,7.7333665099,5.6890714081,2.8482208703,2.1121658685,-10.3209815572,6.4282613386,-4.6671506058,-1.7253826597,2.0382510247,-4.9905556464,-0.6672041683,0.1501642996,-3.1561566692,7.6001342699,-1.2382209413,14.7932474085,-1.3569922238,-2.4315347155,-0.0410172785,-2.2756286722,2.2118173161,2.640859057,6.8899416859,-9.8784945381,1.1576260161,1.4836337058,1.0694187706,2.0547446383,-1.9546699687,-3.4440538386,-0.790551192,6.263805679,-0.9975024591,-11.9051518467,8.9121775573,-5.1333464062,2.2163098409,-11.9740316168,-1.7234852986,14.0081915831,2.8123081091,-7.1956720897,0.8633493992,1.133701281,2.2389678209,0.8634465747,0.7773880245,-16.431975105,0.1138873132,0.5707918764,0.6482412992,0.2028463912,8.2182028227,-1.1595949849,10.8597183654,-2.4996228977,-0.8366622737,-9.6539264423,7.9819598877,-1.7496821481,-2.0516168859,-0.5301275033,0.9415918638,-2.084527538,2.400202085,2.8966110765,1.2620892524,1.3828775502,2.8200286743,-1.5734749857,4.4164658568,-1.092615271,-0.1000364511,-0.841394018,-3.0372767212,1.5500323954,3.1098693833,0.7852860021,-3.9962919375,4.1882103366,-0.9711729434,2.2124681487,-0.0971049304,2.7120839362,0.010221333,3.5788446279,9.7965640041,-7.2379586655,0.701806563,2.4489528076,-11.6905653485,3.0874311887,1.6968479655,3.3568134035,1.4127008545,-1.3226906191,4.7538167447,1.0297843343,2.6505733933,2.4199916482,-0.4415793146,1.1970114933,11.8685047583,-6.4956972184,-0.689847484,-5.6035774088,-3.9262202084,-1.3630694755,7.0633240238,4.5074998286,-9.3178199708,12.5439313298,3.7747104849,-1.2299529434,-4.5242067614,10.6321110043,0.2903108188,-0.9525483925,-4.636625174,0.7769371814,-0.6443127569,9.4248522767,-3.9497644228,3.4763460143,-4.417588117,0.8630623218,-3.2359639599,-0.0350016754,0.1692925047,-1.6505767197,-2.9183042754,4.0382966142,-3.8972548029,-1.5851721127,4.4274263735,0.6292653368,0.275839874,6.8889224294,-2.7048673213,0.2618695559,0.1043509786,-2.2797332301,6.1031873935,0.528860691,-1.4454895138,-5.3238252929,-0.6984923075,0.7664225256,-0.8114007535,-1.0447565879,2.7593460901,-0.6433639733,-0.7590571115,7.4870251902,1.7803198121,15.3579468236,0.8329049029,-5.4393997634,0.1844543412,-0.2100012383,-6.3129990801,1.1676366759,0.1246064963,-13.4374681921,-0.3090146103,4.2170557866,-4.7248135367,-0.7021710966,4.159455355,-4.0473962979,2.0321584125,0.0841629208,9.8727712979,-3.2180341275,2.2189890018,-1.8557664954,-0.1380339003,20.4234594116,-4.4520790055,3.5597608414,1.6031522864,1.8450751489,-0.0109775453,-0.1247784254,-1.6569473528,4.0852921117,0.2795252551,-5.934927109,-1.7198861684,-0.137173932
biasActivation=1,1,1,1,1,1
[BASIC:ACTIVATION]
"org.encog.engine.network.activation.ActivationSigmoid"
"org.encog.engine.network.activation.ActivationSigmoid"
"org.encog.engine.network.activation.ActivationSigmoid"
"org.encog.engine.network.activation.ActivationSigmoid"
"org.encog.engine.network.activation.ActivationSigmoid"
"org.encog.engine.network.activation.ActivationLinear"
