encog,BasicNetwork,java,3.4.0,1,1572776699209
[BASIC]
[BASIC:PARAMS]
[BASIC:NETWORK]
beginTraining=0
connectionLimit=0
contextTargetOffset=0,0,0,0,0,0
contextTargetSize=0,0,0,0,0,0
endTraining=5
hasContext=f
inputCount=2
layerCounts=3,8,8,8,8,3
layerFeedCounts=2,7,7,7,7,2
layerContextCount=0,0,0,0,0,0
layerIndex=0,3,11,19,27,35
output=0.222789959,0.1758699861,1,0.0000003246,1,0.9744005892,0.0000000215,0.0000000006,0.0000389206,0.0000000008,1,0.999870872,0.9891226089,0.9986216969,0.0922962133,0.0017245658,0.9129116639,0.8391514619,1,0.0509002187,0.6662279435,0.9999675701,0.0001873244,0.0373580181,0.0005086235,0.0016659742,1,0.9999999999,1,0.0000000003,1,0.9934187598,0.916299131,1,1,8,30,1
outputCount=2
weightIndex=0,16,72,128,184,205
weights=8.9309364474,-11.6254514904,4.3156876338,-2.3138677533,4.5717171525,-0.9878653275,-6.6424667355,6.170797321,7.6754040348,3.3217835343,-10.1882976246,8.9853488617,-7.6555912026,-15.736926701,14.2798438783,5.0617261795,-3.491477996,5.4723690448,-12.268549483,-5.7188893045,0.9237874024,-2.0117931058,-0.8140555147,-1.564846352,5.7107391956,9.4730431947,-0.9748568051,0.3087270065,-6.7813884255,3.4263196901,8.8584706923,0.335515966,1.2022887269,-0.5718146201,8.7827214516,8.9505896862,-10.0910650496,-2.9997313738,-4.2374448108,-0.2822568026,-7.7075373506,-8.695176319,-2.6776266117,0.2420179741,8.6164161154,-2.2178880132,5.7598709454,-1.5202007379,-2.0861881754,-7.8553341469,-8.0412524895,3.4026147559,13.3684701445,-3.7860043466,-4.2323363591,3.3545737786,-8.5820379942,2.7866356124,-3.8622205314,-5.3598163472,-3.7175448322,-4.833681202,6.7260323654,-1.2027797397,2.6449143396,-10.9879594856,-7.3043790101,10.8484814512,-1.2687924454,-0.8568622762,-4.7610224259,-1.6915813885,-8.7527780345,-0.6637369271,6.5962066207,-8.676465349,3.1933844488,-0.9797097725,6.6513335453,3.1180473027,-15.0704692929,6.2746346888,-3.5502833024,9.2354121044,-3.6748841575,4.7120699815,-5.5204516908,4.7894098873,-2.1039663955,0.112230397,3.7130096076,-9.2143773865,-3.0047069671,10.8381410642,-4.3194952413,3.0206146624,7.2627687234,-0.0401963175,-0.5635952742,-11.2458885204,-0.1333712795,3.2760986203,-1.6817241444,-2.0570100691,12.475353588,-11.9698370116,2.5442273283,-1.9082239765,2.4448459717,-1.9521579057,0.205667996,-1.6558839428,-1.9743051987,3.5578471519,1.4489945195,-4.3767169658,-1.7599368749,-2.2701796315,-1.4355010321,-1.2989621981,-4.5998237335,4.9811298532,1.3407966376,15.6162092338,-1.1044066532,-2.4249587542,-3.0386005609,-2.728632201,2.8944616622,2.9155891673,-0.0617863266,3.8418475573,1.1019232063,-15.3465565157,-2.0064547788,2.3962748894,3.5969866184,3.4647801083,-0.6813613808,1.963576409,-17.4162801919,2.4260651316,3.4002444303,3.3442441065,-0.9258607808,0.6808196126,0.9476630528,-3.2358205757,7.7093053756,5.0241839106,1.0326598846,0.5223738728,-1.1136942221,-0.531160897,-0.2395020025,1.1152019574,15.5487087171,-21.7171377705,-4.3451710557,0.7453585547,-1.3901709377,2.0286065623,-0.8573663896,1.4051821444,-2.3525048304,1.9521980411,-4.9909214903,0.2463947769,-6.0040656465,0.8846792495,0.115926232,2.531596246,-7.010846214,-8.3251388454,6.7456190157,2.8519010067,-7.2840141707,1.7360635228,-0.8741096671,1.0762076667,-3.7284252582,1.5383066558,-1.1348043941,1.5052080765,-0.6323131556,0.8845037912,1.3030435393,1.7270701255,0.7049001757,0.2580729596,-0.8921484408,-0.4732207805,-0.7491578046,-0.8323852981,7.242479624,0.8682258758,-0.383459635,0.3331183035,-1.9089429455,-0.9206560837,0.1647078559,4.8171065067,-1.7439793986,1.8927567545,-4.1925299012
biasActivation=1,1,1,1,1,1
[BASIC:ACTIVATION]
"org.encog.engine.network.activation.ActivationSigmoid"
"org.encog.engine.network.activation.ActivationSigmoid"
"org.encog.engine.network.activation.ActivationSigmoid"
"org.encog.engine.network.activation.ActivationSigmoid"
"org.encog.engine.network.activation.ActivationSigmoid"
"org.encog.engine.network.activation.ActivationLinear"
