encog,BasicNetwork,java,3.4.0,1,1572776712084
[BASIC]
[BASIC:PARAMS]
[BASIC:NETWORK]
beginTraining=0
connectionLimit=0
contextTargetOffset=0,0,0,0,0,0
contextTargetSize=0,0,0,0,0,0
endTraining=5
hasContext=f
inputCount=2
layerCounts=3,8,8,8,8,3
layerFeedCounts=2,7,7,7,7,2
layerContextCount=0,0,0,0,0,0
layerIndex=0,3,11,19,27,35
output=0.0766882339,0.0000430837,1,0.2965814079,0.0381607617,0.6599846005,0.0000000004,0.0013828088,0.0108936515,0.8399007302,1,0.999512056,0.0164480017,0.0177031306,0.0171365189,0.9999643627,0.9826331412,0.9817228692,1,0.6669050679,0.9986565742,0.8665446028,0.000088755,0.0028451516,0.0000000006,0.1175014553,1,0,1,0.0047281727,0.3696446548,0.9889452407,0.000000092,1,1,8,30,1
outputCount=2
weightIndex=0,16,72,128,184,205
weights=-5.8289470707,8.861636306,-14.110313443,9.9731611019,11.2269706071,-10.3491424152,7.4714044121,2.0369386304,14.9690494568,-5.4645736797,6.5228133451,1.3281946248,-10.0884831849,6.8323445237,-19.4987811506,-2.2717262186,0.89636408,-3.6631292282,10.5260149902,-0.3812628225,1.3133147385,-2.5882485705,2.817804737,-3.4153883215,4.3323369049,10.2933733231,6.759469032,-3.8097593466,1.4544578004,-3.2116299476,-5.4990860954,-0.6809190218,-8.6776816135,-5.2157798288,10.7337621296,3.7932593999,5.7435516942,11.5283467246,-5.350835533,-2.6510072677,-0.4311275705,6.910187305,-3.1684924132,11.0834364309,-5.2419244906,-10.3635074883,-5.2612166891,-0.8673200812,5.0151449399,10.7204886981,-0.3803289669,-5.762745696,-0.7873563275,-0.8087145615,-3.8265281967,-6.3272084997,0.1417401022,9.6406841587,7.8662340065,-1.135298171,2.6893230424,-13.256817642,5.0010976352,0.4990047362,-6.8139295885,-10.2439455004,2.7405092043,4.5235862452,8.7439247632,8.4420517834,-6.5424201048,-2.1056568395,1.3713877672,2.6769462363,2.5855378458,-13.7335627944,0.1587339115,-0.6086927243,-6.9847996177,2.6178940502,-8.6633262006,-6.5290798071,8.0041460974,2.2691148993,-9.3166547348,-10.4218585788,4.713403409,0.7434826501,-3.424827363,0.0903426908,5.0057005763,5.7385458389,1.1534185471,12.425862697,-4.1610666839,-5.6748610844,-3.4182460609,-1.5539145073,-0.1157067765,9.2194009465,5.6041160806,-1.0053356089,4.7641265187,-0.6940754222,-2.5265634879,10.4251321229,2.2466889264,-8.2003311037,5.6335188604,1.3861716029,-7.1133309544,0.3896029145,5.5141332454,-6.5729507746,4.4196104347,0.2345733758,7.4442260457,4.4855196059,-15.6964785789,4.9157579524,1.4411240325,2.1854619369,3.3907579547,-10.7129582625,-7.6570948391,-2.0404110021,3.0424462472,-2.4329588326,-0.2300709441,2.3663840721,-1.0844033974,-7.0978225437,-3.4927226418,0.0778995481,0.5905484065,3.8201985369,-0.4994834971,0.4174033194,-4.9560075593,4.7309680879,7.9438882555,0.0878551315,-2.929919669,-0.4577103167,-0.5022647181,-1.0284388065,-0.4388989451,10.6630875566,2.157694373,-0.6343325829,-3.1440018338,-0.0301327475,-0.2201221493,1.2526510584,4.0887439891,5.7341359044,-14.415063491,-0.2594786594,1.5377982178,-0.0032082523,0.6478849087,1.6934142272,-5.8108435194,2.7456589227,-8.7567539144,-0.1751373464,-0.9062517102,1.0260544261,-0.4529718939,-2.3891502748,17.5254050418,-5.9023452289,-9.5521903001,-0.6559928676,-3.3456121121,-3.8784256932,-0.0456746703,3.6896283325,14.1020167754,-6.6356472593,-12.482508654,0.7651994534,4.3673709593,4.6573665118,-0.9422775301,-0.8820302639,0.1400010148,1.5608405542,1.7771150721,-0.4306230387,1.0870646762,-0.2106777857,-7.7256609146,1.3341398526,0.0581833874,-12.9523619912,-1.8186742479,0.2442276368,11.7163428046,-0.9973281514,-0.2478100457,-0.7882508952,-2.0646571278,8.0138817173,-0.2212934048
biasActivation=1,1,1,1,1,1
[BASIC:ACTIVATION]
"org.encog.engine.network.activation.ActivationSigmoid"
"org.encog.engine.network.activation.ActivationSigmoid"
"org.encog.engine.network.activation.ActivationSigmoid"
"org.encog.engine.network.activation.ActivationSigmoid"
"org.encog.engine.network.activation.ActivationSigmoid"
"org.encog.engine.network.activation.ActivationLinear"
