encog,BasicNetwork,java,3.4.0,1,1572776724819
[BASIC]
[BASIC:PARAMS]
[BASIC:NETWORK]
beginTraining=0
connectionLimit=0
contextTargetOffset=0,0,0,0,0,0
contextTargetSize=0,0,0,0,0,0
endTraining=5
hasContext=f
inputCount=2
layerCounts=3,8,8,8,8,3
layerFeedCounts=2,7,7,7,7,2
layerContextCount=0,0,0,0,0,0
layerIndex=0,3,11,19,27,35
output=0.1836693781,0.0000188076,1,0.0000319041,0.0081749118,0,0.9856895208,0.9997832829,0.9617434858,0.9061675818,1,0.9955539536,0.9970803596,0.9760251993,0.9840224908,0.5727784976,0.0074157345,0.9999999916,1,0.975455499,0.9401152658,0.9999884357,0.9999999991,0.0009191783,0.9700228109,0.9567177815,1,0.9999999983,0.9997841141,0.9999469217,0.9999999997,0.0000000001,0,0.2191674901,1,8,30,1
outputCount=2
weightIndex=0,16,72,128,184,205
weights=6.0095336505,-9.9845596099,13.7183544549,-2.9576491781,8.2458257678,-12.4000797086,8.725315446,-2.7198680694,-8.2256162015,8.8463874509,11.50083623,10.7060513662,-16.5390986231,-4.1183978822,-0.6126087961,-0.4546478723,-5.3436961091,6.0164346815,0.3950325022,-6.6346117954,-0.7163460194,11.2504638978,-3.8028546761,-0.7588988192,-6.064255888,6.1356162089,-2.335211854,-6.0514896797,8.4454563186,0.748503374,-3.0983513861,1.6105671031,-5.6714910719,2.2488091003,4.4717258269,-0.1340676928,-6.0989498898,4.2259381078,-19.4891959981,-2.2499962471,8.8577330997,-3.6159691577,0.0359626457,-5.9075395315,-11.5891785536,-2.297616656,8.6721882779,2.7803438664,7.3420228383,1.9061218307,6.9093511947,-5.7242559145,-7.7965205296,-6.3308255149,5.8644510798,-3.2359640162,-1.0927561889,-6.9728264044,6.210678668,0.7760325556,10.9327079258,-14.4057597693,3.9778183935,-5.6936215447,0.1582374657,-1.8746580457,-2.8411056492,2.6298574455,6.9220929442,-5.321591582,1.8830807711,-1.6439267725,5.6644159684,-3.6023050202,0.020901025,12.9342474057,-3.0876031774,-1.7510441543,-2.8908718371,-5.215528555,5.1444186696,5.6913815371,9.6214535495,-9.1877323152,5.5523365086,3.5450311837,-4.4517552149,-4.1537365532,0.9426914966,-0.7778861416,0.9276566558,0.508532295,-11.229341342,-0.8441777646,0.8277405932,2.1193352176,-3.7821073849,9.3181915609,-1.8231620546,-12.6119509634,1.5152332234,7.6640824939,3.2973300124,2.8943200647,-12.6178340588,10.3951283853,-1.3290683777,-13.0569278582,-9.8134821362,15.8138625754,0.0119233762,1.8724996521,-4.7276868522,-4.2635742916,4.2205204821,-7.7831766222,11.8167292986,2.7899069662,2.7561394605,1.931913766,12.0028181783,5.9671297018,-3.0770776434,-6.4515571431,-14.7385820097,13.090641072,-1.4724365061,-0.4715391655,1.0686573763,1.7337930769,3.4051663392,-0.2773592387,-2.8831593548,0.0750937605,-11.8180586803,0.3428484518,1.7075632606,-8.1537944656,10.9463720893,0.4335684455,0.2226007619,1.1581259655,-10.7318845872,0.1707724799,-1.4024809236,11.9094883679,1.1530097405,-0.2665476839,0.7391993592,-0.5359138581,0.9582517508,-0.2332763051,-3.4341769339,2.9077271063,30.2285820963,-4.0157701654,0.7756127291,0.8126287199,-7.175379553,-3.2377382042,-0.5475052993,-14.2570693505,9.0604624589,-1.6956279929,0.148490996,-0.3335566475,4.9471172578,-0.6382148867,-5.289931826,1.4306084264,10.6925334115,-4.1437103765,-1.1746540997,0.4699376567,26.8150723579,-5.0887325024,0.1574200353,-0.0462580346,1.6213369951,0.2264869562,4.6836878491,0.5790530489,1.8541301166,0.7304916327,1.0248758618,0.3785873606,0.6156932132,-3.3147956401,0.8524433843,9.3856083967,-3.6186050158,0.2949358039,29.9444559724,1.2193034018,0.4048684994,0.1537510934,-1.2387519517,-0.4340477848,-0.721146568,-2.8147928035,-2.8327133271,-0.5713178581,2.4691828799,0.238068736,-28.166049559
biasActivation=1,1,1,1,1,1
[BASIC:ACTIVATION]
"org.encog.engine.network.activation.ActivationSigmoid"
"org.encog.engine.network.activation.ActivationSigmoid"
"org.encog.engine.network.activation.ActivationSigmoid"
"org.encog.engine.network.activation.ActivationSigmoid"
"org.encog.engine.network.activation.ActivationSigmoid"
"org.encog.engine.network.activation.ActivationLinear"
