encog,BasicNetwork,java,3.4.0,1,1572776735379
[BASIC]
[BASIC:PARAMS]
[BASIC:NETWORK]
beginTraining=0
connectionLimit=0
contextTargetOffset=0,0,0,0,0,0
contextTargetSize=0,0,0,0,0,0
endTraining=5
hasContext=f
inputCount=2
layerCounts=3,8,8,8,8,3
layerFeedCounts=2,7,7,7,7,2
layerContextCount=0,0,0,0,0,0
layerIndex=0,3,11,19,27,35
output=0.6375004964,0.3974358382,1,0.9999930462,0.999382984,0.0508076574,0.9826796534,0.7891807633,0.0444708597,0.0000002621,1,0.0003847227,0.0000000543,0.9994713625,0.0844958254,0.9982626307,0.2209460941,0.0267653591,1,0.397778776,0.6112365909,0.4734520511,0.0020809395,0.996231783,0.999990946,0.9994599679,1,0.9999988346,0.0019559803,1,1,1,0,0.9910369712,1,8,30,1
outputCount=2
weightIndex=0,16,72,128,184,205
weights=-4.7466036724,-6.6935816327,-9.3656388269,14.0092117806,3.738493808,2.373723283,9.5992732409,-4.346078434,-6.7219037727,11.1098323318,-11.1651662585,-6.3546412235,5.1676431481,0.5194650013,10.8062396128,-2.0867368759,-0.5383559336,-12.8571235423,6.2132631155,-1.7226677939,3.3489850564,2.1952302073,2.2701631001,1.923049262,0.0175068145,-13.3586866194,-0.1247354288,2.2009272679,5.2394488059,-2.5727025444,4.0164092983,2.5592746294,0.5181507361,-0.9441982298,-8.9004930955,-1.6495669764,2.6285259443,12.7220807549,2.328811898,0.6102210512,6.5057281587,-4.2075247044,4.8705739995,1.3878526455,-2.8908227755,6.03695068,-9.1445884998,0.8473494763,-0.3176963702,2.4976741681,0.4594673482,0.0217711895,1.1013896392,-6.6899561103,-2.457567582,1.3034736217,3.3412425738,11.1865734305,-0.6294025593,-0.3516525898,-1.5065344799,-5.944150526,-3.6825265213,0.505883886,8.5464630452,10.5938325682,-8.0908074985,0.9035592348,-2.8612440327,-3.4324596673,6.4436449051,-3.7053611734,1.0395089689,9.8333179998,-1.1802018766,3.817234121,-13.5230799565,3.465370771,-1.0101240326,-2.7193945927,-0.2833712087,12.9627814035,-0.3205784347,9.282076084,-10.1809192643,-12.3104090691,-3.4071683085,1.4512669439,1.2451592791,5.3707203187,2.6273447382,-12.0268067635,1.2259417955,-2.4799978411,1.3146269912,2.49244156,2.0539755525,-1.723993591,0.714235681,-0.0140846022,-0.8376262854,-1.2618308157,-1.530099717,1.1414029841,-0.1140869263,4.9444255499,-0.1404252875,1.3841981787,3.5383337496,1.633154434,-1.0284598225,-0.6898196792,-0.2500806987,-11.527209182,-2.5680071137,-0.5616012697,-5.9423829654,11.7890254166,2.288580356,-1.0541081079,4.0226581743,0.7008224722,-1.0417086034,5.2192682278,-3.5061515616,1.4184605864,-0.0015782449,-3.063605743,0.3010940457,-1.8143365089,-1.7184571326,2.0355382088,1.6295468262,0.454539505,-3.8242579878,1.1310794148,4.083939764,-13.6713736367,3.5315817936,-0.7884920938,2.2242672295,5.4626584756,-6.2786672015,-2.3496465221,0.3839781848,-0.4916207486,0.1918899583,0.4075177952,0.6199301785,1.4546165729,-1.1823638588,-0.536879527,-2.6920607712,13.0572838586,4.9216779707,-6.3860555749,8.4975030631,-2.1563423284,-4.7557076059,-5.8263782637,3.3464926563,-13.1029189285,-2.3469514369,0.5138922518,-5.3255203776,4.54359685,8.0596633463,1.4276735088,-6.9422279179,-2.6375909964,5.5227013932,-0.4408674267,11.126334072,1.470665177,1.4752915678,0.8894353065,0.0794393502,2.2078255673,7.8680608525,-1.8376980142,1.0645421521,-2.3628949949,1.1443958985,-0.7894595656,-0.2411007412,0.527368,-0.2297733573,2.2502179129,-0.2230496422,-17.5451599346,-0.7482425017,1.3325285862,-3.2561914427,0.8339533679,0.7798490029,-0.0701509709,-6.7538862603,3.4664605449,0.8110599063,6.3601761481,-4.017937359,-0.5563747256,-2.7997774705,0.581439162,9.6606885429
biasActivation=1,1,1,1,1,1
[BASIC:ACTIVATION]
"org.encog.engine.network.activation.ActivationSigmoid"
"org.encog.engine.network.activation.ActivationSigmoid"
"org.encog.engine.network.activation.ActivationSigmoid"
"org.encog.engine.network.activation.ActivationSigmoid"
"org.encog.engine.network.activation.ActivationSigmoid"
"org.encog.engine.network.activation.ActivationLinear"
