encog,BasicNetwork,java,3.4.0,1,1572776747949
[BASIC]
[BASIC:PARAMS]
[BASIC:NETWORK]
beginTraining=0
connectionLimit=0
contextTargetOffset=0,0,0,0,0,0
contextTargetSize=0,0,0,0,0,0
endTraining=5
hasContext=f
inputCount=2
layerCounts=3,8,8,8,8,3
layerFeedCounts=2,7,7,7,7,2
layerContextCount=0,0,0,0,0,0
layerIndex=0,3,11,19,27,35
output=0.051723749,0.0172409859,1,0.000001818,0.0004513391,0.0000412839,0.6048385776,0.999409892,0.5630065036,0.0002476414,1,0.9999992867,0.5204856642,0.999998891,0.9985014046,0.0000149037,0.9458799044,0.2023413905,1,0.3619010099,0.4647944817,0.9897112165,0.9996536564,0.9993405168,0.9998303422,0.0036300448,1,0.0000024714,1,0.9999820306,0,0.9946259934,0.377900745,0.8967267268,1,8,16,1
outputCount=2
weightIndex=0,16,72,128,184,205
weights=-4.067134242,7.4762755254,-2.3956333122,-3.2283560127,9.8950772739,-15.8365694607,7.6387429351,-1.934400786,9.8243855706,-3.2532537819,-4.0261003934,11.3052504263,-8.842388716,2.7454186089,-6.3406166693,-3.5862569845,-2.871833568,8.603781742,-0.1859792547,-12.4180889061,1.0523268919,-7.3785751141,5.5281560015,3.6220269558,1.2034332974,6.1266606238,-5.8476003225,-5.3844496038,-1.3371724981,-4.7544814942,6.1128183901,2.3891749501,-3.1835756153,-1.6487885121,-2.2815182779,-1.3307078259,0.2034594473,-1.8504113014,3.6732077897,-1.4360023948,2.0761525763,-5.3790463844,1.7053498234,-4.7818457513,-6.6448295491,2.1958683159,3.1082791051,1.5127022688,1.9957802355,0.4039727288,2.8656767726,9.8166139894,-4.1259381073,-3.0858274462,-9.7922551158,-2.5387403386,-6.2019727478,0.2233200591,1.4266715725,8.7262628801,5.5753444658,-8.639716092,-3.1267435052,5.0039709351,5.5674863422,-2.240885519,-2.378797254,-4.446007241,6.2303833594,-8.2970485513,1.9884747419,1.5592921319,-3.912274449,5.0588164728,-0.4986719222,4.4089815305,2.752215623,7.530504599,-3.3192141554,-0.9636342565,-3.809340504,5.9187314513,-5.2806384097,1.8006450073,1.2607876125,0.5797478038,1.564353311,0.2906004495,-8.2993494487,-2.0792731574,5.1896425689,4.5380488066,0.7563797262,6.515929951,-3.7116512207,0.7520287826,-11.2372316385,-4.0872020307,6.3710777305,0.6483580673,9.4794849679,-0.0240071569,-5.0895461365,-3.9162139045,4.7421089645,-0.0602937091,-1.7780232646,-5.88887356,0.1857472681,-6.6284509015,7.5339547017,1.2588787019,-1.0806564106,-12.1110690324,1.4477549334,-0.6195287213,13.5179523914,-3.8475974313,1.3897370004,-1.5995240845,3.7197627196,-3.7654671558,-5.2529437377,0.9984921056,3.3449579237,1.0690863305,-0.7397621282,-1.1759624149,0.1620126629,0.4153773255,2.5853364021,0.2579013496,3.6425660598,3.3022554895,-14.2625890788,4.3509387465,0.4622828753,0.1575292435,3.2710727866,0.0230464921,11.6890695441,-11.2592760626,-12.3408799454,0.1254334042,0.4021248441,3.2253638156,-6.3773232591,0.1818027604,1.3622779549,-5.8435713909,8.0556852454,1.3477873864,-0.8958225156,-1.8033802076,-0.4945233588,0.3504882963,4.2143084909,1.8589038611,7.6446550567,-1.4836786586,-0.3034370272,2.6290116127,-0.5296914748,-2.2636114429,10.8979421843,-16.2231463418,-1.2188502056,1.6084035675,0.6544120814,-0.6887299509,-1.7082216512,-0.2304361808,3.7663702996,6.2521310586,8.1413104716,-2.3308688869,0.4247993818,2.2544551999,2.5759834839,-0.259844777,-7.1741804243,-2.0562241281,-3.8121940859,0.885904195,-0.5806620251,-0.4588898128,-0.923178566,-0.9656933657,4.7648835944,-4.1963682208,0.0133676905,0.738303763,-0.9929806808,1.3238705694,-3.2438671118,-0.0484041642,4.9692617627,-2.2568349764,1.5760585577,0.6379334954,-0.2270260541,-1.9695191702,-0.7436637484,-0.1861781308,11.0895326292
biasActivation=1,1,1,1,1,1
[BASIC:ACTIVATION]
"org.encog.engine.network.activation.ActivationSigmoid"
"org.encog.engine.network.activation.ActivationSigmoid"
"org.encog.engine.network.activation.ActivationSigmoid"
"org.encog.engine.network.activation.ActivationSigmoid"
"org.encog.engine.network.activation.ActivationSigmoid"
"org.encog.engine.network.activation.ActivationLinear"
