encog,BasicNetwork,java,3.4.0,1,1572776758644
[BASIC]
[BASIC:PARAMS]
[BASIC:NETWORK]
beginTraining=0
connectionLimit=0
contextTargetOffset=0,0,0,0,0,0
contextTargetSize=0,0,0,0,0,0
endTraining=5
hasContext=f
inputCount=2
layerCounts=3,8,8,8,8,3
layerFeedCounts=2,7,7,7,7,2
layerContextCount=0,0,0,0,0,0
layerIndex=0,3,11,19,27,35
output=0.1698058131,0.0004027003,1,0.0015519925,0.5186241412,0.9896907645,0.4374887071,0.4075331246,0.6230388537,0.9166664361,1,0.0179410855,0.5711098428,0.8973324445,0.9633857973,0.999850091,0.0003562612,0.9995886378,1,0.8992843251,0.962116739,0.1011956999,0.9999776967,0.7866168275,0.0009355705,0.0058297906,1,0.0312446787,0,0,0.9999999648,0.0027616862,1,0.0000484031,1,8,30,1
outputCount=2
weightIndex=0,16,72,128,184,205
weights=-3.8556383722,-7.5881713056,8.009397343,-9.493244753,8.603352208,-11.643804869,2.0695416626,0.432061868,11.1507150496,0.4065156714,-5.2093308435,-0.3381394812,8.4576361059,3.3171825258,-11.2375103035,2.0460570706,1.3526834689,-4.8151267461,2.7811151291,-2.9205251634,-0.5341549907,-10.1976138061,-6.2215235723,3.3337150325,-5.833005294,-5.3697593752,-4.6211047977,3.1054700654,-0.5861585334,-0.0627005455,8.8467463943,-3.8562087414,-2.6644599432,0.493181746,2.3859837666,-0.2596804704,5.8366977012,-1.2280490176,-5.5750714663,2.1770394444,-1.3991921437,-4.5676617723,3.7204894318,-6.101658078,4.7843563646,4.9355705437,-3.1124061589,3.2478424948,2.4647098037,-3.2834821036,-3.3117776082,6.3342654428,-0.4833156256,-2.4934124762,-2.4309017015,1.2402939623,-5.421007244,8.4025547013,-5.5760372818,-0.7013139329,3.2322749546,5.1926604081,-1.3960133505,-0.3580624005,-1.9469232985,6.3739558491,10.5326925419,-1.2693971281,-2.5055224741,-11.5252536804,-7.5514483868,0.6217805482,-0.2266285223,1.1854992236,8.6062915591,-4.757183557,-3.4184133623,0.7197324792,-3.9570384716,1.6581914664,-2.7900254359,2.7303051059,-9.1038465747,-7.0031575768,12.433252173,3.6512148267,3.918020071,-1.713656462,-1.9372196473,-3.846823559,-0.2053992466,9.3146086031,1.2106367363,2.7930047324,-2.600762012,-2.6222388588,-1.5796444339,6.439902484,-5.9720007898,-3.4023093935,4.4368021889,-0.2864157624,1.1111003211,-0.9950692349,1.000490476,4.1453936346,-0.9356047487,3.5029713682,-0.5015117675,-4.3122969008,-10.9678179564,0.9715124106,1.7232534469,-5.5354343543,0.2468512779,0.9965243915,-10.4712985659,1.6647709943,0.647658043,3.0466332749,0.3019731266,6.1714147221,-9.6464570747,-3.7146813296,7.2882831516,-7.3293271622,0.7746470638,0.546477284,-0.1588616231,-0.2547860687,0.0767547907,-0.4661757355,-1.7030339373,2.6869851976,-0.6723937407,-0.0218123009,-11.2238203349,1.5271214827,-0.055176915,0.8764022957,3.2207242977,1.3531037786,-0.1106984091,1.3469157856,16.0015795258,0.1053220861,0.4200091061,-1.5973302996,5.3593818002,-0.8767469374,0.8347418301,-0.2247374243,4.8874813912,1.1604523195,-0.4982844033,-0.3045601311,-14.8940163035,6.781408065,0.4279257577,4.1223096004,-13.6626167948,6.3737831993,0.6232296536,2.1527853515,10.7993839703,1.2431920123,0.8165447055,-1.694305478,8.0444038889,0.0181168487,-0.6713330593,-1.1275535445,1.3202243754,-3.5795673636,0.4484516877,-2.5213097232,10.1944912104,-2.6638237414,0.5768051542,-1.3596436491,5.9554195158,-1.5195085389,-0.9187315336,-2.5947013418,0.9569846811,-0.1583806314,-6.3386214986,0.4219876669,-1.6569533482,-1.1360055193,-0.821449267,-0.7266495851,0.191317441,-0.1683222229,0.620917579,-0.1176338334,0.6473003422,-0.4767542942,3.2350777562,-1.706758958,6.0090187623,0.567438209,-1.0297004897,-0.0244086825,-0.9660340484
biasActivation=1,1,1,1,1,1
[BASIC:ACTIVATION]
"org.encog.engine.network.activation.ActivationSigmoid"
"org.encog.engine.network.activation.ActivationSigmoid"
"org.encog.engine.network.activation.ActivationSigmoid"
"org.encog.engine.network.activation.ActivationSigmoid"
"org.encog.engine.network.activation.ActivationSigmoid"
"org.encog.engine.network.activation.ActivationLinear"
