encog,BasicNetwork,java,3.4.0,1,1572776799146
[BASIC]
[BASIC:PARAMS]
[BASIC:NETWORK]
beginTraining=0
connectionLimit=0
contextTargetOffset=0,0,0,0,0,0
contextTargetSize=0,0,0,0,0,0
endTraining=5
hasContext=f
inputCount=2
layerCounts=3,8,8,8,8,3
layerFeedCounts=2,7,7,7,7,2
layerContextCount=0,0,0,0,0,0
layerIndex=0,3,11,19,27,35
output=0.6666668517,0.5769232646,1,0.1423721132,0.6443159392,0.5682526516,0,0.0000000007,0.1383866459,0.1922305527,1,0.2530035385,0.9306424248,0.9996518273,0.0003324393,0.0628791355,0.7886243687,0.9999999747,1,0.0000060552,0.0018500679,0.9589489781,0.9999974358,0.5360646673,0.0985686098,0.9893654586,1,0,0.1422327184,0.9740906091,1,0.9998809792,1,0.0000064638,1,8,30,1
outputCount=2
weightIndex=0,16,72,128,184,205
weights=-21.6481637911,-7.1540395087,22.7278634778,26.9150216232,12.1647872375,-34.6264393049,18.6520033999,-3.3241122995,-4.3083980271,-22.2968726367,11.8240029975,0.1323615307,3.1504476185,0.9601480818,-8.1020383173,9.9953484363,-9.3378810667,1.6672571903,0.4303499519,6.0031338622,-2.0035492663,2.85559943,-11.422394549,7.87935513,8.2259190922,0.3687049988,2.3013699546,-10.3714494985,-0.3586743927,-18.9892607725,8.8958908549,1.9747626676,2.8985648777,12.7056172857,4.379615269,3.7266245621,-8.1469984315,-3.2449881442,-11.6528966957,-1.9380880335,3.9390638929,-7.0305838819,0.7163017939,4.1391759429,7.1107116147,-34.3225359252,2.5863939489,2.1465249364,-9.818643126,-12.4258269574,-0.9310454163,17.7823606689,11.5160300036,-2.5983971193,-2.1257803969,-2.6484535804,9.8381291458,-8.7190956839,19.1570358326,-13.8076900485,1.3423017184,-21.9425677558,15.0690190782,-13.1982296938,-0.9330306314,-6.5172943459,3.3770602102,-5.5365536198,3.1261900082,5.8953022221,-1.8882497498,-1.4657958272,15.73074285,3.5714876337,6.9671347006,6.3918304397,-3.4532454452,-3.2017228954,-14.1415608326,1.9956235903,8.6344195506,2.3056532969,13.1948483973,2.0809444065,0.7537685273,0.6118799945,-10.1069708926,-2.6067365458,6.0402524362,6.5199735215,2.7060360988,0.5777854549,-7.4688090713,-9.0473774242,9.6823073321,0.0938418288,1.2845683526,-2.7083572576,-12.1748349261,-2.0149158371,-11.1622847104,1.1261940753,9.0471184537,2.6080309669,3.7085597231,-2.4343767428,1.2874428051,-7.5310899477,-3.9570146628,1.701936614,3.5007224283,2.0893264879,-1.9203605792,-15.5141584749,-1.4004274515,8.6097954366,-2.6197711316,-0.4526302697,-6.5042935639,1.9626375785,-11.4327972204,-10.5368690135,6.2367675843,7.2563631187,-1.1325223909,1.6056540406,-0.4959588365,5.2132900065,2.7826820699,18.4258839726,-2.375876468,-3.8511710147,-1.8448229217,-3.4022685485,15.3529885597,-3.2230813635,-2.9994794493,13.5852802273,0.534565625,-3.9000370659,-3.1891797422,-0.1165252648,4.6867168515,-1.5383356335,-6.3900829781,21.2639117608,4.7800644497,-1.4148193092,-1.4051205512,-1.2303054976,0.6707430133,-0.4795439392,0.7279758445,5.3059510842,2.089142369,4.7851486374,3.2559107934,-1.4060472045,-9.8602706761,3.4496248669,6.6004320549,10.48279696,-0.5789860283,-0.1341442093,-0.2518534163,-0.002255849,-5.0290527007,-0.3942462211,-2.4287318192,5.0717924014,-0.8360490228,-0.7419924858,0.0672319131,-1.3703032007,4.8010860881,-0.0751776582,-0.0122249422,-26.9250725202,3.8465081945,0.8575546721,1.7244660901,0.0350591653,6.025471981,1.9988215796,2.8825342438,-4.736091115,0.9346190797,2.2237831848,0.2760583275,-27.8688835547,0.2776948913,0.1747882259,-3.8383070667,1.2636005267,1.0119588116,0.6085775602,0.8256174231,0.0740817983,0.208699842,-1.0555302439,3.3846866802,0.2736214207,1.1203439565,-0.6302486702,-2.0045850306
biasActivation=1,1,1,1,1,1
[BASIC:ACTIVATION]
"org.encog.engine.network.activation.ActivationSigmoid"
"org.encog.engine.network.activation.ActivationSigmoid"
"org.encog.engine.network.activation.ActivationSigmoid"
"org.encog.engine.network.activation.ActivationSigmoid"
"org.encog.engine.network.activation.ActivationSigmoid"
"org.encog.engine.network.activation.ActivationLinear"
