encog,BasicNetwork,java,3.4.0,1,1572767182381
[BASIC]
[BASIC:PARAMS]
[BASIC:NETWORK]
beginTraining=0
connectionLimit=0
contextTargetOffset=0,0,0,0,0,0
contextTargetSize=0,0,0,0,0,0
endTraining=5
hasContext=f
inputCount=2
layerCounts=3,8,8,8,8,3
layerFeedCounts=2,7,7,7,7,2
layerContextCount=0,0,0,0,0,0
layerIndex=0,3,11,19,27,35
output=0.7160481635,0.6666641804,1,0.19376042,0.0400907979,0.198275104,0.0000231351,0.0164865502,0.9360796913,0.6421462429,1,0.0000029878,0.0091167258,0.008495021,0.9999993279,0.0345486296,0.0000723706,0.0000075864,1,0.9988355619,0.9999998813,0.0021187927,0.6652997323,0.000061934,0.2325609954,0.8353475511,1,0.9973401401,1,0.0004036253,0.9999999543,0.0000003098,0,0.0304224331,1,8,30,1
outputCount=2
weightIndex=0,16,72,128,184,205
weights=4.3671173962,-11.7723281977,8.679199742,-4.2180712157,1.2132623009,8.7815659753,-5.663308138,-5.7736173521,7.0222090834,-0.7790756498,-7.2913473509,6.2950620143,3.9877988226,-5.2907367252,8.7535905791,0.0750114453,0.1883214747,-10.8817249785,-6.1191822353,-2.2653624766,-2.1143173557,2.0774371133,8.6069192848,1.0636213056,12.8081180378,7.6495971553,-7.7788026147,1.0232945916,-5.6231643931,-2.4225235386,3.9792135153,-4.0082644747,-1.4010368069,15.5727322483,-4.6368062252,0.6987182791,3.1642824709,4.3089951329,5.6157484055,-2.3080823036,6.4318280981,1.9487251416,3.1229538068,-8.0730180867,-4.8835914808,2.2014978875,-2.7520709888,-2.4768548423,-0.7999645879,-2.4326456678,0.2253945694,-2.2899028209,3.9646717479,0.3684121322,-1.6565614449,-1.9154077697,5.304231245,-10.0261591894,-1.7243078929,1.1920488788,11.1611348632,-7.4652816433,-0.2944570059,1.2129939189,-3.0256052981,3.1773480858,-1.4605151983,5.3252248021,1.6629112811,6.2387247438,-0.0104123175,-4.8149831469,0.7666961719,-5.4292823236,10.4215258527,-6.1431857989,3.9331881631,-6.7616764305,-1.333036219,-1.3067115295,8.4250848519,-3.0649748707,-4.6788927134,-6.8763207669,10.0563091617,-8.8913639229,-8.79724761,3.9618629609,-1.099482858,7.2238838799,7.0104049612,-5.0143881056,1.9062968545,-0.2034403114,-8.3088004565,-0.5762763861,3.2871150159,-0.6156920955,-8.4362297519,4.8756187248,0.4549279161,-1.6350109198,7.2425594707,2.6495096454,-5.3986036527,-5.1577470551,3.5817781806,-3.9093956707,-7.7987687504,0.341197459,5.5984805436,5.0576235319,-4.1919000043,-9.9472197604,-0.2055727853,1.6344876152,2.012352711,0.8229416224,3.2741049435,0.5870865427,-2.100652588,-13.6479528947,1.7232745691,0.6780212704,4.7621247399,2.681815241,2.7598751975,0.5728323532,5.7793103022,0.70639445,0.6526103762,-0.1510065717,-6.1489693206,5.4347799427,-0.8562252739,0.4608124142,19.0251639513,-0.8014735763,0.5525753286,-1.0812635135,3.5566582362,2.2712045458,0.6999936267,-1.1664963609,1.9104916711,-3.0433780103,-0.2187863742,-2.8141635899,0.1371653593,0.0806039663,15.16812595,-2.6640194044,-4.3065652691,1.4869943516,0.6019994429,1.9141219507,-6.3641250397,-1.3343284832,-9.8995063378,1.8819225088,-14.5115382932,2.0208117025,-0.0123978954,1.1125358845,-9.5923507633,3.9165887912,5.8813507225,1.4712962224,-11.7739316644,3.7383181628,0.5366565345,3.7633248934,-0.45384988,-5.7067582657,-2.9110426848,3.1354098379,-8.2356448566,2.9201130313,-0.364561669,3.1450696164,-5.1446722289,-1.8928982204,-11.0678397376,4.1094270303,-2.0297202126,0.3907658103,10.4416057976,0.8958179237,0.5876743133,0.0311481744,-0.8920819939,-0.0140079515,-0.2577254563,0.9733314333,0.2769565724,0.806685542,0.9920818969,-0.6129619434,-4.5351961754,0.8920640406,-5.3123730625,0.5375335105,1.7294851301,-0.1090662906,-14.025572533
biasActivation=1,1,1,1,1,1
[BASIC:ACTIVATION]
"org.encog.engine.network.activation.ActivationSigmoid"
"org.encog.engine.network.activation.ActivationSigmoid"
"org.encog.engine.network.activation.ActivationSigmoid"
"org.encog.engine.network.activation.ActivationSigmoid"
"org.encog.engine.network.activation.ActivationSigmoid"
"org.encog.engine.network.activation.ActivationLinear"
