encog,BasicNetwork,java,3.4.0,1,1572776809310
[BASIC]
[BASIC:PARAMS]
[BASIC:NETWORK]
beginTraining=0
connectionLimit=0
contextTargetOffset=0,0,0,0,0,0
contextTargetSize=0,0,0,0,0,0
endTraining=5
hasContext=f
inputCount=2
layerCounts=3,8,8,8,8,3
layerFeedCounts=2,7,7,7,7,2
layerContextCount=0,0,0,0,0,0
layerIndex=0,3,11,19,27,35
output=0.7368584328,0.6111100205,1,0.8854812612,0.9260916777,0.7546350619,0.9811332723,0.1248676014,0.3728433538,0.6076316838,1,0.1036659736,0.2724519909,0.4631338138,0.1181295036,0.3044121259,0.2339135726,0.0074999125,1,0.0081107568,0.8584673769,0.1237588288,0.6626622514,0.0020091884,0.1489138599,0.0000190493,1,0.9648982342,0,1,0,0.6053517957,0.000020735,0.0005469872,1,8,30,1
outputCount=2
weightIndex=0,16,72,128,184,205
weights=-2.9996205453,7.8542723743,-10.3808069778,0.2073976613,6.1342689234,1.3181249715,6.8912199007,-1.4024778375,1.1439995287,11.0625536824,1.2311567292,-12.4700099596,-2.028023657,7.5218804211,-8.291474242,2.9866329124,-0.3157433381,0.9760398465,0.9725219493,-0.3181292701,1.0997777011,0.2057785097,1.5440622805,1.0048729367,6.4088166683,5.2901941894,-0.3988153437,4.1094341643,2.6745382997,0.8282773624,-10.106465554,-0.8104025078,-8.9394815459,7.0374972303,2.9704381545,6.9853465159,0.2976706184,-7.8051198346,3.6762913493,-0.3605212594,-4.7215529924,-1.7740247521,6.8304498993,-2.7430563014,2.1279654512,6.4338549997,-6.9492584502,-0.0158927638,-0.7567239667,-1.4684396656,-0.9471476506,4.4770747973,-0.4747005098,2.4112529503,-1.7245625281,-1.9654000151,8.198297764,-1.146235655,-1.2956351095,-2.2935882165,-1.7623337405,-2.5787542538,0.2628086423,0.9510748972,-6.0910707342,-3.0144426834,7.9626508806,-2.2060069455,-1.3796971591,7.6623882794,-1.0223598255,-2.9017552046,-1.114280989,1.7019640257,-5.1021501287,-1.210275708,-4.9728091178,7.5136098588,4.2604917294,-3.284712479,-0.4871995471,-2.5698328539,6.8580533854,4.1730359004,-1.3577569008,0.1243951761,2.5542689519,-2.4020511979,7.0389666142,-2.7527359736,-3.5636853762,5.4563922938,4.0605218656,-8.134683899,2.0165091653,0.1867725745,0.1764148072,-2.0376548616,8.1696175558,0.6474573995,-3.1583432395,-2.0431841858,-1.2930233936,-1.3919134361,2.9283993998,-1.1155344465,0.3050656372,1.8935401682,-2.5237585265,-0.4827471774,0.7612488577,-1.1080647011,2.3343227793,-2.4583966023,1.152218663,-1.9683560657,-6.9799669431,8.2797093484,-9.1730279429,0.8481702244,13.5518299535,-4.3004890191,3.5823852734,1.4156547734,1.9163742563,0.3214749413,0.0436702932,-2.7365978702,-8.6044116275,-0.2846869915,3.5087282146,0.9651451903,-1.5260262007,-1.5482217752,-5.4697549185,0.9140397898,3.9571082203,0.5853958021,-1.2821099045,3.544109954,0.9719466769,3.1466812868,1.1618077191,-1.3225487989,-4.9558800884,0.1543612352,2.4922406866,-2.2283219449,-2.4300246233,-7.782835236,0.4965585685,1.8032821751,0.3339461682,0.0510500602,2.8011976929,-0.9279526598,-5.2736178127,0.7454917006,-0.955014988,0.7446599612,-6.6131461958,0.0956074027,-1.9427871462,-0.7798308132,6.089426099,3.4582301311,1.9897434912,-1.5716180951,5.9080649936,-0.3466589402,0.7422760862,-0.28714541,-16.803900394,6.3821990705,-8.0566819718,1.9904429521,-3.0472931195,-0.4634941669,-1.2380764807,3.2123718665,-5.9637091582,6.7381809485,-7.7798927463,-3.0757975523,-1.2613537896,0.3521450073,2.8402513008,-0.8196859085,-0.9201182511,-0.6586986629,-1.0763772978,4.6359157505,-2.0660501471,1.7865469944,-2.1839259011,-2.3607659082,0.878930684,0.3394229562,-16.7863191336,1.7673368436,-0.8250272319,-0.1715463104,0.9080331631,-0.3992269741,-2.7979940561
biasActivation=1,1,1,1,1,1
[BASIC:ACTIVATION]
"org.encog.engine.network.activation.ActivationSigmoid"
"org.encog.engine.network.activation.ActivationSigmoid"
"org.encog.engine.network.activation.ActivationSigmoid"
"org.encog.engine.network.activation.ActivationSigmoid"
"org.encog.engine.network.activation.ActivationSigmoid"
"org.encog.engine.network.activation.ActivationLinear"
