encog,BasicNetwork,java,3.4.0,1,1572776823021
[BASIC]
[BASIC:PARAMS]
[BASIC:NETWORK]
beginTraining=0
connectionLimit=0
contextTargetOffset=0,0,0,0,0,0
contextTargetSize=0,0,0,0,0,0
endTraining=5
hasContext=f
inputCount=2
layerCounts=3,8,8,8,8,3
layerFeedCounts=2,7,7,7,7,2
layerContextCount=0,0,0,0,0,0
layerIndex=0,3,11,19,27,35
output=0.773119823,0.7673605169,1,0.8199850681,0.0000171318,0,0.9784144728,0.4320713974,0.0001869124,0.0380183583,1,0.9119618124,0.9998620937,0.8791157481,0.9999999999,0.674830082,0.0000017346,0.6458306204,1,0.9994930354,0.0817370677,0.261958151,0.7241510076,0.2079010938,0.000255573,0.9884479451,1,1,0.1509024491,0.9978678685,0,0,0.9999999912,1,1,8,30,1
outputCount=2
weightIndex=0,16,72,128,184,205
weights=-14.2186485686,8.9495991019,-10.6137974642,13.4286254632,15.6438430879,-6.1969020039,-2.9497458978,-6.8997776565,11.5460142779,15.9442363243,-8.7810049351,-7.0857445785,-11.0455622391,-14.9177209419,-6.6863777694,3.6878942673,2.803782387,-8.4862827376,9.142787274,0.8107012178,-3.5798574615,9.5283727964,-1.1272262845,1.739923022,-2.2463647977,-5.8218554278,-1.8507575975,5.8616324512,-14.9788546422,-2.1320856814,-0.4364997018,3.0505799639,-0.5698524569,-2.1414996948,-3.3284706732,-16.4874557677,-0.1450773859,9.3243851091,-3.2769188414,-1.6727857642,5.3615462989,-14.6606170724,4.2550404637,7.0487513747,-13.6431490268,3.1607115307,12.9162013064,3.6586792594,1.5533042333,6.0133216327,-0.5098667604,-5.2160131374,2.1852177138,3.398913515,-14.3469454984,5.7528338369,0.4566724655,-5.3045159045,7.7944956804,-1.8754493808,-9.3116169084,3.1256165851,-2.2307153071,-0.9497636763,-0.6531041198,-0.2459496852,2.8787923404,3.3282808774,0.2679339337,4.9629343522,-0.1768350533,-8.3150899802,0.7727766478,0.5259424424,2.8676322963,0.8469454446,0.339801774,1.1197596791,3.017143061,-2.8952826744,-5.2933124385,8.5045899494,-12.3946261835,-2.8543681343,0.3231295768,0.2025771281,15.3188851368,3.5890025641,9.4712098739,3.3611583231,4.9056863113,4.1942161563,2.7498855023,-9.4697385432,-7.175215834,-5.5563434712,16.7283360165,-3.308086064,2.1790651563,6.8654084848,-0.6340082657,-6.4931560395,0.9301338485,0.3327497578,-3.4016460599,11.0795305596,-19.6189039179,-1.2832923909,-2.2269327367,5.2660916525,3.7145252801,6.0830765378,-13.0990882845,1.7172856025,-6.7274179982,-7.8570961304,2.8724134283,3.6915746323,7.1202660636,-0.4967737128,-7.8724756019,3.742326492,-6.6881604861,10.9978013754,6.8613916521,-1.1990970038,1.345020953,-0.8043586213,-0.4700020701,-17.9943757781,11.4284727802,0.858421932,-1.6641415335,-0.8557191009,0.6934386746,-0.4698655761,-1.3282164023,15.8181025051,0.8808550757,0.6741496997,2.0205207798,-1.0470042962,-1.5296943472,-1.7800285122,-1.5442128061,-19.037856618,2.8169627153,0.7448252115,-3.1436926578,-0.4186949896,1.4055873388,-0.4165927052,-1.3453504288,-7.4576308859,6.3611479543,0.1940657297,-0.663163465,-0.9576105754,0.496211477,-2.4503145088,1.5995178756,0.7185189301,-10.1435519724,1.0070577228,0.7245703598,1.8379116256,2.3693632557,2.8690817689,0.7428548022,2.0500876834,-11.5200005873,0.7496188399,1.133667627,0.5277081559,1.1419952488,0.5017700321,-1.376503515,14.4833110933,7.6355743621,0.324592585,5.1566447622,-1.2010701578,-1.6162408177,-1.1617743022,-0.8479821477,3.5778207103,0.3063216304,1.3454851593,0.1907421308,-18.2136856851,-0.2951091753,0.369432901,-2.5736149551,-0.8949665378,-0.6657605548,0.0889551771,1.3042508958,-6.5143459639,-0.173440584,1.4415690225,0.2531980078,-0.5788138232,2.4164199901,2.4968056144,0.4432749085
biasActivation=1,1,1,1,1,1
[BASIC:ACTIVATION]
"org.encog.engine.network.activation.ActivationSigmoid"
"org.encog.engine.network.activation.ActivationSigmoid"
"org.encog.engine.network.activation.ActivationSigmoid"
"org.encog.engine.network.activation.ActivationSigmoid"
"org.encog.engine.network.activation.ActivationSigmoid"
"org.encog.engine.network.activation.ActivationLinear"
