encog,BasicNetwork,java,3.4.0,1,1572776832944
[BASIC]
[BASIC:PARAMS]
[BASIC:NETWORK]
beginTraining=0
connectionLimit=0
contextTargetOffset=0,0,0,0,0,0
contextTargetSize=0,0,0,0,0,0
endTraining=5
hasContext=f
inputCount=2
layerCounts=3,8,8,8,8,3
layerFeedCounts=2,7,7,7,7,2
layerContextCount=0,0,0,0,0,0
layerIndex=0,3,11,19,27,35
output=0.8163211725,0.6021429044,1,0,0.0000000307,0.518573075,0.0000659847,0.2716028,0.0227357341,0.9598887943,1,0.896311271,0.9963541252,0.0001984707,0.0691041069,0.9999995893,0.9990621557,0.205770654,1,0.9997465107,0.9997378594,0.907048209,0.1063435052,0.2380133037,0.2020068694,0.0013796034,1,0.0001648483,0.0000000357,0,0.0116927825,0.8371175884,0,0.7823250853,1,8,30,1
outputCount=2
weightIndex=0,16,72,128,184,205
weights=0.705580528,6.2099968504,14.4388626783,8.4101820408,-21.541681224,6.7218323076,7.7415262418,-7.7295905556,6.9254590572,-10.5750994382,14.8420439732,-7.9865509363,2.4985194216,-8.2138488897,-7.1956825722,-0.8665570694,2.8514107388,-2.984311736,7.1621925069,-0.7423779945,-16.9880881173,-4.2219382649,0.7062980576,-3.6767752369,1.7712856462,-11.3893952599,-1.9120358069,-1.4590606206,-6.6838993168,-7.5269614443,10.7453378764,4.5561076198,9.1265666452,1.3582511109,7.4387300234,14.0654880096,-7.0911151993,-1.0869128676,-0.3201314204,-2.1897970528,5.0152258507,0.4028326446,15.9011761307,2.2849482184,-9.4900512153,-2.7205325662,-0.1672083257,-2.4412092844,0.3281876017,-8.6789172497,14.4641200902,-8.9056265998,7.3266946351,-7.933986099,1.1394804342,8.3445376232,-2.9367022139,-4.7335084897,-2.0656637468,10.8434574642,3.4552513475,3.6534496191,3.9470348989,-5.0787438233,1.599835007,-0.5635643048,-4.9617332898,-13.5918358451,-6.7738876866,3.7460352152,4.8116380838,5.2842265787,2.4553637875,-4.2746116906,3.1142814905,5.5265380831,-3.6402540351,-5.851207843,-0.2263096169,2.6118544999,0.4291425581,3.3828580993,3.0977498614,-6.5782301683,5.4867358641,-4.7763989691,20.0151225875,-0.6794187468,2.5282439295,-15.6956357381,4.5327667274,2.9058601491,0.7623837775,2.1265347338,4.2716767403,-0.3981352205,3.1994829183,-6.7615165323,5.93590491,3.2415007716,-9.7685415762,6.2662918194,4.846501687,-3.715802968,0.9703803971,7.3827803468,2.6462495491,1.9406685479,1.1215012762,1.765684736,-17.303564102,3.1480204763,5.9758689995,4.3559938192,5.1895706365,-3.3069066785,-4.4400455767,0.5659742815,2.1925948734,-6.7743061732,6.5329400394,-1.9386026248,-4.1288640642,0.2732318971,-2.8282763541,12.2554591882,2.619617899,-4.0339108832,-8.0453105275,0.0711620772,-0.2817863294,1.2390113623,0.4989794288,-0.5083648113,5.4145184976,3.61315623,6.0572616409,0.2848612153,1.37839659,-0.3956750885,0.8481732458,1.1576860965,16.6065950932,-5.4517812941,-7.8683339644,-0.135205069,-3.0271500373,-0.5381190739,1.1186259229,-0.6947596941,-5.4566203784,5.618133382,-9.1540411923,0.2791700041,1.2216313999,5.7978434335,-1.6554857147,0.4870068951,-4.2872322373,2.5449146332,7.9510926513,0.8513144306,1.1293852376,0.594453252,-1.0654309523,0.4015532577,-5.8579977314,4.3028854712,-5.8286279385,0.4199254201,-0.0015474162,6.1828279862,0.3498627154,0.3466749068,2.0330757792,-3.3285343392,4.8068351764,-0.6177981707,-7.8805469569,3.9220145731,-0.4579532443,-0.569688751,-9.6589715479,1.3085861929,1.0977328883,-0.400710548,-5.4708669577,-0.8760110001,-0.3177928944,-0.6074086941,1.7713638502,-5.2711964542,-0.9489168136,1.7438068351,-0.4840814035,-3.8650343976,-1.9280788663,0.5711822352,-0.0739001174,-0.5329492951,-1.4302189597,0.4679826665,0.9563520946,0.2353589282,-13.4323169719
biasActivation=1,1,1,1,1,1
[BASIC:ACTIVATION]
"org.encog.engine.network.activation.ActivationSigmoid"
"org.encog.engine.network.activation.ActivationSigmoid"
"org.encog.engine.network.activation.ActivationSigmoid"
"org.encog.engine.network.activation.ActivationSigmoid"
"org.encog.engine.network.activation.ActivationSigmoid"
"org.encog.engine.network.activation.ActivationLinear"
