encog,BasicNetwork,java,3.4.0,1,1572776842016
[BASIC]
[BASIC:PARAMS]
[BASIC:NETWORK]
beginTraining=0
connectionLimit=0
contextTargetOffset=0,0,0,0,0,0
contextTargetSize=0,0,0,0,0,0
endTraining=5
hasContext=f
inputCount=2
layerCounts=3,8,8,8,8,3
layerFeedCounts=2,7,7,7,7,2
layerContextCount=0,0,0,0,0,0
layerIndex=0,3,11,19,27,35
output=0.5652109069,0.4467992304,1,0.9999972585,0.9048637794,0.6693363537,0.0018358073,0.9999935188,0.2648580323,0.0959876726,1,0.9626478761,0.9974508315,0.9999990825,0.9999999381,0.0000280542,0.7201084937,0.0000018745,1,0.963945688,0.9999967521,0.9999822214,0.0021603665,0.0015211421,0.409432154,0.5364320494,1,0,0.013230413,0,1,0.1225679954,0.9999999974,0,1,8,30,1
outputCount=2
weightIndex=0,16,72,128,184,205
weights=-8.9639155252,6.5721869959,13.5807010843,13.4545547958,-2.11025458,-12.6524103208,7.2975957068,-1.0746078721,-6.0636537956,4.4155565889,-13.9848152292,-2.9100525561,13.7955093138,9.6727038104,-5.8194991076,-4.5782771944,3.7854097985,6.1536060636,-0.4712864362,8.1589927594,0.6077652863,-4.1068772238,-0.8953750074,-1.7052664838,-3.1760965368,7.0126302484,-4.5960544031,-1.1921519734,-0.3818022036,2.9098957042,-5.9141827017,2.0079666305,1.7195293305,1.6512610687,-8.7487419752,3.0232654706,-7.9992071499,0.5327307045,10.6270280282,2.7448812879,-4.9471493727,-9.4597734522,1.6421051773,7.4682628857,-4.1224443751,0.2633398462,3.1938997234,-1.4003014219,-1.0307917315,-5.6550859168,2.8177556179,1.7450720974,-5.3497059595,21.8875981345,-0.3931129115,-1.7445667335,10.6566438874,-3.132752331,3.1512795895,-11.9550241506,3.4309523266,-4.8456487069,1.8212508245,4.1383409703,3.5929821657,-2.24651961,0.2460679148,-1.6578661153,4.9952738329,-10.6216297294,-0.4500831976,5.5997777914,0.290986089,-1.1100332815,2.6618181828,-0.7262894712,-5.6928918281,-1.9316783263,0.8120095669,1.7825939598,1.0532630775,5.374422985,-3.5132363341,-8.2089431163,5.2774260071,-11.9212099126,8.0764214359,3.6510975309,-0.3003458074,12.7627827418,2.5086895297,-2.9042239825,-2.8364306451,-3.162505444,1.9757219616,-0.8346255872,-0.2801302691,8.556444037,6.1461313803,-10.9448696985,-5.9319879487,0.8369492178,0.3184064736,1.683742063,-0.109722716,-0.221117753,-10.6318412714,7.13522241,2.5766983989,1.6939991065,-1.3981405875,0.5142883562,3.1546302599,0.8968424299,2.7056683999,9.2172571778,-6.6294856668,8.2081955923,-13.9220324015,-1.6006553079,-1.3483681118,6.5346826867,-14.9404976838,3.0743121364,0.4124609946,-0.1038448678,-3.0671778523,-1.8012685303,0.4024113037,0.2971220666,-0.1884696205,0.6278548899,5.2376883138,0.5068718463,1.0449719796,1.5053777442,-1.0059397716,-9.2114519658,-0.6826645309,5.5680972284,-10.4983797646,4.2093612862,2.7560247783,4.2686893055,-0.3097054479,-17.2398693707,-0.0989387893,3.5041076161,-11.2854776763,4.3818772783,-1.5455340342,4.6628414966,0.5271588356,-11.5900431252,-0.2799542358,-3.0890591546,15.034143677,-2.6946681543,-1.3759134238,-2.0409511886,-0.4075247661,5.9761354543,0.3612650252,-1.7521896171,-3.274648313,-2.1988868987,7.1043675902,-2.2133946762,-0.8487185526,13.1321384448,0.4285668142,-0.0939854479,8.5670198792,-1.1397576242,-1.6168878556,-0.3563563148,-0.566151557,11.0119756331,-0.4521182934,0.2156492626,-9.2637148871,1.0717593589,-1.2144962404,-0.1516797202,-0.8801277882,-0.9912782019,-0.8602444044,1.3258606341,-0.1498619538,-10.4229448255,-0.8691200666,-0.6819300183,0.8478600572,0.8031357434,1.5571077524,0.3147942262,-0.1827233113,-0.3084311966,8.7463888633,1.1031987141,0.3413394982,0.7154127982,1.0602740489,-1.2967068755,-2.0854622295
biasActivation=1,1,1,1,1,1
[BASIC:ACTIVATION]
"org.encog.engine.network.activation.ActivationSigmoid"
"org.encog.engine.network.activation.ActivationSigmoid"
"org.encog.engine.network.activation.ActivationSigmoid"
"org.encog.engine.network.activation.ActivationSigmoid"
"org.encog.engine.network.activation.ActivationSigmoid"
"org.encog.engine.network.activation.ActivationLinear"
