encog,BasicNetwork,java,3.4.0,1,1572776874332
[BASIC]
[BASIC:PARAMS]
[BASIC:NETWORK]
beginTraining=0
connectionLimit=0
contextTargetOffset=0,0,0,0,0,0
contextTargetSize=0,0,0,0,0,0
endTraining=5
hasContext=f
inputCount=2
layerCounts=3,8,8,8,8,3
layerFeedCounts=2,7,7,7,7,2
layerContextCount=0,0,0,0,0,0
layerIndex=0,3,11,19,27,35
output=0.2142914844,0.0007851059,1,0.000006266,0.6054264845,0.9999999986,0.851201483,0.9987438336,0.011144349,0.9999999997,1,0.0619350149,0.9999999933,0.0170929278,0.9607205757,0.0006509702,0.9996660654,0.0000000064,1,0.9999999505,0.5488751328,0.6219973491,0.9987020682,0.0000000456,0.9984801997,0.0109564961,1,0.0000002374,0,0.9999998863,1,0.7873568921,0.9640528747,0,1,8,30,1
outputCount=2
weightIndex=0,16,72,128,184,205
weights=8.3874376647,-4.7071092176,-3.5297284942,-16.8433708746,10.5510838274,4.438379735,7.1518616838,1.6781836273,-0.6547257821,-10.2668748265,21.2221143768,2.3266498199,-13.1665560283,8.9333860978,-13.6422695912,2.5571028672,-19.0759659534,-12.4012572357,-3.3346816194,5.5360195973,5.1683761208,-2.5915338511,11.2561211899,-1.0719006958,-6.488579084,-4.6707693301,0.8030165906,0.5817941485,6.5875286387,1.1809905717,-5.0491563127,3.7432152452,-14.7209623728,6.0199280034,1.458653907,11.4936540454,-1.4987476017,-4.1325974387,-0.908483954,8.3284844213,3.6954910173,1.5875277808,11.8504150816,-3.9290317247,-3.8878701422,8.2196160729,-7.6358912916,-4.7145493482,8.4120820417,10.3564500158,-4.1773779075,-10.8036533592,-10.8869828261,3.8917185644,-1.5882752097,2.3683452671,-3.3306634309,2.2480117695,4.3022870782,-9.5198207257,2.1051834479,1.2812286713,-8.0466108668,1.2628349063,-3.677207803,13.4412553432,0.9858190526,6.8004673707,-10.0010465363,1.0033884199,-11.1212694297,1.1143261718,-4.711265245,13.6305839432,8.7862204979,-9.5289630916,10.1842937962,-5.8815963091,-9.5294717534,4.5406988034,12.4862359231,-0.4168576971,2.9341105015,-6.3131779216,-2.9122454424,7.234271254,-10.808025943,3.9433472501,3.2847355211,10.1514742986,0.3152050574,-7.2048094704,-0.1858316874,1.7295308936,-0.0267981102,-7.6356842634,-0.9916722688,-4.5397299685,-6.3870892177,5.5277488196,-4.9117470281,1.0459677807,-3.3971626238,4.125421373,-9.8232085079,3.1060820535,3.0078666134,2.7576333483,4.9403207286,-5.1019703314,7.2267663269,1.172058217,5.7854152552,-3.3195571577,16.799357819,-5.0672338036,9.0507873426,1.2845015076,-15.4665347672,-2.460750965,-12.6316556559,1.3119263832,-5.9937350655,1.80724211,4.7046248509,-5.0136427462,7.40244936,-0.1101138597,-0.6305881226,0.0752099208,-0.4684525017,-1.2017227364,22.9860195613,2.0039311045,-0.3965515206,-1.5390037489,0.1339250744,0.4336324397,8.5547073125,7.3370790706,-19.9630240837,-9.5703494289,-0.8679335472,9.2486888378,0.1776874146,-0.9591821692,2.0728964685,1.2932636055,15.680143174,-16.3372791931,-1.0036048447,0.5360069156,-0.5312508972,0.3211191919,-1.6538781761,-1.8225826495,0.7651360327,11.8064795474,0.1953725578,-1.8623605036,1.1357522062,0.6690113546,1.2904052719,2.423206874,-6.5103138893,-17.1686264049,-1.02501047,1.060151042,-1.017316272,0.6681663196,-0.3919083011,-1.3414014801,9.3114914627,1.244326499,0.4109065959,-0.310098193,2.2028626724,0.4352673123,-2.6036637857,-1.550705628,-13.6805439878,10.8098502097,0.6033961828,0.0017662362,0.0952321495,-0.5261551181,-0.2305815317,-0.8943410937,-0.9114907668,0.0227047123,2.6508502993,-0.158786522,-0.4536626608,2.0066390664,2.5403871421,-0.5870576338,-0.076755427,0.2379473971,-5.215312078,-0.7622716083,0.1241603891,5.6624582189,-2.5700238189,-3.0905232496,0.3664928836
biasActivation=1,1,1,1,1,1
[BASIC:ACTIVATION]
"org.encog.engine.network.activation.ActivationSigmoid"
"org.encog.engine.network.activation.ActivationSigmoid"
"org.encog.engine.network.activation.ActivationSigmoid"
"org.encog.engine.network.activation.ActivationSigmoid"
"org.encog.engine.network.activation.ActivationSigmoid"
"org.encog.engine.network.activation.ActivationLinear"
