encog,BasicNetwork,java,3.4.0,1,1572776884078
[BASIC]
[BASIC:PARAMS]
[BASIC:NETWORK]
beginTraining=0
connectionLimit=0
contextTargetOffset=0,0,0,0,0,0
contextTargetSize=0,0,0,0,0,0
endTraining=5
hasContext=f
inputCount=2
layerCounts=3,8,8,8,8,3
layerFeedCounts=2,7,7,7,7,2
layerContextCount=0,0,0,0,0,0
layerIndex=0,3,11,19,27,35
output=0.0000003849,0.0493832426,1,0.9638117226,0.9999963166,0.9992779799,0.1505984158,0.0053410154,0.9999987484,0.4980085425,1,0.0023448384,0.9999997171,0.0000745837,0.1246326293,0.2281993989,0.7605424997,0.9999993785,1,0.5902800577,0.000001075,0.000000141,0.9759954249,0.0001311686,0.0043546497,0.9999877037,1,0.9999947258,1,0.9999995872,0,0.997182533,0.4655407265,0.0000000001,1,8,30,1
outputCount=2
weightIndex=0,16,72,128,184,205
weights=-11.6449170798,-21.6821873424,10.7440477069,1.4833657526,16.0227387647,3.8389688455,1.129459668,2.6887389293,7.6132197382,-1.1197523307,-4.3407590114,-16.8157048459,6.600328314,-8.1209301907,18.1402412895,-3.2537462165,-7.3360262195,-3.4276855282,-8.1325647061,1.9526494489,-11.0678063725,12.5043145819,-7.4166655342,6.9165548228,-1.2813704487,4.9369921063,-4.5797152414,-1.6537789854,1.3614957259,-0.3577845237,4.4662568446,3.2792984387,-4.9930670124,4.2589505817,-3.7304374369,-6.1294646583,-6.1070087333,-4.7760686564,13.4547667014,-4.6790360241,-1.013529667,9.0080500728,-2.833075103,-3.7374857362,-2.2448866854,-2.3500791527,-7.6122007605,-0.3577493782,6.0937009401,-2.4413987718,2.8017892423,11.9284081352,10.7610767898,1.1616298753,-4.0649249411,-3.5609703984,11.5802018438,15.3085186799,-2.6413046525,-7.3867607347,-9.0268748273,1.1898327466,3.6607369256,-3.3295125871,0.5983505663,7.7712053806,-5.3521086098,-2.3707906198,0.7854819973,-5.5139810145,-1.8835551185,-1.5867707089,-3.7801377271,1.8014465171,10.3013424458,0.7947478655,0.318636303,2.5482070102,-5.5672022735,0.9584705069,7.4672879846,-4.5732542847,-15.3860109683,-5.5214372941,-19.3705323786,3.054226331,14.1841822895,1.8646328924,-1.6670057743,2.7287774719,-1.8814095106,-1.2554508028,4.5966001082,11.5588474587,-4.7969726664,-2.5482263544,4.2999956328,-2.7641922068,-6.2287299769,0.6967459218,4.51997067,8.4494465711,-6.8693465148,1.6643829315,-0.5364861206,-13.016764768,-8.4415359596,1.9364881284,6.6768728204,11.2573479489,-5.1138676009,2.2720893798,-5.0619141542,3.0063990124,-3.2924414599,5.5254072105,2.6200995598,12.4922775271,-1.1351367908,-0.1687922356,-7.7444632923,-2.2329887222,0.7541606148,-4.2376389085,3.9613032196,-8.3559226867,26.4262796293,-3.3916726241,4.1840471296,4.1164276796,3.9447976828,0.4373491226,-13.5319034339,-3.2544457782,-0.3348408482,3.1287292384,2.1041484119,1.759012093,2.9395923231,-0.2176122552,-21.2002410852,-2.9546461958,-0.7064955285,1.9700494476,0.8528275338,0.253502987,1.4206481082,-0.0486261979,-16.2151337743,-6.9076088625,-0.2821492762,1.0838638488,-1.1654301944,-1.5497201218,-1.8938064602,0.9261185399,7.1874367563,4.5050949535,-0.295653117,-0.9503282644,-4.0747698853,-3.1283151919,-4.1184279589,-0.6833474571,-2.3920780277,18.9914038365,-0.4940072702,-4.0733394735,-4.4131231097,-3.9117364079,-3.2123325356,0.0615188399,0.3208466608,21.4768744357,-0.491574946,-4.2132819222,1.7004161403,1.0828908149,2.4904847514,0.8989135727,16.5000384182,-24.1188946042,0.5666726337,0.807198889,1.5029099188,0.0138993123,-0.287585985,1.0262257972,0.7804679924,0.7695303581,1.1979988775,0.1879898388,-0.5234443103,-1.0943489737,-0.5268499844,0.299910509,-1.0111728717,0.3870848773,2.3459322481,1.2461607192,0.0823915128,-12.5790870872,-0.9496592927,-0.4765455832,-0.9554061325
biasActivation=1,1,1,1,1,1
[BASIC:ACTIVATION]
"org.encog.engine.network.activation.ActivationSigmoid"
"org.encog.engine.network.activation.ActivationSigmoid"
"org.encog.engine.network.activation.ActivationSigmoid"
"org.encog.engine.network.activation.ActivationSigmoid"
"org.encog.engine.network.activation.ActivationSigmoid"
"org.encog.engine.network.activation.ActivationLinear"
