encog,BasicNetwork,java,3.4.0,1,1572776938756
[BASIC]
[BASIC:PARAMS]
[BASIC:NETWORK]
beginTraining=0
connectionLimit=0
contextTargetOffset=0,0,0,0,0,0
contextTargetSize=0,0,0,0,0,0
endTraining=5
hasContext=f
inputCount=2
layerCounts=3,8,8,8,8,3
layerFeedCounts=2,7,7,7,7,2
layerContextCount=0,0,0,0,0,0
layerIndex=0,3,11,19,27,35
output=0.0352259245,0.0001190892,1,0.9999968745,0.0000018216,0.0004789137,0.0000000852,0.9999999978,0.0626739688,0.8202681931,1,0.0000000693,0.9999999992,0.6757074327,0.0134920991,0.965509068,0.0392583769,0.0000313503,1,0.973419881,0.271555408,0.0071010237,0.9999866496,0.9927238216,0.9995801475,0.9999865266,1,1,0,1,0,0.9978783115,0.0275136691,0.7816358609,1,8,30,1
outputCount=2
weightIndex=0,16,72,128,184,205
weights=-2.6649505865,-4.6953048509,15.2249027256,-6.488267047,3.345559173,-3.2366632375,-7.9121284804,2.6949109932,-12.8076751466,6.093483251,-5.2627850753,-18.4125315989,11.006227044,0.770246115,-18.328966878,7.75479431,-3.6299555558,-7.2557139309,3.6337171655,-13.1238017239,13.3170116506,-4.1442064578,-5.5518115015,4.9585237577,-0.5746202148,-6.3746573617,-2.7217273929,7.3376155954,-2.2603943418,0.3810947029,4.6298306469,-2.9337135812,7.9684751215,3.7027525866,-0.856330301,-2.554498796,-12.9161533995,-14.7893529305,4.3083451291,2.31796422,9.2973010091,-13.0280662029,1.7146115584,11.6231012474,-2.6608116947,4.7620816432,0.6224586488,-2.1840010219,-0.7273486011,12.3372114526,1.4639343764,-3.0856944635,3.3138790993,1.4276008594,-4.9167615434,3.3781129559,0.2292059148,-2.0488650182,1.0632381377,3.1887829227,-0.4148506895,-1.7278861893,0.482739828,-0.9493202939,0.5947203255,-2.7423458775,-6.958268368,10.9587655015,3.9791500866,0.1960117452,-8.790013062,4.965083288,-11.3716146015,6.5485456922,-0.299252794,-8.7170100577,3.1287271683,-4.5093029334,0.661237688,2.2648708083,7.2451925734,-3.3386748694,-9.2885128497,3.3630523199,4.0889026848,2.4935912262,1.6319807671,3.3696823482,-3.2693467259,13.8921064391,6.7423882337,-1.3074758128,-1.4849176419,-0.3411468548,1.3121796632,1.9066198199,-2.852622343,3.3670197585,6.1514073656,7.1269047584,3.3562150962,-0.4850238129,-10.9078403303,-1.5393722303,0.6533299689,-3.1253485759,-20.3101290839,-2.0122266905,6.2703401126,-3.6785134524,0.0025248289,3.1508507315,-3.08586365,0.6115161247,0.7279610547,-0.7246881004,1.9039060783,-8.3291411287,10.9842513932,-4.1887631907,-5.8430592257,5.6993127544,5.677129059,4.355935428,0.3652812559,-2.279726031,-11.2019356468,2.4915564985,0.1047685762,0.8193720075,-4.7897203419,3.5736237837,10.8535728306,-11.2380529264,-1.0554205948,-1.4107865185,1.4488548444,-0.9506656555,3.6852166483,-6.8183422236,-0.7356413857,10.208824142,-2.9724500549,-3.3442449259,-4.5007763594,0.9544502132,-2.6419939651,-5.4836307117,12.3661043401,10.2149668037,-6.0023258525,-5.726905043,2.6432367446,0.0632711731,2.4874922633,0.363995143,1.7584006718,-15.273795897,2.794056065,2.5748536818,-2.3620308001,0.0434351479,3.0710385716,-2.7339300376,-1.9239741136,-7.0467750471,4.0125337025,3.1842733939,-1.0564035215,0.7599027176,-1.0315211884,4.280798087,7.6793705159,-7.5464206165,1.3139032661,1.3806703142,-0.6198164539,0.1995935334,-1.428623633,4.6329942593,11.6953238217,-0.353529261,1.4050146469,0.5042241078,-2.6144421966,5.4201878023,-1.6471638255,-0.8910818924,-0.5259112634,-0.9697596179,-1.066764455,3.8563482729,1.2788888151,1.0666894417,-5.877104893,-0.6173939227,-0.3679990536,0.3749213311,-2.1502284052,1.765394176,-0.1608570534,-12.8626148858,0.0438557629,0.0817057285,-1.5267930107
biasActivation=1,1,1,1,1,1
[BASIC:ACTIVATION]
"org.encog.engine.network.activation.ActivationSigmoid"
"org.encog.engine.network.activation.ActivationSigmoid"
"org.encog.engine.network.activation.ActivationSigmoid"
"org.encog.engine.network.activation.ActivationSigmoid"
"org.encog.engine.network.activation.ActivationSigmoid"
"org.encog.engine.network.activation.ActivationLinear"
