encog,BasicNetwork,java,3.4.0,1,1572776955546
[BASIC]
[BASIC:PARAMS]
[BASIC:NETWORK]
beginTraining=0
connectionLimit=0
contextTargetOffset=0,0,0,0,0,0
contextTargetSize=0,0,0,0,0,0
endTraining=5
hasContext=f
inputCount=2
layerCounts=3,8,8,8,8,3
layerFeedCounts=2,7,7,7,7,2
layerContextCount=0,0,0,0,0,0
layerIndex=0,3,11,19,27,35
output=0.0465165445,0.000032023,1,0.021493919,0.0000013663,0.0000002098,0.9980071936,0.9610557387,0.0000003379,0.9832503163,1,0.0185112753,0,0.0089355078,0.9742080548,1,0.9999999998,0.0859953203,1,0.9999984175,1,0.0000000002,0.700650278,0.9999999824,0.9827687091,0.0957682265,1,0.0000004923,0.998536536,0.8640556874,0.9999999997,0.9998591138,0.9997292172,0,1,8,30,1
outputCount=2
weightIndex=0,16,72,128,184,205
weights=-11.7675163109,-9.3595131282,-5.2542498144,18.6491575601,-20.5371714615,8.4030169489,-13.2679843202,11.4037499346,5.7641081145,4.7284971515,21.9437359027,-2.3570052176,18.6602791649,-10.76530938,-7.3208498337,-18.8559581684,15.1560228583,-19.43947299,3.7290461547,-1.4603835905,5.276273302,-6.5572781425,-3.9929481659,-1.0850380233,12.3270057115,-8.453624088,2.1456021388,-2.5176877989,-5.0472547594,-10.548130979,13.8898171902,3.1029111053,11.393554427,1.3703654117,-1.5493864912,-5.3159848644,-3.9040513062,-9.2212473257,8.8780219473,1.9665980756,-2.6345275034,-3.0310301791,0.9781246969,3.7367112497,9.1278069418,-4.959324528,-5.442970638,-1.0845015861,-1.0336031085,8.6975747661,-17.3217099924,7.9611017693,-8.9687770646,-4.0962239007,10.0139248392,7.8278933897,0.5436809878,7.8457372718,0.276660493,1.0277455284,-9.6072818469,-5.6072998589,0.6859266935,-0.7588303596,-15.3681088654,-3.9427648552,-0.7619429531,14.1848548901,-0.8301043284,-4.4832512867,-0.6822477966,-4.083198157,-4.5982885981,-0.9757408042,5.8559530493,-17.6393467677,5.3790525126,8.5326398365,5.2214298845,-0.3023661004,-18.2912692891,-10.89441714,3.9526673273,-4.7989574104,2.1281028394,3.8052426627,4.2202318096,-1.4286470573,-2.0685568501,1.7748797985,12.9914769499,-1.8659502868,-4.2531474311,1.5033163621,6.2880093779,-0.9341506968,11.2066744679,1.0310328959,-1.4067262541,5.8164378147,2.5198059611,-10.4314305535,6.1997664603,-5.5432787713,7.4678145389,15.0023855431,-5.6459789583,2.1808432226,0.670648138,5.3187919779,-2.3513300771,0.8663699026,1.4082259474,13.9350284516,-11.9192127849,0.9504400114,5.3907686018,2.3887299284,-5.3279703216,-0.9176247001,2.5928042797,-1.2588380597,2.6561570527,-1.3484299229,-8.2218654455,2.5425281266,-0.7004778332,3.0375046075,-2.106381443,19.8843033798,-0.4572636608,1.1762659585,-0.7863439221,-6.5427321437,0.2979222188,0.0473526457,-15.8344707189,10.6785488617,3.3220985949,3.3884765109,1.1603551675,5.2583053159,0.5407205496,3.0348111133,-9.0079271216,-28.7124866636,2.0474859048,2.5456552911,-8.550265925,8.3171775867,0.1228796996,2.4127202578,9.4569924828,25.1895208453,-4.1710878592,-2.4885393489,-0.6810433349,-14.0217974978,-0.8083670818,-3.5107256433,-0.9542485284,2.8215083168,-0.0897728707,-0.5697509458,-0.3752008566,15.7158946438,-0.5420806463,0.3499338522,4.7008420198,1.9815883293,-3.8695989617,-3.6183173686,0.8680268543,11.4161464576,0.7789524624,-3.2541371912,-4.2064996256,-16.5872732694,0.7757846713,2.1224381658,8.3553447453,2.5312262016,-0.486291382,0.6403780098,1.1835430298,-0.8569627118,1.7163637394,-2.9374171347,0.256273817,22.3366070767,0.5207244543,-0.0421530119,-1.051813393,1.1593425614,0.3882547611,1.0554948936,-5.7628415385,1.8275634993,0.1432447286,-0.052213507,0.3795008452,-2.7533947034,-0.6946762856,-1.5157586023,0.775917946
biasActivation=1,1,1,1,1,1
[BASIC:ACTIVATION]
"org.encog.engine.network.activation.ActivationSigmoid"
"org.encog.engine.network.activation.ActivationSigmoid"
"org.encog.engine.network.activation.ActivationSigmoid"
"org.encog.engine.network.activation.ActivationSigmoid"
"org.encog.engine.network.activation.ActivationSigmoid"
"org.encog.engine.network.activation.ActivationLinear"
