encog,BasicNetwork,java,3.4.0,1,1572776964897
[BASIC]
[BASIC:PARAMS]
[BASIC:NETWORK]
beginTraining=0
connectionLimit=0
contextTargetOffset=0,0,0,0,0,0
contextTargetSize=0,0,0,0,0,0
endTraining=5
hasContext=f
inputCount=2
layerCounts=3,8,8,8,8,3
layerFeedCounts=2,7,7,7,7,2
layerContextCount=0,0,0,0,0,0
layerIndex=0,3,11,19,27,35
output=0.1613044852,0.0006435342,1,0.9998562785,1,0.5254224841,0.9997692633,0.6347409307,0.3159728442,0.2995698717,1,0.0000001321,0.9999992779,1,0.000379615,0.0507014851,0.999988574,0.0251756956,1,0.9643237582,0.9998746122,0.0947624259,0.9839354652,0.0008151349,0.9995165069,0.2456631919,1,1,0,0.0474048791,0.0052342265,0.9999999687,0.005975045,1,1,8,30,1
outputCount=2
weightIndex=0,16,72,128,184,205
weights=-12.8976708447,13.3215192794,11.1286973172,-2.8367168502,-4.5217082635,-13.0223193341,-4.0622594196,3.1162816065,6.6443124705,-9.176987946,0.5552081607,-2.5858755354,-12.734697447,1.6836234459,15.3499645752,0.4321662682,-2.7370844697,3.1327290287,2.2080748927,-5.7925787055,11.995553813,0.0178842539,-3.2324349798,2.9641891907,-2.7865698927,0.9680879508,15.1899958499,-2.6361994586,2.6209736279,4.9143962599,-3.2716008084,2.884440659,4.7720565094,11.0716776947,-11.8888882151,-1.5820832826,0.6796958606,-0.9186548552,0.540068087,1.7901823495,-10.2527878454,6.4107758333,5.2968341305,-5.0053941469,3.7623501264,-3.3035764367,2.8912407719,-0.2917085361,3.2053794621,1.2473062691,1.6253548152,8.8567347044,-7.3633527082,-2.7486744686,-6.5440636145,0.9633146282,-1.4734505708,-5.6625966336,-6.3566557404,-9.4104690023,-1.7214929043,3.6094693506,2.9120115374,7.6550217128,18.608448359,-1.1650450742,1.1209170938,-0.4235598445,-1.6689026642,-1.0074561536,-1.1013138464,0.3147253689,-5.9136672919,-11.8432532866,5.2278770482,-11.5986038846,-10.6091777364,11.4094778829,1.21091186,0.9285086527,-6.188065093,6.0823305772,-11.4354221231,11.4127616813,-7.3447307363,1.8267388772,-1.107484577,2.3332599476,19.5194346475,6.2311211555,-0.345346436,3.3136585303,-5.6561983218,6.6692999746,-0.1879296132,-2.2678761064,-0.9267647955,-2.9287360858,3.3490349804,-10.198017287,2.4385752859,6.0842749924,1.676870488,-0.8323411974,-1.9767272507,0.8598957297,-2.2206398893,-3.5893246505,-1.784388293,-4.3065471563,-0.8617207159,6.3763586289,5.4604514127,1.7989473868,-0.6985383492,5.6336077289,-0.0223159867,-1.008803753,0.8173140387,-0.3541168496,-5.5537932954,2.6577197886,7.6778855429,-9.3059723321,-0.055929255,5.7506368188,2.8011620634,1.0348380008,1.0842407087,3.2931314498,4.1769608855,-18.3814387488,0.5130640759,15.4578826343,0.3533297258,1.1521503647,3.1584810534,-0.3575438313,-9.4849906628,-5.5818952231,1.4100696217,5.3259268149,3.0595044157,1.8029477174,-0.2155511149,0.1329628164,3.6449399522,-12.5049842559,-0.4457625832,-8.4281053986,-0.7646767145,-0.8878097522,2.0806847256,6.6811875145,-5.0301147752,-7.4042684609,0.2077972892,12.9630190633,0.6039682904,1.4222489537,-1.5362627697,0.2163478771,-2.1807621618,17.2781193519,-1.376564317,6.6354203047,-2.216394552,-2.0088256255,1.4857639244,0.5727476741,0.1920539922,-1.9155605732,2.0957400687,-15.9351177645,2.1990995374,1.9495216245,-0.1870332573,-0.5172579792,0.5377173818,-3.5844618164,0.7188452177,-2.0197689497,-0.8513848585,-0.7969649154,1.0525997114,1.1996820492,-0.8588124634,1.984780587,-6.0790731295,0.2799793976,3.179546012,-0.5058419435,-13.2615745981,0.7123579182,-0.3990553812,1.0255098718,1.4556952707,0.2078327529,-0.5999973692,0.9750580141,-0.1860446068,-7.333296595,0.7706917943,2.5075913754,-0.6515924775
biasActivation=1,1,1,1,1,1
[BASIC:ACTIVATION]
"org.encog.engine.network.activation.ActivationSigmoid"
"org.encog.engine.network.activation.ActivationSigmoid"
"org.encog.engine.network.activation.ActivationSigmoid"
"org.encog.engine.network.activation.ActivationSigmoid"
"org.encog.engine.network.activation.ActivationSigmoid"
"org.encog.engine.network.activation.ActivationLinear"
