encog,BasicNetwork,java,3.4.0,1,1572777003222
[BASIC]
[BASIC:PARAMS]
[BASIC:NETWORK]
beginTraining=0
connectionLimit=0
contextTargetOffset=0,0,0,0,0,0
contextTargetSize=0,0,0,0,0,0
endTraining=5
hasContext=f
inputCount=2
layerCounts=3,8,8,8,8,3
layerFeedCounts=2,7,7,7,7,2
layerContextCount=0,0,0,0,0,0
layerIndex=0,3,11,19,27,35
output=0.7410409106,0.7883332108,1,0.1667456673,0.1125477434,0.9807783073,0.995254827,0.0000174596,0,0.9897540078,1,0.9594018222,0.9997016254,0.2900524682,0.6690877901,0.8183874793,0.2382476969,0.9999735013,1,0.7557461325,0.0213788159,0.0121678993,0.0193476817,1,0.9972181194,0.0036632706,1,0.000000138,0.2645657355,1,0.764670899,0.070957583,0.0000005587,1,1,8,30,1
outputCount=2
weightIndex=0,16,72,128,184,205
weights=10.7196352058,-13.5208137379,-6.3553517255,-9.556966068,-4.2444260785,2.5950625295,12.9574934812,3.7058208096,3.3529362035,9.6301142369,-17.5136202864,6.0032624496,-9.4407454365,-17.3965518247,4.2011600293,6.7162251412,3.2341163944,1.8874224892,0.5965141955,3.8865644322,-4.2065247498,15.5428380624,-6.9899056618,-2.6427766756,0.5779046385,-5.5645047485,-1.5172395393,5.103700336,-7.2657612826,5.6303189069,2.02422524,2.5493059131,7.1938872622,-6.7120271013,7.1308010399,3.349123103,-1.9812612497,7.3396345509,0.5884892699,-1.2843462905,-3.8109856575,10.4299625984,-3.3779032495,-12.3651957814,11.032592484,-1.7567334967,0.6675987421,-1.4495212671,6.2950333318,-4.0648025753,-0.5787784606,-2.0535042088,-2.3423462416,5.4459942874,-8.6518889442,-2.1185170842,-6.3512841981,-23.1357089411,6.6524073308,-13.9934553411,4.6213465255,-1.6446573725,3.8530165605,3.3430674393,-8.1681297624,1.8660306862,-7.0076714146,8.413461203,-2.565335751,2.9694081692,7.0666883743,1.2703455872,-6.2876532795,-1.1871420078,-4.7754682459,-4.3937345305,11.7228275413,-1.439206004,3.1156329948,-2.2160865051,-9.3782846457,0.3878893688,-3.8617188775,-5.7527220926,13.544277943,-5.2042882604,-3.1441278167,7.0115132309,-0.0611832118,2.1127644733,0.7440387178,-2.385666393,2.8178178799,-4.41724889,0.3369321164,0.7289535395,-3.1442800201,19.1728280122,5.8399703157,12.143746961,5.0318058838,0.8783725331,-6.4445307986,-3.519693082,13.1704361987,0.5387624792,-5.4205749617,6.3761943276,-5.442857871,-2.6155451735,11.5112623313,-0.5080133464,-5.7254465105,-2.180042666,1.1749804764,0.5689907664,11.899819703,-11.3842759506,-7.1655890546,2.6650105682,-0.263899071,1.1012892058,-1.5049492502,1.7088968243,-1.0352082319,11.8218807994,0.5627942381,-0.0563129054,1.8524834572,8.8491336038,3.6661399942,-15.8136835463,1.2792424987,0.7744649533,3.3778188169,3.7458520089,-3.3178852299,2.243263103,0.6926041076,-6.1767787968,-5.2592998421,0.1755103782,-0.8959521684,0.8825039606,0.7781822559,-0.7804939943,-2.4331152807,0.2537066101,16.13815773,-0.0404650451,-1.4316988445,-1.664532186,-9.5997615588,-1.3514357085,0.1195844647,-2.484328442,3.9269301703,1.0231528498,-2.1000494479,0.0334121328,-20.182818694,-2.4087036689,-0.5009272045,38.0165112437,-20.2265525605,-0.6747942564,3.942477785,0.8000464065,-11.8392687779,6.4747946919,5.6744424362,-13.8906174527,7.4109815004,1.0646828119,3.4164433674,5.1738343456,-0.237764124,2.3148126792,2.6011555674,-14.7880395821,10.4881561027,-0.1041681016,-0.2102067524,1.9546715535,0.9232183153,-0.8259040052,1.5952022535,0.6280815474,0.0276457422,-6.8763960576,0.9339590165,0.5227678899,0.6270051136,-2.394957817,-0.3954503347,32.201633156,0.8055996453,-0.4986047761,5.9412739992,-1.1204678751,-0.1752538184,-0.1762564369,-1.5089262664,5.1405028402,0.0917369751
biasActivation=1,1,1,1,1,1
[BASIC:ACTIVATION]
"org.encog.engine.network.activation.ActivationSigmoid"
"org.encog.engine.network.activation.ActivationSigmoid"
"org.encog.engine.network.activation.ActivationSigmoid"
"org.encog.engine.network.activation.ActivationSigmoid"
"org.encog.engine.network.activation.ActivationSigmoid"
"org.encog.engine.network.activation.ActivationLinear"
