encog,BasicNetwork,java,3.4.0,1,1572767196611
[BASIC]
[BASIC:PARAMS]
[BASIC:NETWORK]
beginTraining=0
connectionLimit=0
contextTargetOffset=0,0,0,0,0,0
contextTargetSize=0,0,0,0,0,0
endTraining=5
hasContext=f
inputCount=2
layerCounts=3,8,8,8,8,3
layerFeedCounts=2,7,7,7,7,2
layerContextCount=0,0,0,0,0,0
layerIndex=0,3,11,19,27,35
output=0.8529353366,0.6823639224,1,0.1633955485,0.0011502287,0.0098862393,0.2245160508,0.0054917451,0.0172350819,0.190041248,1,0.6170341629,0.4015441845,0.6741094075,0.6389274898,0.0401882221,0.7043692399,0.0003408456,1,0.8047408595,0.0519670902,0.0305742008,0.1510977018,0.7943948871,0.8856655403,0.8421233989,1,0,1,0,0,0.0002733909,0.240289543,0.0000000118,1,8,30,1
outputCount=2
weightIndex=0,16,72,128,184,205
weights=-5.8458388354,9.780947438,4.8114508297,1.0485648503,-9.9681687208,-15.1657406697,11.5799162791,0.5342219659,15.400242433,-2.4792226255,1.1824883449,5.9131756722,-9.9130136721,4.1044479575,-7.1233988064,-1.7506769425,2.8980143301,-11.0474398232,-2.4744312808,1.9574117391,-0.878156035,7.3466703573,-3.5158338778,-3.7062015657,-3.0535318065,5.7603700876,-1.0717242626,-6.1415931835,7.3761690079,-1.0311798043,3.4058440344,-2.120325788,-2.2448815605,-0.6086182541,-0.0665349388,-0.9053607293,-0.3810701042,-0.9697664073,4.9789418587,-1.6571174982,-5.8483350863,3.1920687336,-0.3204140072,1.6046630882,0.9657024859,-0.3149884738,0.9102686519,0.4608046255,-3.5091282963,0.4889551431,0.736180013,-1.6443792533,9.4629457858,-3.1722690567,-6.0804889888,-0.8194918562,-2.1225538029,8.6802970556,1.9916313352,-5.4955367414,-1.3474096689,-9.053924937,3.5608616549,2.3796570097,-1.7138067937,-0.1288632781,2.5315020381,6.9658177313,-3.0735173383,-12.0110720092,-7.6515528025,2.0886745407,-2.1014099714,-1.1758957258,-1.7725244891,0.9428251155,3.4674634776,-4.3132602712,-0.5896972682,3.7030803607,3.9646245765,5.1557670425,1.6687030327,2.3373578891,-5.5225100812,6.8195229972,-1.6042712135,-4.5634178084,-0.0522281512,0.0640515263,1.6410245469,0.1914125296,-1.8794340271,0.3566043732,0.8429762725,1.1537277856,-0.2733506959,-6.4196292646,4.0222750264,0.4011831347,1.538283093,-5.8777191945,5.8768310616,-0.0246254171,8.6156894911,2.5692295879,-3.308266229,-1.1173006659,-4.1142611656,-1.131201039,-5.4014157088,-1.1512344556,-10.3041295957,-1.2432050721,-5.301778044,-4.3462218452,10.2406210126,-4.9757212223,2.7779644741,3.9760920466,0.9531638477,1.7504142708,-2.6826995325,-2.8734629221,-15.6393892103,0.6622484376,0.2645497436,3.2889778286,0.8941572276,2.6552363434,7.4679208775,0.8214617295,-1.5044488083,-12.6342558697,6.2980685834,1.7972471634,1.5931736208,-2.6441556939,-0.7643083538,-1.2730893067,0.391238292,8.7166801563,-6.3782492248,-2.3542568611,-0.4626256354,-1.2276203364,0.1566613898,-0.7842253424,4.4124447365,-5.0915648527,-1.522070962,-1.0066835709,2.2351544806,-1.8727466466,-2.2006253266,-2.24632125,-3.8731362234,4.5086170917,5.0485666957,-0.9355855148,0.2630428198,-1.2747467466,-2.0425673847,5.0954511788,-13.0833223753,15.9982577095,1.2719367259,-1.2142671658,-2.4290260637,0.2565490469,4.7833720431,0.51358309,-11.570780849,3.1485814222,4.5283032719,1.0372544295,-1.5972028099,0.7950263868,-3.5795773138,3.519196775,-4.4220968945,-0.2938231897,4.3065354916,0.9508979993,2.5108314705,-7.6331751525,0.9738792835,0.8197973444,0.9958489384,-0.0988513836,1.6538927779,-1.7273964223,-1.5672414685,4.9076271068,-6.3988295277,2.0773652517,1.8707447011,-1.0024402552,6.902915495,-0.7168672126,-0.1611702465,9.4189523391,1.7753681154,-1.0270704063,-1.6421297082
biasActivation=1,1,1,1,1,1
[BASIC:ACTIVATION]
"org.encog.engine.network.activation.ActivationSigmoid"
"org.encog.engine.network.activation.ActivationSigmoid"
"org.encog.engine.network.activation.ActivationSigmoid"
"org.encog.engine.network.activation.ActivationSigmoid"
"org.encog.engine.network.activation.ActivationSigmoid"
"org.encog.engine.network.activation.ActivationLinear"
