encog,BasicNetwork,java,3.4.0,1,1572777024720
[BASIC]
[BASIC:PARAMS]
[BASIC:NETWORK]
beginTraining=0
connectionLimit=0
contextTargetOffset=0,0,0,0,0,0
contextTargetSize=0,0,0,0,0,0
endTraining=5
hasContext=f
inputCount=2
layerCounts=3,8,8,8,8,3
layerFeedCounts=2,7,7,7,7,2
layerContextCount=0,0,0,0,0,0
layerIndex=0,3,11,19,27,35
output=0.7118308857,0.4213130678,1,0.6812642167,0.9985631234,0.0096539447,0.9352217637,0.7495188428,0.0001848358,0.7912609585,1,0.7188161432,0.9994852044,0.0007222331,0.9754216009,0.0146090892,0.0014501918,0.0324934989,1,0.0000000337,0.9897969974,0.8924864191,0.0084116125,0.9995008923,0.9201171895,0.9987377193,1,0.9999959727,0.9999999955,0.9999990531,0,0.0000000029,0.2608296828,0.0000011779,1,8,30,1
outputCount=2
weightIndex=0,16,72,128,184,205
weights=0.0597223646,2.3518697936,4.7892256513,11.4384129757,-0.1382551612,2.2879051888,-13.2618964014,-1.631749161,8.9147312493,5.8403404378,10.2855287411,-16.3754439279,-11.3810316673,-13.8841244822,17.7648999542,-2.5310536025,6.4389927877,-3.2976108643,2.6918864075,2.7687350524,8.5544877232,2.9201381634,-6.4215775107,-3.1961276328,-2.4920089963,1.7257911163,-5.6339096019,8.1323305375,-2.8894567739,-0.3394180941,2.3451914419,-1.351641546,-3.5358173832,3.0507508329,5.8507615111,-3.7797540761,-7.2087290624,1.3006539054,5.1689626608,-1.520168282,18.2615473384,2.8099023557,3.5853249365,-10.1252877176,-3.5015838506,1.9129199757,-13.1961383207,-2.9143323925,-4.8719844639,8.5380893008,-3.1707555025,-2.7055035676,1.9243866095,4.5851122342,0.7510142408,-1.35345435,-24.9568693513,4.1168340012,-5.4621385037,7.2847675479,7.6830063493,-2.7696630116,-10.7353686812,-1.6323419055,1.937400167,8.5417147285,-4.8864075932,-9.1206944477,11.4373053772,-11.5315173897,7.492621547,-0.0911847394,-10.729819282,10.8797694075,1.8875451582,9.4142607698,-12.517208132,-4.3967736858,6.1011731832,-1.1309274456,-1.1270376825,5.2598492829,-3.5461612399,4.4258569941,8.4408352658,-5.6089692843,-3.8939569657,6.1060433248,-4.7014430291,2.8594583649,-0.9831695039,-0.7709113703,-12.3041176953,2.0619880862,2.9051337133,-1.6795339752,3.081757665,-5.4446609333,3.1237400755,1.2291896205,12.5631979603,0.6491952987,-6.3954282646,-0.49503219,3.1922381586,-2.4927941966,-6.5923293106,3.9011221297,2.7325755739,7.5754529019,-3.6527524252,-1.9466593171,-3.2091201088,8.4893064871,-9.7752140533,4.6594995575,-3.209710675,-4.53638666,-5.0369337978,6.1604455069,-15.3662459439,5.8156491741,-3.2751788542,-3.1264524064,-3.2590374751,-0.3827299483,-2.5004009135,-0.0938305535,-0.8377797272,-9.424586928,-9.1815936412,0.224628925,2.3751791056,12.3349248161,0.8473336753,-0.9803461932,1.7357935618,12.3851337127,-8.5979333062,-0.2153201999,-3.755628218,-8.1264721954,-0.3737987301,1.1714483708,3.2138783136,-10.6825452888,8.1738249108,-0.2419440779,-0.695196817,-2.0120302955,0.8734066721,1.9360530197,-5.1704309436,-0.4350211293,2.014031198,0.4518269639,0.7323795845,13.066294697,-0.4201841429,-4.5863699517,-2.8339037901,1.2984248949,5.0825428738,1.0773660998,2.9698761474,20.7190395864,0.1835303284,-1.3490218183,2.0589021347,-2.9055339598,2.6402646463,0.8271117244,-3.9229885153,-4.5338092047,-0.0391620665,1.8328703819,4.0884459558,3.0324842679,3.5556995299,-0.87046326,-2.9625923186,-22.300713317,-0.4202716376,1.813650621,2.1224371365,-0.1902566711,1.1506181898,-1.7258313722,0.8752180179,6.7649133044,-5.0686430011,1.6321089913,5.4559137675,-1.0351889312,-1.9897892087,-0.7803877553,0.6414107395,-0.7909125191,-1.0562300001,2.1291319903,0.2299641747,-24.9736418896,-1.058782749,-0.1789398939,0.1866893452
biasActivation=1,1,1,1,1,1
[BASIC:ACTIVATION]
"org.encog.engine.network.activation.ActivationSigmoid"
"org.encog.engine.network.activation.ActivationSigmoid"
"org.encog.engine.network.activation.ActivationSigmoid"
"org.encog.engine.network.activation.ActivationSigmoid"
"org.encog.engine.network.activation.ActivationSigmoid"
"org.encog.engine.network.activation.ActivationLinear"
