encog,BasicNetwork,java,3.4.0,1,1572777037162
[BASIC]
[BASIC:PARAMS]
[BASIC:NETWORK]
beginTraining=0
connectionLimit=0
contextTargetOffset=0,0,0,0,0,0
contextTargetSize=0,0,0,0,0,0
endTraining=5
hasContext=f
inputCount=2
layerCounts=3,8,8,8,8,3
layerFeedCounts=2,7,7,7,7,2
layerContextCount=0,0,0,0,0,0
layerIndex=0,3,11,19,27,35
output=0.9997197663,0.2638886068,1,0.0222440646,0.0000498762,0.89144386,0.0000041492,0.9454861166,0.2049054354,0.9897532031,1,0.4390408023,0.3941815029,0.9506934748,0.084274434,0.0707132234,0.5241096104,0.9827946328,1,0.99999993,0.0256903268,0.0004356892,0.0000000003,0.0029095493,0.9997875884,0.5337971019,1,0,0.9962092471,0.0685382578,0,1,1,1,1,8,30,1
outputCount=2
weightIndex=0,16,72,128,184,205
weights=5.8017612706,2.6588468227,-3.5829551988,8.0383652679,4.7296152432,-13.7133969669,12.3059492848,-2.5972995132,-7.7046453235,-8.1489525525,17.6760163442,-7.5084895777,-8.8043083819,10.6435555194,-14.2902580674,3.6760472544,2.5191623343,5.3511909358,-6.4484195117,-2.064834397,-2.0484882433,8.0176977755,-1.2051245752,-3.5669645935,15.9416886047,1.6708460227,-8.796596611,-1.12157143,-5.7491406196,-9.483877462,-6.1714944339,2.3362442443,-2.5075932859,6.1539767478,-9.6848479844,-7.7509460439,-5.1232301608,5.4580371839,8.1951682263,0.0887583716,-0.4357017472,6.1300819855,-9.9050281073,-3.585283364,3.7828341248,-9.5510380377,-1.1965475931,1.0153885313,-1.0375682358,-2.1052844189,-2.119464505,-19.3697314274,-7.5388193006,-0.4880542155,5.4441005692,3.2244322861,14.2687257785,-0.299075582,-4.3283342907,-0.9407474438,1.7023033841,-4.7277875066,1.0942295081,-2.0262744797,9.6081780883,7.5497456985,10.5506146284,-8.6832969879,5.4678973015,2.6710762308,-7.8328112909,-6.011026871,2.400314303,18.2853901703,-10.5852946431,-7.356745681,-0.4054405419,-5.3197726154,-5.6947360686,5.2491401914,10.8947847751,-0.2882674829,0.2832075936,1.5573569262,0.6007650626,-9.9636073787,2.2114154193,-2.5379747832,-0.2894783062,-15.0845219887,13.7657106079,-0.8924794284,2.9213267283,-0.8292099898,-6.2621342624,7.793385509,3.2099702191,-2.2532185849,1.1594254437,16.1410817901,1.943006011,0.7597437409,-8.8172594214,-1.5968355102,2.4971216168,1.5050608803,-3.1819890934,-1.5525922015,-0.7020580666,0.6275956052,-12.6261249253,1.0041838858,-1.9954973631,-4.6370520763,10.8966631432,2.6130848529,-1.7666556978,0.1039549568,7.7258963995,-2.0164634756,4.9406806677,3.5359968463,0.7237676044,-5.4418425688,-0.6730406155,-0.6372474082,-1.0894816214,0.2339746544,0.9328596321,22.6602425172,-4.8259349161,0.23571314,-2.925675263,-0.5096383162,-0.2318863676,-2.1016945311,0.9563946151,-22.8967432172,2.05147476,0.7487557268,4.4888829704,4.4911418624,4.3765762563,5.6771270638,-1.8908157584,-4.6365473273,11.9308232725,0.3612931669,-5.8549542857,2.775123869,5.0124537371,-5.8695154193,-2.8405822806,-14.8852325656,9.4534213567,0.2085136413,-3.203861098,-0.4987620495,-1.6217420676,-2.3318094619,-0.6091945065,0.3421121882,-3.0857027066,0.7801692736,-2.3511204711,0.218034525,-0.8135689125,-3.0195150731,0.1432039952,11.3337086211,4.6796038621,-0.712399299,0.1986640972,-7.1604608407,4.2150668541,-0.4079751347,0.6758025174,5.6221143236,6.7218171447,0.3070559692,0.2295410142,-0.0496355492,-6.3178738408,0.2118593267,0.2948581702,-1.3103364812,-0.1090806024,-1.8293555926,0.3161024665,10.7231634108,-0.817141834,-0.2935747723,12.735014822,-0.5624599979,-0.8318372672,-0.6476467944,0.7190325066,1.1840412246,0.3225052856,-1.2942344812,3.8841354553,0.8082432895,-2.0759405825,1.9797809991,0.0953820758
biasActivation=1,1,1,1,1,1
[BASIC:ACTIVATION]
"org.encog.engine.network.activation.ActivationSigmoid"
"org.encog.engine.network.activation.ActivationSigmoid"
"org.encog.engine.network.activation.ActivationSigmoid"
"org.encog.engine.network.activation.ActivationSigmoid"
"org.encog.engine.network.activation.ActivationSigmoid"
"org.encog.engine.network.activation.ActivationLinear"
