encog,BasicNetwork,java,3.4.0,1,1572777073316
[BASIC]
[BASIC:PARAMS]
[BASIC:NETWORK]
beginTraining=0
connectionLimit=0
contextTargetOffset=0,0,0,0,0,0
contextTargetSize=0,0,0,0,0,0
endTraining=5
hasContext=f
inputCount=2
layerCounts=3,8,8,8,8,3
layerFeedCounts=2,7,7,7,7,2
layerContextCount=0,0,0,0,0,0
layerIndex=0,3,11,19,27,35
output=0.5535799693,0.6908965294,1,0.9010697321,0.1681361535,0.993199536,0.7435445997,0.1293023988,0.0268220681,0.0000104501,1,0.999765174,0.9989275494,0.9999994123,0.4309727716,0.3295262448,0.9999999821,0.0099587921,1,0.9999999995,0.1236352143,0.9947416017,0.9999991062,0.999878216,0.0099087673,0.2479391056,1,0,0.0011484794,1,0.9999998974,0.0000000173,0.8952501603,1,1,8,30,1
outputCount=2
weightIndex=0,16,72,128,184,205
weights=-5.5141588773,9.0010250535,6.7559575856,-14.0552413687,11.1706412387,-1.9435662489,-7.5905645554,6.0188938296,10.4075235876,-14.6832429115,-13.1237426661,-0.1351419549,11.3133377019,-8.7848560962,4.9235939927,5.8029075375,1.2105538077,-1.0880075485,-2.2754597616,0.8655864546,-5.498331619,7.9694504636,-0.5630154518,-2.1638459778,-2.6993216847,6.7111520589,1.2669575146,-1.3381425894,-9.3257994508,-1.8754224628,17.480203481,-1.5199789186,2.0212863366,-1.276644565,-2.1123086837,-0.83150494,-5.96371349,9.3797129125,-12.7870670132,-0.5781009746,-1.2165898314,7.3813545898,-5.5748505074,12.4503953996,-3.502165207,-1.2152097972,7.2837098378,-2.5868663384,-0.8809350419,-10.2583756181,-1.5158603827,6.8535281063,-0.7822642602,10.2654312694,-2.9773348599,-2.194867035,-3.7150323763,7.1716649116,-1.5590910289,-0.6114096139,-4.1341081742,-6.3976155013,5.0021766,2.4915322855,6.5285099548,-12.8041647305,1.5783087236,-0.5124517722,3.7877031841,-7.1998557308,1.6194213539,-0.6273054468,4.2826952716,-0.6935174441,0.0871869526,5.2955403771,0.1548876489,-2.8111347251,-1.6640789581,-0.9372091836,4.0933483907,0.5817147143,2.4956414078,2.0445938829,-0.8834611126,-10.2810692629,8.4432001269,-2.9638164681,5.4287129564,-4.9393352827,8.9341317213,1.4427540058,0.489198249,0.1353116183,-1.6281023401,-0.887772163,10.5153064285,-4.7122550592,-10.9272197937,-8.0258135532,4.7794826154,1.1753549477,1.9843705998,3.4024274259,-12.490316894,-3.611468511,7.2020699223,7.0149484258,-1.0862612794,3.0360855322,4.0653144511,-1.9045530166,1.7706314627,-11.0508530281,6.597021354,6.7794460378,5.3168412909,-12.3336572779,0.1259918767,-1.1312524057,18.5153302953,12.9533482612,-11.5363574992,-4.411757535,-7.6135704747,0.1980792904,10.0304333454,-3.7049188588,3.4100727528,-24.6210056574,0.627561917,6.4654384437,-0.1024712681,-2.0288421005,8.6812724459,7.5429345201,0.985059478,3.1550627783,-7.9069662238,1.8391790471,0.3590123747,-2.5474714583,3.2923987864,3.0939422632,-2.145418771,-4.16616517,-10.7827585194,2.5246250275,-0.7148954565,14.490842318,0.0941909804,0.4384551575,-1.4323540962,0.1078419943,14.3594737857,-0.6907548125,-0.6343517999,4.7660475948,-3.1051946123,-0.9027069067,-1.1480724587,1.2804480694,-4.5849090672,4.4644170757,-0.8777567125,4.0155748816,3.0071740989,2.5300433333,0.724396331,-7.2052414048,1.8064186953,1.9964213711,-0.0415090168,-15.8472764088,3.155351778,2.6329830347,-0.1866144264,-17.3584407484,-4.3725584059,4.2245271416,-0.7476169768,-7.6447958206,0.6591460619,5.2431920214,0.4110894964,-5.1288785852,-0.8700765249,1.6212241935,-0.6955501306,1.1285430661,-1.8236359699,1.2937181829,0.0261341196,1.2159743825,0.2053994897,0.2025361466,-1.0661796762,-0.3311158856,0.5882160632,-1.0054455769,0.1301512109,6.2845564475,-0.9913181093,2.6701784098,-0.797132264
biasActivation=1,1,1,1,1,1
[BASIC:ACTIVATION]
"org.encog.engine.network.activation.ActivationSigmoid"
"org.encog.engine.network.activation.ActivationSigmoid"
"org.encog.engine.network.activation.ActivationSigmoid"
"org.encog.engine.network.activation.ActivationSigmoid"
"org.encog.engine.network.activation.ActivationSigmoid"
"org.encog.engine.network.activation.ActivationLinear"
