encog,BasicNetwork,java,3.4.0,1,1572777083085
[BASIC]
[BASIC:PARAMS]
[BASIC:NETWORK]
beginTraining=0
connectionLimit=0
contextTargetOffset=0,0,0,0,0,0
contextTargetSize=0,0,0,0,0,0
endTraining=5
hasContext=f
inputCount=2
layerCounts=3,8,8,8,8,3
layerFeedCounts=2,7,7,7,7,2
layerContextCount=0,0,0,0,0,0
layerIndex=0,3,11,19,27,35
output=0.5775561966,0.59145876,1,0.9894355929,0.9999321703,0.0018097084,0.3632938622,0.8873589279,0.9998270379,0.9998748823,1,0.003677728,0.143800986,0.0035738702,0.0005492436,0.0024632562,0.999905757,0.0286673492,1,0.9963323302,0.4029690446,0.9897544663,0.4945488356,0.0400233859,0.8241809229,0.642293121,1,0.7126372508,0,0.9995786019,1,0.9999979736,1,0.9999999786,1,8,30,1
outputCount=2
weightIndex=0,16,72,128,184,205
weights=-2.1069743075,5.9717655552,11.9004111816,-8.1219342814,-5.7781211894,6.036846899,-1.0982304726,-0.4552254644,-8.1364062308,3.2987332688,3.9410765408,7.8855334024,-1.1781089196,4.040568807,5.4854835028,-6.2292202282,1.2588413004,-0.6258152943,-0.8480129934,2.0983143233,-5.3385522812,2.8630028158,3.0368655353,1.6902438618,-2.1951314841,1.4037244056,-3.25929653,-2.6574805373,-4.7137664765,6.6376020792,0.8771876235,2.7672542739,-2.1392619703,-1.9181465496,2.1522929257,9.75635088,-3.0852628735,-4.3209016059,-4.0220181556,-1.5987350658,-1.0603532532,-5.9760834667,8.3597417907,-3.4059599375,2.7674281418,-2.3643043808,-0.2559788509,2.6387671851,2.1319823917,-0.887176968,1.3058287945,-5.071160007,1.0524145917,-0.0806780999,-0.4000803435,2.2714450278,-2.8095680114,-2.9407835617,-1.2256535094,-1.5932085796,-7.5631631499,8.602402801,0.0760382845,0.5155989804,0.3125451832,-1.4818040646,3.9860818032,-4.5897611043,1.1063515456,6.4523293824,-1.9167565262,2.7868433,0.4187283953,2.9039214956,-0.690126216,-2.1883059796,-3.3408896936,-4.492049341,-1.5519084645,-0.5911237983,-2.6492374256,3.0516945927,1.2811263528,2.4096248798,-3.6334832192,-4.3995792485,1.43821109,0.0137526914,1.6539166858,0.4606083541,-6.165217353,1.3782827406,4.2176339092,3.1970956331,-0.4052211792,-4.5870826464,-3.5399167675,-10.8333385683,-1.2834364013,8.5044087082,6.4652526307,1.8272594436,-6.981115304,0.1696246308,-1.6044746172,7.2084002969,-2.8128343428,1.7274814053,2.9512911273,-11.6916582024,0.8752000947,3.5755003288,-0.2547826118,-0.2068239749,1.8021776008,-2.6422396807,-7.4591436824,2.3539941275,6.0808172515,3.582490909,-3.6670346646,0.8132473659,2.8229542506,0.2552016045,1.0560508516,-3.4073040133,0.8377049636,-0.8893636343,0.6230764217,-0.2300791147,0.0262151861,-1.6733143101,0.0515244318,2.8903926046,6.3151906546,-2.4495004065,7.5242456668,0.1563392988,0.9548248706,0.9460782135,-6.8347447865,3.5152227399,-6.2913740218,1.9552143978,4.5913024106,-0.2492725667,2.4186023273,-2.0218249269,0.0358869914,5.0242719459,-3.6577769832,-0.4994582723,-6.8559251985,-0.1524536645,-4.9133973882,3.7366160547,2.5243890668,2.2717764379,-0.8715190929,2.1140516859,-9.1404958528,-0.840987316,-5.4034432982,-1.1119704698,7.2937479945,2.0683697889,-0.8243571134,1.3118037018,-15.2684661824,0.0910735671,3.9900403882,-0.9612030055,-2.495252533,6.1051343601,5.9849290724,-0.1961594736,3.6156884449,-0.5252404473,-0.2527858579,-1.7979286656,-5.7543413629,3.1718449048,5.0715582311,-2.4298087012,0.9116499177,0.2595451956,-14.1713280357,0.4880185678,-2.2780439995,-0.1709067978,-4.0783120712,1.4176031297,-2.1300861772,-0.6666591738,3.3252746193,0.7498263967,-1.9830255056,0.7915428217,5.2271571326,-0.9277045851,1.3837961451,-2.7094732059,-2.7870105909,1.341018425,-0.2734489457
biasActivation=1,1,1,1,1,1
[BASIC:ACTIVATION]
"org.encog.engine.network.activation.ActivationSigmoid"
"org.encog.engine.network.activation.ActivationSigmoid"
"org.encog.engine.network.activation.ActivationSigmoid"
"org.encog.engine.network.activation.ActivationSigmoid"
"org.encog.engine.network.activation.ActivationSigmoid"
"org.encog.engine.network.activation.ActivationLinear"
