encog,BasicNetwork,java,3.4.0,1,1572777097068
[BASIC]
[BASIC:PARAMS]
[BASIC:NETWORK]
beginTraining=0
connectionLimit=0
contextTargetOffset=0,0,0,0,0,0
contextTargetSize=0,0,0,0,0,0
endTraining=5
hasContext=f
inputCount=2
layerCounts=3,8,8,8,8,3
layerFeedCounts=2,7,7,7,7,2
layerContextCount=0,0,0,0,0,0
layerIndex=0,3,11,19,27,35
output=0.1968748861,0.288402866,1,0.0244695842,0.0099439715,0.2697580716,0.9187533789,0.0011787582,0.9998202033,0.9997813078,1,0.9966606623,0.8323991256,0.0987718388,0.0139623053,0.0000421099,0.000160186,0.3482370494,1,0.999667878,0.9955835931,0.4022279749,0.8429302362,0.0064298583,0.0003700041,0.9999605101,1,0.0000101901,0.0000000027,0.0000067166,0,0,0.9861674718,0.0000022985,1,8,30,1
outputCount=2
weightIndex=0,16,72,128,184,205
weights=3.2137466318,1.8171393825,-9.6065101134,8.980154572,15.6749597348,7.4685202089,-8.4020946298,-6.2471616415,15.905682535,9.6440580666,-13.9195791964,-2.3024956677,-7.5440122299,11.0448856642,-6.2980395106,-0.2552598317,-1.7594398037,-0.4218751628,-2.7975612878,2.6539025669,4.8023363637,10.2230233375,-1.5964884609,-0.7874352027,3.2326044984,-6.9333790234,-5.4722015349,0.8979901097,7.5521203028,-1.0780196451,-1.9939358292,-0.8290877635,3.0275016984,-3.343252367,-4.0305693555,0.2336425843,6.5916403646,13.3669698326,1.9848766991,-1.5291036853,5.2864730118,2.3777502244,-8.3575756622,-4.7520359766,2.5447384186,-0.6370549956,-2.1942130062,-3.1665847619,-5.3308279478,-1.9173170603,9.5161969498,-2.5544543048,16.600152885,-3.9634623053,4.2092543297,-2.203263415,-0.3248275132,9.6553362605,3.1014902512,0.3970505817,-3.8880562551,-8.9725866904,-1.2747522898,1.0437864207,1.669380003,5.1170182433,-2.2845319998,0.1193727646,-5.4610914392,-0.9564465429,4.5500691463,1.1442808777,-3.2348131314,1.3007937408,-10.6614385438,6.8994196348,0.7664878905,0.4128621547,4.862384473,1.2426535236,3.2719419539,5.0516703518,5.0561994121,-3.136197601,6.2580549545,-4.244458514,-5.0588216941,-1.067683835,-3.8764479524,2.1366590974,5.7112459699,4.220423098,-7.8166840705,-1.4260216817,-5.7550286206,-0.5121641474,-9.5093159011,3.6440919657,-0.25781586,4.2195786217,0.9735077876,2.962844697,-1.9828838234,0.1431661958,-7.8226679825,-4.2399175306,-4.2102545772,-3.3033049218,6.6210995941,0.936363239,2.6002005382,3.8009964325,-10.6375044008,0.4766305151,-8.1628490655,2.3160717604,2.9224450043,12.5376381477,4.4646378068,-1.7364207492,-3.7351023646,-4.0582539782,-3.6909152073,-1.552174517,-3.2162171216,-0.2067450137,9.2200262974,0.7414537327,5.2351992012,9.6779834967,-1.6435393143,0.7229079098,0.4042331149,16.5376117231,-5.3150589526,-8.2992089031,-6.0897272832,-3.7593933706,3.6598197133,-1.4733930524,-0.4050882373,5.0465291383,0.2504945066,0.4413166718,0.5912403794,4.4326238905,-10.0506806458,3.9732368331,-0.8997109904,1.8071554477,9.5635720143,-2.1783088548,-2.3678183625,-1.5424344686,7.9467734354,-2.3563034583,-1.4212186146,-3.9533463118,-2.829388746,5.5788329344,-9.8992817955,7.1897665579,1.5387594728,0.4522861512,0.6270682877,-5.5333418821,2.7684335699,0.4165337785,-4.5457621561,-0.1255353137,3.6318819604,-2.6664816446,1.0407215689,-12.342042225,-2.2621785234,4.2697212737,9.3604000884,1.8542475477,-8.1627007372,-2.2561556173,1.3275549475,6.1401801947,-5.0972482072,4.0841502553,1.0474857456,-0.6433608358,-0.5731468674,1.4099926302,-0.8552303837,-5.3382608699,1.562952903,-1.0099098375,5.8827459722,1.246902489,-5.9104505937,-0.4433521195,0.4879476371,-2.2103794592,0.708406115,-2.1874590109,0.1944857328,15.9319033623,12.4806840071,-3.7553221655,-0.1690512072
biasActivation=1,1,1,1,1,1
[BASIC:ACTIVATION]
"org.encog.engine.network.activation.ActivationSigmoid"
"org.encog.engine.network.activation.ActivationSigmoid"
"org.encog.engine.network.activation.ActivationSigmoid"
"org.encog.engine.network.activation.ActivationSigmoid"
"org.encog.engine.network.activation.ActivationSigmoid"
"org.encog.engine.network.activation.ActivationLinear"
