encog,BasicNetwork,java,3.4.0,1,1572777109453
[BASIC]
[BASIC:PARAMS]
[BASIC:NETWORK]
beginTraining=0
connectionLimit=0
contextTargetOffset=0,0,0,0,0,0
contextTargetSize=0,0,0,0,0,0
endTraining=5
hasContext=f
inputCount=2
layerCounts=3,8,8,8,8,3
layerFeedCounts=2,7,7,7,7,2
layerContextCount=0,0,0,0,0,0
layerIndex=0,3,11,19,27,35
output=0.7166661364,0.4035105517,1,0.9996087258,0.7578602786,0.0000275761,0.1977241487,0.4227980952,0.0000359185,0.1147047943,1,0.9901824681,1,0.0000085934,0.1088487336,0.5678482706,0.0048492725,0.2438585297,1,0.9793124944,0.999438044,0.7683871013,0.8676661756,0.8768200818,0.0296482975,0.9989500361,1,0,0,0,0,0.5458204209,1,0.0215342799,1,8,30,1
outputCount=2
weightIndex=0,16,72,128,184,205
weights=-11.1021553429,11.400340866,8.5773328116,1.5605413088,0.0835406504,-10.891220762,-12.5501521809,4.4817697732,11.2415839793,-1.2948864845,-1.44533044,17.51137146,-24.4857109216,21.2092402649,3.0945175527,-4.1122883445,8.1930068108,7.0196875268,1.1531578038,-13.2798272868,-2.4202688754,11.3937540021,-3.8083997593,-3.5932612646,-5.0617070109,-3.9996457207,4.1466636988,-0.6834860937,2.0700913756,0.643106449,7.9320038157,7.1141011476,2.8972524595,-18.4415075418,1.6709659025,5.8486760351,1.1939948379,9.541623578,-5.0975858057,4.9563435517,-3.212252686,-10.5754938161,-4.6998543995,8.1179504933,17.6947669567,-9.3942360396,6.7184957535,-0.168707867,-4.9054805593,-7.814463808,-0.6982021131,-3.2198006677,16.3797122787,8.3793498145,-3.3727732837,4.1916189945,2.0335334862,-20.7756661393,-2.0931544006,3.8180031722,10.1455143239,9.1077341636,9.3155955798,0.0353428385,-15.4137307266,10.990373347,1.2042671019,-1.8938173296,9.1938684941,4.6872146526,10.2622165023,-5.3113784121,5.2357718248,10.6460003197,-11.1736761371,-6.6043638904,2.3295386754,1.895733232,-0.0665592386,1.1300345509,17.1953034939,-5.4553177012,-8.1238274152,15.8758869915,9.2563538436,-2.4226498728,0.8831346968,4.5471356231,2.5741249159,-6.596642055,-1.8004424906,2.5300205082,3.5984771064,-0.8702718585,-12.787314347,1.2402496257,-8.4244347415,-3.2104849666,1.7946738042,15.2988334054,-3.4387786913,4.3472340756,0.031571731,-2.4422409479,18.0903254713,-15.914487078,2.6622517601,6.9150040497,-1.6857809557,-0.125006859,-6.6345012135,-1.4736473919,-5.1057003131,1.4252804032,1.0885121005,-4.5781702712,-11.3405677173,2.9611147146,6.3307695673,4.9191789886,-6.4006675729,-2.4560535773,8.7268620487,-4.6162660885,8.2731294738,-2.3953215356,-3.7651278914,1.4692023792,-3.2688462698,-0.5988192456,-0.2276677478,0.1631612254,-4.322707888,3.0397934702,-7.4333160683,3.337020744,4.7767252559,1.496048302,-0.8306437964,0.422447965,12.9459793938,4.2980879036,-19.1699888697,-3.4679309506,-6.2210075897,0.8058263546,-0.6680833913,0.152435644,11.4368752971,-2.0767303597,-3.2092024627,-2.897415658,-5.6871915644,-1.1654906624,0.7574958666,0.7796277918,-15.616966348,4.1333002608,7.3838992945,6.1122312775,-0.8444721126,0.1735161294,-0.686666117,-0.5238566738,-3.1065155905,2.3630212292,-17.3742807985,1.6693768266,-3.4613328145,0.2876674698,-0.940111777,-0.0207333707,2.22540382,-4.5483179493,4.1405831617,-0.2437712577,1.5988289708,1.0607616739,-0.4976539547,-0.0382776862,18.2467263085,-1.5461177917,1.5515684325,-1.5887810033,3.3335117415,-4.6279784849,-0.0200352868,-1.3432727192,-2.3415211551,0.2674526592,-3.0025134817,-3.1029131032,-0.9245776961,-0.9522929484,-0.6837614035,-0.2318256012,-1.276289475,-0.3195400565,19.9803148483,-1.8540626184,5.5788843678,-0.4664843461,0.5874190716,-0.1852832664,-2.9571942558
biasActivation=1,1,1,1,1,1
[BASIC:ACTIVATION]
"org.encog.engine.network.activation.ActivationSigmoid"
"org.encog.engine.network.activation.ActivationSigmoid"
"org.encog.engine.network.activation.ActivationSigmoid"
"org.encog.engine.network.activation.ActivationSigmoid"
"org.encog.engine.network.activation.ActivationSigmoid"
"org.encog.engine.network.activation.ActivationLinear"
