encog,BasicNetwork,java,3.4.0,1,1572777119929
[BASIC]
[BASIC:PARAMS]
[BASIC:NETWORK]
beginTraining=0
connectionLimit=0
contextTargetOffset=0,0,0,0,0,0
contextTargetSize=0,0,0,0,0,0
endTraining=5
hasContext=f
inputCount=2
layerCounts=3,8,8,8,8,3
layerFeedCounts=2,7,7,7,7,2
layerContextCount=0,0,0,0,0,0
layerIndex=0,3,11,19,27,35
output=0.9997738873,0.5384631773,1,0.0000724268,0.205372815,0.0528166005,0.0009219241,0.9850215871,0.000015169,0.0000123644,1,0.9998450577,0.2983009073,0.1363013732,0.0480670368,0.0271193926,0.9940589688,0.9979650371,1,0.4305742782,0.9999422324,0.926174429,0.0008642332,0.9999949446,0.1976375111,0.9136625866,1,0.9924923926,0.0000000008,0,0.9986292572,0,1,0,1,8,30,1
outputCount=2
weightIndex=0,16,72,128,184,205
weights=-6.1614682295,8.4898920674,-16.0938834126,-2.8873852067,3.9817714888,-3.917133975,10.5593520613,3.5815880512,12.2103600225,8.56950149,-1.3726888712,9.1882642091,-6.8499057454,2.7557052162,-7.032570534,5.2047103302,-7.470534439,-5.7170078888,3.0882396364,-12.5862947502,0.7611676714,-0.0817779895,-2.0338887766,1.9163584447,-7.2152339404,-2.576831501,-3.5315931307,5.0590747221,0.4775413543,10.3959237168,-2.932188754,-0.5529626668,-5.3455867521,3.177895739,9.9879322622,1.2012899828,1.5820615968,0.7520824312,-1.3672638479,0.6649734666,-10.9854228562,0.1859887012,1.7030709784,2.7696448619,0.8929830563,-5.3510974577,11.8676145075,-2.9735197943,3.7329868077,-3.0342701705,-2.2625526386,5.0601615714,11.3744232219,-1.3236447956,1.32578668,1.1081575032,-3.8846393644,-10.3132215535,-0.4095633785,4.704485233,-1.6343758911,0.2927401668,-2.8092913314,-1.7491674046,-11.3548144591,2.0393285421,10.0521949602,10.0797393794,0.2718592716,0.648276521,-2.259340005,-0.8076425459,-6.3185026851,-6.717150564,6.3309097035,-7.343003285,-0.1104168598,0.6008123551,13.9880713953,-0.4362346341,-0.7774751941,-6.6363661311,4.6382842158,0.7353608823,6.5477856143,-1.2121763737,-5.534902947,0.5676986418,12.0364626907,4.0764894922,-4.8761673567,0.0136761658,-2.8093677178,-3.9694622775,-6.8718621242,3.2834004598,-0.69332841,-11.8314918396,8.6546751504,2.3480061771,7.676250581,3.6770803151,-11.7022878471,3.4146735304,-1.2146461617,-12.9378786246,5.680970938,1.2005062992,2.9764439941,1.3338043723,0.0626253569,1.3202496254,-3.1415262003,-4.0311556583,0.4651824862,0.7444423315,6.5326650879,-2.8650770509,7.9767594013,-3.1824385202,-7.6954351782,-10.7958909272,8.1090010854,-7.0004819033,6.9636186515,3.0750301056,3.8852408291,1.678541043,-11.8443769362,3.0088428048,0.9421189963,3.5242111064,0.7468227312,5.9753438843,-0.2591577604,1.9812212989,-12.9709404078,-5.4362566043,-0.2777009883,18.8496067681,-0.2362364033,2.7909693911,-0.6687865623,1.0178465824,9.9354910979,1.6562440832,-0.1725516014,-2.9875978377,-3.648336361,-3.3674657415,0.0286071792,-0.9805735579,-6.1027663716,-4.1823440359,0.913177369,-3.522618315,3.3713905038,0.3299930535,0.5058755635,2.1919425836,10.6912025649,-8.6388442146,0.0892433929,2.1992060363,0.6214532787,-2.3634460719,-0.0536909056,1.7513651738,3.6188329376,-3.1969763723,0.0809037934,-4.5711303772,-1.1251239305,-0.7799026742,-0.3516642762,0.3519771628,6.2553942477,15.7971138249,-0.5228760466,10.8268986665,-2.6607302371,-6.6974158966,0.404435133,-7.963874782,-1.9120288776,0.1773574124,14.8598111649,1.6649206726,-0.9567426099,-5.5268013485,-0.7926224385,-0.6607313975,0.7561007365,-1.9395966961,0.648548426,2.6513515678,5.3640070165,-7.1949981574,2.1374426146,-0.7720646253,3.4521947788,0.2527901729,-0.6325683396,-0.7955323202,-0.8975347781
biasActivation=1,1,1,1,1,1
[BASIC:ACTIVATION]
"org.encog.engine.network.activation.ActivationSigmoid"
"org.encog.engine.network.activation.ActivationSigmoid"
"org.encog.engine.network.activation.ActivationSigmoid"
"org.encog.engine.network.activation.ActivationSigmoid"
"org.encog.engine.network.activation.ActivationSigmoid"
"org.encog.engine.network.activation.ActivationLinear"
