encog,BasicNetwork,java,3.4.0,1,1572777139938
[BASIC]
[BASIC:PARAMS]
[BASIC:NETWORK]
beginTraining=0
connectionLimit=0
contextTargetOffset=0,0,0,0,0,0
contextTargetSize=0,0,0,0,0,0
endTraining=5
hasContext=f
inputCount=2
layerCounts=3,8,8,8,8,3
layerFeedCounts=2,7,7,7,7,2
layerContextCount=0,0,0,0,0,0
layerIndex=0,3,11,19,27,35
output=0.9615396799,0.9996675113,1,0.5573971198,0.9495825515,0.0008531771,0.7959912592,0.0001131446,0.9998464302,0.999973765,1,0.9780460266,0.0029849607,0.9980495362,0.8154855119,0.1090439912,0.0000003379,0.3432716138,1,0.0000052541,0.0675952627,0.0120159349,0.033966055,0.2391709395,0.9998309936,0.998632496,1,0.9999728719,1,0.9999999997,0,0.9932444951,0.0432313071,0,1,8,30,1
outputCount=2
weightIndex=0,16,72,128,184,205
weights=-12.3527382508,-10.7345492695,9.832829402,13.1142881444,5.4027889841,1.8014598123,14.0357080102,-5.986751945,-0.1890588045,2.8416698958,-3.945354274,5.2701186839,-5.4412277209,16.5171698716,-9.2479125107,-6.0423973457,-9.5274652657,0.3963520253,2.7807063795,2.4449773459,2.0822953896,-5.1633518771,3.0178793628,3.5155827751,13.8001467587,0.195978464,-3.9063889294,-3.8970534023,-11.1813974762,1.9064725304,0.1061330771,-2.3024871997,-20.0310469545,-4.9644410835,9.4917672797,-6.1417368578,3.3059480142,-0.9047139246,-0.6591149299,7.941420103,-4.7053414144,-1.0276607255,-5.1398239176,14.6630512607,-7.6333925222,-1.1682469982,-4.7947936288,1.6171189088,1.867706227,2.5111857522,1.5333752966,-18.2664755503,4.6759928709,-7.7519810039,6.7060695591,-0.3671570958,-0.0075998035,0.8680824244,-0.120183827,6.1542413661,-0.3848383072,-11.3097040904,-0.8542029496,4.2224897327,-3.372282268,-1.0012638683,2.0842088001,12.1520548639,-6.1456645056,-7.6520432331,-2.0438468587,3.2314044902,-10.8295637253,-14.4821385133,15.7925746519,1.9173736233,3.2024282423,8.2028033664,-1.9446749103,-2.5046279714,-5.8277520099,-5.2088318648,1.0063666976,-0.2026349051,6.0528749403,0.3902843715,-5.1642677096,-2.1449506539,-1.3425848872,5.3807731036,1.7466698425,4.1265821412,-5.9570867442,3.1950627133,3.0918807087,0.8554631922,2.2198850171,-2.617782981,-17.2521607487,2.8807944617,11.8266411653,-5.930936332,2.8150915004,2.0625485861,7.2435761277,16.0816744726,3.7843445164,2.5605621183,-4.0117600476,-3.5163323729,-2.9761251871,4.1272184701,1.9178176089,-2.3572413626,15.183143741,-9.2532924206,-0.7778574349,-11.2332571925,-2.979725008,-0.2163875054,1.3197918765,7.8263283241,-4.8880990661,-1.1573767289,1.8309354664,-1.8129669141,3.8515866144,-3.5512971581,-11.9341958349,-0.492370721,1.2689500929,-0.2987652224,-0.8974072322,-0.2530797564,-1.826406374,-0.0969159561,-3.8254892068,1.8053514648,-2.3756626221,0.8063020313,1.2520178233,21.2809982703,-1.4844724945,-0.3920976828,14.3548775884,-1.0435597546,1.7334688418,0.6981134619,-21.5410636907,8.0988234332,-2.8514279035,1.5915900556,-4.6743839165,4.742431801,-1.4008348194,0.9076513799,-1.8916556468,-5.9686638878,-0.2932149271,0.1217324965,-7.3299156287,6.3908234063,4.7188267853,-0.2701975702,-7.8836224301,-16.7448253005,0.5941433573,3.6171016737,8.4915742326,2.9890892624,-1.3495764224,-0.9615476783,0.5073554926,-15.5831319975,0.4797589105,-1.2757009376,10.9699018675,-2.6358338638,-4.0956939118,-0.8753331338,5.8307522065,-0.8778606927,1.6558912506,-3.3980882925,-1.6293820535,0.6361648617,4.4650249836,-0.9546359579,5.8524228064,1.3906907382,1.1527303488,0.440990896,-0.5469787955,-1.3442630744,-0.4043091067,-1.0904945529,-1.3931957944,0.265653475,8.1665812386,1.59631694,0.1285042405,-19.7226594619,1.6731695908,-5.9405224113,0.4670063861
biasActivation=1,1,1,1,1,1
[BASIC:ACTIVATION]
"org.encog.engine.network.activation.ActivationSigmoid"
"org.encog.engine.network.activation.ActivationSigmoid"
"org.encog.engine.network.activation.ActivationSigmoid"
"org.encog.engine.network.activation.ActivationSigmoid"
"org.encog.engine.network.activation.ActivationSigmoid"
"org.encog.engine.network.activation.ActivationLinear"
