encog,BasicNetwork,java,3.4.0,1,1572777150315
[BASIC]
[BASIC:PARAMS]
[BASIC:NETWORK]
beginTraining=0
connectionLimit=0
contextTargetOffset=0,0,0,0,0,0
contextTargetSize=0,0,0,0,0,0
endTraining=5
hasContext=f
inputCount=2
layerCounts=3,8,8,8,8,3
layerFeedCounts=2,7,7,7,7,2
layerContextCount=0,0,0,0,0,0
layerIndex=0,3,11,19,27,35
output=0.5684931192,0.6027408954,1,0.6050207595,0.0217074969,0.367654025,0.9990481973,0.9999243487,0.1472268213,0.0000328737,1,0.8449424096,0.1621303844,0.0010239664,0.9999279071,0.0068180712,0.038214736,0.254516781,1,0.0387420613,0.0824063157,0.9873177658,0.611979104,0.0412347861,0.5310801985,0.9090616548,1,0,0.0000659007,0.6438475619,0.9924479166,0,1,1,1,8,30,1
outputCount=2
weightIndex=0,16,72,128,184,205
weights=4.4947599704,-11.7675842677,1.5823397761,-7.3948180207,6.289775566,-8.6795392318,10.2643676176,-0.3940227072,10.5942205999,-4.0668208107,9.8503574965,6.7431540934,-14.4091071781,2.9047741816,-10.2524852139,-2.2821102502,1.0768806246,2.468763047,-0.9701683137,-5.3439424802,2.0506837369,8.5215547635,-10.5185405165,6.7983309903,10.1396676444,3.9610469429,-1.6944947921,-9.9864440394,11.5416857546,-3.8377695592,-9.2576880666,-0.6061288301,-12.9990260199,-0.1290553805,4.4308043925,6.3980747037,2.4267443333,-6.0438308686,4.2239511662,3.1992586282,4.5390766921,-2.1378444834,2.5965251137,7.3343540108,-4.3279700186,1.7743455127,-2.7671024328,-3.2029560317,-4.508282169,3.6068910231,-3.2277714685,13.5510593216,-0.8289914817,-6.0557203762,-4.5666718512,0.5663398894,-7.3688280469,-1.2814871132,3.311283592,0.9409546316,-0.6768317613,-1.3650502251,1.6227726043,3.3769635442,-1.869261297,10.2155240363,-3.6236759907,-10.385582807,4.1390166356,5.607292188,-10.3705582686,2.3858917092,3.5915513101,4.538019039,-0.5137755812,11.777377001,-13.8205726303,5.8853715057,-8.6672771547,-0.1945091233,1.3077144247,9.3191781973,1.5514847526,-2.3771536712,-0.9578834379,-8.4389410151,0.3856094461,1.6325854021,-2.4732386597,4.6401767458,-1.5433003077,0.9868476403,-3.9775903305,-0.3646482957,-5.2475023418,-1.1218351905,-10.5236283807,8.1275014032,6.3711142773,-3.5183324659,-8.3375830082,-1.0444397253,0.0619616705,5.980416939,-0.2198479493,-5.5947760139,1.2779529752,2.9199342303,1.5625914061,-6.7930612687,-5.2418442822,0.7479274318,-11.2074656108,8.4433397488,-1.7940382506,-3.170528145,8.3587704468,7.9139717189,-3.8726494363,-0.8027200756,2.0069189593,12.7201902753,1.1167525121,-1.9536934989,-8.1361639003,0.1148669312,-3.2393205526,1.111619482,0.3235707654,4.8582202657,13.0233197499,1.4808220099,2.8570230628,-4.1388149598,-4.3626076556,-4.5648858476,0.2891048699,5.1742077113,-11.0510625673,3.3610374747,4.6040391942,0.2837222107,0.1616252715,0.9237639832,-0.049332146,0.3079749118,0.4183879269,-0.9293847845,0.2319386774,1.4693419602,1.7663166234,1.7720988759,0.2107720898,-12.4248869938,0.8337059107,-8.9878084375,4.8166860335,2.6829533991,2.9287839607,3.227872634,0.1838799331,-10.9872416663,11.3037916546,-8.7499312925,4.6037557644,0.1669212951,-1.0184003278,-0.8882285145,-0.3059915543,2.2356349502,14.552644052,2.5083151862,-2.7571594279,-4.177410565,-4.2534229079,-3.3038891421,0.2155078292,7.5641635985,3.4475431234,5.7930305439,-5.6446871099,-2.6412304106,-1.3512052543,-1.6748049805,-1.8551008763,-0.6837353167,0.1200603589,0.2938150553,-0.4193255905,0.6019520592,-0.9094224721,-0.1983629938,13.8183727462,-1.9543995008,0.1117095817,17.1622596161,6.2639735758,-6.5707992998,-2.9558111594,0.7573122313,0.7693839889,0.4361901652,2.2507954426,0.6546670497,-0.7184636284
biasActivation=1,1,1,1,1,1
[BASIC:ACTIVATION]
"org.encog.engine.network.activation.ActivationSigmoid"
"org.encog.engine.network.activation.ActivationSigmoid"
"org.encog.engine.network.activation.ActivationSigmoid"
"org.encog.engine.network.activation.ActivationSigmoid"
"org.encog.engine.network.activation.ActivationSigmoid"
"org.encog.engine.network.activation.ActivationLinear"
