encog,BasicNetwork,java,3.4.0,1,1572767205459
[BASIC]
[BASIC:PARAMS]
[BASIC:NETWORK]
beginTraining=0
connectionLimit=0
contextTargetOffset=0,0,0,0,0,0
contextTargetSize=0,0,0,0,0,0
endTraining=5
hasContext=f
inputCount=2
layerCounts=3,8,8,8,8,3
layerFeedCounts=2,7,7,7,7,2
layerContextCount=0,0,0,0,0,0
layerIndex=0,3,11,19,27,35
output=0.1481043646,0.0005849814,1,0.0001120658,0.1663440905,0.8967485146,0.0006461443,0.4461689808,0.0988537717,0.0000336771,1,0.9999185152,0.0011404886,0.1332881679,0.6407204086,0.9533877062,0.063429713,0.9280758798,1,0.0033097675,0.9999881016,0.446107201,0.0000000204,0.0002109381,0.0946425676,0.3777485988,1,0.9986895658,1,0.0217031821,1,1,1,0.9999999815,1,8,30,1
outputCount=2
weightIndex=0,16,72,128,184,205
weights=11.1312342765,-13.1798727247,-5.9132234138,-0.3394079535,14.2624072192,-5.3223829878,5.8880376181,-0.0930110558,-12.0316979772,4.3859668513,-3.0432321978,10.810940147,0.0201105502,-15.9475385993,15.6241870297,-3.8825726284,-9.7646883243,7.1753525016,4.7849662607,-12.7224852171,5.4818169636,-2.4627098669,9.1031009461,-5.3452826416,9.2474383271,-1.2794863234,-1.2315607077,-13.0000356384,-5.787966341,-0.2407676865,3.6457181331,-0.2135024917,-0.0645671646,2.5524636934,5.3071865332,-3.2885648059,5.4560051894,1.287082004,-2.1495527604,0.3345446611,-2.3082093175,-2.8590064808,-4.8916127033,-2.0730911535,-2.7989635836,6.506013867,-4.0841806856,2.9939588627,-3.7548541537,-10.9275094962,-1.3560627651,17.4458997123,-10.4555057998,1.9009726242,0.5760728106,1.8665854228,-6.0492086563,-0.4214498778,2.4834223796,5.102117332,-3.8724640249,-4.0676527176,3.8689669266,0.5984037952,-1.0888115442,1.5364747583,13.8646554225,2.029617401,-8.9319431037,-5.1353749395,-2.6055518634,-1.1006086992,3.9324852965,7.8384905966,0.0698762346,1.5022352909,-13.2539953786,-3.4325845195,-0.0444887231,1.8768977842,-0.6116782985,-4.2111939009,-5.7545486185,-8.2818099702,2.8067777195,18.3374854986,6.2010489388,-4.0733796022,1.1988487986,-2.1127969756,-2.2853742352,-8.9785360943,7.2037775607,12.0223034174,7.2906275842,-2.6372326451,-10.3110354138,2.3666750785,-0.4750093629,4.7614395418,11.710750026,1.0495114779,-0.665823598,-1.3924072706,10.7017231618,9.9335471483,-5.7507318663,3.0035845521,0.4168656875,-1.2006423335,-9.2289575922,-0.785479269,-3.137071114,-5.1425632774,2.8923566157,-4.6962122968,6.8267645844,1.6164809707,1.7644575098,0.3493425993,-1.7125656961,0.6263373674,0.6491624994,3.6280811668,-9.1720763977,-2.8316743617,1.3727498543,1.3986212974,-4.4591933886,-2.88145314,14.6384900071,12.2276006457,-3.4704824292,-2.420742511,-2.3978091195,-2.6290274598,9.8416141262,-0.1395263918,-12.6941596161,4.9218748272,-1.5912760777,-1.6224209023,0.1101047191,0.1071208577,-6.6072471423,0.8966320865,0.0249501576,-2.1183183864,1.5881575787,2.0682534873,2.2349801848,1.7119304923,-13.3424550532,0.9094044139,0.3432613264,-5.7269633068,-1.2266172623,-0.5394998956,1.0912345185,1.1019570971,-2.9352582781,-3.8898615283,15.8909885551,10.6083577124,-0.9659295303,-4.3833479043,-2.7254257764,-4.5210012675,17.4023635966,-2.922149195,13.1954192295,-6.9477278477,-0.3666157898,-2.9063478822,-3.8609113894,-2.9204119667,9.5581510071,-1.6909845259,6.4586872614,1.6603711118,-1.3041903465,-3.0438999046,-2.4941101681,-3.3121012589,-1.0658153805,0.3454806534,4.7981889049,0.8863839594,0.8214336541,0.5173270626,1.9484228129,-0.1589096219,-14.6284480776,-3.6126840644,2.048152159,8.0482809686,-0.6314896186,3.7491533323,0.4305341876,1.084283893,0.6146434314,-0.0374330561,1.134810657,0.2848809091,0.1803266474
biasActivation=1,1,1,1,1,1
[BASIC:ACTIVATION]
"org.encog.engine.network.activation.ActivationSigmoid"
"org.encog.engine.network.activation.ActivationSigmoid"
"org.encog.engine.network.activation.ActivationSigmoid"
"org.encog.engine.network.activation.ActivationSigmoid"
"org.encog.engine.network.activation.ActivationSigmoid"
"org.encog.engine.network.activation.ActivationLinear"
