encog,BasicNetwork,java,3.4.0,1,1572777166922
[BASIC]
[BASIC:PARAMS]
[BASIC:NETWORK]
beginTraining=0
connectionLimit=0
contextTargetOffset=0,0,0,0,0,0
contextTargetSize=0,0,0,0,0,0
endTraining=5
hasContext=f
inputCount=2
layerCounts=3,8,8,8,8,3
layerFeedCounts=2,7,7,7,7,2
layerContextCount=0,0,0,0,0,0
layerIndex=0,3,11,19,27,35
output=0.6451617779,0.4199995717,1,1,0.9999982089,0.0100307589,0.0321885852,0.0188288508,0.000000001,0.9999989725,1,0.9999777611,0.8161808839,0.0000000021,0.9999945486,0.0096502768,0.9969871445,0.9999999867,1,0.9903532105,0.0272752582,0.9926539216,0.3834758217,0.0085874502,0.0605549713,0.0006412673,1,0,0,0.0000024931,0.7156522373,0.3031505712,0.8692018173,0.999999998,1,8,30,1
outputCount=2
weightIndex=0,16,72,128,184,205
weights=46.1869647831,-22.6848292103,11.9942707044,3.8679734255,28.0099510534,-15.9286402935,-12.4110950268,-11.2654662014,18.5431604636,0.4910998128,22.8493131439,-8.5312703404,2.3752301358,-9.8234792101,-10.3433102466,-9.0130442014,-8.2763033869,1.8444549938,-33.2098398233,31.3429263216,-7.4408707218,9.3734341033,-0.858302095,3.6986733048,10.3651748043,-3.4339824673,10.501204694,-5.8444090657,-8.6321408945,-0.5331727653,9.6042835449,2.5254615069,-3.0408515577,8.6971910699,3.0347456537,-8.6858127252,-1.6967471677,-11.7155915013,9.0358177526,2.6969011607,5.5321000728,7.2386595257,-23.2409226806,-5.3047740701,13.3201617979,-33.739363985,12.7881962072,11.1822601403,9.5988495546,-8.5936028825,-0.7748674887,16.8675984183,-6.9381931727,-34.8238259875,6.4956446269,4.8846530235,-8.4207265757,0.3611212582,2.2883034055,-4.9446478357,11.5960962526,-3.8198557783,-0.6653726044,-3.3068603015,4.2829583935,1.2090427017,0.9966813667,1.3161019214,1.7334614543,2.3000368773,2.5131194947,2.3796792979,7.3688324451,-9.3585044283,0.2322738471,-1.1931001707,5.5459616493,-7.6214583268,-1.6947599586,4.3130920719,3.1290620826,-5.7918044458,1.9526477554,5.5962951481,-22.9815846221,10.7037855257,5.7414065181,-5.9890632464,-13.9324580004,4.6241882547,-4.2827462288,6.1837874165,18.7846140554,1.9987787485,-1.3498779572,-4.7338040684,-0.2000294068,-15.9174171964,-3.30275145,34.2775961989,-28.4163749301,3.079960545,0.2926551998,2.9430697596,-8.9461713,-2.7369843982,3.3367923689,-10.7330142359,-1.2107484135,-0.3877387567,1.7780938843,5.1397578306,1.697071844,-2.3254889917,-4.1836489602,-2.0732434259,-6.0768916484,1.8673821602,-3.2557539578,9.073725151,11.2619739751,-1.2260624534,2.6871660393,-1.9028481377,4.109039352,-6.8872797861,0.6667163743,5.4561747028,-0.100304047,-6.4423290332,-0.9110260615,-6.3657446298,-8.1739195199,5.2342221335,1.3374154837,5.7780156484,0.7697960472,5.4425753426,-0.49331931,21.4704039895,2.9473078901,-6.498616768,-6.7337272467,-7.4506038991,0.0350928501,-4.8199280121,-0.273292054,8.1393700728,-3.0324994698,0.2247877973,-0.8939588825,0.6991346083,-0.8840678405,5.5035604687,-0.5741103074,-24.9703382954,10.5160292039,4.6391732331,4.8721065035,5.3028343718,0.4175933428,1.0683293008,-0.1659544384,3.3880282003,-33.0670885053,1.38727883,1.3132353068,0.3317677448,-0.6434990294,-6.5655540364,-0.0256487054,1.3186671194,4.9480439089,0.3250693528,-4.8563950885,-0.6116028776,0.425511016,1.1930702198,-0.0188344777,2.4398738909,1.4123407462,-2.497168898,-4.5127950383,-2.842336947,-0.8606297737,-0.9033580941,0.5259164507,1.68855129,-2.0316917385,-0.6516785023,-1.0593544897,-0.1674592362,0.596643954,-0.9034994455,-0.1718572051,13.3067080569,-3.0664610805,-0.4226642429,36.379276189,0.1300260056,0.0413322103,-0.3862545612,-0.3941591976,0.8829516849,-3.293870195
biasActivation=1,1,1,1,1,1
[BASIC:ACTIVATION]
"org.encog.engine.network.activation.ActivationSigmoid"
"org.encog.engine.network.activation.ActivationSigmoid"
"org.encog.engine.network.activation.ActivationSigmoid"
"org.encog.engine.network.activation.ActivationSigmoid"
"org.encog.engine.network.activation.ActivationSigmoid"
"org.encog.engine.network.activation.ActivationLinear"
