encog,BasicNetwork,java,3.4.0,1,1572777178740
[BASIC]
[BASIC:PARAMS]
[BASIC:NETWORK]
beginTraining=0
connectionLimit=0
contextTargetOffset=0,0,0,0,0,0
contextTargetSize=0,0,0,0,0,0
endTraining=5
hasContext=f
inputCount=2
layerCounts=3,8,8,8,8,3
layerFeedCounts=2,7,7,7,7,2
layerContextCount=0,0,0,0,0,0
layerIndex=0,3,11,19,27,35
output=0.7823525189,0.7485390598,1,0.0276511581,0.3843157541,0.0047332793,0.7435947903,0.9920780675,0.6869309078,0.105534715,1,0.0006534144,0.0000000942,0.3989683259,0.9999998134,0.0000137517,0.2467008278,0.0011622505,1,0.9822159205,0.9932181991,0.0001002391,0.9978409255,0.6474152825,0.9996494222,0.1122845651,1,0.0036934347,0.9980830553,0.998702932,1,0,0.0000000011,0.0000005393,1,8,30,1
outputCount=2
weightIndex=0,16,72,128,184,205
weights=-6.2559257903,-8.232805379,4.7043198495,20.0704366009,-4.7299207354,-9.2855241855,-2.4105082091,0.9952266577,-1.4332779288,4.4189028417,0.2810681402,10.7087007663,-11.843284174,4.974809042,-9.8586204804,0.8404881461,-3.6436262656,0.8623925374,-0.5258668791,-0.7831576585,5.3313065077,-3.2459821595,4.1443623789,-1.7688081796,-1.4748016195,6.213921807,-1.2810105531,3.9525749183,-4.2166366378,-6.6567003944,1.5636855298,-2.2713441374,3.6972195925,-2.2107717426,1.4740118077,-5.3499745172,-1.7609726575,-5.836329999,2.5787064218,0.8479359418,14.8235043611,5.0897774968,3.6501024714,4.4792555546,-5.2709351679,-5.3093070782,-1.8960923503,-3.5683924863,1.0296017542,-11.5470553539,-11.6753547924,7.3242294934,-0.578362372,-4.3787034995,3.8917397446,3.2390781363,5.9256656073,-1.5309290672,5.725419084,0.4539876699,-5.0578225782,-1.5871549739,-4.1181104393,-1.5599021402,1.2779109203,-0.6506921163,1.4305096534,-1.2977762708,-4.1129113673,-9.2452066556,4.8924687105,0.8641973213,1.9288395989,-6.4189337311,-6.71398359,-1.1564046325,6.7982528347,-5.7356607276,7.1212725523,-1.1644514676,-7.6463721866,-5.4461642865,5.0951930239,3.3072139667,9.7720886737,-10.498095863,2.546389427,-2.6773417368,-4.8368192494,-0.8882355558,-1.6472700134,8.4419051209,-6.3801393002,2.9198627183,0.5939154964,-2.0551932478,-0.2673501152,0.0401799204,-11.2507827592,9.5728893277,8.9736866993,2.5199066781,-6.1522572035,-1.4718506504,4.9345886475,-0.1951987235,2.1389597565,-11.6995402467,-2.4984593204,-1.5440427547,2.3548331987,-1.2765968667,7.9763191211,2.8615828818,3.2102989725,-8.8389420379,-9.3281841367,4.1688220285,0.5119825052,-1.1590328924,-7.7800887659,-0.8210479228,4.7982963171,0.3047569956,1.6103458307,0.7714230126,-1.002447892,-0.3047629335,2.4695323927,2.822390147,10.9122963843,-6.9461804059,-3.7790676115,-0.0936522501,-0.0604047091,-2.7665552751,-0.1706276328,4.5649462398,-0.088685906,1.8470187019,-1.6466248097,-1.5129686559,-0.297896478,-1.3273052628,4.9849551787,-8.1461894787,4.7872027892,1.9810537052,1.0687690519,3.7500556114,0.9756986418,-7.8577373501,-12.1459656112,-1.1724065401,-9.4442340503,6.3322374483,2.1784787567,-1.531462458,0.6171385081,10.4506801101,-7.3559959897,-12.1863314285,8.7928480155,4.6568408157,-1.5670032324,-1.7252555081,0.1802920078,-0.6404471884,2.2341726814,9.7132329388,-1.0538100603,0.0234605253,-3.8777416283,-1.4762294718,0.6098195379,-0.7183053635,4.741562119,-6.1886181069,5.4743532869,-0.9244399434,-4.155610317,-0.0550948152,0.5812490521,-0.4511856566,2.9281459383,-0.2740684783,-20.8006113247,-1.5273329585,0.6044774937,0.3394427369,-0.4426057582,0.3667360976,-0.814885837,-6.829513473,8.9714162025,-3.234800333,1.3765341224,-4.5905902995,-0.047753913,0.4077318318,-0.7556705073,-1.2643584392,-0.9122427035,-0.2064733097,-0.9409175424
biasActivation=1,1,1,1,1,1
[BASIC:ACTIVATION]
"org.encog.engine.network.activation.ActivationSigmoid"
"org.encog.engine.network.activation.ActivationSigmoid"
"org.encog.engine.network.activation.ActivationSigmoid"
"org.encog.engine.network.activation.ActivationSigmoid"
"org.encog.engine.network.activation.ActivationSigmoid"
"org.encog.engine.network.activation.ActivationLinear"
