encog,BasicNetwork,java,3.4.0,1,1572777191021
[BASIC]
[BASIC:PARAMS]
[BASIC:NETWORK]
beginTraining=0
connectionLimit=0
contextTargetOffset=0,0,0,0,0,0
contextTargetSize=0,0,0,0,0,0
endTraining=5
hasContext=f
inputCount=2
layerCounts=3,8,8,8,8,3
layerFeedCounts=2,7,7,7,7,2
layerContextCount=0,0,0,0,0,0
layerIndex=0,3,11,19,27,35
output=0.9997981419,0.9911848944,1,0.0145887328,0.5218789554,0.999998353,0.9979634346,0.9996517251,0.665011175,0.0000000609,1,0.8517825271,0.999497309,0.0054791534,0.0002406157,0.2448291551,0.9999964757,0.0017063048,1,0.0279849505,0.9999998779,0.9987872257,0.7870125979,0.1932959549,0.9991027051,0.7198309979,1,0.9968725454,0.9909414042,0.0141913443,1,0.999999994,1,0.8822740737,1,8,30,1
outputCount=2
weightIndex=0,16,72,128,184,205
weights=-7.446471997,1.6668873523,6.0389818949,6.2061254432,-8.158292941,11.2081818529,4.6880883558,-3.7841079707,-4.5481776292,13.2364360979,2.4055959777,-6.215594344,1.8427682677,-2.7549133389,-9.7346938914,1.6682351379,4.0897334661,-7.3061164243,-7.9334370558,10.5119248802,-0.0606793481,6.05718651,4.0169646764,-6.4021534489,-3.9138079404,0.8482340432,-0.8621119642,-1.9590594072,-11.4765793982,6.3419542004,6.3128765155,-0.9642299617,-0.3120041989,10.8461406461,-4.6369168743,0.65237961,2.3745839174,0.732960269,6.4174011561,1.4415784903,11.0689646976,1.4025401318,-3.0847404416,-10.8116586097,0.9834662592,-0.1232223821,1.4389313003,-4.7362452398,4.4862471499,-0.994214936,1.5194799941,2.3765151746,0.0172288048,5.0057232026,-1.1442037768,0.117709616,-2.3413412389,6.6695946572,-5.4622353102,-0.9550837416,7.7606962383,-5.77156362,-4.6016063698,-0.0767131304,-3.4461611365,-11.7225734255,2.3464931611,9.9431225311,0.7548864099,-5.1255223399,-6.9981723572,2.9759984007,3.6695399693,-6.4447936315,2.2324011047,-1.4414513015,13.3643360431,4.416787683,-0.2687368888,0.1928467398,2.055196403,4.3074832791,-7.867863327,-1.0229065897,-11.5032064026,8.5666454626,6.5138971249,0.8690560636,-0.0887230976,-1.3072336135,-0.3559702385,-0.8290257078,6.9271787049,2.9570363377,-8.0262752649,-1.3994187876,8.1666211678,3.7904508976,1.5944327515,-1.0425133212,3.5017617805,-13.5619600004,-2.8677705346,1.8141347465,-4.2025015722,6.1290067849,-4.8481895485,-3.8422478554,4.0734406894,-3.3585717402,1.3356949163,2.335128549,-6.3187091024,-1.9755300438,16.9897617124,0.6672179216,-8.1761262877,-7.3984227741,6.8719426445,1.239463574,5.231600319,-7.7509740955,-9.8480669115,-0.8619868691,6.319802243,10.6097908532,3.6313794902,-2.6884748478,5.5398388987,-3.0841444331,0.7802255185,-1.6136345436,-0.2948805644,-1.2968861269,-3.3710992113,0.154550927,15.637954468,0.4308518761,-1.646142617,-0.3137414656,0.4549369426,-0.1499793781,0.345603384,-0.3706277019,-18.3960432854,5.5636205022,-1.3929584323,3.2658030773,3.955843065,4.4834776112,3.7659687294,4.5309474588,-1.259214939,-0.2240173036,-3.7695342537,4.8254496406,-0.8119388776,-1.6811618685,0.8157463567,-0.2142899426,0.1173259397,0.8027826646,-13.0428000942,0.7918738104,1.5837107608,0.1019717569,-4.9224280572,-0.2907347938,4.9036344999,17.2968530366,14.6777142263,-1.1018870919,-4.8848068128,-5.3617706306,1.2109363918,-4.9414479613,-0.4414101203,-8.5926106063,11.1363922077,2.1926333791,0.9412998437,2.2170962645,2.6893161094,2.0166429723,1.3887226119,0.3688009871,-16.4094070338,-1.2022189901,0.3700317367,3.2117410991,-0.3004267327,-0.3930421456,9.9538481764,-1.3266748635,4.2921411902,-0.0655770217,1.1832636339,0.313286944,0.073319629,1.5626948016,1.22539637,0.6586996216,-2.9100580006,0.8281612122,0.4497711241
biasActivation=1,1,1,1,1,1
[BASIC:ACTIVATION]
"org.encog.engine.network.activation.ActivationSigmoid"
"org.encog.engine.network.activation.ActivationSigmoid"
"org.encog.engine.network.activation.ActivationSigmoid"
"org.encog.engine.network.activation.ActivationSigmoid"
"org.encog.engine.network.activation.ActivationSigmoid"
"org.encog.engine.network.activation.ActivationLinear"
