encog,BasicNetwork,java,3.4.0,1,1572777212314
[BASIC]
[BASIC:PARAMS]
[BASIC:NETWORK]
beginTraining=0
connectionLimit=0
contextTargetOffset=0,0,0,0,0,0
contextTargetSize=0,0,0,0,0,0
endTraining=5
hasContext=f
inputCount=2
layerCounts=3,8,8,8,8,3
layerFeedCounts=2,7,7,7,7,2
layerContextCount=0,0,0,0,0,0
layerIndex=0,3,11,19,27,35
output=0.1956630295,0.0999962441,1,0.8613422735,0.9999999985,0.4591264892,0.005387177,0,1,0.727817232,1,0.0000247966,0.9999999927,0.9999999999,0.1812757386,0.0003415868,0.9927148614,0.8201543615,1,0.2871550048,0.9997022223,0.995190633,0.0027816031,0.1523338264,0.9908917723,0.9999999992,1,1,0,0,0.8877742699,0.0000000016,0.3771923908,0.0227295885,1,8,30,1
outputCount=2
weightIndex=0,16,72,128,184,205
weights=-14.4275574789,16.3753740659,0.3483647414,2.3418365198,-8.2006105806,-8.3236038701,-3.5186053657,5.35001288,-1.1303059892,1.2788937628,13.9300776368,-13.5258917174,12.0497657496,16.2612391776,-16.0195757235,-13.4272969249,-7.0629373589,3.5951506641,5.4739939881,-1.9769748468,6.2061570001,-2.9425934013,4.5193955525,-7.6716741692,-10.4914854665,8.6987221041,9.03163593,-4.7527195639,0.1365488852,5.3690657499,0.44155128,-2.2262007164,2.6715596104,-10.2924260021,-0.1314831716,4.4761461403,-10.554673467,16.8997929932,-14.3637852378,4.4560172466,-6.9907008023,3.6408453852,-11.4008109346,-4.2992494903,6.668468672,2.1800546724,-5.1464086749,5.3755554944,0.6556223653,-3.2717508951,-8.8982774681,-1.7293740614,19.9747220141,-13.0278059669,-2.7480931682,-4.065317896,-14.1351480187,7.6356412821,7.0656984575,-4.1240471289,-1.8847965995,13.4653136652,4.5938833716,-2.3803362979,-6.1662241388,-2.2061772608,9.1285378809,11.1119810218,-12.4523580747,-10.1249531504,7.1808688896,-3.7869400357,0.3056566248,-12.2454705879,-1.0287081308,-11.401445428,0.9266853664,-8.3973236741,14.9284054876,-4.1439816081,-4.8136850991,10.8213935194,-2.7102822979,5.3274303557,-5.4482796342,6.3697275298,7.6564127659,-1.1565958925,-4.168385078,9.1826044455,7.6749098961,7.3778928905,-6.9693365734,3.4479438071,8.3561739605,-3.1777977815,9.9038841306,-4.4014485389,1.3024796709,2.7953763722,5.8210768067,-4.0533419054,1.6992925701,0.1748524065,-0.8916745397,5.0166977272,-5.8533390577,19.7588362103,-11.0970240925,-6.5668394041,-3.359359546,4.5863435651,11.2760741864,-8.0483592715,2.4400941821,-10.0286450281,-4.7915777275,2.5618675155,7.1334117763,-1.6199004857,6.8008887482,8.2608180943,-13.1394902773,0.9340119607,-4.2573280494,7.9279768857,-1.423228731,-1.4041774686,-2.8005929077,0.2389553851,-3.2596016649,-3.0324153753,0.0131768574,22.3194186585,12.7748471239,-4.1256304933,4.6505591804,0.4901168606,1.6272389342,5.1428466275,0.617050244,-16.3463570284,1.6753940454,5.0302599161,0.6224642987,-0.9717326616,-4.9273574408,2.9446458258,-0.5652041876,8.3943896038,-6.0159911986,-0.9338351502,-2.0262850849,0.1272739664,-1.812549271,0.5663953911,-0.8856276711,-11.2469991184,15.2895265233,-0.4637306992,-3.196983461,-1.0311702047,-0.3415005852,-4.6590020074,-0.8525541158,23.6531230164,7.8255327093,-3.4829361474,2.4291633891,0.6110690029,-0.7378302294,1.6675404718,1.0144736992,-2.3396068029,-13.2896006636,1.9644132935,9.2005359508,-1.116068932,0.402604976,8.4583113262,-0.1163944561,-8.3923056093,-20.0939125758,7.8838161483,0.8462103948,3.225540406,0.1752662331,-0.8350223317,-1.3623288694,-0.733393912,1.1802319463,-1.5884496762,0.0044132305,0.1349775663,0.1365493385,-3.1080954663,-1.415016004,-0.2759379312,-0.625554162,-1.4127750425,-0.3839964061,22.3206102445,0.7676421818,-0.2731568279,-1.7075284746
biasActivation=1,1,1,1,1,1
[BASIC:ACTIVATION]
"org.encog.engine.network.activation.ActivationSigmoid"
"org.encog.engine.network.activation.ActivationSigmoid"
"org.encog.engine.network.activation.ActivationSigmoid"
"org.encog.engine.network.activation.ActivationSigmoid"
"org.encog.engine.network.activation.ActivationSigmoid"
"org.encog.engine.network.activation.ActivationLinear"
