encog,BasicNetwork,java,3.4.0,1,1572777225240
[BASIC]
[BASIC:PARAMS]
[BASIC:NETWORK]
beginTraining=0
connectionLimit=0
contextTargetOffset=0,0,0,0,0,0
contextTargetSize=0,0,0,0,0,0
endTraining=5
hasContext=f
inputCount=2
layerCounts=3,8,8,8,8,3
layerFeedCounts=2,7,7,7,7,2
layerContextCount=0,0,0,0,0,0
layerIndex=0,3,11,19,27,35
output=0.2803709169,0.1041413335,1,0.9995420172,0.9999206281,0.9339162613,0.0019741588,0.7651204094,0.7261474342,0.9948824404,1,0.7566622864,0.2025361635,0.9960170916,0.9999999267,0.994396184,0.8510214411,0.9805648288,1,0.8006428791,0.2274414313,0.9996475299,0.4762108679,0.9969311447,0.3231331313,0.9877220234,1,0.9956990945,0.6731883082,0,0,0.000000011,0.0007509186,1,1,8,30,1
outputCount=2
weightIndex=0,16,72,128,184,205
weights=-10.8029182395,7.2995252679,-5.7303310132,-15.5427105639,14.658756168,-12.7776263691,1.0101981716,4.9964340646,16.3488198479,-10.8928522299,-19.1935945373,-1.0279546817,0.9197815087,7.9093380144,9.1167050576,-5.1912779252,24.0257375785,8.0008532879,-9.2936333522,1.8981838954,4.5547751122,-4.1470354268,-3.0715748866,-2.7413336218,-0.0004252342,-8.9891631907,7.3739697842,2.4943054955,3.0368468085,-2.0588558475,0.1578485745,0.0008545462,7.9213672029,-1.7610499019,2.821145509,6.6436506684,1.3927324259,-10.8410373565,-3.7102046859,-0.9630951356,-2.4483885302,-1.3196641581,3.4646950083,-7.3580385478,-5.3899899466,3.1309276438,2.7929218041,-0.2419532682,11.4041180738,-2.3691711969,3.3609461006,-6.6276892164,-10.2057172327,2.746028926,0.6914144392,3.4454860731,-4.7943838224,7.5277268577,9.9542801852,5.5371006128,-0.5023992352,-9.2889431106,-5.1057275957,1.0376928326,-1.1302463434,0.7809553607,10.492608163,-3.201103477,-7.9026567738,0.0477006531,6.920452258,-0.2508984679,-24.954096502,-6.2691953704,8.2806095684,-12.7383073292,5.983837069,8.6812183954,7.4860735543,4.163268169,0.0703012013,5.2216226764,-3.2186765719,-6.3018779084,0.7179884544,2.5584857396,2.0287371001,0.0578024355,4.0744947859,-2.3349541264,1.071121362,14.199295829,3.7372336569,-8.1925558491,-3.7800471611,-2.3868432053,-4.9308976003,-2.1004396743,7.5909429277,0.621815606,9.1804004652,-6.04609662,5.3308484635,0.5063000666,-8.161707268,-1.7421770098,5.9306188994,-10.8503877922,0.6151826935,0.8575503251,7.9862830633,2.5694626296,13.9113101921,2.3690793714,-2.6766949276,1.9497352889,0.4503826552,4.6102285283,-6.7421898764,-3.4662256301,4.0587672062,1.831424416,-1.6646036567,0.5273215366,1.5462201325,-5.0936147379,3.5689122499,-1.7528723304,-0.2998255314,-6.3065005249,0.2210036177,2.2355038019,-23.7462671946,22.0260851632,2.6085442744,3.3092318302,0.5972811649,-4.516020734,2.4431100973,0.7654389798,-5.1179593454,5.883598521,0.3997897824,0.8183971511,0.3904051573,2.9088735515,-3.2252564856,0.3149824773,1.6196551834,-8.8777345981,3.1883988757,2.4215140773,-8.3405775916,7.9738175301,-0.7313823836,-7.4310088173,-12.7114468307,11.3584384544,1.743588052,1.0894792197,2.2944083672,-0.627277928,-2.4045339085,-3.6971162146,-2.4266274175,-6.2424137248,2.5247478213,1.4010526573,2.955213292,-8.2672243427,0.0317016963,-0.5027081892,9.4349868813,4.1139460201,0.8806694475,0.999726585,1.2662264243,1.3728093421,3.9640338829,3.9382957185,2.6232087794,-9.0742164212,1.5241469011,0.6853215369,-0.5891376711,0.2799782484,1.7583734229,-0.251428162,-0.1016989193,5.7850338324,1.3157600944,-6.7063044343,-0.7984994033,5.5605248502,-4.1871849182,-0.2586050866,5.2217459186,-0.7287691221,-38.2326911778,-0.7896849741,-0.7993872863,23.1056362765,0.7042337445,2.2565878151,0.1795439702
biasActivation=1,1,1,1,1,1
[BASIC:ACTIVATION]
"org.encog.engine.network.activation.ActivationSigmoid"
"org.encog.engine.network.activation.ActivationSigmoid"
"org.encog.engine.network.activation.ActivationSigmoid"
"org.encog.engine.network.activation.ActivationSigmoid"
"org.encog.engine.network.activation.ActivationSigmoid"
"org.encog.engine.network.activation.ActivationLinear"
