encog,BasicNetwork,java,3.4.0,1,1572777265750
[BASIC]
[BASIC:PARAMS]
[BASIC:NETWORK]
beginTraining=0
connectionLimit=0
contextTargetOffset=0,0,0,0,0,0
contextTargetSize=0,0,0,0,0,0
endTraining=5
hasContext=f
inputCount=2
layerCounts=3,8,8,8,8,3
layerFeedCounts=2,7,7,7,7,2
layerContextCount=0,0,0,0,0,0
layerIndex=0,3,11,19,27,35
output=0.1066658463,0.0005242079,1,0.8244824731,0.7752348219,0.9969601554,0.0001219264,0.9620716838,0.3151100731,0.9998177741,1,0.9993137281,0.9995321866,0.9983268041,0.6139998208,0.9988534005,0.848118205,0.8984841326,1,0.9284024931,0.9935407184,0.8926619355,0.0132693614,0.0000000193,0.0000013648,0.1727673046,1,0,1,0.0373791356,0.0000000003,0.7936724188,0,0.0000135949,1,8,30,1
outputCount=2
weightIndex=0,16,72,128,184,205
weights=-16.378527333,7.8622670765,-15.2164292596,-1.1704306998,13.5451401267,8.4838082658,10.1062572082,-5.3553825944,-5.5278462461,-11.48062531,10.6623589982,-6.7377517848,-10.6707535956,12.3069438482,-3.4069965468,5.0699329779,-3.1415242688,14.7512683255,3.1805524212,-0.4868121228,0.6660752186,-4.7205213998,-8.2352175512,-2.1968494184,1.0702133171,-0.1436976418,-1.2412187365,7.9088925766,-6.4121030319,-3.0029359858,4.9409559675,1.2075697025,7.3686569076,5.23541735,-3.2204360596,7.4981033691,3.4959733795,3.3103829806,-1.9525308874,-12.7376931703,2.341172368,1.4721645663,-6.2459188067,-6.7549152277,2.9837930724,-2.5060300949,-3.9609131664,0.2638279511,-4.9623838663,2.0394401201,7.9246629208,-4.4850854072,12.6054834783,3.0794220363,-11.957119578,-3.4631402065,-2.4341120561,7.6373561767,-10.2271632617,7.1281063921,-4.0024577247,3.2606210735,2.5888967045,-1.2378888717,-1.4450026714,-2.8526206158,-3.0078889541,2.4170917739,19.5780401326,0.9746738832,-2.7160474429,-3.517764444,-4.530935062,8.4495992696,2.6486163238,-3.1553047277,3.6276610668,0.0582058148,4.5804844695,-0.0187475317,13.4737969917,-2.4882468225,-3.8118608135,-6.8360764055,1.8149272888,4.5191441562,-6.8060532243,2.2993117195,-8.8872230312,0.5904704393,9.329632163,4.7646375875,-6.5157160884,1.8928819383,11.6375007747,3.6535954451,3.5286763645,-4.9582462779,0.4501046622,13.1928635956,-9.5245102364,-6.2017044711,-2.7987753325,2.0210377816,12.9473359772,2.0328466596,-5.5685182091,5.3190407339,0.9040712847,1.0770597019,-24.9828775183,1.9461994084,3.2045684867,-5.316553038,1.2413966228,0.6900845707,15.0920511383,-6.8898334145,4.4979487399,2.1326061564,-7.128136856,2.3444872303,6.2260828772,17.2314578191,6.2947959609,-8.1701156814,-0.7174590805,0.8064572994,-11.0820478021,-5.3115819038,5.4682032935,-2.1572576069,7.855814517,0.4708905129,0.7938368244,1.4346361972,3.7393118441,3.8271135696,-8.3636354911,0.2087816451,-0.1176763718,-0.6029253119,0.714078742,1.6146556207,0.6530989213,3.128402271,-10.6741091482,0.9080772242,-2.6708203975,-0.4732341063,0.3235032,1.5085633915,-4.8476080277,1.8357005266,5.1487492352,6.6494853268,-14.283585039,0.8526840164,-0.9849638553,4.9994051849,5.1199596526,-4.9020802426,19.9553353291,3.6067759753,-9.3380355523,0.1149604746,-0.7775246474,-6.1967029543,2.8366664844,-9.4528476833,21.1505109314,-0.3360286139,4.5717012643,0.0122855595,0.1494724775,-8.4706591586,10.9525072887,0.2757101663,-21.0245464533,10.7635926936,-1.7701418368,0.7060430317,-0.8125052677,0.3489526038,6.7875738873,-7.2100218339,2.5369758601,-0.9098561713,2.9827343483,1.0988684659,0.0666569701,-0.3373909273,6.3399251049,0.6238675097,-0.9695502172,1.995630339,-1.271989251,-0.1424687173,15.7971812252,-0.708871979,-0.9340729071,-0.7521840915,-0.904234744,-0.1161189174,-0.4883587672
biasActivation=1,1,1,1,1,1
[BASIC:ACTIVATION]
"org.encog.engine.network.activation.ActivationSigmoid"
"org.encog.engine.network.activation.ActivationSigmoid"
"org.encog.engine.network.activation.ActivationSigmoid"
"org.encog.engine.network.activation.ActivationSigmoid"
"org.encog.engine.network.activation.ActivationSigmoid"
"org.encog.engine.network.activation.ActivationLinear"
