encog,BasicNetwork,java,3.4.0,1,1572777282256
[BASIC]
[BASIC:PARAMS]
[BASIC:NETWORK]
beginTraining=0
connectionLimit=0
contextTargetOffset=0,0,0,0,0,0
contextTargetSize=0,0,0,0,0,0
endTraining=5
hasContext=f
inputCount=2
layerCounts=3,8,8,8,8,3
layerFeedCounts=2,7,7,7,7,2
layerContextCount=0,0,0,0,0,0
layerIndex=0,3,11,19,27,35
output=0.4382724745,0.1272725485,1,0.3267567822,0.0000256648,0.1151361665,0.6766990618,0.0160424536,0.5586747375,0.0015172314,1,0.8813026399,0.8696605293,0.9471823489,0.4057992791,0.9351193897,0.2139588732,0.002677102,1,0.0011673554,0.0002766519,0.0002942454,0.000057664,0.3101926354,0.8252019442,0.2985747198,1,1,0.9999817377,0.9948576694,0.9999937496,0.9240824493,0,0.9444805369,1,8,30,1
outputCount=2
weightIndex=0,16,72,128,184,205
weights=4.5744079248,9.8036129965,-0.6004986238,9.624142933,3.9040361811,-8.9957671024,-5.0613571045,-3.2158991474,-12.2307768361,-1.8840434319,11.1784300537,-2.7236309905,6.9544323303,1.948064388,-4.6214298854,1.434393377,1.5018342077,7.0386947383,-0.4587096047,6.9116518234,-7.6564517267,3.3151171278,-2.917269568,-4.0797901108,-10.426578115,0.3000487201,1.0209045896,-1.6485602833,-4.1859523502,5.2431205243,0.8852964261,0.8498499502,-5.233031928,-6.0136504642,2.4322857323,4.3985707498,2.2675501737,-7.0025464688,-2.3349735181,3.0977238377,9.6396666118,-2.0629845933,-2.8601152763,3.8892920532,0.9064245527,-6.8926792824,5.1218638598,-4.2185225296,8.3305149697,-9.3411496468,0.8976683898,-8.1610859591,-0.1551936717,-0.51072695,3.9817245274,-0.6291730441,-8.2648892415,-2.6912695224,4.4504180686,7.7442077646,1.4049807855,2.1658124574,-5.7970423103,0.7404932015,-2.1639800052,2.7008526133,-5.2286579012,1.0881112099,-1.8633282554,-5.4421032202,-1.5299518822,0.4908009175,2.7673713501,0.6308116859,-9.0199340616,4.8098776483,-9.5964942133,7.9569923486,-10.7727696815,1.6309086845,2.3366742276,-2.4640521487,-5.3526541039,-9.0177944525,-1.1722309107,-0.0935415961,11.128529876,-0.9838800566,-4.109663048,-0.9467264683,0.1078173508,-3.3006548489,1.6554099597,2.1255035287,-3.4830079092,1.6643366368,-8.889645195,-2.2922690245,0.0871635138,-10.1974069227,12.9764698275,-4.7391623395,6.9999639491,-2.5742362856,-0.0843952806,-2.0318592324,-5.0901844804,-1.2225521062,-9.701382178,7.8431886394,4.8968201496,-2.2546296223,7.2741952115,-1.7692237,-3.8052916303,4.3925462379,-1.9424599366,-4.3607066766,-4.397540391,4.2056337703,3.6213666237,1.5986618931,-0.6783184453,3.4484306937,-5.6737327553,-1.6826056947,-1.1185816715,-2.4425888523,1.0104058345,-5.1216900135,-1.2698599359,4.0782519495,-1.4607927807,0.9147499397,-4.9288474468,0.5495411669,-0.7921659328,-0.3270420266,0.134814049,-5.4262972537,1.2491654854,0.9053880217,-3.9074572423,0.7550560679,4.6986577987,-0.2846929219,-2.9105257644,-12.004245396,2.0238677256,0.9094341379,-2.7118021981,3.0459807779,1.0943932379,-9.7813978552,3.2662979571,3.9282935225,-2.1084936528,-0.0722745437,-7.934775682,1.1908981114,0.3024398163,-5.9069366279,-0.2466391348,-7.5003909337,1.390099097,-0.9078140366,12.2154262346,-0.2709135491,-0.6061258349,-7.5051787668,0.8202567119,10.3182167802,-1.4700719714,-0.0974575099,0.2664069159,-0.3641750709,0.9112807798,8.3655113822,-18.2895898211,-0.2533473242,5.2717857797,0.2436650833,1.7186449265,1.8233594969,1.4001255023,0.4010786218,1.0034752314,-4.198232424,1.0880458851,11.8551389354,-1.3255962809,0.3718205831,4.7152460378,-1.5187927762,0.4882715523,9.4850593216,-0.5239008181,-0.0208366464,7.3154593426,-1.1970253695,-0.6872766378,-0.3654697054,0.5535075533,0.286923644,-10.2018683116
biasActivation=1,1,1,1,1,1
[BASIC:ACTIVATION]
"org.encog.engine.network.activation.ActivationSigmoid"
"org.encog.engine.network.activation.ActivationSigmoid"
"org.encog.engine.network.activation.ActivationSigmoid"
"org.encog.engine.network.activation.ActivationSigmoid"
"org.encog.engine.network.activation.ActivationSigmoid"
"org.encog.engine.network.activation.ActivationLinear"
