encog,BasicNetwork,java,3.4.0,1,1572777313425
[BASIC]
[BASIC:PARAMS]
[BASIC:NETWORK]
beginTraining=0
connectionLimit=0
contextTargetOffset=0,0,0,0,0,0
contextTargetSize=0,0,0,0,0,0
endTraining=5
hasContext=f
inputCount=2
layerCounts=3,8,8,8,8,3
layerFeedCounts=2,7,7,7,7,2
layerContextCount=0,0,0,0,0,0
layerIndex=0,3,11,19,27,35
output=0.7263091316,0.7380951434,1,0.0000000024,0.7573079134,0.4874589291,0.5099733055,0.9916363052,0.7580678254,0.0004148964,1,0.046139314,0.2174487711,0.6484129727,0.0005652954,0.999606223,0.4591423602,0.0065846834,1,0.7970408576,0.0206699013,0.029172952,0.9992756156,0.1392100624,0.6238301678,0.8899806447,1,1,0.9947549093,0.0000003768,1,0,0,1,1,8,30,1
outputCount=2
weightIndex=0,16,72,128,184,205
weights=0.1169312181,-9.7918714821,-0.1289679873,7.0063209303,-8.3434709033,18.2392460185,4.0666213943,-0.6733159484,12.930332061,-3.0443278855,7.5509058412,10.332195303,5.0091439692,-2.0561937393,-17.0570133528,-9.0097530644,-6.096220324,2.2544416742,-3.9331565776,-7.1287027222,-10.6228329376,-5.2220835097,21.8998495287,-4.6356210326,4.1703593024,-5.4561430796,-3.3062631397,-1.3649877065,7.363822091,-0.0721642279,2.0923435344,-3.0649801117,14.9431288235,-3.011811963,-3.5671989261,6.8385137821,4.5335594438,0.2622976586,-7.8749436269,-2.375925619,-2.5989542248,-8.4826182924,0.7912707573,4.1594192903,3.4459276484,-5.1242239407,7.3045931402,0.3490049974,-3.3732091692,8.2158913143,-0.6261485957,-7.8097554421,2.5827177286,-1.4980429268,9.4087479431,1.5991365216,-11.7329802402,-15.8256097437,-2.5623641308,3.5230289396,10.3577955204,-6.3044907976,5.9225866406,-0.7138513467,0.6178932097,5.6638843235,-3.391047748,-2.5476924074,-3.8461709988,-5.238520858,8.6669116693,-0.6541265092,-1.6381385518,-1.5634139511,2.5031137836,-0.7936057147,7.7493937594,8.9442301191,-5.4271211413,-2.7993070471,-6.6830607454,-4.7885663609,2.4466119168,2.6766008357,3.3003433891,-3.5762229268,1.3324987766,1.9846353404,-0.8515799166,-2.3644717653,-0.2558269667,1.9715204336,3.3159551628,-1.0938271803,0.0806426311,-0.4739634666,-4.1860296969,-3.8593358457,12.103437241,-5.172145114,7.0892869926,7.2528756056,-2.4325275237,-2.5926425767,1.6403711029,-3.7053230031,-4.1299726349,3.7328911246,-0.7265406317,8.4410288022,-0.8786272473,-1.3838911839,4.1876898762,0.3028309875,3.095290906,0.6039073262,-5.3331573222,-3.9560289308,1.0012120298,-1.8823238143,-4.2411464801,4.7015676972,1.0609097197,6.9530575724,6.8556801295,-19.9771804784,1.8096733112,1.1852267367,-9.4775048534,9.2597414108,-0.484923459,-0.9533420667,-0.754324087,-0.4092013258,0.405053484,2.182521643,-4.0480341459,-0.2991446849,-0.0433782991,4.9249400179,-0.7947127794,0.4877165454,-2.2131963762,-2.2243239997,-0.5618886651,-17.6688238255,-0.1287393576,7.2721165678,0.669132134,0.3579716973,2.5242715438,4.8367434875,-0.1187563805,9.317935192,0.3780327349,2.1541269564,-0.7076910105,0.7330127805,-0.9645838811,-3.1103848323,6.5138666552,-16.1030186947,-0.7122307038,6.4595724315,-0.0913419507,-0.5474438516,1.4475543247,-0.2243027086,-4.5591029407,18.9477020774,-0.7464484211,-9.7658734787,-0.6422837174,-0.5280510678,-0.7785780781,-3.238927442,-1.1892916465,4.3323475028,-0.1564686743,-1.6250577436,-0.5076716482,-0.9054610773,1.7415554142,-1.1462865048,-14.3496381881,5.4107988331,6.1870922476,-1.74927415,0.1910736071,13.5071888469,-1.9046415167,-0.0093541543,0.7263150216,-8.5604697961,6.2859145687,-3.863607222,-0.9534839232,-0.891692491,0.7783572898,-0.9798149532,-0.9915222421,0.0471002531,-0.9674868823,2.8340552136,0.0289300254
biasActivation=1,1,1,1,1,1
[BASIC:ACTIVATION]
"org.encog.engine.network.activation.ActivationSigmoid"
"org.encog.engine.network.activation.ActivationSigmoid"
"org.encog.engine.network.activation.ActivationSigmoid"
"org.encog.engine.network.activation.ActivationSigmoid"
"org.encog.engine.network.activation.ActivationSigmoid"
"org.encog.engine.network.activation.ActivationLinear"
