encog,BasicNetwork,java,3.4.0,1,1572777329268
[BASIC]
[BASIC:PARAMS]
[BASIC:NETWORK]
beginTraining=0
connectionLimit=0
contextTargetOffset=0,0,0,0,0,0
contextTargetSize=0,0,0,0,0,0
endTraining=5
hasContext=f
inputCount=2
layerCounts=3,8,8,8,8,3
layerFeedCounts=2,7,7,7,7,2
layerContextCount=0,0,0,0,0,0
layerIndex=0,3,11,19,27,35
output=0.1621638055,0.0002920272,1,0.9999999944,0,0.9999999644,1,0.7708632127,0.5965113259,0.5199510298,1,0.9999537487,0.9999998486,0.0034386596,0.9623394817,0.0001104065,0.0000003066,0.6121002574,1,0.3086185213,0.0000026892,1,0.0390567677,0.9999847833,0.0000110629,0.9999687359,1,0,0.9991649572,0.9999998347,0,0,0.9350640488,0.0207632951,1,8,30,1
outputCount=2
weightIndex=0,16,72,128,184,205
weights=-16.6423914417,6.815306506,12.8782760286,15.2226874696,5.790005235,-7.7846384485,-25.4788410351,0.327285269,-7.5735752676,-15.8511113415,4.0831533656,6.1195188556,-11.4193687024,-12.545528251,8.8108622442,0.9376357687,15.3801281745,-6.4939584156,-5.5742541323,1.2401996409,2.7993856848,-16.8421241824,17.6421447389,-1.8668165159,-20.3766386842,-5.5986814571,-1.1303164106,0.485585254,1.3618800105,1.8085204022,-2.9163727098,0.7380765922,6.4684075093,7.6580278274,0.0825453231,2.3785083164,-0.5041623438,-1.733388359,-0.3849829717,0.9714819695,6.2154219624,4.526147041,-1.0019198768,2.3158193095,-1.1419515782,-0.5160666579,16.2821513791,1.3627818295,-4.1293353396,-1.2989959673,-9.7417565678,-3.4901647926,2.3738965083,2.621878998,14.3306895494,1.2614722191,-6.7138051418,-5.9015852496,-5.9510602337,13.0892298955,1.8916986637,0.5144354121,5.0962870857,-2.6894379068,-6.2852819384,11.9413283328,3.5339008282,1.5446985817,12.0990262199,-2.3959928247,-9.0043381692,-1.5649424557,0.6307861987,-0.4520889876,0.7142887409,-2.9319165954,-0.839323304,-5.8201278654,5.3975784437,4.6288917242,-1.4928302723,2.8220510775,1.7063979234,-14.5330857528,7.2522010811,-9.2035813872,6.3446885334,1.4287897317,7.3437001251,3.6572475549,-2.8535853084,2.6154453616,-5.2657842557,2.6879833195,1.1943801172,-1.1128745791,-12.1475581739,-2.2349499222,4.2640583335,-5.3378961139,4.2188594669,-7.3493929182,-0.1396506782,-1.1449225729,6.9189484064,2.8577138092,-1.4437557617,4.4351474661,-4.6339560541,-0.5378241179,-2.8058598393,-2.5363572201,6.9608590228,5.3380073185,-3.4280541824,14.0132071778,-8.5553705781,4.0479828626,-4.1338566993,-1.5762814287,-14.1662949502,5.2373843222,14.1716223203,15.5090098842,13.4325115306,-6.4818604524,-15.8300102466,-7.5519581139,-0.6146807071,9.0466174583,0.290992262,2.9273104776,-2.8365111825,-11.8364256768,0.9423824638,0.9116080076,-0.3704514588,-14.5205783639,3.1744654849,0.9016656993,-0.5212274104,-11.2023770165,6.9791729502,8.8377564649,-0.871583587,17.4775987971,-7.1286005158,-11.0509938946,1.1291342686,18.409050988,1.9506851958,3.7894964772,-0.1047045761,6.4477185335,-2.4353302634,-0.0365873505,1.6603893029,-15.6356631676,2.1498290082,7.3658052547,0.0689237421,5.4398852059,-0.6039340987,14.6452877417,-7.2551476449,6.1574113579,-8.8195669699,0.6872451988,-0.5938526094,-6.7869737357,-0.0627883263,4.1313328182,0.3221226556,-8.6261958803,3.5798165279,3.4239054433,3.9626855342,-3.5885815893,1.5343227514,1.8734415674,-4.7801100919,15.0137151004,-1.9303761876,-1.574434283,0.9371550751,-5.0677497234,-1.0268812296,-2.1715963392,0.3461010052,14.0769327859,-1.2984443765,0.4761015054,11.7200421706,3.5072242118,-8.8911383434,0.9316413347,1.8382872926,-4.8822056785,0.4672752864,0.0818414701,0.2732176678,-6.1840481835,5.4784573143,-1.6197969998,0.9126648531
biasActivation=1,1,1,1,1,1
[BASIC:ACTIVATION]
"org.encog.engine.network.activation.ActivationSigmoid"
"org.encog.engine.network.activation.ActivationSigmoid"
"org.encog.engine.network.activation.ActivationSigmoid"
"org.encog.engine.network.activation.ActivationSigmoid"
"org.encog.engine.network.activation.ActivationSigmoid"
"org.encog.engine.network.activation.ActivationLinear"
