encog,BasicNetwork,java,3.4.0,1,1572767214709
[BASIC]
[BASIC:PARAMS]
[BASIC:NETWORK]
beginTraining=0
connectionLimit=0
contextTargetOffset=0,0,0,0,0,0
contextTargetSize=0,0,0,0,0,0
endTraining=5
hasContext=f
inputCount=2
layerCounts=3,8,8,8,8,3
layerFeedCounts=2,7,7,7,7,2
layerContextCount=0,0,0,0,0,0
layerIndex=0,3,11,19,27,35
output=0.3295105002,0.1071445483,1,0.9998195993,0.0267436066,0.5795153409,0.0007411765,0.0068894986,0.9710176897,0.4455845974,1,0.9083270232,0.7573975121,0.9867666509,0.8259766733,0.0000000011,0.3203455273,0.7158482381,1,0.0000129664,0.9999999608,0.0024390765,0.2643104785,0.1241105079,0.5595930784,0.7906522046,1,0.9997498282,0.9981319208,0.0000000127,0,0,0,0.929910053,1,8,30,1
outputCount=2
weightIndex=0,16,72,128,184,205
weights=-2.3898959791,-8.5921337518,14.1043551359,0.4915652061,5.0278749679,-6.4762605618,8.6900187512,-3.8834193242,8.4250918658,1.8626639691,4.4743528012,11.6329441366,-3.7470238571,-8.7498676666,-9.9402860579,-0.2438805731,-4.5307774378,2.585286034,7.3677597586,4.1606990961,-6.1263659395,0.6833648903,1.9432830876,-1.5394208255,4.9817692558,-0.2978227416,-7.6687589528,-2.4946878142,3.0720794082,1.2436208174,1.0915980938,0.554165037,-1.31489112,0.6662271052,-9.4503857536,2.684182291,7.3370084427,-1.388155913,9.1789402776,1.9927513691,-10.5338021775,14.1492362838,-10.0974612075,2.7666233081,-7.0417093565,-5.3547421734,3.8717733189,-1.7325522871,3.4120472183,-10.2339306917,0.8016539047,-2.9309171302,-6.2872444329,0.7860885115,2.0807568009,-0.43044685,-0.8621685775,-0.4731567694,3.8648682799,2.395816402,7.211084891,-2.5775928716,3.2296573555,-2.6256779673,-7.7323734219,-2.7433535922,1.6201176944,5.2655701419,-5.9368699309,6.8545770149,6.6092826301,-3.9921868173,-8.643059595,1.1971758302,5.4364075309,6.0644010801,3.6231616265,5.8904224586,-3.7437740634,-1.305720302,6.9845422021,2.7339704993,-2.3529878843,-12.8059486843,7.601265379,-5.3920329186,3.6390484416,0.9916142848,-3.5965910415,0.7341946143,-4.6085723861,4.1174487041,-0.9815555659,4.4515428506,3.9886207328,-3.0223416115,2.6800137116,-1.0843785104,-3.6784011226,-4.7656503156,-3.119978647,-1.4049510127,5.24839058,0.93407553,15.4970931429,-13.9248481278,9.5966343061,1.5653670982,-2.3698925649,-4.2819074359,-5.1646911666,-0.3754578931,-1.0818353369,0.8061963253,-4.7171942837,6.4129298305,-8.8451811938,3.9850421442,0.173625137,-4.5113647433,5.3379536181,4.9634651356,1.9957597259,-3.4554892734,10.9633615537,-8.0742447202,-3.1099185737,2.4853668406,-3.1595813649,-14.8616066185,2.4829431876,-5.1542577272,0.3898805014,6.8802289226,7.1474588103,0.0930029237,8.5579022889,2.7203257568,1.9021276294,1.0701570438,0.3763007425,-6.0846587836,7.5818897353,-1.2662115885,5.2263885743,-5.4971384361,-5.4158793622,2.1288202962,-0.2976539942,2.3826570908,-7.1915807191,0.935617822,14.2542769068,-2.8527628744,-1.5305720441,-0.8704610753,-0.3101726145,4.0963270121,-14.7267884701,1.2676277485,8.2538269749,-8.8662730141,-0.7162172693,-0.0241136884,-0.7936258268,-0.2240804334,4.0518458152,-5.1239717048,3.4274925557,5.3031108992,-3.1969386401,0.8228437053,0.6509937211,3.7774877006,-8.9745791318,-0.1347772121,-3.7248119373,3.6339547496,3.9085565172,-2.4915335315,-0.0932542217,0.5297510693,-3.3401083354,4.5315753478,-1.0891687099,0.6152344374,-1.4505711516,-3.1136442068,0.5458390351,14.8149573017,0.4749512068,-0.7196581092,-0.3894703958,2.1404026723,-2.0695685238,-3.8115780999,-2.2994804401,-1.1980722975,0.3312810366,0.8462995964,-2.2257930744,0.940641398,-0.6414120816,0.2350187128,0.6660437568
biasActivation=1,1,1,1,1,1
[BASIC:ACTIVATION]
"org.encog.engine.network.activation.ActivationSigmoid"
"org.encog.engine.network.activation.ActivationSigmoid"
"org.encog.engine.network.activation.ActivationSigmoid"
"org.encog.engine.network.activation.ActivationSigmoid"
"org.encog.engine.network.activation.ActivationSigmoid"
"org.encog.engine.network.activation.ActivationLinear"
