encog,BasicNetwork,java,3.4.0,1,1572777337850
[BASIC]
[BASIC:PARAMS]
[BASIC:NETWORK]
beginTraining=0
connectionLimit=0
contextTargetOffset=0,0,0,0,0,0
contextTargetSize=0,0,0,0,0,0
endTraining=5
hasContext=f
inputCount=2
layerCounts=3,8,8,8,8,3
layerFeedCounts=2,7,7,7,7,2
layerContextCount=0,0,0,0,0,0
layerIndex=0,3,11,19,27,35
output=0.057467984,0.0002468263,1,0.754730474,0.999548907,0.0000441156,0.6810839541,0.0000139172,0.6677198516,0.9999023342,1,0.988002985,0.0120953133,0.8659404551,0.9858848936,0.999999984,0.000063624,0.9998000544,1,0.11528607,0.9800300495,0.0239613902,0.0004649328,0.0868417792,0.8642492517,0.1389813127,1,0,0.9999997481,0,0,0.0000000171,0.185152467,0,1,8,30,1
outputCount=2
weightIndex=0,16,72,128,184,205
weights=-9.025687229,-5.2186318013,12.4136327595,5.171129061,-5.9998370974,-3.7661278599,9.3793992401,-1.1553050022,-4.131489796,-9.8306501576,2.4306589519,-10.9512618033,3.1305187452,2.6171211547,5.8893589,4.4600883685,-2.1439322102,-0.4911171708,-9.4159105257,-2.6807959538,7.4272118719,0.3231211287,4.0624519739,2.5558566881,5.7140603681,-3.6674072738,5.7148055167,3.3602763762,-8.0364844904,2.4968106654,-0.0182865536,1.8953170212,0.8941848962,10.3768992328,-1.4450888942,-9.282033199,-4.6333993408,2.3055642702,0.8914146681,3.1067715448,-8.5359620925,-9.0630334314,3.8631895542,4.6300718512,5.5173788881,10.0108000805,-2.41042299,-1.7161507591,-3.2250552071,-2.2892699481,2.0711195941,-4.1836867469,-10.5423442656,5.1241901967,3.1270198815,1.7784738277,-1.2407881456,-2.6620621788,-4.7522422246,2.2150689742,0.778230076,1.9597988574,2.418482795,0.6909929069,5.4550461897,-2.1034552117,2.3158002049,4.690487943,-0.6662253134,3.0020000572,2.975839815,-5.0691350687,-10.4831689633,4.7105833056,2.9744009006,7.6104309538,1.9087211368,-2.0169915587,-3.595687461,3.0054289628,2.6073303986,-3.0379786711,0.5916938982,6.2070775448,4.8503871269,-2.2633439738,-1.7990490961,0.0418009436,-5.4226696447,-8.7116914713,-5.0180937034,1.3772959713,9.6158065888,7.2117887009,-2.0691552002,4.367747094,-1.1650247544,5.8395657659,-4.4764559029,8.3673834278,-4.3956084774,2.4473657866,-13.9638716914,-1.0316673311,-3.0187391773,11.530351636,-3.8109332429,1.7542368833,-11.2616864945,10.3839730903,-8.2308231677,0.2357455547,5.4829209995,-3.8506166879,-1.0030851156,-5.0900313352,2.8245256341,-7.0034247994,0.956473448,-0.8199534294,-1.5245426562,4.6312018617,-1.5697952641,1.8499329971,-3.1234247111,5.5499900555,-1.9262840769,-0.0665524516,2.3229131479,0.12413423,2.1225686742,0.2121354033,6.8182179456,-13.6173783961,-0.3470440062,0.359309143,-0.619641738,1.8877113291,6.557861829,-2.6044969036,-3.3179551172,15.5405470785,1.0001454638,-0.8717268585,-2.6524003411,-4.1826977552,1.5828177531,0.3327685349,-1.5252799733,-6.5816061681,-0.0450570124,1.6942389939,-5.6937687416,-5.9175154426,0.1599368977,-0.4845981191,2.3109056043,8.2250515809,0.1551928149,-3.2785272759,4.5161491296,-0.7019019173,3.2174824474,2.2805342,-1.0152831255,-12.7980224989,-1.1318153178,0.718665866,-0.0237379523,1.3209304028,1.6444307055,-2.0562585686,7.806127787,12.5583857091,0.5990360885,-1.7951055575,7.9775450234,-2.6280563703,0.4585351184,0.4244386985,-1.5561232183,-12.6113666065,-0.1174268227,3.139304649,2.6879221406,-3.9358525501,2.007257264,-8.7589151685,2.8444387904,-0.0675293427,5.5988677331,-5.5146950413,-0.8666966656,-0.478310771,-3.7154634262,0.1478720763,3.3202075317,-1.3922514061,-2.6754810277,-1.492177821,-0.1545503585,15.0921119349,-1.6987360816,-5.4044107254,-0.2214333491
biasActivation=1,1,1,1,1,1
[BASIC:ACTIVATION]
"org.encog.engine.network.activation.ActivationSigmoid"
"org.encog.engine.network.activation.ActivationSigmoid"
"org.encog.engine.network.activation.ActivationSigmoid"
"org.encog.engine.network.activation.ActivationSigmoid"
"org.encog.engine.network.activation.ActivationSigmoid"
"org.encog.engine.network.activation.ActivationLinear"
