encog,BasicNetwork,java,3.4.0,1,1572777371241
[BASIC]
[BASIC:PARAMS]
[BASIC:NETWORK]
beginTraining=0
connectionLimit=0
contextTargetOffset=0,0,0,0,0,0
contextTargetSize=0,0,0,0,0,0
endTraining=5
hasContext=f
inputCount=2
layerCounts=3,8,8,8,8,3
layerFeedCounts=2,7,7,7,7,2
layerContextCount=0,0,0,0,0,0
layerIndex=0,3,11,19,27,35
output=0.7333348594,0.4615411555,1,0.9974486748,0.812967372,0.6483858616,0.758077743,0.9764264305,0.9734671667,0.0857148785,1,0.7323363065,0.6885305632,0.4927220859,0.9603418862,0.9715808803,0.16481946,0.7165515932,1,0.2010234944,0.9991373082,0.0006871801,0.0790765177,0.0007193335,0.3911329114,0.2850619677,1,0.9998579384,0.9999999999,0.0030395596,0.9841512837,1,0.9902046338,0.0021136241,1,8,30,1
outputCount=2
weightIndex=0,16,72,128,184,205
weights=8.2732071658,4.5282892716,-3.4908376916,-11.9549956932,5.5948419718,-6.1874297243,3.0005417793,0.7075007538,-9.7776520943,1.9075602837,14.2546909802,8.9446269316,-2.1355030857,-4.2006119245,-3.0172547137,-1.5425376118,2.2829617157,-1.8831673872,5.2100834632,8.3702574945,-2.3691918895,-6.8155400006,-1.0137286701,-0.8605376849,-4.3309609989,2.0718346952,-2.558732817,0.6174052018,-0.1721846594,5.572717309,1.4980883723,2.0577719147,-7.211856722,-1.6319359932,7.5519736167,-2.6897289445,-2.0267129582,-8.3290924612,11.9831617622,0.6344875353,7.2902081509,-4.5996814506,-14.3167814492,-2.2222347351,6.8441551365,-0.4658928372,2.8109293908,-0.4284318127,-1.7832367277,1.4758629049,2.2898374243,1.0656033848,-1.1629484313,-2.6395506177,2.5117233754,1.6270968848,3.5998554565,-0.9044407434,-4.2992698096,0.064612935,3.9447345683,0.0041722898,1.8337213304,-1.5020662349,2.4461741396,-4.466750193,0.3565575627,-0.2029563835,0.8932597999,-3.4529733113,-2.3915229806,0.3510722282,-1.8638943467,1.4772074827,4.884034517,-5.9723619669,-5.1293780851,0.1970349994,4.5722294885,-1.0025665266,0.8081798552,2.0766465124,-3.1519349664,1.6745452631,-3.3863486289,0.0868343743,-3.7679183659,-0.5317485593,2.9513431019,3.4733370212,0.3839357873,-5.5976690832,13.0610154394,-0.522320253,-8.7352751077,-0.9653671465,4.2421994179,4.2467545706,4.424533542,-1.8777425894,0.0566541307,-5.3294607762,2.0751248413,-0.2704864118,2.1160551225,3.8389567561,4.736646326,-5.2361544943,-1.9513757199,-10.7877048807,4.6867683774,2.5664532799,-4.0298649345,-0.0997254236,1.6812152349,8.5123340037,-3.3049738778,4.5194505576,-0.0522912703,-3.1377635529,-4.9988676837,1.601024254,-8.1812160783,6.4522710696,4.8994101781,0.0797905323,4.1492353729,-1.3894564528,-2.771294864,-4.3482981393,-2.3678735542,5.7745227217,0.0270800681,3.2692681313,-0.6476999994,-3.1994726265,0.8071713508,0.8667193611,-8.5895935746,2.9424831927,-0.0504566697,2.1902745234,-2.7540928907,0.3985317129,-6.1636075336,-7.4064907754,-2.4841646992,0.7256522649,7.6837950867,-0.1201956292,4.0360749441,-1.9929124126,-3.4656381569,-2.1108161767,3.6133184858,-5.9986482798,10.3516700522,-5.4364059876,-4.9352730028,4.0555111772,-5.6430450687,9.0369075679,-1.4816957297,-1.290980385,-9.25576565,5.6031072185,3.5755039444,-5.6561206937,-0.884249023,0.9057598637,1.3621515077,-8.1155986313,8.67615005,-2.8919482314,-3.3349594097,1.7131667824,-0.5369904726,-1.7086336805,-6.5291508521,9.1160331425,-4.2034095981,-2.2825592078,7.0263638696,-1.1768921824,-4.1463682665,1.038796127,10.8661700009,-1.6679333995,1.0589895591,4.5270763137,0.1748464445,-0.4399444751,6.0065642451,0.5029099369,0.2244274262,-6.627411159,-3.436964173,3.3513385288,1.9529905279,0.3957181735,0.1693291376,-3.6296173353,0.8559097347,-0.4928848077,1.7820310018
biasActivation=1,1,1,1,1,1
[BASIC:ACTIVATION]
"org.encog.engine.network.activation.ActivationSigmoid"
"org.encog.engine.network.activation.ActivationSigmoid"
"org.encog.engine.network.activation.ActivationSigmoid"
"org.encog.engine.network.activation.ActivationSigmoid"
"org.encog.engine.network.activation.ActivationSigmoid"
"org.encog.engine.network.activation.ActivationLinear"
