encog,BasicNetwork,java,3.4.0,1,1572777428225
[BASIC]
[BASIC:PARAMS]
[BASIC:NETWORK]
beginTraining=0
connectionLimit=0
contextTargetOffset=0,0,0,0,0,0
contextTargetSize=0,0,0,0,0,0
endTraining=5
hasContext=f
inputCount=2
layerCounts=3,8,8,8,8,3
layerFeedCounts=2,7,7,7,7,2
layerContextCount=0,0,0,0,0,0
layerIndex=0,3,11,19,27,35
output=0.379119701,0.3947369492,1,0.0000000029,0.0000770029,0.037865694,0.35165902,0.0002125873,0.3090919296,0.9794908487,1,0.4183429672,0.3044388937,0.9989751987,0.9999909359,0.1887491329,0.006137727,0.0836906236,1,0.694784754,0.0078910725,0.9991754498,0.9991471949,0.303813356,0.0034701105,0.998590854,1,0.9999016699,0.9096274261,0.0006026114,0.9906806928,0.0546108899,0.000353947,0.992467272,1,3,4,1
outputCount=2
weightIndex=0,16,72,128,184,205
weights=-2.753673499,-0.8477801729,6.8464538241,8.2820734916,12.2485458512,-19.045406725,3.5275702368,-1.2359777388,-2.9618625821,12.153876466,9.1567419524,-4.9172890239,-6.7269676564,7.1612310167,-6.0589587577,4.6767492192,-2.5417388643,8.6785393795,-8.4416710627,-14.7948231554,4.0733188041,-0.0702952882,-0.7228419994,1.2693522048,13.4101054229,-4.8976323986,-1.5900736286,-7.7514717361,-1.0713958347,0.5937720485,-1.5392231978,-3.9233388954,-1.6386684166,-4.3615128408,1.2857785151,1.1122833899,-9.5246117317,-0.8322144939,6.6874692354,-2.3753114867,-3.4487544587,1.7158753008,-1.5278678762,-3.9973681657,19.7289555292,1.072005494,0.3132050522,2.0756470424,7.5521599204,-9.2502704856,-0.4031936867,-8.5967224641,6.0770957524,-0.112541147,1.7936994375,-1.096242757,2.186078594,7.5578304049,-11.6844997906,3.8453914846,5.0845904497,-1.0731077471,-7.710223836,3.4995205455,4.0955327139,11.4620606669,-3.769401045,2.9772694513,-4.8670446612,-0.455144524,0.7436493863,0.3108305505,9.0203197579,0.3768298463,-4.8520701522,-6.0526507682,4.8349317895,-5.1032755489,3.2636184214,-0.4144026426,-3.4492673358,-0.5013843652,-5.2120217707,5.0230180085,-9.7501404657,5.6104989333,4.1244665817,0.5872954226,3.2503759669,-0.5535988489,4.4221090862,-2.714852599,2.1190326813,-8.4820910623,5.5175499813,-3.2017690382,1.7562610244,0.8621979484,-0.654868353,6.0223532319,3.0332293498,-16.4242871355,0.4100140354,3.7472887008,-3.7030297113,-3.7019118513,2.0576063704,4.4579036317,-3.0832736475,17.8760509682,-2.3973245276,-2.0974953913,-0.7599786073,-1.0521232563,-0.6821326781,-1.8108745863,-2.9602375582,-1.101193508,-0.7913264192,-0.3665274439,3.3760579626,-0.7051761545,-0.0353803336,-6.4587853113,-8.3408967433,-5.7514576449,2.5742934969,1.7387003588,1.4282561852,1.4584718057,-0.8220019396,-5.2114042844,9.5471448936,9.4646835532,-1.5896249304,4.2840587384,-3.1836259641,0.0971331992,-0.1059946056,0.8476013062,-0.7352995919,0.0096620576,-2.4480445574,-0.1090252773,-2.1001077393,1.1897032934,-0.6767730783,2.799002581,-6.7148180816,-6.60585779,0.5979766429,5.120620234,1.712050152,-1.5683625742,0.7172255285,0.7975451068,-3.5897025278,-8.8987475563,3.1785129357,3.0349419045,2.1001427134,-5.9683718312,0.6936200564,-3.0792612485,-14.2850564951,1.3132076644,2.057772029,4.2873843945,-0.4482949792,-5.7371436205,0.3037955951,2.9437075602,17.2685421154,-12.0730558544,0.2477749528,-4.0943216809,-1.8328910893,2.6738114944,0.5336788458,10.1538743994,3.4328407703,3.7698302526,-3.7375636642,-0.5750642289,-1.7360915555,4.091146904,-1.9292311086,-1.3933609737,-0.6533967747,9.1027642778,-0.8649303862,-1.10555912,-0.3966075413,-0.6236624374,-0.5776296433,8.8478098742,-1.7684058679,0.2339706006,1.5179719129,-5.7444493327,0.5491791225,7.0906220611,-5.1887943442,4.9205560071,0.7650957823
biasActivation=1,1,1,1,1,1
[BASIC:ACTIVATION]
"org.encog.engine.network.activation.ActivationSigmoid"
"org.encog.engine.network.activation.ActivationSigmoid"
"org.encog.engine.network.activation.ActivationSigmoid"
"org.encog.engine.network.activation.ActivationSigmoid"
"org.encog.engine.network.activation.ActivationSigmoid"
"org.encog.engine.network.activation.ActivationLinear"
