encog,BasicNetwork,java,3.4.0,1,1572777446672
[BASIC]
[BASIC:PARAMS]
[BASIC:NETWORK]
beginTraining=0
connectionLimit=0
contextTargetOffset=0,0,0,0,0,0
contextTargetSize=0,0,0,0,0,0
endTraining=5
hasContext=f
inputCount=2
layerCounts=3,8,8,8,8,3
layerFeedCounts=2,7,7,7,7,2
layerContextCount=0,0,0,0,0,0
layerIndex=0,3,11,19,27,35
output=0.5172414963,0.2692302858,1,0.0066798825,0.0158032075,0.1221925376,0.9528502525,0.0000002297,0.855188525,0.0000023538,1,0.9738750748,0.0000000029,0.9994445426,0.6087877573,0.0000331312,0.5244324451,0.6626439195,1,0.024399874,0.9997530009,0.751855781,0.0339861099,0.0001375436,0.0767896375,0.9998193496,1,0.0000072205,1,1,0.0000000005,0.9999987993,0.1973773208,0,1,8,30,1
outputCount=2
weightIndex=0,16,72,128,184,205
weights=-18.0709589624,7.1343499554,11.834320456,-11.4745085826,-3.3738047934,5.2743336975,12.5787031795,5.0538038747,-11.7970156176,-12.6628639057,11.0367450784,4.7814133655,7.1881610896,-9.5942875618,-1.1404753473,1.5807320973,2.0702266036,8.688238886,2.4568074501,2.0631146756,-11.6060457208,-10.4658187122,-2.9531163447,-3.2836724518,0.1584589264,-5.8270939323,-8.2668639015,3.7060383574,2.7373564334,-3.120214931,2.5759368118,1.6494714927,5.1513395376,-6.4701423811,-4.1866711166,10.0750596684,-11.613920161,-11.4563384858,-13.5782056421,6.0681579533,-0.0828392468,-1.0366306216,-7.239244813,-0.9458220241,8.8725807235,3.3229232939,13.2066656509,0.4035733376,1.9138606257,7.1327599265,-16.7778728824,2.6749484737,-0.6850620802,-2.0514014968,-4.7286671189,2.1989461378,-2.2528700005,16.8329411432,9.5195555122,-7.6568732708,-5.4937333243,-1.857199229,5.5355301488,-3.576881836,-3.5639295218,0.2193283387,4.753795683,-5.7393779317,12.0033517625,-10.1002103734,-0.1995163005,-5.3170581309,-1.5609462728,-2.1509210637,-1.4934697161,-5.6270159414,10.0992563813,-3.2490199424,5.7184611493,1.6516579584,-13.081012922,-16.216920541,-6.805162797,-0.2214254889,5.0213837364,13.0058479824,3.4460435958,-2.4612617387,-15.2444810726,4.5975611175,-15.0136653022,2.7404738384,2.8071913185,5.3530562787,7.7426514102,6.31297582,3.9867034334,1.2844357387,1.5608235232,14.066316274,4.452071695,-8.2737065648,-0.4226631206,-1.5334383017,-3.7159121016,0.639375159,-9.7654433207,-4.1553500195,1.2778844531,16.4338500127,-0.3558381667,-4.2864730655,-7.2495016578,-4.0891959818,-4.0182277937,-3.1883818174,-1.4019858874,0.7627347417,7.402151594,0.0331773675,2.6144357775,0.5816236876,-2.3003920566,1.0251285357,0.2592076403,0.6754881486,5.5526055823,-3.8789588593,-8.1323072021,-1.3678540684,-2.8887006169,0.2658304581,0.8431043747,16.8876604072,-3.1885397361,-3.6082059527,-4.6957130842,1.7277637038,0.3101964934,1.1130113361,8.6445571256,-11.7340432387,-0.9421123924,-0.0605600641,-6.6105116193,-1.3724094042,-3.1816201918,-0.4318549336,6.4435827831,14.6297232642,-2.9910130292,-3.6685388817,10.1347511125,-0.3027050086,-1.2305762892,-0.8247480463,-1.342549016,5.1410838493,0.2785160689,-1.4862041343,8.7009598537,-1.2528500929,-2.0282552679,0.2675539578,-6.2686588492,15.0177949029,-0.4597030319,-2.3059100398,4.6142510201,4.6828157575,1.6177774139,-0.9740128963,-11.5887857557,-13.2835900571,3.6801123603,5.4232373523,-2.4603869881,-1.625312264,-2.7508043214,0.5347398943,16.3568101391,-1.4412010799,-0.5227821529,-3.0774296527,4.8079608838,-1.6283844298,-1.4507384985,-0.0471621036,2.9257534513,0.3437423414,-0.7010200403,3.7421527481,-3.3045019466,-1.2289778375,-0.4061778146,0.6266677702,-0.9100012399,0.660425537,1.0998742809,-0.8619192711,-0.2981295722,14.4364738511,1.1051445806,-3.619051923,-0.7645095085
biasActivation=1,1,1,1,1,1
[BASIC:ACTIVATION]
"org.encog.engine.network.activation.ActivationSigmoid"
"org.encog.engine.network.activation.ActivationSigmoid"
"org.encog.engine.network.activation.ActivationSigmoid"
"org.encog.engine.network.activation.ActivationSigmoid"
"org.encog.engine.network.activation.ActivationSigmoid"
"org.encog.engine.network.activation.ActivationLinear"
