encog,BasicNetwork,java,3.4.0,1,1572777500141
[BASIC]
[BASIC:PARAMS]
[BASIC:NETWORK]
beginTraining=0
connectionLimit=0
contextTargetOffset=0,0,0,0,0,0
contextTargetSize=0,0,0,0,0,0
endTraining=5
hasContext=f
inputCount=2
layerCounts=3,8,8,8,8,3
layerFeedCounts=2,7,7,7,7,2
layerContextCount=0,0,0,0,0,0
layerIndex=0,3,11,19,27,35
output=0.7623400476,0.7398181581,1,0.3703092523,0.0958525579,0.9246534728,0.9997787997,0.9203357984,0.9641212031,0.0076668539,1,0.7704223824,0.0217715664,0.1981375082,0.7345864457,0.0032025945,0.9993799577,0.0236689457,1,0.7880378707,0.7367424016,0.9248908226,0.0004295866,0.0000001187,0.0513342891,0.4646347656,1,1,1,0.9999999999,0.006586233,1,0.7687406241,0,1,8,30,1
outputCount=2
weightIndex=0,16,72,128,184,205
weights=-14.0137587734,3.2424293101,3.8767188904,-0.4955919574,3.4890974335,-3.5246482555,-8.0946890856,3.2041496118,-6.6581130473,3.6018364531,-13.1642276548,13.8211694044,-7.6795023623,13.4426208379,9.3464659311,-4.4446768939,-7.6832642428,9.6813459771,-2.5106442588,6.9452463088,-6.5584993407,-2.2139445097,-6.5252990547,2.9612822577,0.2307453742,-0.7289920916,3.2086217438,-4.0690323618,-3.9779983088,-1.4063364944,-2.2038542741,1.41759364,2.0313886181,8.4488172566,-0.8479599428,9.0715777446,-6.4475153101,-0.3511089275,0.9984002319,-5.3895864964,0.7358955269,-5.8028495416,6.4428308013,6.4133846518,-5.723473213,-5.629465368,-5.5316916226,7.7630897892,2.0369604707,2.8936412746,-2.3287938819,1.8602930473,5.5200497667,1.2269834211,-0.3913965009,-1.3251625789,4.6837592852,-4.6654693205,5.1964671975,5.8086971482,-2.1369224242,-8.6880900409,-2.204113551,3.2292826433,-2.5991394711,7.2940499084,2.7310369093,8.7569389231,5.0701382694,-6.5373821644,1.9549974883,-3.5225513068,3.7726675129,1.7202352977,-5.212039734,0.7879247338,-7.8706136881,6.8610893772,3.6951988449,-0.2785742469,-4.4880986722,-13.9713234098,6.6513228589,4.7141045903,4.4068576852,-2.1017320101,-4.783654598,6.2016897353,0.9407918685,5.3182133285,-3.2007424281,1.5954612572,4.6982610873,-0.3765534538,-0.7541167185,-2.7281384429,-1.9030063397,-4.9212024003,4.9080788743,7.6693813873,-9.2171408611,-1.9309023986,-1.7797842268,2.5266584811,-1.392102536,-10.0654747126,-1.9714048382,-2.2120865665,-5.1087617911,6.6424300064,-6.9746571726,7.4960741566,3.9101016203,-0.9409931753,5.0006055847,-5.8933777462,10.2654861056,5.1314601607,-9.3250795642,4.4439166405,-1.783665392,-4.8513030772,-2.0635834427,-1.4132352723,-5.420363649,-0.5035095065,5.248186572,0.756673218,0.2359130066,-0.7957721356,-0.1919907809,-6.8588080312,0.7127245887,1.8886218182,-1.0770955479,-0.0544227612,2.4259036838,4.5812405386,-1.8005212317,-10.8691727341,4.78186117,-17.3553150268,-0.9508560672,4.4539437433,3.2171601527,-0.4696769279,1.6379749324,-12.1231550624,3.1282333575,-11.6265854295,-0.8812203172,4.014715896,-0.3152413772,-4.5028158779,-7.4564713438,11.0065225315,0.6903553143,2.589356684,0.7798183767,1.7688806489,-4.4171920243,0.3983056153,5.5276539451,14.0012408309,-6.5402493058,-10.7546643484,0.6810312868,-2.7400822524,-0.6641115204,0.4550841813,-1.8006084276,12.5470638104,1.3620148713,-2.6779818478,-1.7320956322,-0.2930411034,-0.0145773797,-0.0487968871,-10.2846390364,3.2045568273,-1.5723068539,14.4678464306,-0.8811974184,0.6354953551,0.3234231521,1.7096378112,-0.806445758,-4.9057589008,5.5595027049,-0.1482257534,-0.5249587543,1.0199198151,-3.0008415692,1.0355073048,-0.4464002508,0.0917833927,-0.405411504,5.609307523,1.1553942523,1.2950065186,0.2641151235,-17.0822921496,2.4306272862,-5.2855234496,0.1890797588
biasActivation=1,1,1,1,1,1
[BASIC:ACTIVATION]
"org.encog.engine.network.activation.ActivationSigmoid"
"org.encog.engine.network.activation.ActivationSigmoid"
"org.encog.engine.network.activation.ActivationSigmoid"
"org.encog.engine.network.activation.ActivationSigmoid"
"org.encog.engine.network.activation.ActivationSigmoid"
"org.encog.engine.network.activation.ActivationLinear"
