encog,BasicNetwork,java,3.4.0,1,1572777513707
[BASIC]
[BASIC:PARAMS]
[BASIC:NETWORK]
beginTraining=0
connectionLimit=0
contextTargetOffset=0,0,0,0,0,0
contextTargetSize=0,0,0,0,0,0
endTraining=5
hasContext=f
inputCount=2
layerCounts=3,8,8,8,8,3
layerFeedCounts=2,7,7,7,7,2
layerContextCount=0,0,0,0,0,0
layerIndex=0,3,11,19,27,35
output=0.8795099657,0.441846694,1,0.8484669046,0.2589219634,0.9994727276,0.9260056865,0.0025258,0.0936986492,0.0013927764,1,0.489714567,0.3834430225,0.0015380698,0.9267045398,0.803122423,0.7299140193,0.7539811015,1,0.3677952674,0.4847663347,0.1684075329,0.8814907893,0.700970358,0.9998111534,0.0065786931,1,0,0.9999974161,0.9999999998,1,0.2006913698,0.1451007095,0.0108655788,1,8,30,1
outputCount=2
weightIndex=0,16,72,128,184,205
weights=2.5293555331,14.3320329564,-2.4060949283,-0.1048546165,3.3402045624,-12.3062550022,6.443958853,-0.2315647038,-13.2769155947,-5.1251984461,-1.4865217175,13.6562877984,-9.2163791743,3.6660140686,-4.4883302925,0.8843463937,-0.5608883715,2.3985511493,2.9362361777,1.8801756421,-3.4647644502,-5.5215403887,10.2092606472,-1.5539987387,-7.0053061191,1.5472948807,-6.92731135,10.0031690109,-10.7294165015,5.5847041075,-9.5399300255,4.2600024708,-1.0334945855,0.9693353479,0.7202194496,2.5513727929,0.4917007625,0.7892689262,2.0432549009,2.8046518767,-7.31961326,4.4825270864,3.7570637176,-6.6737135881,0.854793622,6.4389371906,9.563208605,-2.0254513196,4.8885394406,8.7688154882,4.6852658628,1.2252551882,-6.0641022499,-1.6733743611,-3.0470466271,-4.488602867,-10.6289117689,-4.2624848539,-0.2152010402,-2.0443908364,4.3440560976,0.5865309464,1.2684624223,1.5918194554,4.0961675258,1.1080332284,-5.8564384163,-5.554027189,3.2971622293,-3.5545379403,-4.1104026192,-0.8042849982,0.4796753713,6.9377328913,-5.4881754093,-10.7648356599,4.1651870592,5.9139907557,-2.6728344551,-1.9823584741,2.6959951439,-1.0668481839,-7.7401538517,-4.8598770208,5.5520748872,3.2018040876,3.3679556837,-2.4771209327,0.7838432173,0.9952725282,-7.0314759415,-4.9569556726,0.7814549491,-0.7366005444,7.8175528557,-1.5555365062,-1.9411275724,-8.9782022785,11.7941847068,-0.6980193832,0.3115301297,2.6080693015,5.127965869,3.3727864916,0.6206525694,6.8027690974,3.8441365749,-5.7230577123,7.4039641344,0.5457519961,1.7747682065,-3.4699443327,3.936902134,5.6073343352,-7.6574991716,-4.8106841194,2.8381070587,-2.766796544,-7.3680956231,3.1834373516,6.5104408208,-13.9602849281,3.3674237206,12.8454569018,-0.5317681812,-6.0735702547,-2.9928607914,0.067540442,-1.9251570487,-2.9583283892,1.9449181353,-2.9290565373,3.2847182161,0.8955533249,-2.5708730599,2.6395463094,2.6687263707,-0.1155888571,6.5620650651,0.6173396134,-10.5489022233,15.4251023295,-4.3713537196,-7.1983920114,-3.5889499076,1.3649250191,3.3942448898,-0.3900076451,3.5398461921,-4.0202381642,12.5056372372,-6.2290725586,-0.5833909368,-2.6205595513,4.6942912259,0.4213470776,1.1938360268,-7.1716403423,-10.9897225681,0.431965556,-0.4139324724,0.4445164384,0.2707807867,0.7218286429,-5.5805344201,-0.6451822381,-11.3047942858,0.751212806,0.2184610845,2.1393425342,10.1161298882,-3.5973280301,1.9982248899,-1.2975071528,-5.0283263071,-0.2418738636,6.7539312129,-5.3074140545,6.9565501417,1.8816880125,-4.876146497,-2.0360004316,5.1941443101,-7.3305683186,2.6022657399,-4.5102443059,2.8159191631,-8.5099049139,2.6979024237,0.0083568134,-2.3044157326,1.4390182015,-2.1808523814,-0.774815277,2.4314360921,0.6903432248,-0.8027918619,-0.1190740745,8.6125782437,-0.7030338029,-0.2714625887,11.9945924606,1.4543188261,-0.1832064446,-10.6495876274
biasActivation=1,1,1,1,1,1
[BASIC:ACTIVATION]
"org.encog.engine.network.activation.ActivationSigmoid"
"org.encog.engine.network.activation.ActivationSigmoid"
"org.encog.engine.network.activation.ActivationSigmoid"
"org.encog.engine.network.activation.ActivationSigmoid"
"org.encog.engine.network.activation.ActivationSigmoid"
"org.encog.engine.network.activation.ActivationLinear"
