encog,BasicNetwork,java,3.4.0,1,1572777589844
[BASIC]
[BASIC:PARAMS]
[BASIC:NETWORK]
beginTraining=0
connectionLimit=0
contextTargetOffset=0,0,0,0,0,0
contextTargetSize=0,0,0,0,0,0
endTraining=5
hasContext=f
inputCount=2
layerCounts=3,8,8,8,8,3
layerFeedCounts=2,7,7,7,7,2
layerContextCount=0,0,0,0,0,0
layerIndex=0,3,11,19,27,35
output=0.1034499618,0.0006246936,1,0.7944951909,0.2575123978,0.8741423635,0.1727174124,0.9734131956,0.999840071,0.9985953195,1,0.2357376196,0.0000215369,0.0660950076,0.5561983491,0.3648569807,0.0008163374,0.6795462211,1,0.001266898,0.9999817983,0.9985517315,0.3911998234,0.9989705612,0.9468252683,0.6693429671,1,0.8973609391,0.0000116597,0.9922708225,0.0000000132,0.9999999948,1,0.0001360481,1,8,30,1
outputCount=2
weightIndex=0,16,72,128,184,205
weights=3.5572192194,-14.3510755444,-10.8789635197,-4.064137073,-1.625740724,8.4622875725,-10.4249140892,12.4534840454,-11.6997259888,1.0570280545,4.6155363675,13.1454463517,7.8588810242,0.6214146987,-7.9632314395,-4.9787376418,4.0000317311,-9.6401677723,-3.4130105411,-2.6273210516,-13.0848455151,0.3957679465,9.2956933406,0.5533026127,2.1545383071,-11.1647982289,-4.4437395885,9.2133818116,-14.8216259631,-7.0622360959,1.0370921506,-1.6885755208,-8.0747638365,5.3118812614,1.3344541091,-0.7725047757,2.1370610396,-0.2603839134,5.0405009797,-0.0217942897,4.892013508,1.7964160409,-4.733783192,-9.2222987949,-3.1047791973,7.0488279221,-2.3506526048,5.4469701943,2.3293737949,-8.6777769474,-7.6451529556,-0.7949422729,-4.421854387,-1.1413796578,5.0681848662,2.1691218354,5.2317585098,-8.6067141648,-8.0023301587,-0.1830017956,-6.4354436505,7.3506898057,12.904123414,1.7112504591,1.8374028033,-8.6180294674,-10.3824203999,4.1573952794,-4.6103184766,-3.2637680858,1.3030869953,5.3067335298,1.3293797841,5.9923388198,-6.4575659333,-3.2859297016,-1.1746960636,0.9938132336,3.7202491521,-1.6940402304,-2.103954039,8.9753231267,-12.1660839176,15.959198639,-9.8874594457,-6.7865278278,-0.7103735149,2.965435703,-12.0852175741,3.0357434864,-3.5145624872,4.9234580229,-5.7666566784,0.2286961364,1.9606424895,0.1466002757,4.6294890222,4.4468492581,-7.3461358826,-0.9089169498,-0.369083208,5.1009555749,-4.7027157525,2.1508980342,-4.0178104235,4.160018831,-10.3990124148,14.5490043288,2.6856800965,-2.8221099683,2.1505201622,-1.4671196564,2.71352126,-8.6722046625,1.2787769298,7.8318988701,1.1329853227,-3.3672671714,-1.0650849606,-0.0127177002,9.9154671201,-2.4932032967,1.6105120958,0.1352982961,8.5909736598,-6.1577403777,-3.8775369562,1.4147514211,-5.5110559756,0.6194145681,-6.023033078,0.352699566,0.4176364367,1.9670569514,13.4619366727,1.8654380566,-2.2181275693,-0.2181420665,2.163469118,-0.6761153547,-2.2275050144,6.9048239405,-11.9148550955,6.0819943472,17.4950688985,0.3108549178,-0.0757786779,0.5347490001,-0.3942342809,-4.3711074221,3.5581701912,-4.3234072456,-18.9097061957,0.3664820588,2.5938700448,-0.6919612007,7.3619168561,3.6542367328,-9.5762990681,2.9378835606,7.651309125,0.4488633228,10.9996206203,0.4882206617,-4.9466239099,-3.0549884712,6.6085281965,-2.9021689997,9.4557821109,-0.285582724,-3.1214844921,0.9362506289,-2.2088173966,-0.5052315429,-8.5362548412,0.2068533063,2.2129136325,-0.8642399717,-8.4734630324,0.1478544056,5.7652706639,0.4005424625,-6.3302668771,0.9624609776,-0.133394616,0.1220760683,-0.4268855271,-0.9478445481,-0.1151375646,-0.3224793281,-2.2606008417,0.2897378282,14.2476655096,-1.5699537402,-0.1573295186,-0.8672962482,0.0469349985,0.6792470537,-1.687194241,0.9194279495,0.8484722044,0.3348094269,1.0826533594,-0.4533057214,-3.964421247
biasActivation=1,1,1,1,1,1
[BASIC:ACTIVATION]
"org.encog.engine.network.activation.ActivationSigmoid"
"org.encog.engine.network.activation.ActivationSigmoid"
"org.encog.engine.network.activation.ActivationSigmoid"
"org.encog.engine.network.activation.ActivationSigmoid"
"org.encog.engine.network.activation.ActivationSigmoid"
"org.encog.engine.network.activation.ActivationLinear"
