encog,BasicNetwork,java,3.4.0,1,1572777602099
[BASIC]
[BASIC:PARAMS]
[BASIC:NETWORK]
beginTraining=0
connectionLimit=0
contextTargetOffset=0,0,0,0,0,0
contextTargetSize=0,0,0,0,0,0
endTraining=5
hasContext=f
inputCount=2
layerCounts=3,8,8,8,8,3
layerFeedCounts=2,7,7,7,7,2
layerContextCount=0,0,0,0,0,0
layerIndex=0,3,11,19,27,35
output=0.0491806267,0.0229237015,1,0.5140342438,0.9999151323,0.8472801329,0.6638615641,0.0176688306,0.132788411,0.9947926934,1,0.1242666566,0.0000008042,0.0201685864,0.6520982665,0.3340941673,0.9823663357,0.0010466089,1,0.3154063949,0.3027685799,0.0000090554,0.9950015165,0.9636705687,0.0223886132,0.6514842791,1,1,0.0524296246,0.9999999922,0.0021680201,0,1,0.9955737988,1,8,29,1
outputCount=2
weightIndex=0,16,72,128,184,205
weights=-1.9343326472,2.2975169169,-5.9623100118,12.3643344714,6.1488957618,-3.4640194317,-8.5393291435,1.4249074306,7.0439214256,-9.5763988526,-1.5018594141,-1.2195463591,4.2285356005,-7.8391301264,2.4083449293,2.8549099457,-2.0929376235,1.2038640994,1.1067019896,-1.4694941007,6.1690427063,0.1350080642,-1.0745043682,-0.9403769194,5.3591986664,-2.965172556,-3.5038228576,-2.2966470594,5.6272020538,7.308325546,-6.41926955,1.2239211062,-1.1955354695,-1.1356267206,-1.2582618288,1.2138346138,4.0663580165,0.0326456172,-4.2652468036,-0.2903223154,0.3590327219,4.0004708648,-8.031407242,-3.0390807723,-1.7180082161,3.343824148,2.3355478659,0.0663648178,8.3108190933,-2.4672711663,6.9966967109,-3.1031020114,1.6222700698,-0.9787394614,-2.1303033285,-2.7467488172,3.878598003,-6.5287995687,1.6187927812,2.8167077453,-14.8731413589,-0.5322380385,1.470101651,1.2624237044,-1.0875574719,0.0954217976,-3.6497072725,4.3745096858,-14.0748276971,5.4713675104,3.274933781,1.9326209355,2.5435309259,-1.4702897213,-7.4622485175,-6.3105365103,1.9260756013,-1.8616597757,6.7695193506,-2.2553171698,-3.3794535237,1.8210765883,-1.3401177689,-3.7480695464,-8.455871527,8.3155853944,5.7133877316,-5.5491601961,-2.2163930515,4.3866698672,-8.1063812226,-4.9635785455,-0.9681357951,0.7646430803,1.4446185697,0.4012044448,6.4001952097,0.7188980941,-3.2506574471,-2.8245715125,2.4143269711,-0.4806021327,-1.0110285845,-0.4547512786,-9.1277412548,5.5174125578,10.3835109939,1.785158564,-8.3235831788,-11.9644318978,7.3652774721,2.2330906038,7.2364146862,4.0275737185,-3.6786736829,1.1281804491,0.6289462081,-7.8611036101,-2.25915807,0.4375205077,5.2571546877,2.3537419021,1.4307211988,-6.4940501786,-1.4276786186,0.9025325948,-1.3134378411,-0.5590657842,5.0474458148,-2.3563178177,0.7853000501,2.906868881,-3.0183316089,5.4784080841,-11.7139248566,-0.3068020013,-1.0535687052,0.2948738345,5.0535901989,17.1671884834,-1.3952610113,-1.2865957412,-4.2344125489,0.6154169125,-3.0979977082,-1.6227129488,-5.9990597875,12.3125607757,-5.7115229925,0.8790987974,-3.1585453846,-0.1912275059,-0.3739030915,-0.8349065116,-0.4605007243,-5.9880880519,-0.3414830812,-0.5866823287,7.8401627336,-1.0340086252,2.1432890858,-4.5850617814,-8.1010525537,-3.4439210136,2.6154053344,4.7268723537,3.2629906711,1.508323902,0.4627228362,5.7975615461,-9.0702010083,-12.9099033559,3.7417782911,0.7828421319,0.1060715244,3.6664991461,-2.0031593804,8.3365009704,-5.3193095089,-6.6650036512,-1.5516227581,-0.0956628016,7.1699291766,0.4828781938,-0.7089188377,4.3920255929,0.6843221011,7.1665476456,-2.063005855,-0.3996407914,-1.7532115089,1.1170236487,0.2954135544,1.4784958239,-0.2324209412,-11.2195298516,3.8671002807,-5.7169754834,0.8894804555,-1.354541146,5.4532983357,0.9283101838,-2.5445006041,0.3216151066,16.4449442928
biasActivation=1,1,1,1,1,1
[BASIC:ACTIVATION]
"org.encog.engine.network.activation.ActivationSigmoid"
"org.encog.engine.network.activation.ActivationSigmoid"
"org.encog.engine.network.activation.ActivationSigmoid"
"org.encog.engine.network.activation.ActivationSigmoid"
"org.encog.engine.network.activation.ActivationSigmoid"
"org.encog.engine.network.activation.ActivationLinear"
