encog,BasicNetwork,java,3.4.0,1,1572777644018
[BASIC]
[BASIC:PARAMS]
[BASIC:NETWORK]
beginTraining=0
connectionLimit=0
contextTargetOffset=0,0,0,0,0,0
contextTargetSize=0,0,0,0,0,0
endTraining=5
hasContext=f
inputCount=2
layerCounts=3,8,8,8,8,3
layerFeedCounts=2,7,7,7,7,2
layerContextCount=0,0,0,0,0,0
layerIndex=0,3,11,19,27,35
output=0.7817979791,0.6896495057,1,0.0134430918,0.2361389667,0.3556922465,0.9807144841,0.4600811359,0.499099158,0.9290429441,1,0.9999519949,0.1879171761,0.9869598147,0.9999309168,0.1529735658,0.973793849,0.0000450073,1,0.0000295678,0.1331200283,0.9999999891,0.0440324167,0.9999999437,0.7591443507,0.8032243668,1,0.002238703,0,0,1,0.9663592545,1,0.9999973727,1,8,30,1
outputCount=2
weightIndex=0,16,72,128,184,205
weights=-30.8714084845,16.2093911931,-7.4024616871,-32.4739688374,8.919546826,22.3299054973,11.4352243856,6.4718363485,-7.81726374,7.5645961843,2.3379112355,5.7201641267,-10.0686641256,2.9584858884,-1.6453677025,-2.6397093555,-8.5398286194,-19.257658428,7.5362025452,-8.0675408044,11.5215230383,-2.2471334091,-7.8493405792,8.9176717061,-5.8923516789,-29.3338728547,-15.3961200439,9.2654748231,-1.7242213352,15.5223594079,11.065817064,1.3086431423,0.0463389506,7.647132756,0.8086948785,-1.7268475239,-5.5201131,-0.4187263285,10.4142485253,0.1028197425,-4.4711595699,19.8581291739,-0.2387480427,-3.0971650413,-8.7569753895,9.5602688371,-2.4638043006,0.0307398593,-2.1333600183,11.1379475629,2.5562425698,-1.4682090766,-3.1724233379,-1.4410933293,-4.8710808081,0.7142728517,0.2417106605,20.0732637233,11.429764428,10.9313713675,-0.5214352626,-17.4729417819,-6.717283123,-9.1336364678,-1.4927274388,-18.2697338598,-7.502243438,8.0360764179,-11.2387149073,8.378570525,15.4508752354,0.426354676,-0.4175844736,1.3514785172,10.2763295757,-1.6774329276,3.0139072035,-0.9695740159,-1.3513145669,-1.6306614733,-8.9375192002,7.3004469829,2.552672944,2.7047038468,-11.9209814875,-2.4014666467,1.3047465278,7.5890964202,-2.989051119,-2.5364988612,1.5246794273,-24.6019069294,4.2552546672,2.0690206653,-2.4034072467,0.3274782324,1.8704316435,12.2616189502,-7.125287217,-11.2634750665,4.0566239853,3.3764633364,7.3619952112,3.0358713075,6.3001477659,-8.3907450349,-2.4936079412,1.6105927625,-4.211021042,9.5721277192,-0.9543516426,-0.4610345958,-3.0203354975,12.2991421454,2.1886428519,-3.5944133893,9.6793518091,-8.8065131238,-1.9585591319,-1.4731136502,15.9031773531,-2.0552320665,-3.5215613503,14.4441521183,-5.023611528,1.3186043252,-3.7854636504,0.2132084499,9.2873776657,-0.4138199968,1.260828635,1.9181950189,-9.2529252188,-8.3601756265,2.9106126549,2.0234395252,-21.1003798853,-0.4636389455,-1.1890490797,2.9308890841,-9.1574737835,1.4010038484,1.1253814701,1.5657262399,-15.5907761806,-0.7766866051,-0.4392653189,6.3000493588,5.0164868378,1.1968535462,2.6319908624,3.3931145379,12.2293130445,-0.5471555769,0.0346919057,3.973037672,-17.1631708782,2.142857418,4.1564440633,3.2082850855,-3.1827860822,0.2012463087,-0.6424837507,4.168763534,17.3389048292,0.0382499108,-2.241107404,-2.0215013127,16.9202810489,1.4161803381,1.7772459245,-1.0088178919,-3.8547130364,1.7936009668,1.519680338,2.5306928682,-5.7861420217,-0.4344451092,0.5612638366,3.0436159813,-4.6138401019,0.3874378022,1.1292039027,1.3178957392,2.4283960915,-0.1591069979,-20.753576182,-0.9348102462,-2.4283279285,-0.7199390423,-0.8085798761,-3.0388806839,0.2565940265,-2.0711332298,9.7954453663,1.4358713694,0.5759459856,0.5732380348,-18.4469112586,-2.4277180836,5.1904256394,-0.6394477941,1.4699917753,0.0573836107,-0.6318986566
biasActivation=1,1,1,1,1,1
[BASIC:ACTIVATION]
"org.encog.engine.network.activation.ActivationSigmoid"
"org.encog.engine.network.activation.ActivationSigmoid"
"org.encog.engine.network.activation.ActivationSigmoid"
"org.encog.engine.network.activation.ActivationSigmoid"
"org.encog.engine.network.activation.ActivationSigmoid"
"org.encog.engine.network.activation.ActivationLinear"
