encog,BasicNetwork,java,3.4.0,1,1572777658533
[BASIC]
[BASIC:PARAMS]
[BASIC:NETWORK]
beginTraining=0
connectionLimit=0
contextTargetOffset=0,0,0,0,0,0
contextTargetSize=0,0,0,0,0,0
endTraining=5
hasContext=f
inputCount=2
layerCounts=3,8,8,8,8,3
layerFeedCounts=2,7,7,7,7,2
layerContextCount=0,0,0,0,0,0
layerIndex=0,3,11,19,27,35
output=0.1842202925,0.0007622818,1,0.000000032,0.178389183,0.9999999915,0.9999988312,0.0123135144,0.0000000777,0.2628378629,1,0.0190612491,0.9999588765,0.9894725175,0.0007228914,0.0097748013,0.3829923972,0.8716490297,1,0.3228518138,0.9501279256,0.0005876556,0.698959077,0.2935825674,0.181905185,0.0000353549,1,0.0136663077,0,1,0.0010730438,0,0.9999945827,0,1,8,30,1
outputCount=2
weightIndex=0,16,72,128,184,205
weights=7.0550151512,-0.3963809261,8.6739897619,-3.5252783943,10.8765641875,-13.8075662284,-3.3837482664,-5.8105681342,-15.9633126972,11.4057313575,-14.9834893471,3.8591731905,-3.4184377882,-1.1084761433,18.6652671142,-2.9526156162,1.7632229942,-8.1244186341,-10.1544093323,-0.3683555264,8.0063290531,4.2999427629,-2.7513486753,1.5552575698,2.3751248434,-1.7465313515,-7.762623887,-5.5946447648,1.0804336574,-6.4707361177,7.5654931857,3.7320616814,-0.6212537448,11.4253963028,12.1989179321,-4.5063585422,-2.7374331097,-6.0567778849,-3.3307304261,0.356788837,-9.9992085658,6.3583558849,3.4172700525,-11.7343640893,-0.4255749785,-1.1227980211,0.7716754744,3.8808089277,-3.2783585391,-14.0143456813,6.4154936819,-1.9449314447,13.5632833196,11.5597504078,-2.2299270949,0.7288811947,8.8036554909,0.3323391378,-5.2271700602,5.3173847076,2.3140881917,-8.2858954763,-7.7326333311,-1.8118258911,0.0117028639,0.1490636386,-1.006788772,4.1985046255,-4.7245747326,1.7076081999,-8.5136646384,6.6257120078,-10.0008401301,-0.8992914384,3.1605002834,5.3905219721,-15.3132085897,0.1004190683,2.0950290485,0.8501174225,8.6056957357,2.5479728046,-1.9949755018,1.86755398,7.1038422348,-5.9912121234,-6.9368418255,2.5999669225,4.2562919231,1.7785955551,-9.3732020987,1.313272466,-1.1947918147,-2.1309108181,-1.0353382016,1.3051527826,-13.6891687784,-3.029234267,0.2938672005,2.6448328966,-6.7280450675,1.9968995916,11.3044450657,-0.1710073383,2.6800814423,-2.1811812444,4.758405511,-6.101152247,9.6411034235,4.4156989272,1.6754587014,-2.7830907743,-1.7165873366,-1.229826325,-0.1831950413,2.5675467286,-9.6491721002,11.5319365338,-4.9963942554,0.186613343,-3.2059713636,6.2170941343,-3.7173495581,-5.8196354929,-5.5810065312,-1.2389485089,4.6589620813,2.9772015437,12.7648483427,3.6491805126,-1.3416280369,-6.3431250678,0.0669525787,6.875366991,-3.3390213803,-6.4420402998,2.6474956032,2.1061175369,0.0862757565,-2.7660202627,0.5136059907,3.5400326852,1.093668755,-0.7123672734,-3.8026118762,-0.1227693555,-3.3817890043,3.8147675515,-0.309477737,-6.6518233985,-0.3939714765,2.6426688961,-3.4678148475,-2.3440905447,-2.3869473235,7.5991159168,-0.9918114461,5.753103999,4.8617852818,-2.4845414856,13.0907917297,2.425026436,-1.8472276895,-6.5356694616,0.4225736764,3.3249523716,-1.2195417002,-2.527643805,-11.3244409027,-2.325339083,2.2533256463,3.5727787694,0.1833822457,-7.9636652942,1.4690984788,4.3577334007,-5.4076872825,-1.8881581266,-0.7464793689,14.565607956,-0.4564043685,-8.5927579918,3.3032521571,-0.8525742776,1.6317533143,-0.1960564657,-11.4513937607,1.2667828908,-2.4692429781,1.0636535268,-1.1609739645,4.3942325853,0.4685436823,3.8456640913,-0.605686591,-19.4308973829,-0.8722091744,-0.7632547736,-0.1703914164,-1.0836946895,0.8185377221,-3.7606734273,3.5648964173,-4.4123087854,0.0113860935
biasActivation=1,1,1,1,1,1
[BASIC:ACTIVATION]
"org.encog.engine.network.activation.ActivationSigmoid"
"org.encog.engine.network.activation.ActivationSigmoid"
"org.encog.engine.network.activation.ActivationSigmoid"
"org.encog.engine.network.activation.ActivationSigmoid"
"org.encog.engine.network.activation.ActivationSigmoid"
"org.encog.engine.network.activation.ActivationLinear"
