encog,BasicNetwork,java,3.4.0,1,1572777696850
[BASIC]
[BASIC:PARAMS]
[BASIC:NETWORK]
beginTraining=0
connectionLimit=0
contextTargetOffset=0,0,0,0,0,0
contextTargetSize=0,0,0,0,0,0
endTraining=5
hasContext=f
inputCount=2
layerCounts=3,8,8,8,8,3
layerFeedCounts=2,7,7,7,7,2
layerContextCount=0,0,0,0,0,0
layerIndex=0,3,11,19,27,35
output=0.5555572433,0.3456723996,1,0.1185462513,0.0887367518,0.5184182155,0.6324912435,0.0042740376,0.9999984028,0.0002447156,1,0.9991668836,0.9897333587,0.9758767199,0.9954830687,0.0121126894,0.9776508678,0.5922116186,1,0.9999993652,0.0100844086,0.6251875639,0.6780274176,0.9984443466,0.7843795474,0.1844282017,1,0.9999999987,0,0.0024951754,0.0002315002,0,1,0.9963478686,1,8,30,1
outputCount=2
weightIndex=0,16,72,128,184,205
weights=-3.3638939523,-6.9828750168,-9.3066346001,8.039919352,2.5104932784,-2.2212245581,0.03351109,3.1915982318,-10.2650897492,4.6360406833,7.6186357719,13.2614573144,-4.8022617388,-7.1298211576,8.3842511,-5.0217280515,-0.1313460163,-4.5165323059,1.12780054,-2.5259510251,2.0988684447,0.5152230612,4.5963045991,0.7579609231,1.7910215267,1.1497708019,-0.9510841222,2.2211628787,3.397811021,-6.028220067,0.1327119641,-0.7658983973,-3.2457513065,3.3758695607,-7.0523137753,5.7311798231,-7.9762530129,-2.9970686065,5.4036712195,0.9790227881,-8.1598919242,-3.1332357642,1.8338934264,-3.1846330895,10.6787401543,3.5579197491,11.4661010182,2.7795655557,-1.2494020551,-0.2398251556,-0.5855218091,-3.5487460778,0.5587492806,-0.045528873,4.5101234724,-2.4942794204,5.1807183672,5.4003923134,3.7702441917,-2.0755369434,-3.7634889331,0.2441560794,-1.295512649,1.7868624547,-1.6501887209,-0.3562091507,-3.9712869748,-2.1421696305,4.1867029498,-2.6846154956,12.1161605475,-4.9072496716,4.1103803877,-2.9645767989,-1.7639709055,-3.0514369817,3.1492356098,1.788596276,-4.264172936,2.4199515239,6.9312513071,0.702283925,-2.9465302803,1.927080238,-3.1155301368,3.6785648571,-1.4670020097,-1.3384235737,6.0441000834,8.6657752647,-1.8221396715,-3.2145786074,1.8381005365,2.2197057864,3.9240172722,-3.4126074145,1.0512173995,4.6446311056,0.9340695749,-6.170290112,5.1283567403,1.5748474135,0.0473365807,1.5326102808,-5.170676108,2.7824625689,1.0119630738,9.4796871836,4.6031490899,-6.4457962793,-4.136918144,-5.0959292784,-1.0478276456,-3.1698996304,0.3650017532,4.2807869059,-0.5500617613,2.5945635736,6.3736691841,-0.9339276683,1.0437220998,-4.2981805209,-4.1839975258,14.953065765,0.9769439308,-6.2814697605,-5.8543411249,-3.1187286366,4.7428641245,-0.1656651912,-10.3294344437,12.046946259,1.5745031176,1.5267410141,6.976870982,1.0719908688,-7.0488920564,1.4053347943,0.0074911906,1.8966921394,1.6022179501,1.3883094163,-0.2613657195,1.3339068783,-3.9480296273,0.0762500913,1.4248948746,2.9835959582,-0.6139300753,1.3058281882,1.7517635055,1.4042155099,-3.3951501715,-0.0285021125,6.942846045,-17.9512606426,-2.4541534441,-1.0963811757,7.4211216271,-2.1709339395,-0.4463310632,-0.0349213537,-5.3705057687,-1.5123638999,-0.6253556266,0.4581419249,6.2621599014,0.2269527012,-1.9695018325,-0.7090671552,-12.3265194707,-5.5561805065,0.7048569074,-2.0354282327,7.4584700204,-2.1028842384,4.6742633587,-3.7884473343,-0.8549061333,8.6320625834,-1.7257782624,-2.4641685779,-1.5211248506,-2.1810196783,-1.9689349123,1.2658252902,-1.7640331609,1.5291115952,-6.9319670275,0.5339202109,1.9810615668,-0.7485553628,0.6172703994,2.2001923574,-0.2321150595,-19.0087853928,0.9289682774,-3.6449677834,-1.1186832485,-1.7265770001,5.8263449881,0.5121538703,-2.150732743,0.5248592828,7.0688689709
biasActivation=1,1,1,1,1,1
[BASIC:ACTIVATION]
"org.encog.engine.network.activation.ActivationSigmoid"
"org.encog.engine.network.activation.ActivationSigmoid"
"org.encog.engine.network.activation.ActivationSigmoid"
"org.encog.engine.network.activation.ActivationSigmoid"
"org.encog.engine.network.activation.ActivationSigmoid"
"org.encog.engine.network.activation.ActivationLinear"
