encog,BasicNetwork,java,3.4.0,1,1572777714690
[BASIC]
[BASIC:PARAMS]
[BASIC:NETWORK]
beginTraining=0
connectionLimit=0
contextTargetOffset=0,0,0,0,0,0
contextTargetSize=0,0,0,0,0,0
endTraining=5
hasContext=f
inputCount=2
layerCounts=3,8,8,8,8,3
layerFeedCounts=2,7,7,7,7,2
layerContextCount=0,0,0,0,0,0
layerIndex=0,3,11,19,27,35
output=0.9994971009,0.9995638421,1,0.9964913664,0.4506522788,0.0738769143,0.018151289,0.8689395195,0.8818265584,0.0000000005,1,0.0480231197,0.2754673906,0.9179869424,0.0965879882,0.0000093479,0.9981671717,0.9999924034,1,0.0079282586,0.9999935849,0.0063144532,0.2978305463,0.0177635336,0.0367447296,0.9428683014,1,0.9999999998,0,0.0000004114,0.9999999997,0.1891053166,0.999847104,0.99996665,1,8,30,1
outputCount=2
weightIndex=0,16,72,128,184,205
weights=11.7729056591,-7.2348916538,-5.1347904657,2.1281823377,2.9766424433,-3.0318070183,-1.6390307363,-0.4488415211,-1.2054586019,7.1545272893,-2.3527975115,-3.7099295709,8.558549078,-4.8084748454,-11.658292101,2.7586318631,-2.2618110152,4.3474088783,-1.3596588062,-3.9518186928,3.1737199078,-1.0926533345,6.7042117574,0.5763710937,-2.0927942693,-3.6956925931,3.9316472217,-0.3095556612,4.1119396357,-3.5227221758,-2.5418540335,3.3992701974,3.4170663267,1.7467388563,0.3634532749,5.6415455365,1.2801254111,0.4727386653,-3.6590458611,-0.8652915526,0.3567211337,4.6794266138,-0.9614246143,-0.7839035084,0.4669083538,2.5157012134,-8.4773782787,1.6276540971,-5.1577063603,-2.8019402943,1.4199482716,3.8882943442,-5.9307374376,-1.1133100603,0.95097413,1.3924485439,-0.7589171167,4.5205787465,-1.4215025021,1.9913516127,-3.0575982072,0.5656550138,3.783846108,-2.4348114199,2.3368117531,0.3401004856,-3.9527701252,-0.1824924545,8.5584923532,-2.4965313422,-12.9933947264,-2.4291993908,4.8742063833,-3.2261823305,0.6026694056,8.6982202828,-8.3348641068,3.6403148061,-0.73514717,-1.6863005372,5.8934981494,0.0850701171,3.8427040674,-1.345006621,-4.2937831287,-4.1352676969,2.4161184364,-2.7723922123,0.3645264579,3.4176963534,0.9175791365,0.9807242032,1.1452506573,1.8772484265,-0.3081736981,-1.1018989045,1.0580605524,2.986537192,4.6551923895,0.0993914026,0.842691158,1.5328664961,-1.1046564465,-4.3193761222,-4.461984431,-4.9364353328,14.1222157189,-0.5517754101,0.0896254733,-1.766747692,-3.5228419786,-3.1485033824,-0.5013188534,8.3345347562,-2.4297922659,-4.7038483988,-1.4490707965,0.655028335,-2.4352797219,1.6836661557,7.3632098666,15.1118574333,-8.7834990432,-4.344861098,-0.7087392642,-2.6866660803,-4.590274725,2.4064931965,1.5238912189,0.0916584162,2.4808916379,1.9334279677,0.8112805539,-12.5448660616,2.1176687514,1.9852501959,1.9466400409,2.8336410297,-7.5452474097,2.6216220441,-17.5236666538,8.1629523509,1.2410105648,1.2997290545,-1.2347573016,8.7444389937,-6.9553365575,-0.5188422786,20.0360175612,-3.3872334657,-3.4730954603,-0.234199439,2.6837692714,0.1211142994,3.2915670473,2.3093739846,-10.2875490136,-2.2355269724,-5.7989183183,4.1285456245,1.1078684293,5.6326525683,-5.478801099,0.9753204548,-3.6705727786,-6.1827398143,-0.4248636054,1.2048977326,-0.3300851829,-4.3853350417,1.1783354801,-0.0166386833,-3.8087961019,-1.0329437669,-2.0162462415,0.8496281548,1.4650203712,-0.4279519806,3.2200034118,1.1990442075,-1.6388612659,-4.5497552194,2.3680512535,2.6305062869,1.1431781759,0.4698430849,-0.6737959644,1.0558775607,-1.2342251737,-3.651699216,1.065241609,-0.735822723,-1.1510386456,0.9711569786,0.4547931797,0.550026557,1.4091423859,0.1665446233,-17.7253118818,-1.6195872645,0.6234638444,3.0383825028,-9.2023341255,2.7899742584,0.2278647832
biasActivation=1,1,1,1,1,1
[BASIC:ACTIVATION]
"org.encog.engine.network.activation.ActivationSigmoid"
"org.encog.engine.network.activation.ActivationSigmoid"
"org.encog.engine.network.activation.ActivationSigmoid"
"org.encog.engine.network.activation.ActivationSigmoid"
"org.encog.engine.network.activation.ActivationSigmoid"
"org.encog.engine.network.activation.ActivationLinear"
