encog,BasicNetwork,java,3.4.0,1,1572777724612
[BASIC]
[BASIC:PARAMS]
[BASIC:NETWORK]
beginTraining=0
connectionLimit=0
contextTargetOffset=0,0,0,0,0,0
contextTargetSize=0,0,0,0,0,0
endTraining=5
hasContext=f
inputCount=2
layerCounts=3,8,8,8,8,3
layerFeedCounts=2,7,7,7,7,2
layerContextCount=0,0,0,0,0,0
layerIndex=0,3,11,19,27,35
output=0.7321427,0.6181849829,1,0.9043734678,0.9073166426,0.999063836,0.0000020722,0.7292890317,0.9999999999,0.0032551253,1,0.0017173594,0.0047133403,0.9846945466,0.9973109998,0.97510589,0.2240378596,0.5606612103,1,0.8488543948,0.0000087979,0.1959407812,0.3581087633,0.9993238869,0.9977283376,0.8143998831,1,0.9999863413,1,1,1,0.0000023138,0.5158639328,0,1,8,30,1
outputCount=2
weightIndex=0,16,72,128,184,205
weights=22.4843749572,2.3249792229,-2.9912614443,-15.4321246091,-6.4155284661,-11.8619863937,12.1525863073,-1.9485475737,-5.5154364563,13.4917392414,-2.5835800997,-3.1739565796,-9.3500880134,3.7566523094,1.149732251,-1.1317238381,-3.2159818174,-5.3016040246,-4.2793802231,-4.1395733487,6.018943615,-5.3316531123,2.7299287292,4.4144473878,16.2911768197,0.3642652416,3.5579683672,2.6382479317,-1.8845989074,5.9617262695,-4.8243161513,-0.6762198352,0.5466480329,0.4449100608,3.3978832374,0.4062273712,0.2657294174,-0.0805781539,1.574361957,2.0949898781,-7.4204045234,1.6855548023,2.9674492293,-6.7465032925,-10.9310576473,-1.5052811345,2.2466806482,0.460774709,6.3602453136,-5.8225498478,-6.4760282619,-0.5887180766,5.7383952628,-3.6771359348,4.0851433139,0.9094772243,6.8231266468,1.9796315998,-7.0568728002,13.7791568005,20.7581655171,1.9147478175,-3.7954404456,-1.7258301521,-0.8108649995,6.5201934452,-4.1322760765,2.3709809902,2.8671665819,-2.5677470084,-4.8531212362,-3.5487407796,-2.72703292,-0.3068028701,5.5088094896,-2.8292122361,-16.1134029603,5.7728958085,3.7298784196,3.1884874893,6.4446209676,2.8948178722,3.344055218,-6.3174258126,2.9527130448,-4.173578799,-5.7438485979,-3.3249447044,-10.8414279152,0.6477495743,-1.5562016606,17.2591647595,4.4589456657,-0.3040221041,4.9262983403,-0.6734006894,1.9633227347,-4.9849069166,7.211861722,-8.8097016775,5.7104700684,0.0485335538,5.1752152051,-3.978631615,11.9811120276,-1.5349653591,-2.7208486885,1.7724672968,-9.8144495315,6.8282181178,-9.6611723918,4.2592627016,6.1719631538,-2.7373906603,-1.7020650389,-14.2021870134,-0.478609436,0.7042805972,-0.358909699,-0.9940299121,-0.8559629479,0.0080938525,-1.1338578118,2.5663162835,-0.7736685688,-0.4718402097,0.374273638,1.2126878699,0.8679556606,1.2450092939,-0.5004765346,4.788178529,0.7192848665,-11.4941697799,-0.0570991736,1.2544148937,-8.483278684,-2.993712466,0.4353576336,-1.1998259144,0.0844424926,-3.0158459884,0.026226034,2.1561181254,-2.8124551804,6.7038402446,-2.0031128972,-1.3692409333,0.5664082954,-1.386962819,-0.9884023557,-1.2154473094,-11.1376597794,6.5405490664,-2.2791190438,-2.3293403277,0.1335833172,19.2669698741,1.0646513572,-1.3172993322,-14.9347629316,8.5967684905,5.2023965782,6.4461759157,-1.042391777,-7.1838512616,0.8600852024,5.6935839294,8.0326616638,1.8244641457,-1.8077679478,-0.0932467224,0.4551760787,-0.4136428368,-0.4005805452,-1.6576499084,-0.4520297112,-0.7819494914,-2.3713674311,1.231468133,-0.3669468688,10.7206492406,1.4835215736,-1.677666052,-2.407578102,0.4375412894,17.3355040607,-0.7966852175,1.1259108688,1.8075485917,0.9347166342,0.6685882962,0.231571489,-14.7084144002,5.0455932016,-5.6468122484,-1.8534875471,0.102803984,-1.2328198068,0.6766107851,0.13185811,-9.3051525427,-1.5007786814,-0.4579657821,0.4111441494
biasActivation=1,1,1,1,1,1
[BASIC:ACTIVATION]
"org.encog.engine.network.activation.ActivationSigmoid"
"org.encog.engine.network.activation.ActivationSigmoid"
"org.encog.engine.network.activation.ActivationSigmoid"
"org.encog.engine.network.activation.ActivationSigmoid"
"org.encog.engine.network.activation.ActivationSigmoid"
"org.encog.engine.network.activation.ActivationLinear"
