encog,BasicNetwork,java,3.4.0,1,1572777734300
[BASIC]
[BASIC:PARAMS]
[BASIC:NETWORK]
beginTraining=0
connectionLimit=0
contextTargetOffset=0,0,0,0,0,0
contextTargetSize=0,0,0,0,0,0
endTraining=5
hasContext=f
inputCount=2
layerCounts=3,8,8,8,8,3
layerFeedCounts=2,7,7,7,7,2
layerContextCount=0,0,0,0,0,0
layerIndex=0,3,11,19,27,35
output=0.1274906645,0.0003461065,1,0.8267621636,0.9998569105,0.0186472786,0.9999318873,0.9999991126,0.9575044619,0.9982851215,1,0.974789656,0.9635935003,0.1125099532,0.1515600571,0.9285567732,0.9196979576,0.9999970972,1,0.7181500226,0.9876292393,0.9830400687,0.9999999999,0.235660317,0.3119389608,0.9090970858,1,0.9999999999,0.6082839174,1,0.0000013942,0.0003369191,1,0.9180860008,1,8,30,1
outputCount=2
weightIndex=0,16,72,128,184,205
weights=4.6779324488,-10.6248731647,-9.1016767579,12.9448617838,10.9492861174,-9.8487891756,-5.234101378,-4.2356647697,-7.1865875379,6.5404526052,3.0015829172,1.2685079615,-1.1706912481,-1.0872971474,-8.2875582658,0.5943994692,4.6255811051,1.3589128495,2.5259366905,-5.4091613472,-3.6499306984,4.3298268901,1.7664865034,-6.0793832336,-5.2388315042,14.3075649562,1.1207928994,-3.3044951857,4.0237882831,-4.0321080354,1.330088342,-0.8113700617,-0.5387956632,-7.9817319857,-4.6739204522,1.7722467472,-0.8391158779,-3.0293026602,9.2165777756,-1.1409542968,7.9253674812,-13.053793848,5.459632099,7.3012556241,4.0938931544,4.5960526138,1.0046970785,3.6933347672,0.9577905339,6.0891510094,-7.3876089732,-1.5034189428,-1.6474544181,4.0744757346,5.617665803,0.3577467503,2.9962741972,-10.486659188,1.2147114147,-13.1382479363,3.1022876465,13.2771744231,-5.2494841219,2.3114657962,-1.1038601588,6.7008497387,-1.7189231534,-3.801470907,-1.4682387825,2.7225535378,0.3873819752,0.2274153221,4.2236978783,1.002112048,0.4111776812,6.3202499069,-0.9808213879,1.9395398433,-6.8711884584,-1.2197505658,-4.1810302886,1.0010030395,12.3441147232,-9.3455855673,10.5246502306,-10.965965162,4.83768288,-0.9567185302,2.3391802415,1.5538271365,-5.3507672163,7.7992385422,-0.0856445473,-2.9588709296,-7.0852951287,-0.434671744,-4.2662326478,0.4528242379,1.2298379297,1.6648802559,-10.373081996,10.7697706573,-4.1732850045,0.8992290169,-1.4635245996,-0.2930805344,5.8159533345,-2.620019447,-2.2354619921,1.5168807783,-1.425519567,2.1574889836,9.9971264384,-1.1556386258,1.6267399955,2.0121122769,-8.3857555021,1.4715336449,-5.5098878272,-0.6849226107,3.3855866484,10.1735170189,2.9225277972,-0.9591735563,5.7397403254,-2.0456840625,-0.2818837733,-2.1012242573,1.5912571856,-0.5357920311,-0.8429585715,-0.1888906864,-14.6252054992,-0.9659052544,2.4786288052,-0.7918427583,0.6373825437,-2.1265618811,0.2378629201,-0.3320023393,-4.8049038017,-0.5771417754,6.7130163796,-0.7860856472,-3.7734523864,2.3838031241,-1.1920570221,1.8154378398,-5.2608248819,-1.6896855974,11.845946954,-1.6088659176,6.7512389331,1.7769917575,-0.2559082984,-0.4744958604,-9.7102659133,0.7222568034,14.0030090463,1.7719816773,-0.4751298565,-7.1859639643,-1.6250165393,-7.5792500642,11.2471036868,-2.2257802024,10.2813346278,-1.9225161482,0.7138831723,5.161072482,1.3958110135,-0.8447060379,-5.7871920259,1.9081321844,-10.906506416,2.0667680702,-6.0841133323,3.5359787478,0.2961976352,-2.5290639331,5.9518033172,-0.7619906983,7.4356858671,-0.1269136278,0.5749157362,0.8538095472,-6.9120232979,0.6478813563,0.2373949876,-11.8647960358,1.5575246075,0.5391622251,-0.3393793319,0.5725328177,-0.5064258453,-2.870688456,2.3951218791,-0.372347579,-15.9858783216,0.9589547119,0.5510783207,0.7881919417,0.1563663672,0.2969986785,-7.74427013
biasActivation=1,1,1,1,1,1
[BASIC:ACTIVATION]
"org.encog.engine.network.activation.ActivationSigmoid"
"org.encog.engine.network.activation.ActivationSigmoid"
"org.encog.engine.network.activation.ActivationSigmoid"
"org.encog.engine.network.activation.ActivationSigmoid"
"org.encog.engine.network.activation.ActivationSigmoid"
"org.encog.engine.network.activation.ActivationLinear"
