encog,BasicNetwork,java,3.4.0,1,1572777745225
[BASIC]
[BASIC:PARAMS]
[BASIC:NETWORK]
beginTraining=0
connectionLimit=0
contextTargetOffset=0,0,0,0,0,0
contextTargetSize=0,0,0,0,0,0
endTraining=5
hasContext=f
inputCount=2
layerCounts=3,8,8,8,8,3
layerFeedCounts=2,7,7,7,7,2
layerContextCount=0,0,0,0,0,0
layerIndex=0,3,11,19,27,35
output=0.3210061017,0.0003162211,1,0.4357712531,0.0025302069,0.4335160268,0.187781953,0.0048109751,0.0000003958,0.4466654443,1,0.1712381471,0.9992356626,0.0175586526,0.0074560047,0.5076123915,0.9941128401,0.9621868909,1,0.0232254934,0.9897466141,0.9999237925,0.1551856995,0.5883832843,0.9441327178,0.6560377098,1,0.2093217329,0.9999984808,1,0.0001677395,0,0.9999999994,0.3224824116,1,8,30,1
outputCount=2
weightIndex=0,16,72,128,184,205
weights=-10.0161668854,-5.7196501818,8.1933244562,6.3609295816,-3.6448997684,9.733801682,6.6728905564,-4.0793457168,-1.2953699176,-2.8298552114,-9.7661697951,4.2634934589,8.1103696462,10.7749676266,-7.9043505727,-0.5623463625,1.163449299,-1.6109473298,2.9690054161,-4.5492314688,-1.5077462455,-2.3110936028,6.6841265555,-2.2346062616,3.6498993442,-2.9731296064,-0.5158968707,5.2479340594,-0.6792041928,-2.5623955209,-1.0112609119,0.203968912,1.5176484875,-7.9510290489,6.8606507598,-4.189592802,-1.6290664484,0.0571965819,12.9502871686,-4.3621958057,4.2198876704,-1.3424881648,5.7300794194,1.3057444924,-5.5791390397,-1.5781255799,0.4210521079,3.0397650186,1.0086634783,5.2877800564,1.9772407741,1.4814148983,-8.3557201899,-6.8777225543,-0.935291224,1.1443682583,-3.9353805345,-10.7060634997,6.3072834805,-1.2690710827,-3.3915534683,-1.3836887059,2.0307720615,-2.3286256482,-6.3924585017,-0.4408992595,5.5024472972,-2.1215149861,-0.5931858852,-2.4466665464,4.6595054148,-0.5096993498,-8.5962943127,0.7742747422,2.629755142,2.7756321454,-0.2985933739,-6.6832182966,1.0557824159,0.5890459643,5.7170385614,4.2596379448,4.0030278862,-6.762980758,-0.0982608652,4.2383288854,-6.8190951452,0.4036420486,-5.2697727207,-3.5876450309,3.8858716925,9.3936544818,-7.4189942851,-0.9042280019,5.3117522373,-3.9603639053,-0.818673298,-3.1414921332,-3.5037334333,10.0842751112,-2.1132360725,0.7583534283,2.4855123966,-0.9276085703,0.5088579749,3.8666366497,-6.4258717212,-7.9777356459,7.0625627295,2.7494622894,-5.6166658369,0.7884488521,-1.3923032756,5.6461601906,-0.8076109017,-1.2518937281,2.1833411486,0.0386578297,-1.1005091838,-0.0241926425,-6.7355193928,-7.3011984617,2.2420845719,-8.2117879204,9.6654678834,-4.0158384281,7.0451678727,3.1343523383,0.1672590935,0.3705542895,-1.067883372,13.4448674596,1.5418157968,-0.1096001716,-7.067602791,-0.6901640854,-5.8385526028,0.303059763,-0.7927642721,-5.8920619059,3.2606018928,1.1453026925,10.6778553072,1.6939470074,1.952252726,1.1896625425,2.7175772434,-11.0516292375,0.3323318516,2.3635985664,4.7577891327,1.270039168,9.6416014137,0.421052055,-1.4624766906,-9.3484301192,-0.8826404353,1.52287157,-16.8706237734,1.2479101519,-6.1157439136,1.4285304022,-1.0863763634,7.7580180835,0.0487365042,-0.5120648677,7.0162978643,-0.4565769045,-4.156627767,1.9889251055,-0.4887056921,7.762271031,1.2527807238,1.0468277335,-1.6566409094,1.6832517481,6.3548250573,0.1921690585,3.3949915749,-0.4130809411,-6.4673113134,0.4534431122,-12.8388515873,-0.5847470927,2.2322754962,-0.6392836479,-0.0087132169,0.946406012,0.221602096,-0.8219815842,-1.634967706,3.3589388674,-0.6796445011,0.0315470958,-0.563470471,7.9588070088,1.8381119002,-6.8296591848,0.0555170117,0.933776868,0.4858439107,-0.7839309273,1.2737517267,0.1486396068,-15.391588934
biasActivation=1,1,1,1,1,1
[BASIC:ACTIVATION]
"org.encog.engine.network.activation.ActivationSigmoid"
"org.encog.engine.network.activation.ActivationSigmoid"
"org.encog.engine.network.activation.ActivationSigmoid"
"org.encog.engine.network.activation.ActivationSigmoid"
"org.encog.engine.network.activation.ActivationSigmoid"
"org.encog.engine.network.activation.ActivationLinear"
