encog,BasicNetwork,java,3.4.0,1,1572777755256
[BASIC]
[BASIC:PARAMS]
[BASIC:NETWORK]
beginTraining=0
connectionLimit=0
contextTargetOffset=0,0,0,0,0,0
contextTargetSize=0,0,0,0,0,0
endTraining=5
hasContext=f
inputCount=2
layerCounts=3,8,8,8,8,3
layerFeedCounts=2,7,7,7,7,2
layerContextCount=0,0,0,0,0,0
layerIndex=0,3,11,19,27,35
output=0.6712096751,0.485712305,1,0.1214437798,0.8229837961,0.9968610076,0.9999811523,0.0000001267,0.9998322927,0,1,0.0623726912,0.9999799815,0.853288724,0.0000000016,1,0.9987020424,0.9997032058,1,0.8888937625,0.2518968941,0.9813872963,0.9987954078,0.3381478314,0.9984732472,0.9999421385,1,0.732058357,0.0000000035,0.0000565504,0,1,0.9999999993,1,1,8,30,1
outputCount=2
weightIndex=0,16,72,128,184,205
weights=14.7100651582,-10.1562255161,-7.8619232913,14.5425673306,-9.0280668222,-2.1314369575,-3.9889001282,2.7116566292,9.9542171633,6.4266103038,-4.9587810619,-7.5034446244,-3.4483344303,1.1632236188,-11.5137805894,4.7284503417,-8.5257504612,-3.1125159088,-4.3960383333,-3.854040863,-0.2673977403,-0.7013016461,5.4313499059,0.9545402992,-7.2660458196,5.371968098,-5.0560824454,1.7627842567,0.0110288584,0.0462142661,-1.8415060163,2.7161119723,-3.9682799415,-5.3270780732,-3.1092140443,-4.0376489813,5.2314913782,0.112590956,9.2359996523,-0.5889441413,-3.7473224549,16.1455591572,-0.2284280704,-5.6163771107,-10.2897447286,7.9655589099,0.4197922364,-2.9226335774,4.8704481777,-1.5267420139,-5.4263609188,7.1691602094,-4.9150394857,-1.9115929553,-1.0383833914,-2.1660468428,-3.916514705,-2.0717065758,-3.8552505349,-1.7729957824,9.3953060366,1.2599126336,4.9904235288,-1.3438123573,4.366893209,-0.7783558546,-1.0795872619,3.6182587922,-14.134191976,-1.2762596664,-10.9647952071,-1.6712470534,-3.1192194954,0.6285355419,3.6657377293,1.6260216928,2.5072837372,3.5087106576,-9.1238393009,-0.5453427424,-2.7442078455,3.0051945106,-4.8792624834,-6.4533647607,5.2612768791,15.1975249942,7.8117109668,-1.0294882388,6.9507628527,4.2645005262,-2.1189065153,-2.1376597668,1.5017732933,-7.0490182226,4.2080773176,1.0450808376,-16.8549426677,9.498694533,-1.7137088696,1.6873772532,14.943813312,0.2796039467,-10.7344311173,-2.2668539989,8.2922262564,-11.0652048743,1.6952353366,1.8229670584,1.9307436935,1.5465172066,16.0441042848,-1.9678081643,-1.4824760145,-1.1873956655,-1.282576856,2.2749239575,-0.0250735277,7.9654763789,-0.228172549,-0.4676266431,-2.2443014561,-6.2315535489,-3.969615356,3.1291718884,1.8244357634,3.7283342372,9.4665658317,-1.3484322516,15.3405554359,4.8048380143,-12.2150466808,-0.5512503447,-2.2874071177,-2.3657671926,-2.5073823129,-1.9894435493,-8.3189900707,-3.4714131636,13.5588569979,-0.4935275146,1.1182982018,1.4113422413,1.4530500709,1.0180079857,-3.1039791431,-1.4564323095,-13.1725844823,0.0725387516,1.7154437722,1.9264377792,1.7210899377,0.8751901421,6.1922384996,-10.5257012784,6.9000111356,-0.009113122,0.1077146864,1.2757682124,0.9653233745,-0.1618675418,-1.9549898496,-14.2473628986,5.222724852,-0.4672142998,0.1241572806,0.2290259441,0.0460292875,0.360099798,-10.5889685837,-9.7840157647,-1.0481833685,0.4193812305,4.1025293197,3.5902141148,2.9143518407,3.6277912151,15.3990502508,-4.0490993255,-9.3224734359,-0.6711106537,0.0503179153,0.2808627037,-0.9285993461,-0.9176568091,-1.93617942,-0.2044355151,22.6275918402,2.6257620146,-1.3249324761,-0.7286501776,0.3108194889,-0.4639497288,1.6516147291,-2.2463729789,-1.1930903805,-0.1482022074,-0.8258355251,5.9341719411,-1.2466107072,1.2167565868,0.3514058211,0.8490638451,1.2187429467,1.0881113146,-0.5046003094
biasActivation=1,1,1,1,1,1
[BASIC:ACTIVATION]
"org.encog.engine.network.activation.ActivationSigmoid"
"org.encog.engine.network.activation.ActivationSigmoid"
"org.encog.engine.network.activation.ActivationSigmoid"
"org.encog.engine.network.activation.ActivationSigmoid"
"org.encog.engine.network.activation.ActivationSigmoid"
"org.encog.engine.network.activation.ActivationLinear"
