encog,BasicNetwork,java,3.4.0,1,1572777767968
[BASIC]
[BASIC:PARAMS]
[BASIC:NETWORK]
beginTraining=0
connectionLimit=0
contextTargetOffset=0,0,0,0,0,0
contextTargetSize=0,0,0,0,0,0
endTraining=5
hasContext=f
inputCount=2
layerCounts=3,8,8,8,8,3
layerFeedCounts=2,7,7,7,7,2
layerContextCount=0,0,0,0,0,0
layerIndex=0,3,11,19,27,35
output=0.5089987144,0.2804823515,1,0.946846107,0.3007928327,0.998593328,0.7595490779,0.2004410361,0.0797592256,0.0163283252,1,0.8451192019,0.3714082296,0.8103817001,0.9736166622,0.9838311899,0.4936513514,0.1045667222,1,0.4223239981,0.8714221272,0.8369294393,0.175657144,0.6231163241,0.7891733741,0.9995693865,1,0.9999999989,0,0.995669524,0.9800290671,1,0,0.0000000001,1,8,30,1
outputCount=2
weightIndex=0,16,72,128,184,205
weights=-5.3818640763,-6.5172197719,-4.1351322466,9.6163465308,7.1616662501,-0.0533915744,6.2346964521,2.384321637,2.9874689488,6.4499461158,-8.854816628,5.6736369269,-2.3038967052,-11.0664854043,8.9472066631,0.0204708007,-2.0831713363,-0.9965632709,0.9422251128,4.895424636,2.9339686511,-4.0295363368,3.8711908624,-1.8213654097,2.4570786512,4.9161827181,-6.9980125852,-4.4137349218,3.4800229257,-0.8122206631,-1.6512604384,2.3722524429,4.9465119412,-0.4138693998,4.8391098459,3.3484222658,-0.1249414306,-3.5694525372,-5.8759411303,-2.143748296,-0.8385669444,-6.8625678556,2.8049957775,-3.6198181929,4.4807997359,1.3305431386,0.8141825461,0.508598846,1.4896243029,1.4971185699,-1.1014943536,-4.5872196248,-1.42983534,5.2866486516,-4.2947668036,1.4063769457,3.3264809474,-0.3245428072,1.6026862717,-1.8085465316,-1.2570578204,-11.2568181873,-5.847079312,2.7307715473,-3.9268609816,-3.9650613682,-3.9944712701,-2.6512619077,3.1767952217,4.4045161285,6.3295177826,0.5497079047,5.7716819696,2.9737417,-4.2933724104,-2.4586058164,1.7128569565,1.580042821,-2.9475116694,1.3250448017,-2.6593538384,-2.1027294795,0.7372647378,-1.98982625,3.8750468111,4.3872771694,-6.5051270084,2.7871809099,-0.0179400184,-1.6802616795,-1.2323357454,1.3448696081,4.9671610629,-7.2875558362,8.0440470747,-1.6651292291,-13.1013382069,1.3763704499,1.0615465975,1.9781525925,5.4955099957,0.8503533578,0.5162743804,2.0945083387,2.4099238333,-0.6871288988,4.9137510836,-1.7918615417,-2.2222729847,-2.5622886012,4.0230085657,-0.7227804464,-14.7749076978,1.1173447063,-0.0658110592,3.9810000917,6.0926352272,1.0086879727,0.4485639347,-0.4443095986,5.482414744,-4.6616174491,-5.3114638909,-2.8362251865,-2.2534057946,4.2990733111,7.5249162535,-4.9673335388,1.8579637373,-4.6585519484,4.5780205107,-20.0244883939,6.7367440039,-5.8286933397,0.7536593936,6.1584370631,-2.5501179272,-0.7048848799,6.0099963703,3.3129202609,-2.5030041882,-0.5737127903,0.0227423263,-2.2640144937,-4.426422971,4.9728329169,4.4656579094,2.5225840534,-0.257912576,-4.4861655041,-0.3108920693,-0.5986328691,-3.0634275678,-0.7479447605,-2.8634677744,5.7029305137,-0.1875560876,1.2968532521,-0.1882476924,-1.0330389038,6.3408340991,-5.6774466816,-6.4847494418,3.2514028152,-2.095099592,1.768716449,-0.3612521938,-0.4727397485,0.766467896,-0.555441366,2.0165189439,-1.7013271924,-0.088496166,8.5384917233,0.363187541,0.3015418331,-1.8405832993,2.0940480324,1.7301249058,14.5673100416,-3.0093759577,-0.566120047,-0.7068684291,-3.3991917051,-0.2331087137,0.8008296344,-1.5092648692,6.1908699203,-3.2922242175,0.0640973663,-1.7215927572,0.7475613781,-3.2163613593,-0.9990378852,0.1480347526,7.4445648699,1.3369424449,1.1335233874,0.6175024192,2.7590249601,-2.2650660171,-0.2928313766,-1.2228778524,-0.4582064763,0.7794207576
biasActivation=1,1,1,1,1,1
[BASIC:ACTIVATION]
"org.encog.engine.network.activation.ActivationSigmoid"
"org.encog.engine.network.activation.ActivationSigmoid"
"org.encog.engine.network.activation.ActivationSigmoid"
"org.encog.engine.network.activation.ActivationSigmoid"
"org.encog.engine.network.activation.ActivationSigmoid"
"org.encog.engine.network.activation.ActivationLinear"
