encog,BasicNetwork,java,3.4.0,1,1572777804048
[BASIC]
[BASIC:PARAMS]
[BASIC:NETWORK]
beginTraining=0
connectionLimit=0
contextTargetOffset=0,0,0,0,0,0
contextTargetSize=0,0,0,0,0,0
endTraining=5
hasContext=f
inputCount=2
layerCounts=3,8,8,8,8,3
layerFeedCounts=2,7,7,7,7,2
layerContextCount=0,0,0,0,0,0
layerIndex=0,3,11,19,27,35
output=0.8349508692,0.5495477536,1,0.0000174562,0.1158397248,0.0000066507,0.7923380263,0.005721611,0.9628153338,0.9999999998,1,0.0002625884,0.9999959734,0.0150877476,0.0008962915,0.7316074813,0.0627400172,0.9979256813,1,0.9872327428,0.9972903626,0.0062540507,0.0021194125,0.99361162,0.395454647,0.9999969402,1,1,0.9999999901,0.092821554,0.0000000005,0.1365296444,0.9999813977,0.9999999999,1,8,30,1
outputCount=2
weightIndex=0,16,72,128,184,205
weights=-11.8995728033,12.4802028016,-2.5423771234,-3.1971999728,-6.3057249233,8.7034572921,-5.1512815289,-0.4835475249,9.3790723696,-12.1576434452,-6.1148529186,-15.1206740998,12.6972517224,8.791826749,9.2704554398,-4.220266087,-0.4683724126,-8.1900923887,6.3110030552,-3.0442058595,3.4020569921,1.2923527605,-7.6069310444,2.1629923345,2.7420064721,5.3589705697,2.060963479,-3.4399903007,0.7003088142,6.4118377118,-3.8079347593,-4.5347059606,-3.9098838829,-4.4179307779,-1.3195870117,9.5216991808,-3.169089172,3.0634325235,-3.1984991392,-2.172269181,-5.3356518475,-7.4624911078,0.0157476525,3.5142603279,-0.0768982704,3.5090943964,4.6352866751,4.0099783059,-1.9219136912,-0.181689622,-1.4851825564,-2.5878623863,-6.4269578731,21.1020958905,1.8537512854,-3.422687137,1.5177812009,1.7035696733,1.6864321292,10.3447197237,4.1478955475,-9.6671735081,-1.4583428411,0.542492434,-8.1134990892,14.0364090771,-4.2245029802,3.7925955046,1.069676056,10.5044429974,9.0973283294,-2.1345784386,1.4041533643,-5.87186536,4.6388897238,6.0562222177,-0.5407149446,-2.3106067544,-1.4169010406,-0.9488816727,1.5982869601,3.0935910127,7.5266951423,-9.0799496823,5.3052981656,6.8286558522,2.2997051343,-2.5398559837,-2.7514604859,-1.8677198532,-3.1656218994,3.0554549109,-2.5541311705,-2.7170306683,2.4708527897,1.5550751128,0.4494957647,6.7739615199,10.1459807364,-1.8273776454,-6.2597982986,2.710287482,-2.9773309517,-6.1499577762,2.9529216898,-1.6886962224,1.6224391495,0.0491177352,2.2996543447,-4.1938409657,0.3367283898,-1.2017745567,9.6560444212,-5.3720210266,14.0855146383,-5.819284754,-4.6852834864,4.9571986179,-5.3826770117,1.1226477189,3.0687728617,2.2326381105,7.0912936841,-3.0663425889,-0.9726859024,5.2678324341,0.2725125159,-0.5072144227,0.751019632,2.429569575,-11.3913559816,0.2449470949,-4.4686735108,-1.6150531259,3.5962211318,0.8537044937,0.2641530253,0.3408798871,-4.2263977964,-0.1008212833,-4.6453057406,5.9782960361,0.0268727944,0.3246593539,0.7657177212,-3.8938135721,-12.9481260958,0.1056158042,9.3752360309,-8.4133523632,4.8306884724,1.564218512,-3.6057166881,-2.117836945,7.8574832019,-0.5610326684,2.6475411904,2.2528987446,-1.7445880098,-2.0300215595,1.5518589158,-1.0456354283,4.7020012426,-0.6454423762,-8.3253037325,2.8976553686,1.28685099,1.0563934376,4.1753170464,-6.8665451796,-8.1558071683,-0.7249420985,1.8557971752,0.8265623989,-0.6099682268,2.5538720521,-1.2038445661,5.2350482487,1.1673539295,-0.2028191351,-0.9264995113,1.5427419651,6.8559513488,0.2854376311,0.8078724552,1.4950566966,-0.8001373723,-1.182939278,0.739823022,5.7008816398,-0.3495834898,-0.2789768116,8.8863119676,-0.9863288516,-0.4590925496,0.3153645383,1.1605868522,-0.264120936,-3.2054845371,-1.7791259382,0.6251115286,6.3718690336,-0.3602417691,0.8662200764,0.5874172436
biasActivation=1,1,1,1,1,1
[BASIC:ACTIVATION]
"org.encog.engine.network.activation.ActivationSigmoid"
"org.encog.engine.network.activation.ActivationSigmoid"
"org.encog.engine.network.activation.ActivationSigmoid"
"org.encog.engine.network.activation.ActivationSigmoid"
"org.encog.engine.network.activation.ActivationSigmoid"
"org.encog.engine.network.activation.ActivationLinear"
