encog,BasicNetwork,java,3.4.0,1,1572767252441
[BASIC]
[BASIC:PARAMS]
[BASIC:NETWORK]
beginTraining=0
connectionLimit=0
contextTargetOffset=0,0,0,0,0,0
contextTargetSize=0,0,0,0,0,0
endTraining=5
hasContext=f
inputCount=2
layerCounts=3,8,8,8,8,3
layerFeedCounts=2,7,7,7,7,2
layerContextCount=0,0,0,0,0,0
layerIndex=0,3,11,19,27,35
output=0.4519288623,0.4278350377,1,0.0003260641,0.9208493118,0.9749600428,0.0754924071,0.0000000036,0.7777807464,0.1258400218,1,0.0915530242,0.0001056439,0.0000011257,0.4282886722,0.9999999455,0.0000025325,0.7160955206,1,0.0016882367,0.0001037388,0.4833681573,0.8646127919,0.0000000079,0.7848372349,0.9999999954,1,0.0000000001,0.8280516179,0.0000000756,0.9999935382,0.999086192,0,0.0000000038,1,8,30,1
outputCount=2
weightIndex=0,16,72,128,184,205
weights=11.5619395565,22.4134420853,-12.9993890336,0.6565107853,-8.0645942756,-7.6227888478,2.5008250038,-2.5975750953,-13.6677774133,0.1858856683,-1.3287082337,12.5636678758,6.1441680269,6.1750431852,-4.6774118999,-4.324653966,-6.4100213606,5.611403842,-2.808852016,5.5462309508,-3.5660228737,-5.585689386,-10.0033527828,0.912181897,4.1615792601,-7.7072983024,2.9768021507,4.3422705271,-12.5855990338,1.7888100117,11.9180050464,4.2651671509,-7.2006046159,1.3942575374,5.1896726146,-2.7165267796,1.3023349523,-4.3189898671,6.1405734905,-0.2150958215,1.1459752348,11.2322767058,1.4922506694,13.2840785305,-2.6480565163,0.5599260685,-3.9508325628,-2.8235268817,1.6081798256,7.5840843962,-2.9624526889,4.2383034793,-2.1727881225,2.8259947596,-26.4802887182,-0.2708439896,-2.1687925266,-0.5873753321,-10.8666545351,-3.2610833245,2.9183808661,-0.5378089562,-3.9466227352,2.7558785084,0.4082478976,1.6710396639,-0.5389224604,7.5183797566,-1.4552101406,-0.1625385311,-3.2068549071,-1.4442162028,-6.0152591488,2.6817829352,1.2273266789,-1.4157603679,-2.6444143896,1.1493038462,-0.0830661984,-2.4730575862,0.9634242808,13.768304807,-0.6558584438,1.0044569524,3.023349252,-4.9013612284,-5.0962709297,-0.7667888046,7.5224049446,4.9094886794,5.12109285,-6.7419241127,-1.7973758273,-10.0080275737,-3.9333809981,1.4315315987,3.65401162,13.208205988,2.0792878318,0.1008326711,-8.0223020704,-8.3429042422,2.9849971373,2.1742062947,-3.2618254622,-4.7322969388,-0.6318682112,12.0876227115,2.9852256597,-0.0413641305,10.9735545689,-4.3551163623,14.2195991576,3.2618184947,0.2002006465,-6.8056441684,-1.1424560411,-0.8434077985,-6.2144929823,-0.2467503556,7.7725602823,-4.9972691328,2.550158303,0.8909757475,14.5779094793,6.9603014787,-8.2514328155,1.6982867622,0.1093843253,-9.7396280654,0.2571140703,-5.7859736874,11.5114150653,0.6892293057,0.5723321394,-4.0324257942,0.7918929712,-12.9726527437,4.8372469227,8.404184679,-12.4785548096,1.4232064248,-0.2877659561,5.6315166667,0.621484359,-0.9450387011,0.3462288763,1.9752053185,-1.2114091008,-1.083804871,0.1098305255,-0.0489015746,-0.3302767483,13.5624596341,2.4616328146,0.0276062262,-9.6967906054,-0.8277628007,-0.3848813871,0.2840496118,-0.4204142152,1.0452098038,7.1396735417,-6.6763542063,-6.3174340708,-0.7246410671,-0.7813615749,-6.5387978087,-0.2481457607,12.56415631,-6.418181826,-4.4537506731,-1.9690439411,0.2755770311,-0.6185796028,-2.6887214023,0.5367125448,7.3825540358,11.3995120237,6.7515409196,16.8983109743,-1.1401498024,0.4227395745,-10.5552651015,-0.8777069014,-0.5565793441,0.607809128,-2.137527203,-0.0856314574,21.2410425103,0.4824115486,-0.8345691052,4.7801116572,-1.3120015694,0.6099097858,4.1483083119,-1.9488689979,0.838814072,-2.576494284,-1.095347582,-0.5589048598,-0.8725342771,-0.8465829567,-0.4491632889,0.8612671312
biasActivation=1,1,1,1,1,1
[BASIC:ACTIVATION]
"org.encog.engine.network.activation.ActivationSigmoid"
"org.encog.engine.network.activation.ActivationSigmoid"
"org.encog.engine.network.activation.ActivationSigmoid"
"org.encog.engine.network.activation.ActivationSigmoid"
"org.encog.engine.network.activation.ActivationSigmoid"
"org.encog.engine.network.activation.ActivationLinear"
