encog,BasicNetwork,java,3.4.0,1,1572777815720
[BASIC]
[BASIC:PARAMS]
[BASIC:NETWORK]
beginTraining=0
connectionLimit=0
contextTargetOffset=0,0,0,0,0,0
contextTargetSize=0,0,0,0,0,0
endTraining=5
hasContext=f
inputCount=2
layerCounts=3,8,8,8,8,3
layerFeedCounts=2,7,7,7,7,2
layerContextCount=0,0,0,0,0,0
layerIndex=0,3,11,19,27,35
output=0.0548771073,0.0000006375,1,0.8334088881,0.9838685777,0.0000000824,0.0120707605,0.0004514777,0.1574179608,0.9998052006,1,0.6005645448,0.000398144,0.0003888408,0.9999999995,0.927887924,0.0000001031,0.9999992235,1,0.9995048123,0.0003475768,0.9961798568,0.0079336575,0.9995651614,0.0139265466,0.1764940078,1,0.0000014323,1,0.6948342598,0.0000015326,0.9999999958,0.9999944794,0.9999786711,1,8,30,1
outputCount=2
weightIndex=0,16,72,128,184,205
weights=-8.3475528506,8.152126803,-2.6031927619,-7.0313130617,19.0255981736,-1.3597094812,5.1732141701,-8.791795215,-3.6160415917,-10.5135952499,8.8223359822,7.3534691296,-12.257197148,14.4776057075,-4.4234410757,1.152204012,1.3505301821,-5.724114424,8.2332569281,-16.4668475771,5.6608713129,2.5256896384,13.1993468339,-1.1871643491,-12.2846470076,-0.4792129221,7.3495818944,3.5286815572,4.9753029627,-4.7605956899,4.3636139398,-1.0230354732,-0.8308299591,0.5173175277,3.4188608007,-13.2201388562,0.958581223,-0.2801593262,-2.771409722,-0.7117311278,8.0549599579,1.9253093903,0.022634544,-2.4661301628,-2.2050861682,-2.0639000142,-5.2367277892,0.5058031748,9.5444250452,1.1049231513,5.0210771943,-7.3022294395,-3.5400646307,-3.5543086183,-1.5058769825,-1.3440797328,-11.299305537,3.293517987,10.7569780612,2.8497988294,3.693089617,2.5629555531,0.3586861508,-1.5323565774,-0.8722098177,-11.3326522592,8.1420739336,6.4194867262,5.5934700985,9.0040677659,0.2965190196,-2.8376102682,3.1224422919,1.5333694426,8.3349196257,1.2497225039,-11.0342113789,-4.3464364435,2.9954636673,-0.4653422985,-0.6448463196,5.644941683,-11.7766873818,12.3856407572,2.1024979127,3.0718287533,-2.1992757267,2.6914970943,-5.4410084097,8.8720320944,-11.1852522179,2.5684926064,9.5182252557,9.3259189616,-2.4345764188,-0.5088519644,16.2658705585,-15.7340009141,2.0651335333,-7.2923020144,0.1408836966,-0.5674786863,-0.4749051216,3.2037623832,-9.5323369869,4.7208677937,10.2241830169,-8.1723113181,3.7203118163,-1.4761073065,1.651052307,-2.0291614352,-2.7943577509,6.3552992727,-12.7047088249,-2.5451751569,4.5834901624,2.7306210824,-3.1221175553,-4.6893769608,-0.4209426197,4.8250288153,9.1925685385,-11.5214898577,6.5202106527,-6.9330047008,-3.7677114121,-0.3343520655,-0.7275339708,-3.2581823028,12.6285555035,0.8410229941,-1.0497103806,3.7093493282,-0.0913048932,-0.4748080647,0.5182075909,1.6614555594,-13.6836036632,-10.1691732249,2.3402058773,-8.5648116631,3.5694588038,2.5373944207,-0.6705621128,-5.5500379571,23.4511300177,-14.3489765348,0.5505533901,-5.7735930196,0.1530175065,-0.1109542278,-0.8377021865,2.7386052859,-8.5031684277,-4.5428412694,2.083890193,-9.211105916,3.1835658799,2.284686695,-1.0023204134,3.6838614048,-11.102090162,-10.7524762348,3.876764934,2.2385024838,2.3463496958,3.3088150224,0.0357506879,0.4810456065,-10.8901569014,1.6080239079,1.2247650143,1.2604472395,0.2325364396,0.1081352146,0.5084000537,-3.7821621626,3.2388144802,-3.1633688214,0.9301370069,-2.9263361352,0.9162445601,1.0714010796,-0.8063448107,-0.202938517,-0.9172791523,-2.0145325424,6.5972410257,0.3027897958,-1.4587065554,-0.0874998656,15.1174667126,1.72739532,-0.6574067078,-7.485522991,1.1071864758,0.3332603198,0.4271167313,-3.0297808136,1.5559663288,-10.3337160809,0.8338625185,0.1419998372,-0.1754696368
biasActivation=1,1,1,1,1,1
[BASIC:ACTIVATION]
"org.encog.engine.network.activation.ActivationSigmoid"
"org.encog.engine.network.activation.ActivationSigmoid"
"org.encog.engine.network.activation.ActivationSigmoid"
"org.encog.engine.network.activation.ActivationSigmoid"
"org.encog.engine.network.activation.ActivationSigmoid"
"org.encog.engine.network.activation.ActivationLinear"
