encog,BasicNetwork,java,3.4.0,1,1572777831641
[BASIC]
[BASIC:PARAMS]
[BASIC:NETWORK]
beginTraining=0
connectionLimit=0
contextTargetOffset=0,0,0,0,0,0
contextTargetSize=0,0,0,0,0,0
endTraining=5
hasContext=f
inputCount=2
layerCounts=3,8,8,8,8,3
layerFeedCounts=2,7,7,7,7,2
layerContextCount=0,0,0,0,0,0
layerIndex=0,3,11,19,27,35
output=0.2844057307,0.312499738,1,0.9210007104,0.0442695175,0.9999983386,0.1369983748,0.9998586314,0.0763393552,0.8919514125,1,0.4313413194,1,0.0000044561,0.0002812429,0.5130876232,0.0512264503,0.190110445,1,0.9955589462,0.9999970682,1,0.2694477056,0.9971807916,0.1055319941,0.0272217312,1,0.0000000106,0.0187780443,0,1,0.9839565323,0.958572707,0,1,8,30,1
outputCount=2
weightIndex=0,16,72,128,184,205
weights=-15.6003872909,5.7089046417,6.1148608451,-12.4364985924,5.6496969457,17.5917828795,11.6601853657,-8.6107071874,-2.6631285202,1.8832072701,16.8467109651,-0.4537546085,-12.9697558872,3.706180681,-8.9777480348,5.4891066379,-8.010145091,3.1608276869,8.8897877266,-11.4855683492,1.5441148002,3.4882322386,2.7815956642,1.2537250955,2.5659932585,-2.2525081343,-0.1066751068,-2.6571719205,-6.0722103457,-1.6421009201,4.7373627708,0.3733302294,-7.4113094245,11.5521589348,3.9168185397,-6.0827263278,15.1698493723,-4.8933717141,-9.9586142763,-0.6853627123,4.8880596519,-3.5608925163,-15.3985882036,0.040487575,-8.5116468098,-9.179023917,6.3296552893,3.2461759962,-2.7417204586,12.5782973401,9.4881798399,-1.3663165345,-2.4679669642,0.9174773713,-2.0938590611,-0.9139908433,-8.956792928,-0.9268661564,11.7996765882,-4.0578518882,5.2952608726,-3.517596722,-16.4086360295,2.8809478373,6.701008439,-4.2337090776,-4.8405234638,5.3883243843,-5.9599647857,-2.1059359803,-1.9275756293,6.9849401002,1.5952338921,1.7379833625,-2.0468540591,-13.3019714166,-0.940744017,6.0092027412,11.7396352844,2.0128869224,-0.6701016077,5.2722907118,19.3883261145,-2.3415736081,2.704308324,-1.9559521281,-1.0445067406,-0.4892041296,-4.5207312614,-7.9010771876,2.6032885684,14.4117111223,-2.290382934,3.2014984588,-2.9868802955,-4.3786516983,-2.7957142312,2.6152147775,-6.1617063941,-3.0595490798,3.2716793327,-8.6945049385,11.1821251707,-3.6711287836,0.6481830974,-1.5118034007,1.5501499701,7.419616755,-3.4448170073,2.918434369,5.5288607763,0.3461202491,0.8179519519,2.2992299005,-3.1421630235,-15.6049707929,-1.5669131192,3.5348629746,-0.3182143026,2.5125467837,0.4799155634,7.3062332514,-7.4351535564,-8.023599701,-0.3402695728,0.9524059504,7.3453885165,0.4026521202,0.5537488562,1.606258553,-0.3096314735,1.0074321956,2.0797049334,0.4538522388,-0.1017846174,1.8934284229,-0.1557417446,-9.0635321383,0.3970446032,-0.1155149438,1.8967333137,9.0121570411,1.910956425,2.5204843389,-0.7595443946,-19.1064785021,-2.6309482252,4.110850987,3.7004984295,18.9412151725,-0.6837092551,2.694965525,0.0650211039,13.5496254132,0.9279580716,-3.4524712962,-5.9725208257,14.4213390254,-4.0442076287,-5.7465917643,-0.1324051814,-23.3906618285,1.178929699,-2.7224285445,-2.9437787046,16.154736098,-0.6044951973,-3.558803448,-0.5876120978,1.38526285,5.56799154,2.0337723528,-1.7287980967,-0.7430498818,1.0028831736,-1.7836703229,0.3259694678,-1.9341295721,1.5503518986,6.3573488533,3.8392469412,-17.696005723,-0.0217064246,3.2880857389,-0.9503855997,-0.3362917576,-0.6663115097,0.4248163702,-0.3611448669,3.4797046906,0.8951290241,-5.3768470435,-0.3690217628,-1.3661450061,1.9591494799,1.1735673666,0.0575390647,0.1061807419,0.4705451767,-1.0268408382,0.142929414,7.0683497853,1.8060506004,-3.2266931194,1.0494431281
biasActivation=1,1,1,1,1,1
[BASIC:ACTIVATION]
"org.encog.engine.network.activation.ActivationSigmoid"
"org.encog.engine.network.activation.ActivationSigmoid"
"org.encog.engine.network.activation.ActivationSigmoid"
"org.encog.engine.network.activation.ActivationSigmoid"
"org.encog.engine.network.activation.ActivationSigmoid"
"org.encog.engine.network.activation.ActivationLinear"
