encog,BasicNetwork,java,3.4.0,1,1572777850017
[BASIC]
[BASIC:PARAMS]
[BASIC:NETWORK]
beginTraining=0
connectionLimit=0
contextTargetOffset=0,0,0,0,0,0
contextTargetSize=0,0,0,0,0,0
endTraining=5
hasContext=f
inputCount=2
layerCounts=3,8,8,8,8,3
layerFeedCounts=2,7,7,7,7,2
layerContextCount=0,0,0,0,0,0
layerIndex=0,3,11,19,27,35
output=0.1543616683,0.0000125187,1,0.000249312,0.4929202401,0.9903183878,0.0285501622,0.0010152262,0.0000079856,0.4883990708,1,0.0700598749,0.272400928,0.9854859297,0.3835022501,0.0093964198,0.5937721034,0.7533577012,1,0.9997906206,0.8427372191,0.1786904376,0.3427406125,0.000000009,0.8238701251,0.4603555257,1,1,0,0.0021563646,0.1465948313,0.2004303402,0,1,1,8,30,1
outputCount=2
weightIndex=0,16,72,128,184,205
weights=3.4591209588,14.4447942316,-1.0788709099,-7.1260982298,3.2145020609,-4.85982606,-13.1554426199,-1.1280289866,16.2322991565,4.7148072156,-16.7766897185,10.3664126434,-10.6097514373,8.8988325604,4.3915637459,0.5678197148,-2.3044677447,-6.2939854222,-4.9899873291,1.898566875,3.8265142001,4.7764117221,-10.432871111,2.7564680739,9.0479912333,-1.6661016986,5.5574937992,-3.4885020747,2.4509982488,-17.182200587,5.3288837949,1.8173671628,-14.2571009395,1.029717569,4.6425367227,-6.0015704031,6.6726558668,9.130476669,-4.6388255627,1.0831874345,-1.3622975052,2.2279819906,4.2705526167,1.2118241172,5.3823767362,-12.1797840093,-3.150907719,0.8433057185,5.1290622792,7.238571579,1.0140788888,-2.2928725779,-0.1969974288,-1.5187608221,-9.8558451003,-1.014176156,-0.0104772422,3.3720886109,-7.4812885715,-2.5535387352,1.449102535,-0.0706636414,-8.8747525521,2.410504426,-1.3435193472,9.1613340636,5.1612010181,-0.2307529107,-15.9041110539,-2.5724066382,-5.6968603516,-1.4769992506,-7.2494562736,1.9288545078,-1.3747141856,1.4114112633,5.2708251709,3.223936434,-7.1202298984,3.4202834688,-6.0384478929,1.9022406848,5.3122590594,1.6713941474,-9.8357403152,-1.5567044614,12.3768561849,-2.4857169459,-1.5545153633,1.8125286242,-1.5523421107,3.3364433574,-7.537913908,7.1561509777,-12.5951073795,3.2810632492,-3.5063676837,-2.0863577966,-8.7229884216,-0.4824000655,-2.432278386,-3.9242779665,8.9719147451,5.6160532893,-1.7113762556,2.6779994823,15.81605692,3.6183322299,12.3519416847,-5.8511689293,-6.3470392112,-1.5276473995,3.9525638749,-3.7606533577,-0.9081977749,-2.1198065216,0.2211445434,-9.1998221456,18.050480028,-0.2442620383,-2.9336485752,2.8186633987,-7.8321178111,10.3936175165,14.40534794,4.8289705529,-5.1834936841,-2.0807421974,4.5628857506,0.5458987662,-14.6420210081,-0.6249112106,-10.8349025184,-1.7913840708,3.0538423087,3.1492505497,1.3901938842,1.6298366273,-0.6388402789,-1.0575682135,-3.5788561603,0.1005997633,1.3493650566,-0.1870989582,-3.0737027361,-3.587929755,5.8248687119,-13.4830190363,1.689068045,4.1575526278,1.3678381315,1.8060592981,0.1492713225,0.3110619319,-7.0401883108,-1.3466753204,-7.9478492745,0.6366082153,0.8750006472,0.130210201,-3.6312252232,-2.8861441477,20.1833070632,-13.6221554841,7.7719670981,-1.2351020905,-7.3237651671,-7.1738945238,1.1604624649,-0.1106073154,-2.5702283782,-3.3278896223,-9.1047856771,1.7259592816,1.4365347647,1.2640630817,1.0998201795,0.4767701845,5.528112099,13.7637774943,-9.3592456351,-3.9943051381,-0.2612216065,-1.1512525201,-1.2404815265,4.6343203915,-0.5742928114,2.6043494244,-9.0819682892,-0.121149296,1.2744869699,-0.362016367,-5.4725776038,-0.5035160926,-0.1237842378,5.980093979,-0.5431483941,-0.291676574,11.71187747,0.8321435322,-6.6276428732,-1.7805779116,0.9492298633,0.9778074339,0.432221965
biasActivation=1,1,1,1,1,1
[BASIC:ACTIVATION]
"org.encog.engine.network.activation.ActivationSigmoid"
"org.encog.engine.network.activation.ActivationSigmoid"
"org.encog.engine.network.activation.ActivationSigmoid"
"org.encog.engine.network.activation.ActivationSigmoid"
"org.encog.engine.network.activation.ActivationSigmoid"
"org.encog.engine.network.activation.ActivationLinear"
