encog,BasicNetwork,java,3.4.0,1,1572777863281
[BASIC]
[BASIC:PARAMS]
[BASIC:NETWORK]
beginTraining=0
connectionLimit=0
contextTargetOffset=0,0,0,0,0,0
contextTargetSize=0,0,0,0,0,0
endTraining=5
hasContext=f
inputCount=2
layerCounts=3,8,8,8,8,3
layerFeedCounts=2,7,7,7,7,2
layerContextCount=0,0,0,0,0,0
layerIndex=0,3,11,19,27,35
output=0.0859079503,0.0000037229,1,0.8185749132,0.3445140298,0.9997946891,0.7512744499,0.0000203897,0.0234672383,0.7810690317,1,0.5510783574,0.2636358949,0.5377871653,0.7864344188,0.0135227535,0.0054075324,0.9653718286,1,0.3038692544,0.0093229645,0.0005057137,0.0000064369,0.6717178713,0.0630459368,0.2143628904,1,0,0.9949172164,0.0000000152,0.9989103351,0,1,1,1,8,30,1
outputCount=2
weightIndex=0,16,72,128,184,205
weights=9.31681588,-7.1756074296,13.3708033898,-6.4541047202,-5.4849498103,8.8407333254,-10.7610557834,-7.8405518021,-7.8932190876,17.134750722,-0.864377882,-8.5239177962,12.0091939481,-4.0856654327,-8.960054059,2.4190858239,5.695269792,-1.3429772615,-1.013841361,8.4662019933,-9.1880215229,15.3318715543,-7.7637137284,0.1455676882,-2.7380829918,1.5287111644,-6.5076078965,-3.3361395602,5.2523116303,5.6530738097,10.180829677,-3.343885021,-2.758683684,-3.6315367969,5.0864564741,7.4839513648,2.4962958812,-5.3899155886,2.4317243516,-0.0047627845,-4.2049667191,-1.5429552218,6.5999843802,-3.0946559686,6.4022638719,-4.3911698214,2.8846634675,-0.133781128,-5.3303896866,2.1701011835,2.8162195501,-3.7912085678,5.5728141421,8.5245111519,-7.3136597144,-0.0291579316,2.1680185087,9.9419776446,1.2174108339,-4.6645155731,0.9409021573,2.0266218602,-3.5108321351,-1.1650097184,-2.6337874391,-2.7692064335,-2.651598428,-1.1632713011,7.0812844037,-12.3920456789,5.7669719156,0.1982044335,1.3498345668,8.7669250951,2.8430966126,2.6839378957,-3.2292835296,0.7468938688,-1.6925938083,2.1965747635,-4.306068502,8.2089575483,-3.356860414,0.547336894,-4.2182948716,0.211943573,7.7522730639,1.3648305629,-11.1100085487,4.0097812577,8.5927818392,-1.036174752,3.5569685741,2.2488268534,5.2167783056,-0.1636368701,6.4154986228,-5.9912519751,2.1920872014,-0.3594315815,2.2651100679,0.3101652914,-9.1140823092,-0.178505978,-4.5295495605,0.0798604883,-3.8573041178,-1.2383087443,-3.1745404556,-1.7657207021,3.8924747385,-1.5028466405,-5.0640270188,16.050779303,-1.0458730432,-13.2985787273,-4.9075324071,-5.3885232089,1.1142115351,-0.4274083052,16.4886629052,-7.0338162336,-3.0415033171,6.6175959107,-0.1587853389,-0.228875534,1.1674332708,-1.744646112,1.7762473154,-13.8846700597,0.8777884189,13.3864539316,0.9123079459,-0.0189712772,-0.4738875259,0.1061489218,-3.2092071321,0.3646238997,-0.2255460822,-13.9041360805,-1.9972786834,1.7432405154,6.5359719992,0.5810941943,6.0545003485,-9.357354222,-0.7208298784,4.2908245403,0.9652766722,-1.843684034,2.9170489855,-3.638755166,-0.4197789069,-10.4562810908,0.0316669088,-2.67082988,-1.5221887508,2.1113125573,-3.024477849,2.0307554242,-4.2814342441,2.4747545093,-0.013265454,6.9301644581,3.585774677,-1.5350934653,-4.7034790293,-2.4302512433,-0.1549399354,-1.6542122598,0.6252737713,-1.6657823263,-7.0760970526,0.332131859,-0.1721675413,0.4510364716,-0.7729015064,2.0974604106,0.6980386999,-9.2124430996,0.0441900543,5.1256973134,-4.2823450633,4.9734282254,1.3947669046,-6.1886286471,-0.2611895514,-2.2909412394,0.1666261087,18.6055471157,-0.9353440011,-0.3424962196,-0.2463915311,-2.4807334034,0.428020816,13.8260375692,4.0521031379,-3.9246785908,-0.5331000327,0.9423335316,0.9595804573,0.3231116005,-6.2498031235,2.9662833449,-8.5295114102
biasActivation=1,1,1,1,1,1
[BASIC:ACTIVATION]
"org.encog.engine.network.activation.ActivationSigmoid"
"org.encog.engine.network.activation.ActivationSigmoid"
"org.encog.engine.network.activation.ActivationSigmoid"
"org.encog.engine.network.activation.ActivationSigmoid"
"org.encog.engine.network.activation.ActivationSigmoid"
"org.encog.engine.network.activation.ActivationLinear"
