encog,BasicNetwork,java,3.4.0,1,1572777903084
[BASIC]
[BASIC:PARAMS]
[BASIC:NETWORK]
beginTraining=0
connectionLimit=0
contextTargetOffset=0,0,0,0,0,0
contextTargetSize=0,0,0,0,0,0
endTraining=5
hasContext=f
inputCount=2
layerCounts=3,8,8,8,8,3
layerFeedCounts=2,7,7,7,7,2
layerContextCount=0,0,0,0,0,0
layerIndex=0,3,11,19,27,35
output=0.9508191586,0.8965515777,1,0.0000002585,0.0019028517,0.3798842811,0.3287147922,0.6663123507,0.9999999924,0.0000039658,1,0.9999999991,1,0.3519989469,0.0000000067,0.000000338,0.0000006949,0.9910018643,1,0.9999730991,0.0491165963,0.0000000411,0.9999999992,0.0021858151,0.9999391786,0.9999999091,1,0,0.0000003563,0,0.7450195647,1,0.0020065198,1,1,8,30,1
outputCount=2
weightIndex=0,16,72,128,184,205
weights=-25.7751661136,8.925296512,-7.6909293663,0.8479156848,-6.8166621264,-4.0362280341,12.0754282495,14.1659899132,-2.545489304,16.4001716079,6.7259578195,15.9198627082,23.9356133458,-10.7307081868,-24.6788775428,-10.8776925954,-14.3813039866,-6.2610801765,24.2960405116,-2.3031223151,-2.662440448,-0.8083467219,-1.3566177924,-1.7337478224,-4.0715475558,-9.9660516915,2.0350363799,7.8205146357,5.6433252878,7.1577071295,5.5206061566,1.5878336797,-4.9779711972,-10.9724932577,-3.5649895716,4.8019496714,10.9401416413,2.4125280125,11.856191584,4.9657842351,-0.7714806779,-0.3810916387,31.3832078814,1.4586667826,3.6851818255,0.5892482688,-10.7943679529,0.0889496784,9.0618135983,5.9031410816,-15.71750493,-14.1382415837,5.8689023461,0.0971267902,-12.2212619557,3.3704351183,6.2065662338,5.497143242,-1.9651754748,-2.5176545994,-7.9586624412,5.8566803501,7.8552218018,-0.0949222347,-8.2319237368,-7.7293412972,5.7644471913,-5.7345002282,7.5448894051,-8.0336545974,-6.2800868817,7.7179594957,7.8216830044,-1.5446338279,-14.7078494517,7.6923097875,-4.2936938145,7.080692043,-2.7131035614,0.992639666,8.1396016937,0.0335587859,-14.7272336508,15.813028656,-3.330856422,4.9640078588,-1.7284951318,-0.1197782453,-10.3734851051,-9.050901307,9.5806845337,-2.94630512,12.4674758123,0.2743248857,9.8685066287,2.9837305712,-7.8419344252,2.386180271,13.8617616588,-6.082110939,4.3069644475,-7.2006384346,0.7183508576,1.4520864649,1.2712549697,-0.002444641,-7.0692840881,-13.2036454564,16.6169273942,0.0883372715,0.8222393017,-3.9145971999,-2.3928893979,0.7808283277,6.7626649558,-9.3551288007,2.1367018884,-3.0433328694,0.278623494,0.2899298362,8.1492517958,-8.8455248166,4.6937223298,-4.9068162225,5.528789158,0.1966958323,-1.5508898075,3.2360654105,-4.2544779,-3.9126863728,-1.6943678928,21.6885193306,-1.1221836755,-2.4342876747,-2.1636545135,-2.3443215771,2.4009137581,-10.7805439069,0.7088391522,-6.1834041777,0.6070496953,9.8977456682,0.6502348693,0.3664218785,-2.197138798,-3.0148451718,-0.4726687852,-25.2464364206,0.3433339635,0.7961420729,0.9651951947,0.4912708327,-0.6017161814,-0.4134472237,-0.9880160209,29.6019359,-1.4276564363,5.7023431148,0.5136319493,-0.1919495084,-1.1043913242,1.213842058,0.311511739,-23.1524708817,4.4642221205,6.4840571145,2.2980438447,4.3501887343,-2.7924336751,-0.8402054047,1.5139312244,12.8843877203,0.5083481402,-3.0265665298,-1.3424096215,0.9485219558,8.3913632345,-2.9377534395,-2.2329705448,6.5418333516,3.4572854921,-9.7892678139,5.712846614,2.189535625,6.097790483,-6.305786707,1.5516402145,1.3407835973,-0.7214358789,-3.9306609177,1.4981503123,-3.1242718307,-0.4136744919,-2.5552697856,-0.1902605475,27.222198372,0.9256274324,1.1921064746,0.8419016503,1.9255926025,-0.7426870541,0.6665258547,-0.6423018549,3.9797361802,-0.6818604179
biasActivation=1,1,1,1,1,1
[BASIC:ACTIVATION]
"org.encog.engine.network.activation.ActivationSigmoid"
"org.encog.engine.network.activation.ActivationSigmoid"
"org.encog.engine.network.activation.ActivationSigmoid"
"org.encog.engine.network.activation.ActivationSigmoid"
"org.encog.engine.network.activation.ActivationSigmoid"
"org.encog.engine.network.activation.ActivationLinear"
