encog,BasicNetwork,java,3.4.0,1,1572777913316
[BASIC]
[BASIC:PARAMS]
[BASIC:NETWORK]
beginTraining=0
connectionLimit=0
contextTargetOffset=0,0,0,0,0,0
contextTargetSize=0,0,0,0,0,0
endTraining=5
hasContext=f
inputCount=2
layerCounts=3,8,8,8,8,3
layerFeedCounts=2,7,7,7,7,2
layerContextCount=0,0,0,0,0,0
layerIndex=0,3,11,19,27,35
output=0.4800030341,0.2115390527,1,0.013269285,0.5430841873,0.0909232031,0.0001141294,0.0000164614,0.4916919486,0.4073976723,1,0.9997244932,0.0233677666,0.9102696972,0.96335814,0.999726749,0.2351594684,0.2986538789,1,0.9999737731,0.2372343933,0.9999998722,0.0134298886,0.0001080856,0.0003488567,0.188853052,1,0,0.8659147334,0.0477979046,0,0.9999999989,1,0.9999999935,1,8,30,1
outputCount=2
weightIndex=0,16,72,128,184,205
weights=-8.8257785148,5.2074094864,6.9357816708,18.6622436291,-10.0277849968,-4.6633802653,2.0103256208,-1.949624303,9.740405877,8.767482257,-4.9642395904,5.607760858,0.8023005866,-6.1422718532,-9.6495089691,1.1956020097,-9.5342983765,-5.8938685058,7.1595617301,-2.7563989151,3.8855343515,5.6763429877,-6.8280721833,-1.6813679882,4.0195944284,-4.7480014844,-1.7964946881,-1.7813876845,-3.4719860919,3.2626892193,5.8213504482,0.5818535961,2.3203272512,0.5824637654,-0.8768902366,-2.5032323501,-0.2921460066,-11.1172630061,4.5457187878,0.1228019488,1.5231622472,5.3544064581,-6.3415772295,2.2926979708,-8.6278527157,5.8406723765,1.4625401959,-0.3468581514,-4.904194152,2.1601928608,-3.2661416739,2.0850847376,-6.6769765714,3.0089827095,-5.5077849021,2.41475811,-0.3952286744,1.3935090396,3.1572784618,-1.5810278196,0.452854632,-0.1429909374,-8.1580262707,0.9957634118,-1.1813547453,1.7016115718,-1.7944340842,-2.1779486817,3.8027585705,6.6158337661,-9.5012456232,1.9781846458,-0.8812920804,2.7733499246,6.2917052187,-11.7092608284,4.6196508823,2.0955650126,-5.2619915414,3.2780199709,-1.8032808379,-6.0433329988,-0.9343712417,7.9285516571,2.4052074577,-2.7570163567,4.0354916394,-0.4293541194,6.9891949039,0.0855362925,-2.5014671553,-6.0807415199,7.992566346,-0.7645621278,3.9237209485,-2.8508446773,0.075454845,2.3427565435,2.6007194822,-0.875941429,-5.5274833123,-1.2229273846,5.6299572088,-1.0131672409,15.2946321273,-1.1198992563,-6.9407122417,-7.7802088544,9.9943659311,-4.1700597237,0.7548358685,0.0793142524,-5.8118137907,-6.2163326942,3.5737423444,12.0278809591,-10.6022470744,-9.4369069093,7.8543064522,0.8928391417,-3.3789683869,-1.9108608616,7.9266835882,0.5253202839,4.7371116842,1.0412466223,-1.801540559,-4.6159009221,-2.5767118986,-3.3065799059,-16.4477172503,-0.0179515446,6.139629198,4.8478491507,-3.5155923366,6.7261937152,-3.4890926501,-5.0885447128,-5.9012748002,1.0080528125,0.5204531344,-1.7238991856,5.5340334674,-0.8101751025,-0.7059133245,3.2680404132,-3.6509054357,-0.9112056752,-1.0948641797,8.2651388777,8.3104481766,-2.2632158315,-6.4847520949,-7.688564257,13.2375081288,-1.9719684302,-0.5059951322,2.5312196981,1.397347899,-1.694408217,1.8018624996,-8.240322964,11.5505432244,0.5567566681,-0.893193531,1.0534290057,-1.7752484014,-0.9341405361,3.3332633958,-9.4808602343,3.8399086439,-2.244317372,-1.4591590221,-0.3345028268,3.7395888583,-1.8803503328,6.2709968341,-2.8559174143,7.359374872,-1.9847273794,-3.9021815812,1.6354000877,7.4541985751,-4.5236787908,1.6908230113,-2.7359584931,-0.2125857736,-1.6682465699,0.0645799631,13.2738841932,0.0325200042,-0.3216804441,6.3984577921,0.3552110995,-2.2076057553,-0.7267077648,0.9450928799,0.4179121845,0.520601195,-0.9228752665,1.6889984807,-5.215279867,-2.216811563,0.9703664462,7.4815404917
biasActivation=1,1,1,1,1,1
[BASIC:ACTIVATION]
"org.encog.engine.network.activation.ActivationSigmoid"
"org.encog.engine.network.activation.ActivationSigmoid"
"org.encog.engine.network.activation.ActivationSigmoid"
"org.encog.engine.network.activation.ActivationSigmoid"
"org.encog.engine.network.activation.ActivationSigmoid"
"org.encog.engine.network.activation.ActivationLinear"
