encog,BasicNetwork,java,3.4.0,1,1572777922043
[BASIC]
[BASIC:PARAMS]
[BASIC:NETWORK]
beginTraining=0
connectionLimit=0
contextTargetOffset=0,0,0,0,0,0
contextTargetSize=0,0,0,0,0,0
endTraining=5
hasContext=f
inputCount=2
layerCounts=3,8,8,8,8,3
layerFeedCounts=2,7,7,7,7,2
layerContextCount=0,0,0,0,0,0
layerIndex=0,3,11,19,27,35
output=0.087235563,0.0007217415,1,0.0000323453,0.996074899,0.9278025827,0.5894134659,0.9996643876,0.9999999994,0.1357429132,1,0.0033834882,0.8305568307,0.9999555732,0.6895331712,0.7095651258,0.0385496965,0.0120767294,1,0.0260213137,0.9999742443,0.7696142158,0.0358181019,0.409016897,0.3962443782,0.974516713,1,0.7896915115,0,0.0000225308,0,0,1,0.9998736964,1,8,30,1
outputCount=2
weightIndex=0,16,72,128,184,205
weights=2.9995531341,-5.3947520323,4.1360563911,-1.7891576853,14.0946273272,-11.601369549,2.0816782445,-2.5283763849,-11.0770555291,-0.6002935661,4.3287268351,7.2240017093,-4.2078372875,-9.8784978785,10.9412233469,-2.3092242593,9.9532267628,-3.6200875862,-6.7993591067,-0.517821142,-1.4367290183,-1.9323182813,-5.4857945239,0.9503077989,-5.8049879269,3.0058298312,5.9041087851,-0.6688196618,0.3063982882,-0.0853951174,2.8154377077,-2.6312330202,2.7721957438,7.1089458254,-0.8391763831,-3.2403064032,1.5474365903,7.2499981561,5.2392794203,-1.7276762803,-4.1335549508,-1.5418930955,0.7234539223,-1.3833851565,4.0109997166,-0.8634555384,2.5326713671,-0.9567408985,3.9919878973,-1.1400061386,2.6223573482,4.8160040597,-1.1808930474,-7.3970594639,-9.3392893539,4.22537848,-10.4700175361,5.9578619921,7.6120142804,3.0377797516,-1.4801321146,-2.5744633378,-4.8683864019,7.7447351052,-3.0090625599,-8.7909473466,5.6652926482,2.9613854908,-11.1406083369,5.1797577827,3.2300503642,5.4197411041,9.3118030674,-2.7784030907,-8.6586988651,-1.887922827,9.5386448843,-0.3527125891,1.6309195065,-1.7690179862,-2.8472513822,4.6923364655,3.5213766613,-1.4757576768,-9.6823687363,-6.5634551365,1.9361333628,-1.0116000245,-2.7134796648,1.8892729525,-1.2629052149,2.3618782382,-7.3748458298,0.2413523502,11.444528247,0.8582775348,2.3037510802,-0.9212568868,5.716612707,-1.4096700414,-3.5487391406,1.4432335329,0.4517124959,-2.2504507087,-0.8252020876,5.8547889934,4.5979537667,5.140097323,-12.4265071654,-8.0843584171,-2.7156022477,2.2697811992,-0.8073274899,4.2225519188,-6.8895249102,-2.1009225396,13.0091051789,-0.2106064737,-4.3835062028,-3.0060948687,6.1007760973,-6.5612769406,0.0224821019,-3.1377745523,6.9745298727,-0.6685519849,0.9474030442,-1.4179310002,-7.769854268,-0.0548725881,-10.387514062,-0.916070786,-0.8068822893,1.5500050044,-0.309442404,1.2729468538,7.7205493034,-0.2452853076,5.2419382563,-2.8704361133,-0.0466352395,-3.8118244121,12.3099922516,-4.0267540306,8.4288304318,1.8448437242,-4.2499263819,-3.6263444443,-0.4807578269,-0.1262228933,-5.5360263198,0.211604048,0.09766185,-1.0096893227,1.1868735226,-0.9719924619,0.9573005,0.5070669362,-3.8792159098,0.0016829777,-20.7029700535,-0.9138617866,-5.0416332413,-0.1358473617,0.4353823469,0.9640125271,9.8947437621,5.1235358004,-4.8739810723,-2.2935597353,-10.052874244,4.3091665585,-0.5280413169,3.1017189091,-2.7790279734,3.1049876635,6.1129018665,-0.4723872198,-1.2110363355,0.0174902356,0.2703637674,-5.7769368128,9.3954572101,-4.8006943045,-0.1283828127,0.1660965321,-2.63276653,0.6303958854,-2.1712598502,6.6459886446,0.9548455488,-0.5593626458,-1.5584899857,0.9756976017,-5.1260198847,-0.5674039479,-0.7491665495,-0.9202473999,0.9391145657,-1.6470933392,5.1064695416,0.5812218577,-2.6840561021,0.7156351172,8.9800911723
biasActivation=1,1,1,1,1,1
[BASIC:ACTIVATION]
"org.encog.engine.network.activation.ActivationSigmoid"
"org.encog.engine.network.activation.ActivationSigmoid"
"org.encog.engine.network.activation.ActivationSigmoid"
"org.encog.engine.network.activation.ActivationSigmoid"
"org.encog.engine.network.activation.ActivationSigmoid"
"org.encog.engine.network.activation.ActivationLinear"
