encog,BasicNetwork,java,3.4.0,1,1572777935616
[BASIC]
[BASIC:PARAMS]
[BASIC:NETWORK]
beginTraining=0
connectionLimit=0
contextTargetOffset=0,0,0,0,0,0
contextTargetSize=0,0,0,0,0,0
endTraining=5
hasContext=f
inputCount=2
layerCounts=3,8,8,8,8,3
layerFeedCounts=2,7,7,7,7,2
layerContextCount=0,0,0,0,0,0
layerIndex=0,3,11,19,27,35
output=0.5641049493,0.3362828485,1,0.999998693,0.061848187,0.9999916362,0.3756456206,0.9997179442,0.3388528604,0.9999789781,1,0.9996927932,0.0000132893,0.9999999965,0.8271926124,0.5465242134,0.1754565471,0.1514339688,1,0.3758267684,0.6746717026,0.0080552946,0.9999988429,0.6071703666,0.9497783329,0.2670852687,1,0.9949951603,1,0.998561485,0.0000000001,0,1,0,1,8,30,1
outputCount=2
weightIndex=0,16,72,128,184,205
weights=8.5850817936,-5.3407696277,-14.1962784777,-5.6224641264,7.5391953938,5.0662707945,-6.8119760539,5.8693425085,12.9726713845,17.6889969951,1.9156376532,-11.2299879232,-4.5371810636,4.0065064088,-8.5246870491,-0.7409231238,9.4364248121,-3.8977430112,13.7705183111,-10.7450338054,-2.0745990165,-1.478060647,-5.1102158861,1.3989748391,-7.2610217652,7.1773081564,-6.1875346762,7.9702980738,-3.9965716316,9.8535165562,-10.4791350982,6.1762859127,-0.9889355154,-8.0157401079,10.9098041785,3.3678536576,-0.1717648749,-0.4418164747,-2.06287906,-0.5315522995,-10.3514608129,-0.0595505897,1.8107253786,5.5918290903,7.7010811836,-0.6275382478,-1.7600082433,-0.4282320512,5.3376825325,-0.2706833265,3.3078884946,-0.5401747242,2.9783865624,2.4573535258,0.3379759886,-2.1340757005,-8.1403962751,-5.8495514598,4.0007230058,2.6393924451,4.9726433591,-3.5772607525,0.2060330785,-0.8356627282,-1.3897442146,-1.6187010922,3.9641615463,6.5701861114,3.469021314,0.3039552364,-1.7588453135,1.0774073707,-10.8284637027,-0.1860075769,1.2603141373,-1.8153358478,7.7933085705,6.3110982763,-9.4908012841,5.8968269993,-9.4185082647,-1.7836464323,4.2363796037,-11.2907374564,2.8093859196,-0.3962625035,1.9933323533,2.9093582043,2.0981170555,9.6958314203,-4.9985585925,13.1056547067,-2.5817889696,1.3817657642,-3.8701146873,0.3587871935,-5.2636989548,-1.267110664,-4.254012424,8.6148604519,-1.8159057226,-5.540518702,0.1524425188,2.1425130899,8.9713866511,5.0185078191,-2.8161483327,1.4958120206,-2.4248426355,-3.8566626227,-3.4838490429,-1.97826917,11.572387237,2.7644250345,-4.9253002491,0.017295587,-3.9713626753,-0.9735080999,4.8376220369,-5.6954984397,-2.0420888743,-3.4034433542,8.3647146563,-2.6910485524,0.8420509424,-0.5755254166,10.5686691383,1.1765629153,-15.2151433718,6.4340771178,12.0644451375,2.5866036363,4.6304951474,-1.6442669752,-0.0108927772,-2.2052060061,-7.1224021439,-1.0922698539,9.3788435367,1.3110020706,-0.4243393384,0.0436352256,0.6229137324,-0.5005702506,-3.8044366148,5.9547256712,-15.9625167427,-0.1966813752,-0.3290134616,4.7872336576,0.6665639765,4.1696533369,-4.6343088552,-0.195896987,17.5882297872,-1.6828402529,-2.6056219471,0.2137843367,0.6199969284,0.6999183923,-2.0089840589,5.4151296782,-0.5851965686,-0.6033187201,-0.349642753,-1.2605567341,-0.6136198554,-1.1358553674,7.9475391856,-3.7894411569,8.3425927526,-0.2753992609,-1.5141104352,-4.81352637,0.0222066579,-4.6956052315,-9.3255793567,5.3716387398,-8.2645312052,-0.117750007,2.5435443728,5.7549578328,-0.3574462078,5.3954909059,-1.7274035663,0.2679403648,11.073350075,-1.1659535355,1.2831858414,1.5458577815,-1.3246576735,0.5331364979,1.1458708124,0.5680134681,-1.0244846747,2.7399649777,1.0002545888,-4.6188813805,-0.3632467561,0.6824246213,0.9222615305,0.6492793026,-0.7455608192,-1.4568903311,-0.77232275
biasActivation=1,1,1,1,1,1
[BASIC:ACTIVATION]
"org.encog.engine.network.activation.ActivationSigmoid"
"org.encog.engine.network.activation.ActivationSigmoid"
"org.encog.engine.network.activation.ActivationSigmoid"
"org.encog.engine.network.activation.ActivationSigmoid"
"org.encog.engine.network.activation.ActivationSigmoid"
"org.encog.engine.network.activation.ActivationLinear"
