encog,BasicNetwork,java,3.4.0,1,1572767271147
[BASIC]
[BASIC:PARAMS]
[BASIC:NETWORK]
beginTraining=0
connectionLimit=0
contextTargetOffset=0,0,0,0,0,0
contextTargetSize=0,0,0,0,0,0
endTraining=5
hasContext=f
inputCount=2
layerCounts=3,8,8,8,8,3
layerFeedCounts=2,7,7,7,7,2
layerContextCount=0,0,0,0,0,0
layerIndex=0,3,11,19,27,35
output=0.4999982613,0.6341479005,1,0.1966773106,0.0048976304,1,0.0000085642,0.9999999999,0.9995346999,0.726881942,1,0.9666477927,0.8386654403,0.0731312835,0.999999993,0.0000000017,0.9999986245,0.9739087333,1,0.9188531658,0.8660850585,0.0001102379,0.8305750824,0.9999961406,0.7599051572,0.9999951516,1,1,0.0823307506,1,0.0291289842,0,0,1,1,8,30,1
outputCount=2
weightIndex=0,16,72,128,184,205
weights=-22.5941500629,1.5239062737,10.0581106427,17.8748807073,13.0233471897,-3.0464161123,-16.9271983895,-3.2962512786,15.3384927581,-13.257413277,-9.4885800285,-1.5343241889,-21.1762070851,24.6381664615,7.8710164321,-2.0849523161,7.7939236567,-12.342186872,11.1916250282,-7.3462997054,4.4548644592,0.6525195893,6.8061017512,0.6565954857,17.6404072175,12.0209391256,7.6053833778,0.3873341142,10.6527116757,-13.0384106002,-12.9386681206,-7.7517520595,2.16141134,0.5938991195,-2.0285332313,0.0451449037,-1.0111943297,0.7282243259,28.8242558267,2.0641756864,2.8429995754,1.8050804367,-1.5964705103,-11.8985369457,-2.0540438964,-8.1037299069,2.7682507738,1.4930385426,-4.4030786166,5.3867497543,2.5850315948,16.153153039,-5.88760355,13.2522826334,-4.459613044,-2.3476869723,15.4297634751,15.0078466628,-9.077135699,-5.0170224098,-0.0760350126,13.0275805793,-29.8493979434,1.8945251588,-16.7017228158,-6.2769791967,11.4266407836,8.3199137341,3.1616566445,9.365284883,6.8528590341,-2.8070609082,4.1372311579,-1.1130815449,0.3624118851,-5.9761327348,1.2411551409,-8.4915970377,12.0128662304,-1.3083373759,-18.1075705235,12.9374070876,-2.8953782951,-3.1317905855,-4.6523507583,1.7651119938,10.8799639675,2.1142454561,-13.4149354941,2.2696063764,-2.5144911958,17.3205974826,3.7161435927,-3.6850951811,-12.4007215609,4.9202036026,-2.5289890748,9.7948674805,1.4840929569,15.4745955411,-5.3941358071,18.1912155391,-6.7472100428,-1.9219932908,3.6008307521,-7.2461308512,9.008563121,-5.2357193428,-3.4886338736,-3.7232158571,-6.1641310024,-0.3782528924,-0.5081787806,2.6425100241,-6.9707281312,0.5996846597,-3.8639670605,19.4441600323,0.4635249343,-0.1976269141,-2.8348441977,-1.7278389952,-1.2743722539,-5.4789736791,17.0312245213,-12.0533103992,1.6630199292,2.737019625,1.0502016959,-9.1810098373,0.3849818797,1.9467205277,3.4485725199,0.3438019933,0.1690656716,1.5217902446,-0.799449722,6.2141216381,1.2531561728,0.5824312158,-14.3751973045,-0.2691609478,0.4810475133,0.4034453975,-2.8666692209,-5.1101802299,-4.0756480198,-1.3191224282,11.7374425955,-1.4907953009,0.783707813,-2.4950006994,1.1976624108,17.4750309147,-0.1487995917,-1.8550697633,-5.7030708713,0.9334159684,-0.7593114522,-0.0845390145,3.4304932987,-18.4045041213,4.3356253053,3.6890408616,-6.1330936944,-1.6180615832,3.0291039418,3.0775705158,0.647140934,26.6151486613,-2.5720568807,-3.4123282565,4.0255566382,-0.926056856,0.0301774799,0.9550505642,3.6976905944,-35.4493856079,3.1815055555,1.1034509752,-10.3335866016,1.8530727808,4.5984170785,3.6456853246,1.0129689136,0.844727974,0.729321786,1.7202687343,0.1789451147,-21.5415956689,-1.0083497944,4.4619292091,0.3843614278,1.1138719419,-0.3601955561,-1.611568778,-0.0378466958,-1.4541017313,14.1669039586,1.879247699,-6.2134949433,-0.1174319395,-2.4286505008,4.1022365783,-0.5437719923
biasActivation=1,1,1,1,1,1
[BASIC:ACTIVATION]
"org.encog.engine.network.activation.ActivationSigmoid"
"org.encog.engine.network.activation.ActivationSigmoid"
"org.encog.engine.network.activation.ActivationSigmoid"
"org.encog.engine.network.activation.ActivationSigmoid"
"org.encog.engine.network.activation.ActivationSigmoid"
"org.encog.engine.network.activation.ActivationLinear"
