encog,BasicNetwork,java,3.4.0,1,1572777944049
[BASIC]
[BASIC:PARAMS]
[BASIC:NETWORK]
beginTraining=0
connectionLimit=0
contextTargetOffset=0,0,0,0,0,0
contextTargetSize=0,0,0,0,0,0
endTraining=5
hasContext=f
inputCount=2
layerCounts=3,8,8,8,8,3
layerFeedCounts=2,7,7,7,7,2
layerContextCount=0,0,0,0,0,0
layerIndex=0,3,11,19,27,35
output=0.2646994614,0.1711852054,1,0.5015210145,0.0004539067,0.7544909468,0.0000396191,0.634854241,0.8091063501,0.005077992,1,0.9999784807,0.6491483729,0.6234775445,0.1770138759,0.6741618173,0.437468239,0.9999992995,1,0.7820456008,0.3842627921,0.0273569355,0.008566309,0.8130333673,0.6220651256,0.9999195271,1,0,0,0.0033167217,1,0,0.6171172155,0,1,8,30,1
outputCount=2
weightIndex=0,16,72,128,184,205
weights=-11.4823007836,9.7143958255,5.6953049051,7.1505031516,-1.4128373718,4.3245608495,2.7346195015,-2.1807880391,9.4924352826,0.8372321167,-0.2129312782,-6.6007999634,11.6709825159,-6.1491655583,4.0762234156,-8.6321131141,-5.3652281173,-0.4352637609,0.7214099987,-0.0244704666,10.0951865311,7.7548557493,-5.443977275,0.4539772535,1.9066755017,-8.5410384825,-4.8802202173,-5.6883137413,-1.6369761134,2.2137175303,0.9725962722,-0.8472198465,-4.0756452346,-0.1186856252,-1.8006321574,-3.6555063652,0.2905021521,0.8406558921,6.0199118757,0.4615272622,-6.9042356077,3.5284965313,-2.3549455043,5.5397443852,1.7327416648,-1.5798908807,-6.8949501972,1.3830016423,-6.945795048,3.1363956528,-1.6798125796,1.3664500888,-3.0815946808,3.3255562082,11.4664991974,-4.5756198551,-6.4764476322,11.3258185575,-3.0324688183,3.995940962,3.9573681696,-3.8822917804,-0.1264815316,0.9086789659,-5.4679750383,-0.4699494043,-0.7699260855,-2.4441612822,-0.5491194854,0.9383986338,2.1930999367,-0.8255646927,7.3855030096,2.2726761387,-5.5801176528,0.0587202099,4.8874683507,9.1344498434,-5.0929281604,-0.3137950947,-2.5917994159,0.7824340578,4.9571234207,-4.9530125537,-3.9493037838,-3.9073886607,9.2639365523,-1.3732648297,0.8463025681,2.2402077265,-5.3511188823,-6.7207507169,1.5230702649,-1.0179153173,0.8172119741,-2.2366219104,-5.1631458712,3.0288857054,5.6465819883,-4.0927376676,-0.6385982163,2.9738901347,-1.0206931516,0.9076620279,-6.2409687031,-2.3130807051,8.4565840587,0.8910957121,-4.5136749866,2.6736444939,4.5286524829,3.7359419497,-0.0161181228,-2.4839193539,-7.5912081181,0.6346317812,3.9980254918,1.5549951138,-1.0961024121,-2.203947011,3.5750190648,0.7476120583,-14.44622586,2.7161844421,4.3012049214,9.3442899286,3.9399727184,-1.7891675384,0.3801798216,-1.2426833521,-8.5011676524,3.0692275311,0.1328775245,-8.006088457,2.2445607252,3.1772906804,-0.4209865586,-4.304202132,-1.947155519,0.3715414781,-0.0415273819,-3.249643705,-0.3344456558,1.1688341803,0.3318916834,7.2936481323,1.8395065199,-5.9940073615,0.4026709737,12.8025953972,1.0616930504,-5.4838428851,-0.2709139923,-0.4413535526,6.0215770272,0.4124061642,-1.1224001946,-10.1837489148,0.1569931795,1.1008735969,-0.8664764501,-4.5097130689,-4.8429452877,3.5145524038,2.1507386876,-6.8025840801,1.1153047256,2.1693440281,-1.2580938882,5.9752491871,-11.6789367321,2.486134183,-0.9758595535,-4.8114059366,0.9906218087,1.0201259343,0.6530079757,5.6316639221,-13.8858796382,2.7164754811,-2.1098099636,8.4973745155,0.5996059314,1.513213174,-0.6655250813,-1.23522814,-1.0252585799,6.0169867997,-2.7623427383,-2.5831791089,0.9155199388,-0.2727673405,-4.8465954795,-0.1801703279,4.2870594095,0.6944981042,1.4571615433,-4.0923772678,0.0903644755,0.8061013501,0.2215734769,-12.6186850238,1.1767574682,-3.2604378658,0.9453889624
biasActivation=1,1,1,1,1,1
[BASIC:ACTIVATION]
"org.encog.engine.network.activation.ActivationSigmoid"
"org.encog.engine.network.activation.ActivationSigmoid"
"org.encog.engine.network.activation.ActivationSigmoid"
"org.encog.engine.network.activation.ActivationSigmoid"
"org.encog.engine.network.activation.ActivationSigmoid"
"org.encog.engine.network.activation.ActivationLinear"
