encog,BasicNetwork,java,3.4.0,1,1572777974472
[BASIC]
[BASIC:PARAMS]
[BASIC:NETWORK]
beginTraining=0
connectionLimit=0
contextTargetOffset=0,0,0,0,0,0
contextTargetSize=0,0,0,0,0,0
endTraining=5
hasContext=f
inputCount=2
layerCounts=3,8,8,8,8,3
layerFeedCounts=2,7,7,7,7,2
layerContextCount=0,0,0,0,0,0
layerIndex=0,3,11,19,27,35
output=0.1898640745,0.0006419105,1,1,0.9999218248,0.9999859963,0.0000874568,0.4446736912,0.0613224064,0.9999999684,1,0.000016015,0.0000000007,0.9999256919,0.0000072486,0.8596576184,0.9999455987,0.9993737874,1,0.9999739085,0.9999374641,0.0000371318,0.9999999993,0.140015434,0.9995079584,0.2114596942,1,0,0.0016142119,1,0.9841267304,0.9999999999,1,0,1,8,30,1
outputCount=2
weightIndex=0,16,72,128,184,205
weights=-7.1467847206,-4.7538968488,4.3455174899,14.6718835676,-8.5855302825,5.7145573175,13.1928872173,-3.6228812503,-10.8068839885,15.6048022647,-9.0201875691,7.158638768,7.7737903479,16.6080886964,-6.1352739024,-1.4676569812,-4.2192212823,-7.982353224,1.0575156523,1.5071166687,2.6888038774,7.1526121605,7.9383818162,6.6335691185,0.2329687065,-4.4429373399,2.8894658823,-0.0110601604,11.0513859563,0.0939114642,-1.7375302425,-1.2906472818,0.8870477502,-11.009086103,4.9779646597,-7.9453442221,1.8237608285,-0.8206971214,5.3395916413,0.1152204818,-3.6323374197,0.7089991946,-6.0301443882,15.5439288251,1.4713577751,-3.7531118347,4.4189101494,-5.2427350433,-3.3156570007,-1.4338410159,4.2199306238,-6.752121452,-8.8714921828,-3.2282956889,0.6539061864,5.7593390507,2.1007407045,-6.8990484314,3.1510242405,-13.4056479606,-12.6961555348,1.3608358026,0.9405127934,2.734607892,1.3660063448,9.1455640893,7.893045591,-14.602888173,8.0940509271,0.5199047693,5.0637298814,-3.160416101,-5.5863858384,-2.7707903534,0.5018907907,-2.0789412478,3.497404815,-0.824722059,6.7847163138,-1.7062602658,-2.85009133,-8.0655551703,-1.2649437797,-6.3906897784,6.6226122577,-5.7945552494,4.3132781334,0.1133493659,1.9995551586,1.7004035267,-2.4422377918,9.7123489304,-1.6496923252,-2.8547151332,1.2133039728,-1.0771137067,8.0135402653,-5.4549054331,-7.3911818444,-10.8719010936,-7.4809581716,-8.880291736,16.9488906178,2.8180774873,-1.1479646204,-0.8493664858,0.3124210488,-1.6149201912,-6.6065222153,5.1641678792,-1.7174830655,1.5511724243,2.2018912903,2.7256508515,-5.3306355743,2.074100555,-4.0095853552,0.6136411689,-1.3531514378,3.052053522,4.4364479835,0.4645041237,-6.2901578165,8.9331479475,-2.5317493247,-2.8054917158,0.8281272164,-3.4750477493,-12.3091379769,-6.5646218886,3.4442425293,0.1107844944,3.3559174916,1.5186702516,-0.7362139083,2.1366134935,6.3502150991,-11.3573498237,1.9486859578,6.7027722163,3.3885488736,-4.2184459832,0.9793312667,1.9828747252,1.2013640406,14.8927903119,-0.6203437797,-8.6786363644,-0.7074436066,0.2204105205,0.5068361967,-0.5767840646,-1.3094473641,-13.8471660536,2.6208267263,9.5429349952,3.2915021271,2.3029352746,-0.3866679205,3.5381604823,-4.6522130974,0.6287345877,-0.243707958,-3.1337736552,0.2032448051,1.8414564623,7.5782750941,-0.5331395827,7.3572238743,0.0866288341,-1.1804533162,11.5653959419,-0.672181699,-1.6485213337,1.6906759507,-0.2643435897,3.3135405804,-14.6727931047,3.5187570357,-15.0934727886,2.3456242369,3.5863457896,-2.352037737,4.1106988489,3.9679047053,-4.6904995484,6.569856506,0.9687925033,-0.4706312119,-0.0586965652,1.2072915311,0.5257841805,-0.3366760666,-2.0709932065,0.3506972009,10.1741477697,0.9542841408,0.5018551291,0.8228708668,-0.3435241064,1.4033393048,1.0343009913,1.2563316393,-1.937899433,0.6329305595
biasActivation=1,1,1,1,1,1
[BASIC:ACTIVATION]
"org.encog.engine.network.activation.ActivationSigmoid"
"org.encog.engine.network.activation.ActivationSigmoid"
"org.encog.engine.network.activation.ActivationSigmoid"
"org.encog.engine.network.activation.ActivationSigmoid"
"org.encog.engine.network.activation.ActivationSigmoid"
"org.encog.engine.network.activation.ActivationLinear"
