encog,BasicNetwork,java,3.4.0,1,1572777993209
[BASIC]
[BASIC:PARAMS]
[BASIC:NETWORK]
beginTraining=0
connectionLimit=0
contextTargetOffset=0,0,0,0,0,0
contextTargetSize=0,0,0,0,0,0
endTraining=5
hasContext=f
inputCount=2
layerCounts=3,8,8,8,8,3
layerFeedCounts=2,7,7,7,7,2
layerContextCount=0,0,0,0,0,0
layerIndex=0,3,11,19,27,35
output=0.0552374458,0.0002365682,1,0.9038492042,0.9854593918,0.999999882,0.3155818104,0,0.4905177861,0.0002339889,1,0.4892702752,0.4227833094,0.7550041165,0.9602797904,0.9977669849,0.061507424,0.9999989859,1,0.7824784667,0.2304701406,0.5688791892,0.8378756174,0.9945095243,0.8740520257,0.9999847133,1,1,1,0.999996813,0,1,0.9881173395,0.0006410644,1,8,30,1
outputCount=2
weightIndex=0,16,72,128,184,205
weights=-9.4746899589,-0.6512897827,3.6098497418,-7.6816582695,-2.4843772759,13.4353421319,-2.383783922,-1.4091561203,6.4418177942,-13.8873641754,-1.2589939088,-5.5403570374,18.3316343453,-16.6644066403,-7.293478624,10.6972884346,-2.0672233386,1.2971509174,-5.3286568107,-6.2153392322,13.1965849413,7.9774199573,-1.669860499,0.707455931,-4.5508491654,18.8761968836,-18.4261318398,15.6373275689,2.0506998377,-11.9626540046,-3.7575983192,-0.194921449,-5.1535878387,11.3668039601,5.1292762064,6.7315047923,2.8172450471,0.9261027066,4.8664034258,-4.4023864307,-9.3598231712,-0.8195455151,-5.7659750618,-0.7088227755,7.5211323952,-4.1188808701,0.0312463284,1.9035832133,-0.6690518923,10.7711979981,-14.8230772831,2.2659209515,-13.2445535916,11.5664367092,-11.0945244168,0.1027508943,2.6707142181,-7.2242579897,-4.237174892,9.7138006191,4.214718439,6.0613438396,-5.1722968437,-3.8250536756,1.114431798,10.1093038447,-3.9953006005,-2.8980686074,-1.7857158259,3.7141894071,-7.6875148373,1.8609038991,2.7771218831,8.9996826791,4.6751108834,-4.5246018612,2.9315696643,-3.291770435,-3.5157704495,0.3187799642,16.0029784897,-2.7755097573,-9.5679990152,5.2266847365,-2.8314116017,-10.9317825406,5.6122749143,-4.3713247334,14.4562703633,4.2739226271,11.5105372779,-6.3869295426,2.2244914338,-1.8057525154,-14.7250140447,1.7229300702,7.5321259198,2.9126205272,0.6105562645,3.3863899771,-1.2860409119,-0.6700607568,-1.5857787374,-3.1139377824,-3.3427782777,-7.7890363662,3.4758001568,14.0210000913,-6.815235146,3.975092183,4.2697170356,-4.1784780114,3.8234495044,2.9692041163,11.4345071475,-10.901200667,0.8913907202,5.2286935897,-9.9239015652,0.6949033021,5.100370537,-6.7047895215,11.3712976185,11.4025741247,-1.95240409,1.1672522321,-0.1240912702,-3.6214819858,6.0559919552,0.1542668796,-6.3855516211,-17.120131256,2.7640506934,-7.9515892407,-8.8389058903,6.5541598092,-1.5124633772,-1.8650154677,4.8824099,-4.7977053583,3.9200086318,-5.7649550899,9.5461366042,-0.9402501729,6.8737751353,-6.4651660713,1.9748163434,-2.2700324205,-2.2705781735,-8.1901402259,-9.2925520644,8.2632154903,-1.5099163355,2.2482923404,-3.4930959102,13.3170945819,3.2097980866,3.7368797174,-10.4013083885,-2.4983912227,2.6280122211,1.8528173535,0.9798619327,0.9315836379,2.1576621701,-3.5770577035,3.1235680035,1.1134345523,-1.7596022113,-2.3946498347,-1.9318208442,0.642183809,-1.6404366806,10.3737276395,-12.1328074488,-0.5789078505,2.5857509761,5.9003315386,7.2275084565,9.308010436,2.2961983086,-8.4276186017,-15.9951937188,1.4164766378,1.0194684887,0.8064877481,-0.4688983453,-0.6759061693,7.7938996128,0.5818266369,0.2084439788,0.5707326803,-6.1331092173,5.0201604906,-5.1361287433,3.2251743528,-1.6107202819,5.2007142252,0.1546205244,-1.6482527171,0.2457244454,10.2350095919,0.934478467,-0.8164430084,9.6657231149
biasActivation=1,1,1,1,1,1
[BASIC:ACTIVATION]
"org.encog.engine.network.activation.ActivationSigmoid"
"org.encog.engine.network.activation.ActivationSigmoid"
"org.encog.engine.network.activation.ActivationSigmoid"
"org.encog.engine.network.activation.ActivationSigmoid"
"org.encog.engine.network.activation.ActivationSigmoid"
"org.encog.engine.network.activation.ActivationLinear"
