encog,BasicNetwork,java,3.4.0,1,1572778027522
[BASIC]
[BASIC:PARAMS]
[BASIC:NETWORK]
beginTraining=0
connectionLimit=0
contextTargetOffset=0,0,0,0,0,0
contextTargetSize=0,0,0,0,0,0
endTraining=5
hasContext=f
inputCount=2
layerCounts=3,8,8,8,8,3
layerFeedCounts=2,7,7,7,7,2
layerContextCount=0,0,0,0,0,0
layerIndex=0,3,11,19,27,35
output=0.0443900598,0.0000000163,1,0.9999996467,0.999999105,0.0412385747,0.5017094796,0.9417118708,0.9470434086,0.9978353555,1,0.9997840004,0.2169976444,0.9294078244,0.0005076495,0.6385863189,0.6485611281,0.8177968192,1,0.9262632187,0.3042038927,0.1696702035,0.7855689261,0.0000145701,0.9818655113,0.9999937984,1,0,0.0015020087,0.9997972382,0.0148377134,0,0.9999684497,0.999997872,1,8,30,1
outputCount=2
weightIndex=0,16,72,128,184,205
weights=3.4435585317,-2.1686473234,-9.7045293518,16.7722249412,-8.214052362,-14.4038857127,13.1278657836,-4.0819024546,-0.2200680111,5.1011393968,12.691234023,-1.0628427899,-7.1974923413,-2.5459539577,-15.5155038591,1.8657483176,-3.7138653905,-3.361688107,6.8758381256,-5.5084561107,-0.7192952363,1.5421296244,12.3085578435,2.3041592326,11.6579979171,-1.3350353379,4.8927055438,-2.7695566109,-0.7079179647,-6.1668232276,4.0853126756,-0.8745473387,-5.7412634862,2.2889383436,-4.4356460442,2.6166833735,1.9593419863,-5.6293712765,6.324512145,3.4458732417,-1.8003792249,2.7886213398,-7.8236912852,-3.408136026,7.3745787203,2.9267090102,2.7302294299,-0.3653936572,9.8107518133,8.4687257941,6.0748088323,11.3492031681,-4.5543814335,7.2062982137,-11.3080417723,-7.0334402517,-1.7790740133,-7.2560343322,0.9263350552,-2.701685763,4.5358450007,0.5278189367,-1.9621061817,3.7432857228,6.0593571272,-0.6408728974,-7.4469046785,-11.5700084037,-6.3146904974,12.5852634665,7.1174810318,-2.8090543346,0.7224698903,-14.6874537485,-0.5969199567,-0.4012229716,-1.1939187083,10.1084034451,-0.3748900438,3.1050813894,-5.6698911216,-2.655804943,-2.3650219755,-2.2839353696,4.0096478139,4.8803583719,-0.1205590938,2.3005753687,2.5702972263,-12.9081334339,-7.6691470077,3.127595378,-0.1212799579,2.9342075712,1.5660996326,-1.4792403986,-2.055338286,-0.7318396338,-3.924075893,2.064305471,-9.1288190538,8.1687491936,-11.7982448304,-2.6369627309,-4.0739671602,8.2603338246,4.1875869299,0.132318923,-1.7320093676,-0.4007392253,0.0261467001,1.3828702146,1.9462949591,2.4729430634,1.0956187432,-5.6065736558,6.6726004605,11.3046619927,-5.6813042429,-3.1423696159,-1.823278451,-0.2060378256,14.0896343937,3.625036227,-1.330114192,-3.6333924352,3.718219893,-2.1359769328,0.7525052053,-4.1697489085,3.6685835711,0.7595097508,4.8892881852,0.5462668241,-0.5940095936,-1.0944306655,1.3029379655,1.8602297004,-14.1119236718,-3.2727537366,2.5023844884,16.5215527373,-2.3198242754,-0.8737422169,1.9240912768,3.5209801299,-8.4559525559,-5.4806025839,-1.4987248601,15.8148201491,-5.3804936811,-3.4915362693,5.0992732843,2.3339632978,4.0943217868,-0.4894221015,-1.076990825,-2.4343527988,-0.3984812109,0.0414408634,1.9630731076,1.8134913464,1.6818410538,2.0725628757,2.6626720287,-17.2723126268,1.5692683366,2.8510006912,-3.8059975281,-9.8186289445,5.1116956211,13.2444804378,1.9993309574,9.6885664657,-5.1070613098,-5.8820008862,0.9213578041,-3.6358827154,8.17745999,-9.3851499957,-0.5594018671,1.3807648401,2.0794834751,0.4994056599,3.538273693,-7.0164917794,-0.3887009021,6.4869314424,-1.9703184736,0.7146538533,-2.8037048558,0.2838634327,22.4170117213,3.1334226807,-0.2954787602,-20.3986528802,1.860347014,-3.8509508222,1.0703613864,-1.4117540338,0.4143676808,9.2268977372,1.851570081,-0.0580733417,-0.01003505
biasActivation=1,1,1,1,1,1
[BASIC:ACTIVATION]
"org.encog.engine.network.activation.ActivationSigmoid"
"org.encog.engine.network.activation.ActivationSigmoid"
"org.encog.engine.network.activation.ActivationSigmoid"
"org.encog.engine.network.activation.ActivationSigmoid"
"org.encog.engine.network.activation.ActivationSigmoid"
"org.encog.engine.network.activation.ActivationLinear"
