encog,BasicNetwork,java,3.4.0,1,1572778040522
[BASIC]
[BASIC:PARAMS]
[BASIC:NETWORK]
beginTraining=0
connectionLimit=0
contextTargetOffset=0,0,0,0,0,0
contextTargetSize=0,0,0,0,0,0
endTraining=5
hasContext=f
inputCount=2
layerCounts=3,8,8,8,8,3
layerFeedCounts=2,7,7,7,7,2
layerContextCount=0,0,0,0,0,0
layerIndex=0,3,11,19,27,35
output=0.5217389741,0.4666661481,1,0.003032816,0.0261374085,0.0005658992,0.1267749106,0.9541251192,0.0000001075,0.3386760359,1,0.9408257381,0.0012539761,0.0015058689,0.005838893,0.0124243267,0.4465129163,0.9992669421,1,0.004221203,0.0047657893,0.2946544508,0.0000001107,0.0020992289,0.3699993836,0.0269740718,1,0.0000000013,0.9999941769,0.0000008367,0.8677477849,1,0.0000018269,0.9997251233,1,8,30,1
outputCount=2
weightIndex=0,16,72,128,184,205
weights=5.1794656693,2.5669768852,-12.0656831861,11.8440078211,-0.1164571333,-21.2763191332,13.7102170836,-6.0226918208,10.0069939586,-15.8889095843,6.324045603,9.6885730056,4.3421942228,-1.6954935379,-11.4676431419,-1.2396151544,3.4703207929,9.0195307669,4.0816547315,-3.2441989682,0.8264267443,5.8052027359,-10.5702097105,-1.0986122607,-9.4399625706,-3.0719067373,-1.8409880654,1.6652383623,9.3801695955,12.3087204238,0.2490232266,-0.6010272879,-5.306191162,-8.517349719,15.5675923685,3.5742657457,3.3942070112,1.3842958875,-5.0233697327,1.8414513499,1.6290761148,-3.1206271484,9.1685485276,-5.2508126654,6.204202109,-10.2139142565,0.0155066487,1.0263748811,1.6990335966,3.0653450327,1.6252384302,-2.4632967489,-3.4297337714,3.3843868938,-1.7150804302,1.6897370784,-2.9636133973,-3.2808878866,20.4343531158,-6.6238936726,0.7212156699,-10.2550805385,-6.886783805,-1.7938172322,-4.5565358353,1.9301817354,8.7928916243,-8.5761587928,1.6057641878,-2.6273877557,6.0957396817,-1.2859388288,-6.0062984494,0.7826843755,2.3149566076,-11.022802942,15.9469504503,3.4025654717,1.6548265813,0.768723063,-2.7825119228,-3.3231059942,-1.4152248729,-6.745227302,17.689606477,1.1680500656,1.0485679334,-6.7331917882,1.24435396,-2.5123310059,-3.0256187262,4.5264301972,7.097114848,-2.4857929767,2.2849768956,-4.7554378651,2.3033842998,4.5931010467,-3.3264727781,9.3323469311,-0.272916109,-2.5892098973,1.7440292854,-3.2772764688,-5.9353430151,5.3563990393,-3.2437984421,3.0212857239,12.8302767986,6.8309395289,-1.8069346053,-5.9259073335,15.2589737476,3.321231311,-7.28599605,1.9114968365,-9.3251601957,-13.4719050909,-1.1445707753,6.8868873103,-8.8520710729,3.8062331482,-3.0565652236,1.6022092635,-3.8429663913,-4.2998430315,3.4562017857,9.6431883079,0.3732611193,6.5347233814,-1.1879844349,-18.7983937567,-0.5034351248,0.4407827408,5.2054365546,-0.3863961701,-6.1353291787,5.1816780713,-0.0681968449,-1.799593184,-1.0384218013,-0.9430683656,-6.22390791,-1.7009491446,4.6837362287,-7.9366250478,-0.778886526,-1.1971644271,-0.4656931443,1.00876996,8.6689508906,-0.0983449456,9.1773857924,7.4828066208,0.2455482728,-2.129462133,-3.3560806595,-0.5670950724,-15.0539829713,-3.2454229695,-6.1482918798,1.0616630539,0.7486407515,-10.7588827952,2.8214781288,0.1852903958,-3.9525737823,3.2402642969,2.8530391174,-7.4930071756,0.317245639,-3.0631621237,-1.8756957977,0.2267723581,13.1336978733,-1.6355963784,-2.2258705542,-1.2006115157,-0.2646348042,-5.0483821597,0.1445467778,-0.3100247388,0.494636047,1.3567462616,3.2796335818,-0.7435986604,-24.3760435531,-0.5105689973,0.5321298002,0.1743340479,-1.2610974304,-0.0936782121,-1.0946805606,-1.4282438054,0.1564338142,8.6141262997,1.031458784,0.866108476,-0.4607186965,-1.0508734389,-0.1535421248,-0.1996322498,-1.2664988281,0.4625811012,4.4534704912
biasActivation=1,1,1,1,1,1
[BASIC:ACTIVATION]
"org.encog.engine.network.activation.ActivationSigmoid"
"org.encog.engine.network.activation.ActivationSigmoid"
"org.encog.engine.network.activation.ActivationSigmoid"
"org.encog.engine.network.activation.ActivationSigmoid"
"org.encog.engine.network.activation.ActivationSigmoid"
"org.encog.engine.network.activation.ActivationLinear"
