encog,BasicNetwork,java,3.4.0,1,1572778057490
[BASIC]
[BASIC:PARAMS]
[BASIC:NETWORK]
beginTraining=0
connectionLimit=0
contextTargetOffset=0,0,0,0,0,0
contextTargetSize=0,0,0,0,0,0
endTraining=5
hasContext=f
inputCount=2
layerCounts=3,8,8,8,8,3
layerFeedCounts=2,7,7,7,7,2
layerContextCount=0,0,0,0,0,0
layerIndex=0,3,11,19,27,35
output=0.2142928265,0.0689479587,1,0.0072912582,0.9926755098,0.9999855773,0.9582107882,0.5902277362,0.4711524433,0.7876770009,1,0.599900689,0.0027189294,0.0026032647,0.002366958,0.1925829464,0.183000831,0.0013895318,1,0.3897429977,0.0000090576,0.9974455573,0.0001033008,0.0498915687,0.7020782919,0.000025231,1,0.0657016394,1,0.9999998598,0.9999999999,0,0.0005409095,0.9999400497,1,8,30,1
outputCount=2
weightIndex=0,16,72,128,184,205
weights=3.1842318899,11.9320951084,3.8156389618,-10.7031505436,-9.523432455,8.019028699,-9.1873432562,2.3526019913,-11.6389260835,-3.7835720331,-6.8861047017,2.9534534381,-14.0331695341,10.2649925851,6.7159999979,3.4500837865,1.3494356623,1.323182683,7.7143287264,-1.2640268191,3.3190387212,4.600380837,-7.5340075922,-7.2145717859,5.3141298748,2.5621357722,-2.7446246855,10.2109351413,-10.5261645148,-6.6843189185,-1.2091540301,4.94931582,6.297508613,-3.8112274639,-5.1931407629,-8.8705981906,-0.1907191161,-4.3490542476,-3.2279226671,8.2507874052,4.8837837837,-8.018150346,4.5059994413,-1.2141944354,-3.7036257085,-0.1874205762,-3.0323016954,0.9673554849,3.3364117325,-11.9624871264,-1.4975063711,-9.7710958907,1.1875550933,-1.9229384214,-5.7491175661,-1.445872403,4.5469469148,3.0772973535,-6.9048450397,9.410711701,-5.2473542639,-4.4818568355,1.2506931324,-1.026905087,3.9296824044,-1.1209879478,8.6514763346,-1.5407708019,-3.0194046703,4.6114915105,10.4712155482,-1.339238042,9.1452891734,3.8249715451,0.867494005,6.4467438297,-4.2179025068,0.5927841136,2.5785036978,-4.2310478715,-10.268275433,-1.0002628352,0.5425690831,8.323703574,-7.7929847378,-2.322356772,4.0914924775,-0.4256626145,-3.5074671322,13.176798244,-2.6255653396,-5.1834710289,-0.3695218498,-6.8194012473,1.9168521507,2.8440442711,-17.0877463429,2.7915714038,-0.8592718607,0.4851669646,5.3415963256,2.041027673,-3.6476617235,-0.2263187364,-8.6357834297,-3.6334555333,0.4968619251,11.2285673632,-4.3884203313,2.049616393,-5.9618571948,0.2158074357,-5.8656809696,-3.5487666172,-2.3817436747,2.0470746886,-0.7429413988,2.7792926396,-1.9082362477,1.2512746558,-8.9663446497,5.4533217663,-0.2751790836,2.0826812182,-5.786473232,-2.936731427,2.466541085,-0.4581669228,-12.7412886392,3.2611673278,3.2597400561,3.855314831,-1.2676970981,1.7639999837,-14.4458290163,4.4565179728,14.2062602702,0.4855144816,1.4770639191,1.1106882808,2.3948937654,-1.1642210655,-16.4930276784,0.8741267264,-3.803824837,1.4023717921,1.4843652342,1.1964748809,-0.7996230994,-6.9435220087,1.6713774745,0.466547853,2.4484076587,-0.8592359961,0.4633125306,-1.7153504462,3.7569284713,8.7312991761,-6.0960581113,-1.1363829935,-9.4602033413,-1.6874938968,-2.9969446922,-2.0975721399,-2.1428149155,6.0149652564,5.9046587483,-1.4507212285,-4.1246126755,-0.240404646,0.3307422975,-0.1085469253,-2.3869390825,-10.0165945722,1.326411183,-0.1744962612,-2.0909186373,0.3256340651,0.0268890268,1.1385636759,1.5944810978,-0.1933536969,-11.6502122818,-0.2915016776,0.1113572034,-0.1627619782,1.3373297646,0.9353283876,1.0378090595,-0.2587610344,0.9590967994,0.2574098239,0.3849481676,2.5262434689,0.1253766668,-0.8056446812,3.533646379,-6.2816122678,0.1908804818,3.8410096935,-1.1573555231,-3.5291294294,-1.4014801144,0.342576809,10.6564713257
biasActivation=1,1,1,1,1,1
[BASIC:ACTIVATION]
"org.encog.engine.network.activation.ActivationSigmoid"
"org.encog.engine.network.activation.ActivationSigmoid"
"org.encog.engine.network.activation.ActivationSigmoid"
"org.encog.engine.network.activation.ActivationSigmoid"
"org.encog.engine.network.activation.ActivationSigmoid"
"org.encog.engine.network.activation.ActivationLinear"
