encog,BasicNetwork,java,3.4.0,1,1572778069709
[BASIC]
[BASIC:PARAMS]
[BASIC:NETWORK]
beginTraining=0
connectionLimit=0
contextTargetOffset=0,0,0,0,0,0
contextTargetSize=0,0,0,0,0,0
endTraining=5
hasContext=f
inputCount=2
layerCounts=3,8,8,8,8,3
layerFeedCounts=2,7,7,7,7,2
layerContextCount=0,0,0,0,0,0
layerIndex=0,3,11,19,27,35
output=0.4150917252,0.2222201817,1,0.0000000169,0.9999886527,0.7545257101,0.9999929619,0.0032608981,0.9499772804,0.7879758795,1,0.0057637507,0.8592477989,0.0000277667,0.0000093538,0.9999999939,0.0000000059,0.7354048568,1,0.5875209811,0.0050277513,0.5964433243,0.7715582789,0.0000000611,0.9999959143,0.8176368297,1,0,0.9999997005,0,0.4393003847,0.0000494648,0.0000000327,0.315895817,1,8,30,1
outputCount=2
weightIndex=0,16,72,128,184,205
weights=-10.5487455031,-2.9739672806,9.7727403052,-9.9603320299,0.3961027838,3.6518541541,6.7853915126,-3.5997386716,7.3973199236,-8.0699602211,16.6191139584,8.3540289223,1.1286589213,2.6817851958,-16.3896540571,-3.7130885152,-0.7695419917,-1.3262200338,1.9948277925,1.5316660173,-12.4952448447,6.7532420958,-1.2457710936,-3.3435578175,1.6314566648,0.4627426061,-4.2538126198,-0.2046471941,8.8968353076,-3.9135486054,0.5963413014,1.6442417435,-6.7788726084,13.3151795359,0.7688011703,8.8773558721,-7.5574718909,4.865028247,-7.2758478776,2.628991459,-0.5654910887,3.0009086976,-3.5985271401,0.0970608423,9.6446563434,-8.4805894792,-0.9276487431,0.3265431255,-0.789620583,-0.6786857126,-0.4977963143,-0.7964764166,-2.252793721,0.5930007625,-1.1185029319,-2.0594085465,0.9493207677,-1.0398615771,-2.6132711632,1.1050033833,3.9338964668,-4.2857095554,2.5549483086,-1.9807676897,4.4743991817,-12.4256042047,-1.5229412683,1.1841343578,1.1255821785,-2.3753138081,13.0100400039,1.2704536246,1.3368702771,-0.3960063105,5.5433515709,-4.4312071746,0.4085459704,-2.5003150983,-4.5497521043,0.3991545363,-1.3568143682,5.3232922108,4.7160562599,-5.7415360641,-4.8517180987,6.3213359233,1.2760704529,-3.16815342,3.9791323563,0.3418027953,-11.1114829246,-10.2802092632,-1.9868126683,-2.3478832599,8.7574498726,-3.0845764274,1.5007226988,3.4085751505,-6.0365748363,-6.0636155681,3.3807338325,-2.761512428,1.1278661744,-2.3603392618,-1.1966297467,-4.7184695583,7.7650668861,6.1423122572,0.7969028894,11.2288788632,-4.9532514548,3.0971587378,1.2844145781,5.0524785682,-6.7385667388,-6.5468228205,1.4637251737,-9.1221981085,0.6644066379,-2.0809047866,9.9994915195,6.1189637592,7.8010375853,-3.1112225105,-12.0109979856,-4.0829065764,-0.7109775077,-2.4716307006,-3.4650345966,-1.5782521817,-0.5008796866,7.6880093056,2.5208129752,-7.2691597892,-3.972314412,-0.1906540663,2.3004198307,-4.4669609943,0.0015270552,8.2920227059,-3.3537979094,7.1891869465,0.6374506026,-4.6646734525,6.2284346165,4.2808008354,0.2993810967,-11.5801597992,-9.2575764439,9.4239399862,1.8814594378,0.6031488357,-2.4275519257,1.3787475157,0.653695729,-6.8892598861,-3.5301704607,8.9864653852,7.2890623422,0.5624285172,-4.1317993304,-7.8779014518,-0.0699209795,2.8369786502,11.7982484226,-0.5095061443,0.5867895498,-10.1656381784,-3.1371109428,8.1043141354,0.0323233443,-9.9580216813,-3.2665919357,3.8302735653,-0.0252324376,8.686392548,-4.5760934659,-0.9170995852,1.9764138593,11.1976531651,-1.3273731149,-3.9187166497,-0.760039695,-2.2614567607,5.1267657474,-4.0686206825,-0.4835954492,-8.1521888231,2.7170577667,-1.2731276111,0.9441317438,-2.3857730847,0.1008749226,-1.342066379,-0.1817669086,15.9455363997,1.8395845647,-0.8841126382,1.8925035315,1.0522151676,-0.9584023261,3.0999430422,-1.1431123762,-0.0601610917,10.1770340062
biasActivation=1,1,1,1,1,1
[BASIC:ACTIVATION]
"org.encog.engine.network.activation.ActivationSigmoid"
"org.encog.engine.network.activation.ActivationSigmoid"
"org.encog.engine.network.activation.ActivationSigmoid"
"org.encog.engine.network.activation.ActivationSigmoid"
"org.encog.engine.network.activation.ActivationSigmoid"
"org.encog.engine.network.activation.ActivationLinear"
