encog,BasicNetwork,java,3.4.0,1,1572778101084
[BASIC]
[BASIC:PARAMS]
[BASIC:NETWORK]
beginTraining=0
connectionLimit=0
contextTargetOffset=0,0,0,0,0,0
contextTargetSize=0,0,0,0,0,0
endTraining=5
hasContext=f
inputCount=2
layerCounts=3,8,8,8,8,3
layerFeedCounts=2,7,7,7,7,2
layerContextCount=0,0,0,0,0,0
layerIndex=0,3,11,19,27,35
output=0.7724607373,0.5865247314,1,0.8358848561,0.0000507471,0.7191530874,0.0081578676,0.9667843575,0.9999977458,0.0000001974,1,0.0004448344,0.0000131104,0.9399823429,0.998918487,0.0546064003,0.9909139496,0.9612694752,1,0.8516699076,0.0002234893,0.9999981524,0.0008473917,0.0000278109,0.0005378269,0.0076764847,1,0.9472507371,0.0000000167,0,0.3554014314,0,0.9999999993,0,1,8,30,1
outputCount=2
weightIndex=0,16,72,128,184,205
weights=1.2106839915,3.9787046897,11.5650974771,-2.5227169594,-11.2622548673,8.4004856868,-7.4553144911,-5.5987249549,9.7944480642,-12.9138011373,-0.6365774163,12.3157153705,0.4946257923,2.2551865006,11.6333770944,-10.2128118949,-0.2145439061,4.2601494175,-5.7053758024,0.5759131545,1.5275244181,3.6065307731,5.8447208986,-2.8599016591,7.2077529103,6.7446638359,-4.3507935683,-8.8883413767,-7.2642467988,-3.6706443049,4.0130481205,3.2528432053,0.4986927358,1.6642595324,-6.3012342239,15.0537255393,5.2489934771,-5.8966009244,-1.6426704769,-1.0389304993,1.8335425493,-9.0885431651,-1.1127308259,4.4321594618,4.8040201006,-10.7068308547,3.0669931451,-0.7836853915,-2.4333449689,7.1960619764,-4.0158186773,8.4025131164,-5.2978157192,-1.0323633641,-1.2847844661,1.3006175892,-5.614388513,4.9206067145,-2.4720718694,9.2633393418,4.822941347,5.2307442391,1.9635761443,-1.2585773968,-4.9661966477,-1.1532391696,6.3872614705,-14.5959258591,3.2648435176,-7.8525687195,-1.5033545226,2.1886963993,-8.8708024383,0.8656397757,-2.9230065256,3.2746962034,-1.3972774201,-4.5082184983,8.628283447,2.6938932688,-1.2801742553,13.5004884962,-4.5482741579,-4.7553763944,-5.2509853534,2.2035958187,-1.4141690725,-5.59271174,-11.4162873288,2.8826971865,11.340988637,-4.6533453064,4.1251512563,1.4931143772,0.7462685814,1.1298154513,9.3331919397,-17.6993676644,-4.2741044641,5.673854999,-2.2843878623,2.6786934144,-3.0156976206,3.1745304763,6.7209658847,-0.5710145877,-7.0093812801,1.1658954444,-2.9454658863,6.8990592372,-0.4444400843,-1.5672035161,7.9517584679,-6.9052513165,4.3468007668,-0.2235419813,9.5024323282,-7.327026473,-4.1711288094,-6.3897500666,-2.2268655886,0.3332566699,6.3783831313,-2.5299172886,-2.6198073412,-4.9929760035,0.6363204736,-1.2702473367,-8.3013801009,0.9461013525,-3.2051999859,15.0530031103,-2.855745128,2.4978759419,-0.0285062613,1.7635124863,-11.0045764426,-1.2923816149,3.6410248183,-8.1119556806,0.8290244181,2.7133007298,0.1340765491,2.1878696634,17.2920160138,-0.5994950366,2.1240711808,-8.3884384039,2.4957588588,-0.1115394685,0.6841984388,-0.0854584159,-8.586793184,0.12976921,-2.7553133085,5.4904516108,0.3541806824,-0.6196032263,-0.7755541364,-0.2703647513,-12.874751189,0.0913216527,-2.258180305,2.3585963092,-8.8407298234,1.284225426,-0.863278152,-0.416911221,-5.3537225412,0.7369134031,2.4156862126,5.9276458557,5.3006906278,-2.441997453,-0.3026919806,-2.1208146569,3.6743127256,-0.5119149748,-0.3723464139,-5.0614294238,9.3841816338,-3.9050612348,0.0407253219,-2.6384823876,-0.7655527001,0.3257902459,-0.7612717474,-1.4889485571,-0.1798536777,-0.5995635346,0.9956031624,-1.5100159518,-3.4304676578,-1.9247664918,-0.0784298661,17.1556481118,1.907249516,-1.4896551765,-2.2790266186,0.6725565598,0.4930303368,0.9548207129,-0.7420596126,-0.6411739176,-0.3070294743
biasActivation=1,1,1,1,1,1
[BASIC:ACTIVATION]
"org.encog.engine.network.activation.ActivationSigmoid"
"org.encog.engine.network.activation.ActivationSigmoid"
"org.encog.engine.network.activation.ActivationSigmoid"
"org.encog.engine.network.activation.ActivationSigmoid"
"org.encog.engine.network.activation.ActivationSigmoid"
"org.encog.engine.network.activation.ActivationLinear"
