encog,BasicNetwork,java,3.4.0,1,1572778116504
[BASIC]
[BASIC:PARAMS]
[BASIC:NETWORK]
beginTraining=0
connectionLimit=0
contextTargetOffset=0,0,0,0,0,0
contextTargetSize=0,0,0,0,0,0
endTraining=5
hasContext=f
inputCount=2
layerCounts=3,8,8,8,8,3
layerFeedCounts=2,7,7,7,7,2
layerContextCount=0,0,0,0,0,0
layerIndex=0,3,11,19,27,35
output=0.8711613991,0.7554930381,1,1,0.7937315733,0.2638312952,0.9867018142,0.416262708,0.0081927515,0.0000016976,1,0.9998836399,0.9999996473,0.9999839172,0.9997904439,0.5694563811,0.0000611776,0.999999926,1,0.0047597588,0.0188213431,0.0152665094,0.5591038513,0.4080105783,0.9999999792,0.9714903773,1,0,0,0.7203764238,0.9990616315,0,0.0003977838,0.99970169,1,8,30,1
outputCount=2
weightIndex=0,16,72,128,184,205
weights=3.832587266,1.5259002222,-7.5010330065,1.5054065952,-14.0457063522,-2.5229617975,11.3596914962,3.2284986585,18.7221890661,-13.5953735978,-10.517753638,-3.6539379829,7.0417305582,10.3182344763,-2.8254067739,-3.4384649696,7.2577656931,6.643554158,-3.4604282579,2.1856760283,2.630514471,-7.8909836661,11.4659866449,-1.5923802342,4.7629465811,-1.5359834767,1.6606854883,3.4331769977,-9.9573799794,8.7841827487,-6.2687632636,4.9665601826,-4.8585357763,-3.2451925544,1.6575160995,1.4893146043,9.7295391575,-0.4482255124,1.0891862131,-2.6991864204,1.1961044751,0.1584821735,2.5794372407,0.2816226224,-0.3712850607,0.630975938,-0.0753066405,0.378032166,-3.8061691279,3.4726679355,8.2832766956,4.964671354,-4.7420838123,8.4351226188,-7.4781483729,-3.0738077256,-3.1501215357,-12.9200294405,4.9903477611,8.1729843053,8.1583430532,8.3540634563,-5.4783611341,-1.0560090858,-4.6483893269,-12.3543385998,0.0342630189,-4.9968542419,0.468590366,5.3514996085,8.0571200916,0.3531560844,12.2106108489,-2.5985278428,-5.5476203097,-2.7970176287,0.097673916,3.0584087921,5.8511626816,1.9153996373,-1.2840809912,-9.5867395963,-12.0549954542,0.5647422504,-0.6492754777,4.7847264207,9.3897603401,1.2705586685,6.805977642,-3.2900663996,-3.5712247494,-7.2127868893,-0.0766027778,1.1686036247,13.7925899139,0.6177724067,-3.9398568078,-6.6771055585,-5.9922092061,6.6224985032,-2.2213942815,1.5827234437,2.4693530696,1.9282260791,-7.6585341858,-6.5901904769,11.0406941489,-6.1972247254,-1.455590513,4.3431508846,-0.0989140612,0.0833015015,1.4556274761,7.0555020319,6.0377412229,1.8665249319,0.8908983772,2.5840805028,-13.3490076891,-0.9562916801,-2.9665257674,-4.8861235805,-8.710613116,-4.5219565636,3.8149611036,12.0432226208,4.8981149876,0.8285686137,0.1085925062,-0.7188862867,3.1176381986,-16.676989693,0.4709240462,4.8013355767,3.4454241134,5.6263741186,-4.1045159686,0.7472156437,-6.7978560192,-11.895525262,1.5635011484,1.0492605541,7.8991179939,4.9304360366,-1.1474284237,0.2634080955,-11.0480280926,-7.4268042911,2.9811766905,7.2422995076,6.1150725567,5.0957354081,2.7314484271,-0.2256057616,-12.1429289391,6.6335241351,0.5744200186,1.1855025492,0.6966243363,1.6608180579,-3.0951430907,0.9243864122,-1.0218352679,-2.4529508506,-0.2847987995,-0.613414586,3.237897187,-0.4221278331,0.7365182461,0.9918125038,-7.0904857344,16.2569599437,-2.360351524,3.2279224209,3.9387098564,2.6174662234,-6.6985371271,0.3228010516,18.5697863974,2.1660396541,6.860988508,-5.960684223,-6.1455731345,-5.8665428197,2.1903248414,-2.4350652063,-6.35350497,-0.7267537055,-0.9063908382,-0.857334024,-1.4195131945,-0.1593136887,17.081845774,-1.1865862596,0.4602364287,2.6560262853,0.3120314375,-1.0880115725,-1.8617205109,4.2345999549,-1.2837216357,-3.1943546289,-3.7734429602,1.4094833975,-3.9798792885
biasActivation=1,1,1,1,1,1
[BASIC:ACTIVATION]
"org.encog.engine.network.activation.ActivationSigmoid"
"org.encog.engine.network.activation.ActivationSigmoid"
"org.encog.engine.network.activation.ActivationSigmoid"
"org.encog.engine.network.activation.ActivationSigmoid"
"org.encog.engine.network.activation.ActivationSigmoid"
"org.encog.engine.network.activation.ActivationLinear"
