encog,BasicNetwork,java,3.4.0,1,1572767358099
[BASIC]
[BASIC:PARAMS]
[BASIC:NETWORK]
beginTraining=0
connectionLimit=0
contextTargetOffset=0,0,0,0,0,0
contextTargetSize=0,0,0,0,0,0
endTraining=5
hasContext=f
inputCount=2
layerCounts=3,8,8,8,8,3
layerFeedCounts=2,7,7,7,7,2
layerContextCount=0,0,0,0,0,0
layerIndex=0,3,11,19,27,35
output=0.0002671175,0.0002386882,1,0.187695404,0.9999905142,0.9998477293,0.6278538911,0.9999999999,0.9999999999,0.0000821267,1,0.9996285315,0.9999999567,0.2454290127,0.0000819071,0.0361445097,0.0000228796,0.0446695521,1,0.9526543793,0.0000019206,0.9988313643,0.9856185254,0.4081907797,0.9635888979,0.0026446626,1,0.9999999995,0.1734577869,0,0.0030286381,0,0.9994408559,1,1,8,30,1
outputCount=2
weightIndex=0,16,72,128,184,205
weights=-1.6286242818,13.0034100077,0.3252257798,-10.0298612476,-4.1102477509,-6.6527091246,13.8764548703,-4.1912279016,14.152101499,-8.1978794258,-4.2591241383,-2.0698735416,-7.708874612,4.8620172236,-5.4968285782,5.6067661144,3.8109400525,-4.534428341,-3.2576354375,1.9148983626,7.3065614019,-0.2202480882,4.1763970948,-0.3914346165,-3.017605027,12.4978602376,6.9577121038,4.1284698675,-5.2076911555,3.3803007415,-4.8559136369,0.7814333616,3.780227511,4.61745929,1.1739266557,0.4097304581,-5.4232105582,0.2771025411,-2.03106112,0.3920062894,-3.9769459909,-0.4545853677,-3.1054098553,-2.512984206,-2.7522512228,4.1129069579,1.5657134347,5.744883425,6.1655787412,9.9901489542,4.1963924912,-2.0504835447,0.9786602946,-7.0919894712,-7.5615504321,5.9618946315,5.4122361954,16.1580450452,0.4398826897,-2.1772079162,-6.779840494,-2.8786622873,-6.2603245174,2.1691016723,-5.750750641,-5.5523932958,4.3541185637,8.8938678293,7.7232335228,0.6116048581,4.3272670716,0.3520231955,2.3661547225,-9.6495243679,2.2824256427,1.9403469514,-1.3195531505,3.541851006,0.9269984659,-1.4253449055,0.5156097151,-2.9551183425,6.9045719358,7.1657986534,-2.2284853446,1.3692690191,-10.1973843531,2.1216119192,-6.7312200319,-1.5058577755,2.9894997369,2.7658448464,-4.4724812295,-0.3931990859,-5.9564977154,1.7975743068,1.8931618077,-0.685923529,-11.0605025844,-1.4526425065,2.9935442186,0.9245883507,-0.5145601554,-0.8455418056,-5.306360552,18.0975766966,4.6837302761,-5.5141455951,-0.3959219228,2.0105681312,-1.3562927656,0.7561013783,2.5793743154,9.7547225988,-6.8485562564,-9.0121653525,0.92153171,2.231422521,3.2331693364,0.0457130295,2.4582178175,6.7599027585,8.8003668611,-3.5651706375,-3.8432977659,-10.9959611939,-0.0271677345,1.4836623352,1.0349312676,-3.3129209342,5.965312363,-7.3024767105,0.9398453709,1.6243973744,-0.974817543,1.9149435107,1.6810207869,4.196622134,-0.4156225064,-10.3360469356,0.8953909596,-10.3928157483,-7.4334440002,2.2799080318,2.4772306783,2.4304004581,1.7531625753,-12.1682038305,-0.2648087485,3.1908313824,-1.2034596559,1.903211935,-1.5742024859,-4.1678913681,0.6345804898,20.9219201253,-0.4575282036,3.5734610108,4.8047237713,-1.9150674311,0.3083640348,-2.5918738951,4.0028970102,4.9486025663,0.9811504393,1.9370550724,-2.5869008247,0.4057083364,-0.2184915381,-5.0454546564,-2.2458315738,12.1061267608,0.0016497764,-0.6851368581,5.9815989221,-0.9640542774,-0.6131333117,1.0183063012,-3.3438951233,7.6298508091,0.747568958,-4.2834514279,-0.5192877763,-0.7188273851,0.9837019659,0.4482051922,0.1635080355,8.7740506874,-2.3650995313,-0.8007362842,4.0134632952,-8.4437724908,-0.1018107437,1.7988327558,-0.1967272073,-14.2854548146,-1.0535800644,-0.875664666,0.4659486925,-1.1428800515,0.5167597514,1.1287919023,-12.2468063012,4.1098980623,5.6233027798
biasActivation=1,1,1,1,1,1
[BASIC:ACTIVATION]
"org.encog.engine.network.activation.ActivationSigmoid"
"org.encog.engine.network.activation.ActivationSigmoid"
"org.encog.engine.network.activation.ActivationSigmoid"
"org.encog.engine.network.activation.ActivationSigmoid"
"org.encog.engine.network.activation.ActivationSigmoid"
"org.encog.engine.network.activation.ActivationLinear"
