encog,BasicNetwork,java,3.4.0,1,1572778129006
[BASIC]
[BASIC:PARAMS]
[BASIC:NETWORK]
beginTraining=0
connectionLimit=0
contextTargetOffset=0,0,0,0,0,0
contextTargetSize=0,0,0,0,0,0
endTraining=5
hasContext=f
inputCount=2
layerCounts=3,8,8,8,8,3
layerFeedCounts=2,7,7,7,7,2
layerContextCount=0,0,0,0,0,0
layerIndex=0,3,11,19,27,35
output=0.2952383057,0.0006344484,1,0.998863359,0.9999611177,0.9998969156,0.0868990748,0.2536913232,0.9999999902,0.9794041969,1,0.9819375781,0.0001160146,1,0.7613756809,0.8674126583,0.9999779063,0.9998968116,1,0.368822957,0.8832098844,0.0000080024,0.8089084393,0.9723768884,0.9760839683,0.0541581545,1,0.0000000024,0.9329790093,0,0,0,1,0.6394062444,1,8,30,1
outputCount=2
weightIndex=0,16,72,128,184,205
weights=-17.1276590935,5.1232335506,1.1261198936,-14.6664278195,18.7589710268,1.7738552187,-0.9054570137,5.6175400853,5.0886179984,21.1676302858,-25.691214653,15.1741738669,-9.0197208678,11.3097740665,-23.1917057967,4.4506883454,16.0696022096,-1.6799091819,-0.2373862198,6.6340696889,5.4563151797,0.7653184422,-16.8354828862,-2.4786766038,7.6343345855,-2.8125928534,-15.6208313095,-3.2088012857,-0.0053173221,23.2964514677,-1.9104672949,-0.6583007471,-5.5343260538,-18.2609396731,-4.9893663863,-4.6639742544,10.2896732608,12.2979125142,-4.5596012678,6.49284062,-15.7592675372,0.4174020118,5.4876978225,-14.7675439388,4.3542974129,-0.5495360668,11.080305325,4.5718098069,-8.2808698461,1.6055867668,17.3280243421,-10.3948063221,6.4030755635,-2.1383928123,6.2673400596,-12.0440381877,7.6006903629,-15.8661450113,-2.4053358719,-6.9728161264,1.7361266113,1.9171259291,16.3594005982,-1.0839646458,-6.2265807197,1.1743077016,20.1118300384,1.1122777923,-12.2987730216,-7.8871599974,10.9950185309,-3.4216436758,-3.2295004746,-2.7893318906,-3.1265869859,-9.1628328215,-1.4502299721,13.1943567048,-9.2170675954,4.092840754,-3.6314728075,0.6964667342,-2.3710527829,17.5068551346,-14.0458828087,-6.5595061029,1.9805716455,-2.5456015946,5.9220346215,6.5263971667,-21.159629463,5.4134746636,-9.7042911545,23.1181123088,-0.2807479946,3.478577755,-5.1048337854,-6.4741570481,-1.9537065872,4.6050268313,-3.8917074155,-0.5105124909,15.3218439091,8.4887330482,-0.0193169963,0.185816452,-10.5756295339,3.9442289163,-9.111594849,13.2844213281,-4.7030679639,-5.3212495459,2.5505256019,5.7811836917,-5.5948953667,0.4403418238,0.2751554641,3.8702913093,-0.6487737942,0.3072067203,2.4640661159,-0.9046429612,9.7661230941,-16.0240233063,18.7296621432,-3.2778707041,-2.0412722567,7.1286637304,-8.944402116,-7.2981562376,-0.6364263389,-0.2675576194,-1.070394218,4.8296754633,-3.3916323532,3.610712379,-2.7102410011,8.9855606221,0.4298256567,-0.8610070666,-0.9289417063,-0.1132862712,-7.9549452751,-1.1604270604,-5.6729197586,-16.4041607835,0.7906136758,0.5388331573,-0.4916201716,-3.3828893859,17.2005691493,-4.0462817899,14.0362875152,11.5166857085,-0.141056834,0.6794079473,-0.685576965,2.4066038418,-22.2499111383,2.5182352639,-9.1104173101,-4.112958848,0.3491866324,0.609959521,-0.0088713261,0.153216512,11.4059663101,-0.0478676265,10.1301899003,7.7469566231,-0.5855523813,0.0175051416,-1.2089574892,6.4081594052,-27.8557808386,7.8842524636,20.8434198294,7.0241139115,0.9259349572,-0.7736446008,1.306618536,-2.1857782265,-8.5702503178,-1.7478679136,0.9123778186,-0.9554009623,1.5093837584,-0.6963279145,0.1148137741,4.7595869328,-0.9858958576,-1.284490087,-0.0112909441,-1.0203032173,-0.6527101933,0.7545314153,-0.8856936225,-2.5974400892,0.79245135,2.1032230327,2.0410269014,0.6153465192,-1.1817805368,-0.1584814272,14.7814751188
biasActivation=1,1,1,1,1,1
[BASIC:ACTIVATION]
"org.encog.engine.network.activation.ActivationSigmoid"
"org.encog.engine.network.activation.ActivationSigmoid"
"org.encog.engine.network.activation.ActivationSigmoid"
"org.encog.engine.network.activation.ActivationSigmoid"
"org.encog.engine.network.activation.ActivationSigmoid"
"org.encog.engine.network.activation.ActivationLinear"
