encog,BasicNetwork,java,3.4.0,1,1572778137866
[BASIC]
[BASIC:PARAMS]
[BASIC:NETWORK]
beginTraining=0
connectionLimit=0
contextTargetOffset=0,0,0,0,0,0
contextTargetSize=0,0,0,0,0,0
endTraining=5
hasContext=f
inputCount=2
layerCounts=3,8,8,8,8,3
layerFeedCounts=2,7,7,7,7,2
layerContextCount=0,0,0,0,0,0
layerIndex=0,3,11,19,27,35
output=0.622221317,0.4772711242,1,0.9610058185,0.1248662669,0.7302249876,0.8975766702,0.8801264717,0.0122336837,0.0118539109,1,0.9758199727,0.6584269983,0.2820761576,0.1312520086,0.7936981774,0.0055234247,0.2590092041,1,0.0344866827,0.0581640291,0.3786570798,0.002140847,0.0000170563,0.0001542453,0.9999444887,1,0.0000009937,0,0.9999488469,1,0.9871848296,0,0.0000001418,1,8,30,1
outputCount=2
weightIndex=0,16,72,128,184,205
weights=9.7619920073,-1.5505650589,0.6605094746,0.0106677316,-6.9329488706,-10.0214776956,8.8591846428,-3.0611707332,5.2842710811,-0.5156016215,11.542575953,-13.9199085349,3.2018350424,-1.2356222299,0.5568352306,-3.8488086827,3.1037896612,-5.5924876866,1.8286672579,2.1117834675,2.3844948937,-5.9206168322,-2.8899363898,1.9537266585,-0.4984540794,-1.207465779,-0.5489492725,-0.5284896172,-1.1970277277,-1.4459253839,0.3816335055,0.4177255225,4.6453147574,-9.4438813149,-0.991736946,-1.8075314243,4.4231399889,-2.677482701,-2.3007018741,0.2979210368,-6.704383985,0.8443957185,5.8622306783,9.3732573561,4.5931517158,-9.5870292041,5.4995229405,0.2559785544,3.348553943,-2.416800515,-0.5444426875,5.5182644731,-1.4632106968,3.3397923544,-0.6801202071,1.0656782206,1.3033105098,7.1205108498,-4.238976258,-6.1232644376,-9.3980440077,0.4550503834,-3.7577526438,0.0780083225,-4.0487058243,-1.862816972,-1.7864255278,-8.8990398205,4.3226343456,10.4919652072,0.4450306273,-1.1779964158,3.9122623776,-4.31201059,0.1667567926,-4.6436251915,-3.417260059,2.8916863891,4.5128834723,-0.7525889494,1.6902611111,2.6524994375,9.2375468953,2.8083236981,-1.4847270948,-8.4884666211,-0.1201045379,-2.9387215454,3.46693463,1.4261282253,-2.1682412298,-4.7808237164,-0.8388124543,-3.0005506746,0.0372370128,-0.3422017487,1.48679,1.4077470519,-7.5606944082,0.6733958739,3.4829657877,-4.7438946626,-3.1494016545,3.9882793977,-2.5024662985,12.7072829805,-3.9679844897,1.2640152087,-7.8828276442,6.2652993533,2.0037723373,0.1898642992,13.616628176,-2.8538450933,8.4154610365,-2.3695500973,3.0398070533,-0.5563848152,-7.5372652444,-1.1414399047,-3.5272153231,2.9038610687,-4.6551225786,3.9093228262,2.7918147965,-0.9928791357,1.3401752787,-0.684052405,-7.670898477,-5.988148999,-7.7370459493,4.8685012984,-5.1755223605,5.2435892195,-0.1326768384,4.6452670251,-5.988324348,-0.0342778988,3.7373418198,3.4572097956,-14.188469385,-1.9945489874,0.7144861271,4.0277231185,-4.5764842776,-2.1195194161,5.7770766488,4.323922825,-14.700828429,-2.782815317,0.1446386215,3.9164832336,12.7245137827,0.5750963912,-0.6594531881,-1.199147413,-3.5926291243,1.8709586349,-0.8411658989,-0.7392672599,-1.1111880707,0.7938421584,-3.7177236374,0.6477133536,-10.2210746889,0.9084495679,0.399017586,2.1809356622,5.7056759766,1.4558463901,-5.7401983307,-2.8899953008,2.3685506057,0.6197798918,-0.0408960914,-2.4851149196,0.6616706249,2.6508536069,5.6592040359,-2.5586034382,8.206154412,1.8756150767,0.6282364939,-1.4024354397,2.5666706535,-0.8680783385,-8.3128656568,2.8288375415,-5.1897107735,0.2336268184,-3.1722916568,1.1699929717,0.1591802714,-0.1940952867,2.61239498,-0.5625813988,-1.5283729306,0.1716689904,11.4211413624,2.3303768557,-2.6710119672,0.4799682543,-0.6573571129,-0.3795916667,0.877647998
biasActivation=1,1,1,1,1,1
[BASIC:ACTIVATION]
"org.encog.engine.network.activation.ActivationSigmoid"
"org.encog.engine.network.activation.ActivationSigmoid"
"org.encog.engine.network.activation.ActivationSigmoid"
"org.encog.engine.network.activation.ActivationSigmoid"
"org.encog.engine.network.activation.ActivationSigmoid"
"org.encog.engine.network.activation.ActivationLinear"
