encog,BasicNetwork,java,3.4.0,1,1572778153029
[BASIC]
[BASIC:PARAMS]
[BASIC:NETWORK]
beginTraining=0
connectionLimit=0
contextTargetOffset=0,0,0,0,0,0
contextTargetSize=0,0,0,0,0,0
endTraining=5
hasContext=f
inputCount=2
layerCounts=3,8,8,8,8,3
layerFeedCounts=2,7,7,7,7,2
layerContextCount=0,0,0,0,0,0
layerIndex=0,3,11,19,27,35
output=0.384676241,0.0853218044,1,0.999990431,0.9861193209,0.5224470194,0.9999999999,0.2756263191,0.9997665854,0.9997804672,1,0.9297868337,0.2139063588,0.0007780602,0.0053325743,0.9999941568,0.9716866076,0.999990231,1,0.0028641833,0.9999999774,0.1850132043,0.6195647756,0.0001772758,0.0540329256,0.9713960806,1,0.9999999159,1,0,1,0.7433934715,0.0000000038,0.000000033,1,8,30,1
outputCount=2
weightIndex=0,16,72,128,184,205
weights=-11.3182374936,-11.949797974,-10.1071678136,-0.2954156274,8.179094242,-0.5968896412,23.3162899031,3.2393901268,-7.2062316532,-6.8568234966,20.4255143017,15.0425809105,14.6936252448,-8.7266836337,-8.3537510298,-1.0915494452,-1.8299086569,-0.6826205244,-1.9912570967,-4.4640436502,9.7694742158,-0.0475328123,2.2639291611,1.4426320992,-2.4067782118,17.0342357742,3.8952099783,3.4592550277,-2.4606238661,5.6074746696,-0.7668532564,0.614608601,3.762042426,-13.1004142983,-5.5582863386,10.4712077623,-3.0036405309,9.3184651161,-4.3275196067,-2.3808283792,0.216664221,6.6223522745,-14.5148486025,-0.1289367496,0.5505524343,1.6122304924,15.7686700965,3.4914227174,-1.7378043306,-4.4773509683,13.997418176,-11.260513146,-2.1814860722,2.741387498,-1.4967559222,2.6708618648,-1.7000868124,5.3236338488,-7.167220006,1.5786127025,-0.2770240204,-0.0052339917,6.0489793503,3.0347663559,12.5702124577,9.6455334357,-10.2784101057,-4.0205511225,4.3044678318,5.3886351933,-4.1946994422,-10.643481448,6.1609263946,3.9638149385,-0.9766390102,3.2041904845,2.6853965296,-2.2124332855,-0.0186579789,-3.0653613403,-8.3926110155,-7.7976413397,0.2429620042,2.0683934547,8.6053464448,8.0272361963,4.5204581769,0.3672707246,-1.3807310316,5.1805651243,-6.3185047684,5.5206263875,-3.9458644576,-0.4282458291,-11.9425281994,-2.961153543,-2.2133057501,-18.496775758,-0.0957093659,-6.8684180863,3.288250932,-8.0872043512,14.4860802051,3.9123485749,-9.6856147459,20.2307031622,1.364646607,6.9180231992,3.4745099377,-5.5296534941,-10.8081130151,-1.8942524737,-3.3331996387,1.4184051762,0.8310331439,6.5557501917,-5.7138420922,0.2250693956,1.4310942398,-3.4899314085,4.0186845754,-2.2031882204,-3.0606062494,-1.6763619855,1.0117172833,-2.9237376688,16.7682538433,-0.7979852967,0.65472329,-1.7159010494,-0.0863132415,2.7405324367,-8.2925822787,8.0521710263,0.0553821671,-1.3673068755,6.7456574142,-2.141115301,-0.1613324386,1.6177741371,17.6780395376,-13.7572306994,-0.9944972736,-1.7569173707,-0.7045149783,-4.3963055828,0.0129785931,3.4937936716,4.867428877,-1.9045324259,1.182578021,-3.4941327659,6.5743562068,-5.5902439629,-0.5693497229,-2.3900110655,8.2177409109,-0.0007546244,-0.7549373132,-4.2154142128,-1.8131892855,1.157442743,0.5658517044,1.5511535336,-13.9912759673,1.3663617116,0.5203125078,0.8679894865,-0.4500926393,-2.8453781012,-0.3018314464,-5.9997419344,10.5045802713,6.5683582975,-0.2611034106,-1.3764379433,2.4847181065,4.2722732241,0.7927045972,3.7152406523,-16.0580636278,-2.2731930876,-0.3146723408,4.9904184564,-0.9626819632,0.8890827332,-2.6797246318,1.1294812603,1.2932831783,-0.942946728,-0.5803273423,-1.7715008471,0.7741490391,-1.6915916929,4.8748558563,-1.0120421322,-1.3814199169,-0.1921414755,17.8792851807,7.6972244757,-2.7167367307,0.5484480033,-0.1259323326,-0.582607459,1.2582540969
biasActivation=1,1,1,1,1,1
[BASIC:ACTIVATION]
"org.encog.engine.network.activation.ActivationSigmoid"
"org.encog.engine.network.activation.ActivationSigmoid"
"org.encog.engine.network.activation.ActivationSigmoid"
"org.encog.engine.network.activation.ActivationSigmoid"
"org.encog.engine.network.activation.ActivationSigmoid"
"org.encog.engine.network.activation.ActivationLinear"
