encog,BasicNetwork,java,3.4.0,1,1572778447242
[BASIC]
[BASIC:PARAMS]
[BASIC:NETWORK]
beginTraining=0
connectionLimit=0
contextTargetOffset=0,0,0,0,0,0
contextTargetSize=0,0,0,0,0,0
endTraining=5
hasContext=f
inputCount=2
layerCounts=3,8,8,8,8,3
layerFeedCounts=2,7,7,7,7,2
layerContextCount=0,0,0,0,0,0
layerIndex=0,3,11,19,27,35
output=0.3999987621,0.0396026756,1,0.7604666392,0.3735661356,0.5797412616,0.2287779519,0.0124165233,0.0140795292,0.7625032181,1,0.0241553529,0.3698084505,0.0279123204,0.2563411922,0.3370813699,0.0152132614,0.9998304883,1,0.0002085414,0.0426487025,0.9895969608,0.0000004642,0.4736933124,0.9025817235,0.3072940017,1,1,0.9999998481,0.0033390617,0.9999998287,0.0519339745,1,0.038435979,1,8,30,1
outputCount=2
weightIndex=0,16,72,128,184,205
weights=5.0227336553,-5.1180104753,-9.0600943978,-9.3207756058,-5.4301677204,9.8515638931,-0.3233585403,5.2470026071,0.8849003143,9.4202304647,7.6071885217,7.795462719,-9.945356092,-4.0256387896,-15.0700099453,-1.9030007963,3.4872855632,2.5702192673,0.6655390993,-0.3409882768,-2.2916279103,0.7561252823,-0.463451542,1.4136816509,-5.0434471719,4.9830074389,2.9685858597,-1.197350246,-3.2296463458,9.5262916947,-2.249616769,1.1791529915,-0.1227483544,2.5698740604,3.6866423849,2.754014923,13.1800112049,-7.5540217482,-5.7817590654,0.0184090767,-4.9498991722,1.0589498145,-2.3843317933,-1.0265210645,7.0843140635,4.239976355,-3.5546620192,-0.0560092984,0.8621702333,5.0288342286,0.4038381947,3.7527328152,2.6031847134,1.147469288,-6.42632906,-1.6997184959,-4.2265822592,8.5272874592,5.7912383325,-0.38928665,6.2826378128,0.5778020395,-7.3957448029,-2.0941381305,-5.9423186094,-5.789479361,-3.9780807559,7.6074724367,7.6826425737,-6.9072945788,1.2977511733,-2.1702056329,3.683177667,16.5992735594,-1.9604953411,-6.0658869523,0.8806481731,0.4644799626,0.7356559539,-3.5298508576,1.2547288856,-5.7147290176,3.434121864,5.8190903196,-3.4248223192,-5.5876533365,-4.2601132277,4.2867626536,5.2925459594,-2.6403858022,-1.6332447733,-0.5002999087,3.5152462496,0.2056191269,-1.5121772712,-3.2086719143,3.7505516467,-5.1377372067,0.4925249638,5.2111421979,-2.1732523175,-3.8070058941,4.7885310117,1.6599612285,1.570492582,-4.7959168922,-4.0213416402,1.3987026601,18.0353690501,-3.4509145534,-0.5633402484,-1.7479991823,-5.4314061885,3.7791748232,1.8328982353,0.5861077196,-13.6151506419,1.6170940713,-3.0667761996,-0.2118844462,-4.423639221,-0.9335285701,0.0458609907,-3.135730853,1.19011668,9.0832986214,-0.1178414076,-0.0481845788,0.5095160921,-5.7860342775,2.5726877264,-4.5298834187,0.8024384095,0.4607108174,0.8896468861,0.7860662073,-8.5151102811,8.5430862917,7.9287823491,9.4795122116,6.893537633,-6.5713727005,6.4350786968,-6.6791082054,0.1169811041,0.6272813305,-0.4987116967,1.334920168,0.7369587849,0.990252994,1.8465377546,1.3781830273,-1.5574180763,-1.0573417958,0.4129681429,-10.0562723507,4.9068703488,-1.6552781485,2.8403813932,-0.6221171389,0.4253148432,7.2611140154,13.680020774,-8.3028398851,3.2652304138,1.2572710027,-16.3156272491,-0.3343320221,-3.561644919,7.1729999755,-0.6758276142,2.9590408584,4.6557685846,-2.15524119,0.7034372623,-2.4554809642,-0.6514376603,1.3296197804,-3.9512341477,-0.5620369811,-3.429042892,-0.9998836828,-6.8346779941,0.5249127157,0.9377106752,0.9824020876,0.4856121176,-5.2892318139,2.0281278228,-2.8296962961,2.0634570333,-0.3388293792,-12.0414956851,0.230651344,0.6324544427,-5.2388712853,0.6963566566,-0.3283655115,1.3756611361,0.9829949836,0.6047269443,0.1147504434,0.54000203,-0.1521272906,-2.9757646948
biasActivation=1,1,1,1,1,1
[BASIC:ACTIVATION]
"org.encog.engine.network.activation.ActivationSigmoid"
"org.encog.engine.network.activation.ActivationSigmoid"
"org.encog.engine.network.activation.ActivationSigmoid"
"org.encog.engine.network.activation.ActivationSigmoid"
"org.encog.engine.network.activation.ActivationSigmoid"
"org.encog.engine.network.activation.ActivationLinear"
