encog,BasicNetwork,java,3.4.0,1,1572778461880
[BASIC]
[BASIC:PARAMS]
[BASIC:NETWORK]
beginTraining=0
connectionLimit=0
contextTargetOffset=0,0,0,0,0,0
contextTargetSize=0,0,0,0,0,0
endTraining=5
hasContext=f
inputCount=2
layerCounts=3,8,8,8,8,3
layerFeedCounts=2,7,7,7,7,2
layerContextCount=0,0,0,0,0,0
layerIndex=0,3,11,19,27,35
output=0.4864725158,0.4193486673,1,0.0035451553,0.9063995074,0.1942346502,0.0000002656,0.3280090982,0.987193611,0.9843251265,1,0.9864299721,0.9999640089,0.0558631241,0.9809830779,0.0001768308,0.4102752599,0.0000004211,1,0.9999443731,0.914561418,0.9883711143,0.0000090723,0.8046880179,0.0110746829,0.9995576122,1,1,0.9974461578,0.0194423614,0,0,0.9999595059,0.9966000383,1,8,30,1
outputCount=2
weightIndex=0,16,72,128,184,205
weights=2.2272479794,6.2128391324,-14.354382996,-15.0807696076,10.2216873146,-3.4552318483,-7.035494762,4.0781797908,-2.9257475086,-2.9564947983,3.6927205451,-11.4192708319,-8.4239433908,14.0679993786,-14.4521482091,4.7483422453,-2.5064322713,-2.526732703,0.3382578609,-2.1838140009,-2.1957563072,6.6245864926,3.1655548873,-1.2336887398,-0.2171780145,-0.5533976643,3.8888438676,2.8584417309,-11.1049885533,6.5551877947,-6.0563770443,-2.6707378879,-2.1334001201,0.0585596682,-2.8426704044,7.1018156389,7.7223719716,-10.1977992371,-10.0474960674,-2.0022504498,-4.1821172215,-12.9325206095,8.4990268743,-0.0290569953,-2.3038594193,-8.8532024252,-3.4594342192,5.1025506346,4.1744220781,-6.4777805966,-3.5571391222,2.747812652,6.2505906733,-1.9503187674,0.4724841809,-0.0552138202,-2.4712484374,-2.4693775153,10.6959903044,2.2065548125,-9.3579722761,14.9537550111,3.6312112623,0.3563173219,-0.6946206714,11.7233266415,-3.822542266,-3.4471378943,1.5615568399,-3.1809915168,-0.4103265036,-1.9978835582,2.3942492844,1.5556203378,1.0906181332,7.6439158983,-0.1707995968,-5.1494122832,-1.1263358025,0.7117035773,-0.3436471779,1.5545018448,14.0424317076,-1.8321133177,0.244269929,-6.5121351902,1.5809947073,-6.4297115772,-3.7877544075,5.4712984361,-11.792810277,0.5029279898,0.9341250877,7.5062794513,2.6555562867,4.1228166264,4.8814032094,4.1220795495,-1.3556430293,2.9123629854,0.8301430197,-7.1931318365,-5.9987871146,2.0398402275,-2.5105556232,-11.2417168967,10.9716444332,4.2886749982,-2.9618469022,1.454857684,-4.0424699463,-0.2846470759,-1.4006141056,1.6859254076,-12.7384049811,-3.8584048049,2.8302774994,9.8909069269,8.3154850034,1.387297424,-5.2370992472,-3.8824452635,-8.6019400118,4.5980486662,-0.1628371141,3.8848121731,-0.0856630852,2.7825624494,3.7032090372,-2.380509695,-5.6814737554,2.0737732372,-0.5801800072,-2.9276481026,7.1549641769,4.3753633282,-0.4162715763,-0.7552790482,-13.9946153715,-1.6814202847,-1.0865854399,-2.2612149723,4.9016977336,1.1884482354,4.145466834,6.8408257262,-9.6866043237,5.951355481,0.5745387255,-5.0646337432,-7.615462038,6.3160728037,1.5009985619,-2.5083709659,2.7898428058,1.7775872083,0.790557614,-4.8021595837,-8.0084736593,2.1196649862,-0.0605972429,0.5725972903,-3.1026223743,-1.8656922451,-0.1951483736,0.4286745443,0.1983479262,0.3393103035,-10.1933267782,11.7905570243,4.8832317093,-3.2337818891,-0.8119808498,9.4410209652,-4.9841644212,-10.6274379201,-1.484780946,-0.2266036074,-9.1081848774,-0.8102821777,-0.1808327159,-0.5899214881,11.3052583831,-1.066151729,-0.3723131052,1.6771692709,-0.3707395183,1.3216199914,0.3878315783,-16.2403080759,1.6945708058,-0.3711597191,-6.3424420413,1.4204544268,-6.4771217231,-0.6354238945,-0.625016947,-1.5089358526,0.2888318215,1.471168874,0.4949432384,-16.5033336211,-0.0167580926,0.6238336704,-12.9003600282
biasActivation=1,1,1,1,1,1
[BASIC:ACTIVATION]
"org.encog.engine.network.activation.ActivationSigmoid"
"org.encog.engine.network.activation.ActivationSigmoid"
"org.encog.engine.network.activation.ActivationSigmoid"
"org.encog.engine.network.activation.ActivationSigmoid"
"org.encog.engine.network.activation.ActivationSigmoid"
"org.encog.engine.network.activation.ActivationLinear"
