encog,BasicNetwork,java,3.4.0,1,1572778492085
[BASIC]
[BASIC:PARAMS]
[BASIC:NETWORK]
beginTraining=0
connectionLimit=0
contextTargetOffset=0,0,0,0,0,0
contextTargetSize=0,0,0,0,0,0
endTraining=5
hasContext=f
inputCount=2
layerCounts=3,8,8,8,8,3
layerFeedCounts=2,7,7,7,7,2
layerContextCount=0,0,0,0,0,0
layerIndex=0,3,11,19,27,35
output=0.7916257469,0.5419874958,1,0.0062124665,0.2107716089,0.0019395907,0.0037575092,0.0000001526,0.0005351376,0.0090595139,1,0.0468579013,0.0000004167,0.9979724857,0.0858377476,0.6634631738,0.9662045724,0.9999999773,1,0.9986008298,0.0696307368,0.0016625692,0.0480170917,0.396476991,0.999751298,0.6056798646,1,1,1,0,0.2875004929,1,0.9999999992,1,1,8,30,1
outputCount=2
weightIndex=0,16,72,128,184,205
weights=-7.1380837961,11.9202827189,6.9605465585,-5.7619044375,-0.1398890495,-0.1450114575,-2.5261382088,-1.1022460752,10.1891239662,1.0713506021,-5.3515041682,5.8158644689,-12.1511728004,5.9772133958,-11.5142399653,-0.0311202325,9.4094978788,-2.1276081116,-0.7925125363,-0.8837430752,-8.2188373729,1.1704333473,-2.4653140087,2.1382221748,-1.6556217949,-1.6967362027,1.1930036299,5.4020257958,9.0599152445,-5.4299912329,-9.7868056485,6.1253841826,-1.0668137845,-5.7155123192,-6.644076077,4.4956031914,-0.494682457,-1.2274294927,1.9567556675,-0.3912371787,1.2016629865,10.0122688179,-3.6845464183,-0.111149202,-3.3594475278,0.9469280305,-1.3769640614,0.7409783227,2.4020295868,3.2055106995,2.147232317,-4.7987069094,-1.3694603235,-1.505079895,-13.6796197602,-1.4965615497,0.1848172334,-0.2680022207,-11.1699280562,0.6340143505,0.669864709,0.5810742413,2.4473422453,0.0985377753,2.9297163607,8.3426428083,1.1702455509,-5.4881310378,3.6959814864,-4.6133176536,-4.0874726848,0.563826695,-2.377386819,1.0828769821,1.4166884106,5.7697080062,8.3139549988,-4.5473698022,-1.3269897939,1.0602926326,-3.7703317765,5.0436449191,0.7949321369,11.2632472219,1.2693500547,-10.020318516,-2.330349938,-0.8931095893,1.8442352993,5.9955178431,-11.9343762958,1.2516838822,0.3469653087,0.5848231794,1.2543742716,2.4175367121,-0.5500744528,-2.9325634059,4.6117999218,-4.3779374026,-1.9463143018,-0.4286305672,1.862725583,-1.3375220509,7.5233513829,-1.2582719027,-0.768062808,2.2958158178,-0.2044723264,-5.1329481527,-6.7335474449,2.4357080484,-3.900679125,0.1308381729,-1.5090938344,-12.7194649691,-1.4148874856,7.4779441076,-1.4887338738,1.8390039457,4.4095026325,-3.9167907753,3.0547130552,-13.4279710142,3.5594448904,10.5642989486,1.7234592798,1.0922907144,-2.7660434576,0.26649649,-3.9647527468,-2.1124650676,1.0876646597,3.1511799017,4.9148065163,0.5237063913,-2.4765980555,-0.0808574922,2.6917463965,4.5039052358,4.1262926837,-3.297608625,-3.2352950348,1.076816072,-2.4217932809,-0.6905057219,5.1497028261,-11.8078892681,-2.9048424538,4.9526595208,-1.9633645403,0.0248932739,-4.349224816,-0.2280683222,4.806785076,18.5454992387,-3.6607314332,-0.049873739,-0.666715208,0.6357832899,0.2854085942,-0.071272256,-8.5199415651,6.8039265575,-0.4766707399,-0.7604373799,-0.9173873808,-0.4359392338,2.0878912584,2.5067220812,4.2681317507,-14.5275633163,2.3294975743,1.6798020257,1.4198405071,2.4519346826,-1.1213526554,-0.4736717729,3.5973921648,5.4550432872,2.6969283577,2.3237199246,-3.7196449345,-0.8451180867,-0.9469051567,1.3836758919,0.9628398197,0.7371383851,0.9490968198,-0.3100913453,6.2959684801,-2.7052070135,1.7657637473,1.4042051799,0.2023669919,-18.212205842,-4.577784964,3.4783161496,1.3417246037,-1.2848594178,1.0214261509,0.5475882135,-0.9117991243,4.9677919968,0.7409758404
biasActivation=1,1,1,1,1,1
[BASIC:ACTIVATION]
"org.encog.engine.network.activation.ActivationSigmoid"
"org.encog.engine.network.activation.ActivationSigmoid"
"org.encog.engine.network.activation.ActivationSigmoid"
"org.encog.engine.network.activation.ActivationSigmoid"
"org.encog.engine.network.activation.ActivationSigmoid"
"org.encog.engine.network.activation.ActivationLinear"
