encog,BasicNetwork,java,3.4.0,1,1572778504943
[BASIC]
[BASIC:PARAMS]
[BASIC:NETWORK]
beginTraining=0
connectionLimit=0
contextTargetOffset=0,0,0,0,0,0
contextTargetSize=0,0,0,0,0,0
endTraining=5
hasContext=f
inputCount=2
layerCounts=3,8,8,8,8,3
layerFeedCounts=2,7,7,7,7,2
layerContextCount=0,0,0,0,0,0
layerIndex=0,3,11,19,27,35
output=0.972221986,0.8888880406,1,0.8998539344,0.4267895049,0.0000286972,0.9992163596,0.5129038005,0.0000007437,0.0000020223,1,0.1047256861,0.4859180413,0,0.0349248302,0.9999999999,0.9990113604,0.823644419,1,0.4266402498,0.9348247424,0.9990202811,0.0000458796,0.0204218536,0.9987381888,0.3076680533,1,1,1,0,0.6679373162,0.005391935,0.9999986822,0,1,8,30,1
outputCount=2
weightIndex=0,16,72,128,184,205
weights=3.7572268054,11.7069796889,-11.8672762223,-6.9046269958,10.5378607601,-4.10569622,11.3565816011,-3.3274040097,16.9323369596,-15.4369997568,18.5976498554,13.1993973061,0.5135546241,-13.1656244189,-14.1393235659,-20.0218007538,-1.5349259157,1.1975015502,0.1393890905,1.0336774539,1.0065891707,7.3556380924,-7.7700184299,-0.2168626417,-15.9287907524,6.9423029181,-1.4180374763,-6.4131639202,5.9956101739,9.258531257,-16.7753433157,-3.2042902932,-0.2756406066,-7.6925546237,11.4874186836,4.2714206581,-2.0264858936,-16.5314584943,15.3004046746,-0.9015355647,2.1602415346,-0.5740128991,-12.2145574624,1.7016623451,3.193577173,1.262476354,1.7993841002,1.2071784359,12.3067958478,-4.1210203216,-1.9440793692,-8.8731163712,5.0737464702,-4.3104730893,-0.7307885035,0.9095342199,-0.9055456598,-1.5111139889,22.6197036965,-7.2315146745,-6.3149487045,-2.4508395837,2.6274856096,-6.4307008916,19.7325106575,2.9939938362,3.5685985329,-1.621079384,-2.3520704387,-9.6551186888,-8.246129905,2.2135264837,11.6938048127,4.1508108997,-4.3190107605,-4.6011603988,-5.564082165,-1.9457551918,0.1198736011,-4.6800762322,-7.629066221,2.2632608723,4.4699726427,0.9470055929,8.1821611379,-3.2882079383,1.912201325,-0.8542243683,-0.5764235365,-9.2983379279,-17.1296127548,6.2625417134,3.2728436745,-13.0486872172,0.5056763488,-0.5220438155,12.5092132681,-8.0048298196,2.1805707254,5.7629275794,3.8393504227,-4.5622552402,-0.3702644357,1.2404827903,4.5175483631,7.2571937141,10.1663244443,-11.3594775642,0.6537751379,5.7438849329,-1.7954387299,-0.9044432616,-3.3454188665,10.2721812906,0.1198306262,-16.1112911143,0.3049643361,1.5503084664,-5.2818503854,-1.3057049886,5.4109753752,-7.5058320039,9.5777068852,-12.4617447974,7.2041133446,-1.5067457957,-11.9966699071,1.7302977962,1.3999878339,2.1789426648,-0.2474570662,-4.8262359432,11.5599265007,-0.0015318874,-0.7853038924,-0.7116781064,-2.7785468717,7.4303753687,-0.7963058326,8.666503163,-3.5598779389,-3.341490238,-0.5066217446,-4.4165497384,-2.0777722861,6.0816250149,-1.6874404254,15.4222342046,-14.0933468377,-3.6260550988,-1.2234649882,-3.6756330943,2.3817998052,-2.962297036,0.2908415329,-22.3583827505,17.0197293117,3.0333630673,0.6444410469,2.3999223332,1.5185713669,-0.2484485681,0.0449091746,-9.490543724,9.99236166,0.5298805901,0.5091252579,0.6146910168,1.4323548417,7.1230895813,-0.5179333194,10.7710856479,-0.2449515478,-3.7605530314,0.7729996712,-5.3140410808,3.7783484043,4.6997001589,0.7244076446,-14.3454572188,3.6117791882,-0.0437972925,0.7551127403,0.3170963079,-0.1548395382,1.7420848878,-2.4407721752,-1.3026773929,6.4189128978,0.1616376393,-1.6173876875,-0.6349767281,0.6070868232,-1.8247649818,-0.2343640662,22.3279124135,-0.2148014675,-0.3332502231,6.4984739967,1.9092469761,-0.0515242249,-0.1887042569,-0.9789950844,-0.5018787683,-1.0479620688
biasActivation=1,1,1,1,1,1
[BASIC:ACTIVATION]
"org.encog.engine.network.activation.ActivationSigmoid"
"org.encog.engine.network.activation.ActivationSigmoid"
"org.encog.engine.network.activation.ActivationSigmoid"
"org.encog.engine.network.activation.ActivationSigmoid"
"org.encog.engine.network.activation.ActivationSigmoid"
"org.encog.engine.network.activation.ActivationLinear"
