encog,BasicNetwork,java,3.4.0,1,1572778513658
[BASIC]
[BASIC:PARAMS]
[BASIC:NETWORK]
beginTraining=0
connectionLimit=0
contextTargetOffset=0,0,0,0,0,0
contextTargetSize=0,0,0,0,0,0
endTraining=5
hasContext=f
inputCount=2
layerCounts=3,8,8,8,8,3
layerFeedCounts=2,7,7,7,7,2
layerContextCount=0,0,0,0,0,0
layerIndex=0,3,11,19,27,35
output=0.6639343742,0.5934956507,1,0.9998868598,0.9999999983,0.999971834,0.9912925001,0.9475633435,0.8041409705,0.2100666454,1,0.5475240491,0.8614330848,0.7730990511,0.9999989785,0.6787905099,0.9999999445,0.9999997404,1,0.0000000522,0.0099587773,0.000000275,0.0846609531,0.9989545083,0.9492522174,0.499029961,1,0,0,0,0.9841689834,0.9999999979,0,0.4005929226,1,8,30,1
outputCount=2
weightIndex=0,16,72,128,184,205
weights=-4.2006806096,10.7680610032,0.8049589668,-14.4246663072,16.9585714661,-11.7346150353,-2.3058076039,1.4584857589,10.8630049867,-8.6359847292,3.8379741285,-0.5476114057,-9.6436099945,8.3398397226,11.4873031389,-5.123953635,-7.6852700577,-7.8544497324,2.897147216,-4.7725559619,2.278451283,21.4304961219,-5.3679788996,4.9843836311,-3.8278947123,8.1172280394,7.7089805941,-0.8772136766,3.2433742042,4.1581741913,5.3153127117,-1.4380612209,1.8354226957,3.1245392001,1.0613766244,9.2387140206,-1.5864013802,1.4647652698,-2.3631810373,-1.3031562092,2.4808085975,-5.5833512568,0.7269826134,-6.1056941165,7.4941332879,7.8202005595,4.8500193987,-4.0273004411,-3.5026912543,-1.7728600737,-2.1872928564,-4.1115779656,3.9659289593,9.6768227415,0.9161860371,-1.143179237,-1.2136151296,12.1007469877,-9.7630954721,2.6992508031,-4.7233305243,-2.0214991849,1.3537287773,0.3753934724,-16.5149124417,1.0309856285,9.1801496185,-5.4104203259,5.6052306346,2.337430924,-0.3504925901,-0.6488029568,11.9861884558,2.6136352727,-7.2924544294,3.0772208378,8.3114208417,-4.7962096429,4.0826083976,-5.8831384997,-7.1920794462,0.1039672425,4.8456976907,-0.7585361804,3.9740848357,-1.17636874,-0.8295786524,-0.5488486443,1.9206320151,-14.002846363,0.1496084616,0.39997684,-1.8658740118,8.8970819682,-12.6964689985,1.0857491701,-1.7857093789,-4.9221158427,-6.1846240284,0.7074350305,10.6871228071,0.5456568973,2.437286784,1.3731787823,-5.8615289181,-4.2463687664,1.8615412078,-2.5450713073,-5.0124769795,-3.0079659429,2.6117125806,7.5652076129,0.0189521339,-17.3924147036,-4.0352975945,-0.2457686106,1.4084016059,15.5426898794,-0.8703630364,1.1748786302,-8.8144829512,-0.979591958,-3.1836051123,-0.0188757793,5.893047513,6.8576847891,0.1750780555,2.6914245418,0.1554045997,2.5989094372,-0.6961466329,-14.6966233045,0.123779708,0.5443964777,-8.9111867316,1.1410135529,0.0182749758,-1.5273285295,-4.8008684538,-15.7890765957,2.3531098084,3.3507412783,15.2217261877,2.4890016047,0.7571503328,0.9485586511,9.4371806352,-7.4582981806,-4.3680712367,1.9662280877,4.1692753217,-5.0684936272,-0.4160738095,1.3717889862,-0.257807359,-6.0039929902,1.4582149277,-0.5527772112,-1.8262825756,2.8016845804,1.8171651024,0.6882887964,4.8610148637,12.8769254428,-4.2171821779,1.4199987962,6.4059147814,-4.1598306719,-0.9277338484,0.5511423485,-7.8178510823,1.1315935065,4.7920684522,4.3244330769,-17.246640874,3.9319412098,-1.0958381884,-0.2727368579,-9.4969637923,-2.8763307423,-1.0541549503,-0.5886071783,9.4080872124,0.1122571375,-0.1612806596,-2.6947703518,-1.0955793549,0.329495146,-2.3990762502,0.6189854007,5.1026123798,-3.340552693,11.0708281431,-1.04487675,0.3146187532,3.0502779267,1.0212729258,0.3667848215,0.8298161587,1.9049299755,-3.9293294038,-0.8896645396,0.3928193767,0.1427750978,-7.8288031541
biasActivation=1,1,1,1,1,1
[BASIC:ACTIVATION]
"org.encog.engine.network.activation.ActivationSigmoid"
"org.encog.engine.network.activation.ActivationSigmoid"
"org.encog.engine.network.activation.ActivationSigmoid"
"org.encog.engine.network.activation.ActivationSigmoid"
"org.encog.engine.network.activation.ActivationSigmoid"
"org.encog.engine.network.activation.ActivationLinear"
