encog,BasicNetwork,java,3.4.0,1,1572778544193
[BASIC]
[BASIC:PARAMS]
[BASIC:NETWORK]
beginTraining=0
connectionLimit=0
contextTargetOffset=0,0,0,0,0,0
contextTargetSize=0,0,0,0,0,0
endTraining=5
hasContext=f
inputCount=2
layerCounts=3,8,8,8,8,3
layerFeedCounts=2,7,7,7,7,2
layerContextCount=0,0,0,0,0,0
layerIndex=0,3,11,19,27,35
output=0.2249954726,0.0001619704,1,0.6189851763,0.0000056588,0.5792102055,0.7039610186,0.8526446096,0.3151936546,0.0673191429,1,0.999999486,0.7053572173,0.000491535,0.9254561604,0.0494274153,0.9435727711,0.9999663155,1,0.9990627249,0.5044060891,0.4454224948,0.9995487997,0.9821999846,0.6631335619,0.098201684,1,0,0.0077290328,1,1,0.8294159449,1,0.0000629189,1,8,30,1
outputCount=2
weightIndex=0,16,72,128,184,205
weights=1.8524226696,9.1921053235,8.928921699,-14.1504584273,-3.253000635,3.6134626743,-5.9443115819,4.4410646866,-13.7728287719,6.2868222231,-1.9837449558,3.9413981685,-4.9698473495,1.7266762836,2.1890770129,1.7175301933,8.5889094159,4.8937028801,-8.4912412212,2.1346068613,-2.7890411489,-7.2968523993,-9.9602694169,3.4561183113,-0.3526193332,-2.0937878802,4.3222282913,-5.2045734039,4.1705071307,2.0109428867,-6.5583805887,-0.9837653444,-1.7960133922,-4.5565714751,0.0383054346,-0.939084913,-2.6407769155,3.2134488176,-1.2958502636,4.5928287722,8.5576257048,-4.6786816865,-3.631693275,7.7243871189,1.8196957515,-3.9727890933,-8.0712655362,0.1916223078,-0.7949966821,3.6304600137,-5.5093504836,2.0912207505,2.5027970792,-0.0975638732,-0.7357299102,-1.2388475019,0.696547149,-0.4557570389,0.208192719,0.2557757349,-2.2070446916,-2.6253957474,1.331621927,-0.133072319,0.1477784229,2.5162466244,-1.1465270846,-15.1297356972,5.6752508443,6.3222382568,-0.1660543207,3.3712650323,10.418381159,11.2035065663,5.0645858087,-4.9102558971,1.6118116799,1.7766080004,2.1638947724,-1.9003249879,2.7359375457,-6.8998351314,-1.5237655209,1.4578904709,-2.0880508568,1.2151192545,1.8371845886,1.9060555929,-1.1173005379,3.9306306744,4.2529136338,-3.0960059942,-3.8933249652,-6.7702374648,3.5929171458,0.677163989,3.1524286367,1.7090217109,6.4104011492,-11.7967610351,8.8937217496,1.2337673695,11.3380042171,-3.2234911047,-4.7402425925,1.3854552793,-3.5003006579,2.5581117117,-1.7532227332,-2.27814332,-2.0767506728,3.519232523,-3.4142278553,-2.0071327943,-5.8756887011,8.6625655702,1.6955943906,3.8227110442,-3.2785055299,-2.6797596558,2.8335949803,-10.6835342857,0.3797235027,5.067696644,-0.2996147352,14.7927709329,-1.9823015189,-1.6988448952,-2.2803124079,-1.2204721522,-2.0880256182,1.6738360919,1.285070081,3.5932589245,-6.5975447205,2.7365171442,1.2991527427,14.1293777299,1.5834513358,7.2304156659,-6.8866111094,-1.6502352365,-14.3733354045,-1.5424439619,-0.1108233052,-5.5183735883,-6.2609063486,-0.6748334488,-0.008446683,3.7626711903,-1.3401801345,3.0036271204,-0.8935421947,-8.7557439386,0.2307371234,0.7265708997,1.6328375336,2.2317813506,0.7472091994,3.2273834525,-0.7191279948,0.4808082134,-0.6605846997,-2.0507549987,9.421785541,-0.2663535625,-2.5118461397,-0.8298484191,-1.1464259788,11.7037134621,-2.9186392115,2.1112467974,1.2376797554,-0.2408850913,-12.5056704506,0.6093445344,0.7052176836,-10.3269650358,-1.1993135174,-1.4688291244,-3.8238548896,1.8144704028,-3.6099683227,1.8879155075,1.6327164483,-6.7932969352,0.1278735256,0.8926884693,-0.225335871,-5.2364441105,-1.3239520154,1.3534857508,-2.0484964145,-1.6273094618,2.9210589454,-1.7591552417,-1.3795446432,0.8989427819,-14.350432706,0.7165350335,1.2294107136,-0.165298367,2.6129050432,-0.4968587437,-15.6710784695
biasActivation=1,1,1,1,1,1
[BASIC:ACTIVATION]
"org.encog.engine.network.activation.ActivationSigmoid"
"org.encog.engine.network.activation.ActivationSigmoid"
"org.encog.engine.network.activation.ActivationSigmoid"
"org.encog.engine.network.activation.ActivationSigmoid"
"org.encog.engine.network.activation.ActivationSigmoid"
"org.encog.engine.network.activation.ActivationLinear"
