encog,BasicNetwork,java,3.4.0,1,1572767370990
[BASIC]
[BASIC:PARAMS]
[BASIC:NETWORK]
beginTraining=0
connectionLimit=0
contextTargetOffset=0,0,0,0,0,0
contextTargetSize=0,0,0,0,0,0
endTraining=5
hasContext=f
inputCount=2
layerCounts=3,8,8,8,8,3
layerFeedCounts=2,7,7,7,7,2
layerContextCount=0,0,0,0,0,0
layerIndex=0,3,11,19,27,35
output=0.999959273,0.3191498163,1,0.2021631536,0.7107333401,0.2452943208,0.9999973315,0.0003339568,0.9999999927,0.7138947038,1,0.0155819536,0.1926728305,0.9997385146,0.9999929946,0.9593880604,0.9695324076,0,1,0.3973153004,0.9798519706,0.9999818767,0.0626095101,0.8803478651,0.0009510418,0.9416109631,1,0.0004683718,1,0,1,0,0.0832980417,1,1,8,30,1
outputCount=2
weightIndex=0,16,72,128,184,205
weights=-11.7442454949,12.0067585983,3.5138492156,14.908823699,12.1477184451,-10.8920416638,19.9332982509,-15.1637729798,-7.4766394199,-3.1295182664,-18.0527547077,-11.1702227245,6.9731693142,17.8983901667,4.5131798999,-2.5461505578,6.9240281567,-7.5255008082,-5.5981221077,-3.9064286472,-7.2458091885,23.035054935,-16.3781166697,-5.9093892903,2.9175528234,7.1804846758,-0.883424424,5.5273257939,1.9345883238,-5.2928101371,-0.7057890174,-1.8985607662,8.6144931492,-2.9856911326,-8.4066989618,-5.1847054221,8.3619153167,5.3757059676,-24.3210975728,-0.3279111492,-13.4974683919,-1.6922004437,-2.8686065658,16.5370417238,-2.4474845214,-1.5421747384,1.4663868319,3.5445642781,3.9687549834,0.9081762427,-3.3717939909,-4.4492771185,-2.823190033,0.0442087706,21.2114260576,2.2448445283,-2.1260128939,3.0411611285,2.7250364026,3.0208335997,13.3795668301,0.7463237831,-13.2711873693,-1.1212376487,2.9042873219,-4.0913279277,-4.2784594118,-7.4403842308,-2.5823013582,11.9625071916,-18.6782662136,4.2544722858,1.5842220116,1.0184381479,-1.486174713,-19.9386393725,-8.6393948441,4.533979352,3.0657418986,1.6758293469,-13.7679450333,2.8374350581,-3.2471473391,-1.1620249114,3.2979337039,0.837137219,2.5328669926,-0.7120446214,-0.7087276916,2.4929918388,3.229440108,-4.6026679373,5.0279553038,-4.8750324478,-3.5068952241,2.0269027578,-7.7793332496,-0.7377152421,-0.693510543,4.4540393148,14.3993117432,-3.5613308099,4.3958566079,-0.7150549234,-3.5162475788,4.574202947,-9.6539805097,-13.8329484545,1.2543773136,-2.3319471857,6.1468134268,3.7071528854,16.2591164814,-1.8211765703,11.934480606,-3.3286686598,-8.8060854668,0.3469357066,-5.4300719123,-0.0761161375,6.5061898881,-7.2946179305,-21.1331731531,-0.7452036136,1.1472730922,0.1472466461,-8.6863667431,1.6590302264,-0.1566207144,2.1920749024,0.1277449638,-0.0287933845,6.2611940724,17.0234735132,-2.1798491461,-1.8180450222,0.4898475976,-0.4954915286,-0.3781796644,-0.990847231,-3.6130431964,-4.7751787229,2.2589247381,3.5092426519,-16.0496633811,4.7169662381,0.4967573282,-0.6893466645,-3.930269884,-18.6186564358,4.4548497523,3.9942369543,21.0921439115,-6.6229425129,-0.3531066839,16.9524555634,-3.043456941,2.3238524135,-7.1147149859,-6.1244321402,-0.0921577428,-1.3640431996,-0.5551547603,6.5586846129,-2.2114105929,-12.5578975148,-0.7971785169,-1.3556429881,2.0869350663,-0.3141541601,0.7019223498,-3.4684290709,3.784435953,-0.7213524962,-1.6910380756,-1.4242699756,-15.5449637139,1.3691175842,-0.1830003555,-0.6090476786,-1.955963469,-4.3397175421,0.8266292844,1.5625356557,1.2653279424,-0.3592326332,-7.0114241806,-0.1102994681,3.752781792,0.7886853661,-0.4906779842,-0.628527013,-0.9465968969,-6.4937508859,7.318072044,-0.6491656328,1.4347019251,-2.9829059399,-0.5831462424,2.2473028615,0.2006022433,-26.3948475523,0.3580624287,1.0403767707,-0.2483644821
biasActivation=1,1,1,1,1,1
[BASIC:ACTIVATION]
"org.encog.engine.network.activation.ActivationSigmoid"
"org.encog.engine.network.activation.ActivationSigmoid"
"org.encog.engine.network.activation.ActivationSigmoid"
"org.encog.engine.network.activation.ActivationSigmoid"
"org.encog.engine.network.activation.ActivationSigmoid"
"org.encog.engine.network.activation.ActivationLinear"
