encog,BasicNetwork,java,3.4.0,1,1572778564598
[BASIC]
[BASIC:PARAMS]
[BASIC:NETWORK]
beginTraining=0
connectionLimit=0
contextTargetOffset=0,0,0,0,0,0
contextTargetSize=0,0,0,0,0,0
endTraining=5
hasContext=f
inputCount=2
layerCounts=3,8,8,8,8,3
layerFeedCounts=2,7,7,7,7,2
layerContextCount=0,0,0,0,0,0
layerIndex=0,3,11,19,27,35
output=0.5200042113,0.2745083456,1,0.9999999856,0.9353389687,0.4362081605,0.999983125,0.2513070653,0.9740826611,0.0015298529,1,0.6762309481,0.9996501194,0.7321014706,0.0024749273,0.9853432458,0.002175554,0.7330421937,1,0.0000000187,0.0098227681,0.6827357044,0.0000304986,0.999697296,0.0000009798,0.4931796431,1,1,1,0.3303118315,0.9999471192,1,1,0.0000000002,1,8,30,1
outputCount=2
weightIndex=0,16,72,128,184,205
weights=1.6125188595,-21.3339319931,-19.6493133633,14.6934282175,-7.1046553378,12.1445249476,12.4454690351,2.2366484311,19.4321295141,8.9820472208,-10.4600217482,1.4442565144,28.591273906,-14.4628893035,-16.4912389991,-18.7586514894,-14.3439981904,6.6524492686,4.038657788,-0.9268207465,4.8696802866,18.2496980036,29.462630213,-8.2840278127,-6.4781054218,5.0542508851,5.4427775483,12.1321431368,4.2219430586,-3.5744945293,-12.0474032261,2.6642398453,0.2905008382,1.7414192688,-0.1744186778,-1.6600654529,4.4146016388,7.7389675524,7.8410809516,-12.1765980998,-8.7142235567,1.5372978657,7.4049457791,-0.3100772671,13.9236506462,-1.1705946807,-2.3693495733,-2.0548684427,-14.8779237114,-6.27244626,-4.5792426317,-5.7770957578,11.0406476861,2.6474298396,-10.5969214877,15.4896822138,-4.5669694697,-5.1417918925,8.2198779237,0.8515725969,10.7535235838,-2.5307092208,-3.285631823,-2.3468887347,-16.0202770145,2.2848064934,3.9072240744,-0.1356904597,2.1489951497,-5.4024287417,-0.2837164804,-2.6895697251,0.4594785743,24.5194357714,8.3255511997,3.6934887735,-3.4935243113,4.3102290905,-9.3227574264,2.9016485131,-6.236157057,-11.1862421775,-1.2604982319,-0.3882028112,8.8275113678,1.3136004133,-7.3843223024,3.7450045854,1.7048028919,-5.9038673249,-5.9641867329,-3.6427630859,0.6859563806,-4.7679781155,8.9660842527,0.0277431565,-2.0086386219,-1.872475362,-10.4978193517,8.2061511634,6.3680884069,13.6984680329,-3.9703938996,-3.2217442559,0.9793837415,-11.3031187861,-3.2215793712,-3.6377716815,2.2620142361,-3.4458503638,9.3410167539,-0.3494105567,-23.6628403715,13.9177130062,2.3572023928,4.9537053919,-2.4398442595,-11.4211420323,-10.219342717,-0.3954126583,6.3400008658,-8.2827144932,-7.5357126874,5.831814868,3.5497669502,-2.4578516951,-2.9999429928,4.1670147604,-5.6815557042,-0.3203851524,31.1105950265,-4.0038995199,-5.4063891548,-6.9921759128,0.6246883779,-5.6679001762,2.0492774733,-3.762595279,30.9896104874,-12.2617743997,1.1360025387,-0.5220132003,0.9173239759,-1.4889615269,-2.0677588144,-8.0338801506,21.8618463587,3.2343644961,0.1505553586,0.2499169429,0.0455081246,0.0121193468,-2.6133140738,-9.1675359545,32.7161303117,-6.2153660785,-1.2137377961,-1.7724165095,0.9682388778,-0.2222819308,1.7157699903,-3.7903696684,-4.1742910436,5.441612599,2.076797799,2.7698682213,0.2519468768,1.2678788023,-2.4725051974,-9.4612588872,22.6365037995,-5.3518344266,-1.1870669728,-1.2206645844,0.7723962749,-1.6199844517,3.195601104,1.8324948051,-21.5066457083,0.8757912697,0.4259660696,-0.1791807174,-0.634935773,0.925990196,-1.5538057032,3.1023614914,0.2125730663,-1.7978471232,5.9955036791,0.4708424176,1.5796524259,0.1693193812,-18.4235758756,-1.4502448577,0.8117732079,-2.9038197218,1.4704109373,1.2749358258,-0.5547354908,1.8757641475,0.8848694787,-0.6219202997,-1.0467469247,-0.491589919,0.8886932187
biasActivation=1,1,1,1,1,1
[BASIC:ACTIVATION]
"org.encog.engine.network.activation.ActivationSigmoid"
"org.encog.engine.network.activation.ActivationSigmoid"
"org.encog.engine.network.activation.ActivationSigmoid"
"org.encog.engine.network.activation.ActivationSigmoid"
"org.encog.engine.network.activation.ActivationSigmoid"
"org.encog.engine.network.activation.ActivationLinear"
