encog,BasicNetwork,java,3.4.0,1,1572778580177
[BASIC]
[BASIC:PARAMS]
[BASIC:NETWORK]
beginTraining=0
connectionLimit=0
contextTargetOffset=0,0,0,0,0,0
contextTargetSize=0,0,0,0,0,0
endTraining=5
hasContext=f
inputCount=2
layerCounts=3,8,8,8,8,3
layerFeedCounts=2,7,7,7,7,2
layerContextCount=0,0,0,0,0,0
layerIndex=0,3,11,19,27,35
output=0.4611540073,0.3655989214,1,0.844309325,0.388842559,0.999991813,0.9610537722,0.1304606088,0.1917991647,0.0343635102,1,0.9834977795,0.998531902,0.0184582231,0.9999334902,0.0644491551,0.0011230361,0.0277796295,1,0.0316636871,0.7813623159,0.2620069811,0.1537224561,0.0000166773,0.0000260263,0.0000000532,1,0.8520357638,0,1,0.0000000002,0.0003098378,1,0.0000000008,1,8,30,1
outputCount=2
weightIndex=0,16,72,128,184,205
weights=18.2221473852,7.7718819193,-3.5058665737,-2.1345707481,10.4533412248,-18.4187598784,10.0794738973,-11.1830026186,15.0711747504,14.4679606198,9.2574702438,-14.7462150241,-6.8727833739,1.7863140894,10.5073838177,-13.7941822098,5.0169617038,6.0925491343,-3.4847460945,-7.3075991782,0.3030443528,-7.8313667299,3.5256745501,-2.0643702357,11.6718880087,-7.9402786656,0.5731754938,-5.2632287261,5.8564671327,-13.2452253354,6.5189347928,0.7058013279,3.175292233,-1.5106957258,-12.6963021899,6.4343565028,-10.8537792087,8.8629767238,7.266569694,4.3866603877,1.4473902892,1.1947227368,-6.2604437362,-2.9163940809,2.0334620866,-8.1832203593,10.2586671488,3.2142844836,-4.9184564887,-2.3240273298,4.1898925914,5.1738037477,-5.9948583487,-4.1539842954,1.989718717,0.3459715314,-8.5381867504,1.6280581684,-1.2031459933,6.3682291012,0.6657591547,-18.5312226415,0.4864584353,-1.0479497205,-8.4741850617,9.7880789576,2.0906997486,-5.8377331323,-6.8554812658,10.1294556794,-17.3421996738,1.9358092635,-10.365416224,16.1487912462,-14.0101737615,-6.4038215827,9.2821922768,-4.6822856525,0.2861294589,-3.5470876429,6.9053233101,4.6240988374,-20.2470789393,1.6400455635,-0.4313984978,-2.4256519577,0.1001863247,7.7434083259,-8.2344154022,1.8052586286,-21.5363585499,4.7067111218,4.8253280193,10.4074254597,5.582611973,-0.2046462645,11.0953603313,3.4985458098,-22.311015962,-6.3329202113,-7.8851334103,-0.133628412,6.1593983727,13.3524318233,-16.3936879305,0.6059980386,-8.9851763294,13.0017244668,1.660267101,-0.737650547,-2.1844663143,-2.2741647673,2.0741751964,0.1563531893,-17.5362652789,-2.5754838132,17.1309372203,-0.7294921786,-2.4117999613,-1.9881732556,-1.9429107647,14.301996527,9.5494295405,-7.0655964699,6.0768061233,17.2227379459,-5.4952881709,-16.0852265645,-12.776926548,0.5880238461,2.0197994066,-0.6204587044,6.3566181709,2.4713173268,-0.8676650849,2.9729031676,4.5074106584,0.1968364966,-1.2920547143,-0.4244912323,15.1011088905,0.3601762688,0.1771249326,-1.6396525254,30.525833748,0.5904539589,-8.1925237515,-0.4023039253,-5.8691187662,-9.3450164649,1.5680473868,-9.5053065989,9.382664702,-0.5027645517,-3.240102939,0.2467807133,8.2538670665,-3.314370869,0.0857490215,-3.1481480665,0.7909062244,-0.2492901695,-4.6587072367,0.9551647412,16.1265483923,-3.2699396565,3.8912259072,-3.7516753187,-21.9272191439,-0.3926786358,2.8079636801,0.1004220862,9.9068285002,2.6124229114,0.3667009224,2.7029419292,-15.8645798557,0.2589110005,-0.4680633284,0.7244378109,1.0856651589,-1.4613566635,0.3334249807,-1.3031927226,-1.2769975478,-0.1410962873,16.1995269072,-0.8309234782,-0.9677814071,-0.5800307439,1.2252047624,1.4088842805,-0.4218610084,-1.1534672697,-0.476265147,0.9789701958,1.1688581066,-0.3020007938,-8.3699928729,1.261468249,1.3656677205,-0.5680304654,0.3594060712,-0.7793973989,-0.4994815458
biasActivation=1,1,1,1,1,1
[BASIC:ACTIVATION]
"org.encog.engine.network.activation.ActivationSigmoid"
"org.encog.engine.network.activation.ActivationSigmoid"
"org.encog.engine.network.activation.ActivationSigmoid"
"org.encog.engine.network.activation.ActivationSigmoid"
"org.encog.engine.network.activation.ActivationSigmoid"
"org.encog.engine.network.activation.ActivationLinear"
