encog,BasicNetwork,java,3.4.0,1,1572778592983
[BASIC]
[BASIC:PARAMS]
[BASIC:NETWORK]
beginTraining=0
connectionLimit=0
contextTargetOffset=0,0,0,0,0,0
contextTargetSize=0,0,0,0,0,0
endTraining=5
hasContext=f
inputCount=2
layerCounts=3,8,8,8,8,3
layerFeedCounts=2,7,7,7,7,2
layerContextCount=0,0,0,0,0,0
layerIndex=0,3,11,19,27,35
output=0.5085716756,0.2763645956,1,0.8660037641,0.4013868433,0.9999967984,0.9966396709,0.9999999972,0.027104734,0.0044585586,1,0.7301434119,0.9969534844,0.876149146,0.9999951784,0.9999999938,0.0002230677,0.5460761934,1,0.9986587857,0.00922341,0.9838722167,0.073168804,0.9929213034,0.9584190351,0.9999953186,1,0.0000000012,1,0.8806276739,0.9999999998,0.0000139427,0.9087845082,1,1,8,30,1
outputCount=2
weightIndex=0,16,72,128,184,205
weights=5.7945883717,-3.6802081336,7.1378730329,-25.6669356293,13.3801217753,-19.7312780049,6.1841260672,2.0632949587,15.1441825058,15.6432739057,-16.5094289985,4.7033413882,-7.7893293157,7.6148825657,-14.6638521052,-0.8863409735,4.8304516291,-3.9911950453,-3.3360257091,5.8956418205,-4.5365479118,-6.7736802508,-4.1542305581,6.1520188846,2.1112205353,8.5437587619,-7.2308848972,3.9677906537,-8.2050595844,-10.6806922165,4.0425256417,-2.0914366057,12.9305482359,2.0049936532,3.6358207735,1.7049455382,-2.5332747187,-14.2093180276,2.9160616913,-2.7345790678,15.2186653096,8.3015506912,0.7678412211,-3.3539458252,-0.6457730827,-12.1080874011,-6.9936517678,-6.5469907762,-4.5267433011,-5.0474124129,20.8376977096,13.8963117857,-0.0807999981,-3.6796566855,-2.5260752299,-2.6680092223,0.7705120274,2.7365066765,1.9980849692,-6.2050117851,5.2520663581,2.6672696757,-7.3802978995,-3.6394170813,-0.6877988323,0.5090880472,0.734946574,4.5396935692,-13.7366665132,-5.4227090348,8.0296769777,-1.2443404207,12.0217535214,-0.1356679419,-5.4324665512,4.816961411,1.6088083126,-12.5596902207,1.1888932037,3.234511954,-0.5147509538,-2.5994656734,6.2208728737,-6.5393159369,-8.7774469956,0.0705866984,13.4007347181,-4.0663374644,-12.821163361,9.7104175064,5.540889408,1.6772605557,10.3978490767,1.2396660399,1.6046449021,-4.0203905158,2.3000166701,-3.5342448169,0.0276343671,-7.7594006082,-1.3894567718,1.5259671828,17.5098355492,-7.074023205,-6.2075980294,10.8563983905,6.0386242348,3.0730689387,13.6326179085,4.3621358492,-1.6176861195,2.7385276757,-9.6050774062,2.8212876917,3.2283484333,5.692721208,-4.8943808874,3.6896325814,-3.420106302,2.3091602006,8.2427078262,5.3640424126,-6.1664566462,-4.8199628328,-8.1301261795,-5.4346671497,14.2981548165,-2.6934458602,0.8612870596,-0.551194108,22.0955749571,-1.4577576315,1.2762493667,-11.1456697766,0.1260316367,-0.8332226419,0.1936833081,-3.0448323114,-0.9035261945,-2.0812976063,26.9325259126,6.8762315327,-2.5131587099,-2.4911736589,-0.8630897191,-1.2948723726,0.2445182791,-1.0140517239,-1.717398966,13.1508269206,-3.4408546285,-2.3058420933,0.1205071267,3.0928508045,-11.6998450363,2.0273200608,3.7005708636,-2.7905534097,2.4334966998,2.7464975695,-0.7782735763,-0.5578327513,-6.0972330428,0.0647659485,2.7212549357,15.2000241745,-2.1480435212,-0.8595203393,0.4362370339,-3.0298665958,6.3067207014,-2.6739700887,-3.7243627915,11.898972214,-3.8856684203,-3.6402747609,0.2534828459,-2.0341389044,11.3715324636,-1.020904881,-4.0911807395,7.3767781446,0.7129902235,-2.1039784855,-4.1665243428,0.4211207301,0.1938905571,1.02107616,0.9623834559,0.9235249171,-0.7470011504,0.1128418345,4.5891416892,1.1584029413,0.4200971987,0.6140958423,2.8967190422,-0.3025960924,-25.2764123238,0.5260220174,0.3270428337,-11.7205778976,2.7470897478,3.325952808,0.2130081251
biasActivation=1,1,1,1,1,1
[BASIC:ACTIVATION]
"org.encog.engine.network.activation.ActivationSigmoid"
"org.encog.engine.network.activation.ActivationSigmoid"
"org.encog.engine.network.activation.ActivationSigmoid"
"org.encog.engine.network.activation.ActivationSigmoid"
"org.encog.engine.network.activation.ActivationSigmoid"
"org.encog.engine.network.activation.ActivationLinear"
