encog,BasicNetwork,java,3.4.0,1,1572778607068
[BASIC]
[BASIC:PARAMS]
[BASIC:NETWORK]
beginTraining=0
connectionLimit=0
contextTargetOffset=0,0,0,0,0,0
contextTargetSize=0,0,0,0,0,0
endTraining=5
hasContext=f
inputCount=2
layerCounts=3,8,8,8,8,3
layerFeedCounts=2,7,7,7,7,2
layerContextCount=0,0,0,0,0,0
layerIndex=0,3,11,19,27,35
output=0.5365845911,0.1250026058,1,0.9999856355,0.08636361,0.0022285989,0.9168394159,0.0000003143,0.9999999441,0.044910848,1,0.000001677,0.0634548778,0.0134791358,0.8970490534,0.0010723081,1,0.0142901795,1,0.4952901163,0.0005043274,0.9963300886,0.000194319,0.9991928745,0.7651243846,0.9999623348,1,0.0001371828,0,1,0.0704829914,1,0,1,1,8,30,1
outputCount=2
weightIndex=0,16,72,128,184,205
weights=2.759903981,3.3276563247,6.4246065011,18.904866219,7.14412791,-10.9104888955,0.3362648704,-9.352312664,8.5315229784,-9.8022347781,-15.6621636382,-15.1479798924,-5.8142492419,2.2208966755,18.8142518215,1.2265806203,2.3243966112,1.4201952393,-21.4733018832,8.8730497193,2.9216435971,2.4509093288,2.5832527853,0.8995344925,-3.2435790055,-11.9634182287,2.0929010002,-0.9348857015,1.3638220623,0.0012605369,-0.1508698925,-0.7898627612,3.5157257907,6.126851917,-4.9343371296,1.036804935,7.058116689,-6.8394230767,3.9475675905,-0.5810467725,-9.4821539444,-1.3787286947,-1.0231103149,-13.6488448082,13.6145765933,8.7364409699,-6.8724291309,6.0923040264,-3.1287578484,0.2226564477,-3.8849913462,-0.5838098195,0.9747409399,-15.2224420621,4.8955693362,0.7405388132,-5.7179129253,-2.8213100771,0.3031966933,-1.1074118502,-4.8579383965,20.1299792709,-4.4252782108,-2.1937686884,-0.591720605,6.9632336648,7.0878459164,-3.7472634317,-5.0406581039,-1.3783525695,-1.1215286202,1.1667501605,-8.4719053729,6.9092414819,-0.7657632627,-1.0057836834,-0.4406798877,6.6024296351,-15.2798625504,2.3251177299,-15.7054223101,0.1559046408,0.4908876336,-3.567668542,-1.861766058,11.356681706,-3.6425161782,1.4117685861,15.4889076848,7.0261717979,-5.1107758534,-5.4506447366,0.4347594229,-10.993254622,1.2938853812,-0.1920469268,-0.1500996191,-4.2260093129,-2.1361335774,-1.5342031977,-7.1661675468,10.9985645448,6.0449829519,-2.9297172956,-12.8180426316,3.0251967166,-1.6997989395,3.9500766318,5.1697269634,0.6084787843,-2.1070796179,-2.3210676512,3.5616084938,-11.1126934121,11.3055481914,-3.9761700446,2.6059019387,-0.4402081323,7.172305654,2.7416174866,-7.7104311301,6.0102178345,5.5944253461,2.0919229785,-1.9950694202,7.1809518806,-11.1417086767,1.6482057347,-2.1738005945,0.9806107782,0.4429262742,-21.4076077135,-4.9102973445,-5.0446671384,4.5164045665,1.4412968508,-2.2357481849,2.0644093996,0.8841586126,16.3717568932,-10.285242959,-0.3550280155,-0.7944607699,1.4501410463,2.9356441798,-1.7164178709,-1.4879183125,-5.76859618,4.600544458,1.0766157347,5.9443695681,-3.0468994349,0.0781773254,-0.2102540479,0.7228875798,-3.0554453033,-9.17380736,-6.5498793192,0.2989540879,-0.1785033357,-1.1745342275,-0.2436126765,0.3119994137,-9.8404214494,0.6612698728,-0.1757196266,5.7728267271,1.06887141,-3.6792548037,-2.2496921039,3.0927042199,11.7233350667,-7.9084454807,-0.2764942794,3.8528594917,1.3180731118,-1.0749221372,3.3104424806,-0.1870630928,-23.8579735182,7.6387420535,-0.0242446235,2.5664139805,1.8503726897,3.3235864398,-1.1452570638,-1.1250383426,0.4007345712,-5.6797558262,0.235208346,0.3032913576,2.940894653,1.0779925936,2.4918854549,0.2879717897,-31.1535310097,-2.6217277587,1.6874689943,-3.3203034709,1.5647231437,-3.3288503479,-0.7467486371,-3.9646313257,3.6779578659,1.6697516415
biasActivation=1,1,1,1,1,1
[BASIC:ACTIVATION]
"org.encog.engine.network.activation.ActivationSigmoid"
"org.encog.engine.network.activation.ActivationSigmoid"
"org.encog.engine.network.activation.ActivationSigmoid"
"org.encog.engine.network.activation.ActivationSigmoid"
"org.encog.engine.network.activation.ActivationSigmoid"
"org.encog.engine.network.activation.ActivationLinear"
