encog,BasicNetwork,java,3.4.0,1,1572778627290
[BASIC]
[BASIC:PARAMS]
[BASIC:NETWORK]
beginTraining=0
connectionLimit=0
contextTargetOffset=0,0,0,0,0,0
contextTargetSize=0,0,0,0,0,0
endTraining=5
hasContext=f
inputCount=2
layerCounts=3,8,8,8,8,3
layerFeedCounts=2,7,7,7,7,2
layerContextCount=0,0,0,0,0,0
layerIndex=0,3,11,19,27,35
output=0.4615357074,0.2695717502,1,0.0000000012,0.6760595789,0.0008249892,0.4474496821,0.9999911191,0.5683004359,0.0000000019,1,0.9999493993,0.5074770091,0.9411309423,0.232285172,0.9999999972,0.9969356267,0.8069409691,1,0.9996777384,0.9998887184,0.999163543,0.623501645,0.9967937298,0.9999978472,0.1238375073,1,0,1,0.3051406093,0.0055445949,0.8755249099,0,0,1,8,30,1
outputCount=2
weightIndex=0,16,72,128,184,205
weights=-12.7068907473,17.8409175725,22.6624830666,-0.4133506762,4.5330220835,-10.0900463479,12.511994926,-10.8482317555,-6.7537132371,0.8044632697,-8.3637340885,19.8599099653,-14.6484258714,-1.5802915877,-10.4886520004,5.1263042817,-0.3631560527,13.4060001343,-7.6743661274,-6.2054658612,-1.9481013818,-12.1030715021,-1.2096656987,-3.3362128005,-6.0328577042,2.9558948356,3.0969947417,-8.3504948164,3.9479598611,-0.9114614005,0.7337520412,0.6618578147,13.277252937,-4.6425999222,1.8396410574,9.1397958814,5.6414829588,-13.8962779559,-6.547519638,-8.3785920318,4.1669101604,5.6547250939,0.8469675076,7.4747724701,-7.3593212908,6.8237408587,-2.6315420409,-7.100718855,2.3774477853,-4.7854202011,7.8285542266,5.7898209741,-5.7795158887,8.5672202561,-7.1484083759,5.9770736127,1.784124995,19.9675771547,0.0781905648,-13.7292153852,-0.4359124553,-4.2992674541,-0.8814741509,-3.0933921779,5.5901881642,-0.6171652901,-4.2569247683,4.632392298,-16.2612364258,-6.6486225342,-4.6016788937,4.1993710566,-0.7940276218,-2.3321613368,3.5266688553,-7.721295556,14.6415034193,5.4909949193,3.7837271552,-6.24641983,-2.3216281282,-1.3482780939,15.9802791251,8.6984263231,-10.1133729645,-5.4617169979,5.9906970539,-2.890698144,10.7950690907,1.4788349402,2.7491666639,-10.2986964698,-6.0020564289,3.2708434369,-5.0376153951,-2.488285324,7.4992794244,2.6299877664,-9.8260822237,-5.8530281927,7.1428305691,-7.7753655237,-3.6627236337,3.254228129,3.8417287559,-4.71833622,18.577026081,13.0531704449,-4.2185815041,-2.7480782974,-3.9344396984,1.3103649587,-2.4945406108,1.4527426729,-4.5497963019,-6.7147732353,16.5717818361,2.9627119935,3.4253109505,-4.3468742434,1.2387949474,-3.0793533447,1.9362170021,6.0729420118,3.5607033163,-8.4757420563,4.7937476148,1.8825739943,0.5543214854,2.6413587804,8.455968825,-10.6170719047,-0.7035390265,-0.2340616312,6.0275305733,3.4930395677,0.0565635017,4.199584333,1.6880571676,-1.9288027794,2.327001368,0.3486786304,-5.8722123302,2.3620032309,1.8380885224,0.1498981493,21.3221304011,-6.3504752878,0.8504082475,-0.3612051501,-1.0162192615,-0.279990153,0.5336199348,-1.5702581439,24.8724640789,6.2237582973,-4.0742394146,-0.1034816753,-0.1514464534,-1.9823130971,0.1179515739,3.6440529315,-10.1772304595,-22.9969606158,2.3483403264,-0.2538904143,4.2920256962,3.2723472812,2.7873275517,5.5931523256,4.8023008231,-12.8317474127,0.896157179,-0.825903976,-3.3723731938,5.2767689527,0.4607005455,3.0853541548,-29.3236002751,10.5576652191,1.9548421164,-1.2625033536,-0.9149407025,2.1358348688,3.2494737284,-4.4022027736,0.6282031975,1.0034076833,0.6137450737,-0.0333778933,0.8326928561,0.2342275325,-14.51130565,1.1465704487,-0.2670632141,-6.3500388529,0.4794018893,-0.1146144377,1.5539360038,-4.1510068469,-4.0456477836,-0.4585196179,1.4801052711,-4.1598286516,0.116834689
biasActivation=1,1,1,1,1,1
[BASIC:ACTIVATION]
"org.encog.engine.network.activation.ActivationSigmoid"
"org.encog.engine.network.activation.ActivationSigmoid"
"org.encog.engine.network.activation.ActivationSigmoid"
"org.encog.engine.network.activation.ActivationSigmoid"
"org.encog.engine.network.activation.ActivationSigmoid"
"org.encog.engine.network.activation.ActivationLinear"
