encog,BasicNetwork,java,3.4.0,1,1572778658349
[BASIC]
[BASIC:PARAMS]
[BASIC:NETWORK]
beginTraining=0
connectionLimit=0
contextTargetOffset=0,0,0,0,0,0
contextTargetSize=0,0,0,0,0,0
endTraining=5
hasContext=f
inputCount=2
layerCounts=3,8,8,8,8,3
layerFeedCounts=2,7,7,7,7,2
layerContextCount=0,0,0,0,0,0
layerIndex=0,3,11,19,27,35
output=0.8636373019,0.6818156069,1,0.0950312347,0.0001398701,0.88352462,0.006543692,0.0090831705,0.9999783241,0.6551309373,1,0.9585002515,0.6138312601,0.9293855625,0.0000303856,0.0035672343,0.4853952622,0.0275339516,1,0.9734406433,0.0751702439,0.0020961517,0.4146628973,0.0000097486,0.997387096,0.9994609552,1,1,0.0454672351,0,1,0,0.0000166466,0.3480222307,1,8,29,1
outputCount=2
weightIndex=0,16,72,128,184,205
weights=-12.3334290543,-6.3230381319,-7.9784086637,-10.0392524353,10.8061433851,8.7554468588,7.2531985839,-3.4716115963,7.8101249522,10.9850030108,-6.2041719447,12.0362646958,-9.4090678196,13.1414051757,-7.9233805972,-2.4436414563,-4.3875005727,6.9069814679,-6.868866942,4.4868902953,-11.1743737967,-4.899273319,3.9032857324,6.4061666741,-1.817643844,-6.8608820589,-1.1315082451,5.7328152933,10.1188810288,-0.4660410127,0.2699455785,-1.6869021155,1.08524924,5.3749708522,-0.3609923031,1.7023444401,-3.1702549737,-4.199323941,1.2839301029,0.0364410632,-10.038950824,0.5592052154,7.4005731246,-8.1001485586,2.6324808381,3.8165622258,-6.3572361079,-4.3082410605,-12.8869796993,4.4359531391,4.3141749057,1.4856567553,0.3514382602,-5.1959069687,4.8700202386,3.3141863292,9.5260421199,-0.8822196008,0.3459186471,-9.1823612958,2.4546942647,-0.8942218749,6.2021466667,2.0834221512,-3.2790796605,12.2485487286,-3.7012861211,3.1968140828,-1.1449183625,4.0960270202,-1.004800458,-2.2504901621,12.4192670784,-2.4476762222,4.9872488248,2.3152510155,-7.1029328728,0.6471635311,-9.628429184,-0.7584114653,-9.0138697623,-1.4035702762,-2.1360489399,0.4677812185,7.0820769397,12.3457815536,0.7982377558,-3.9574742082,1.4347237752,4.8477259797,2.1748608729,3.4700813796,-4.7167825448,-6.1041603513,4.2662730391,1.1970764668,-12.4319715485,1.8855342224,2.322468948,7.6562322917,-11.1819995021,-2.2674134349,-1.6211535728,2.2607919934,-13.0494098632,1.6523685482,5.1143382523,-10.6847169596,-1.3889692599,4.4049120839,3.1082837002,3.8660640565,0.6579059444,1.6968696015,5.1575510677,3.3191437841,-3.0794538838,3.3477084257,-4.8215301455,-0.7335588887,-5.4636952294,-1.4328532121,-3.7687333648,11.0177669146,-14.2014619742,-5.8063225559,3.0596885162,0.0343667235,5.1781284259,0.8513989824,0.7861602942,4.5968302708,-1.9095812234,-7.8326329491,-20.1669271755,0.806454662,-0.3952710441,-3.9090879064,-0.7340391662,-2.0502954477,-0.417612875,-1.2369491985,5.0903987438,-1.658103638,-0.0106114346,-1.3745307161,-0.888929618,-3.8878924882,-0.6223452078,7.6680667666,-1.0919363038,-1.8246633015,0.2485995694,17.3626045048,-0.6844727789,0.1673255148,0.314438325,-1.820707189,-4.4840669716,0.0105085627,-11.2729571645,17.4937807404,0.0857703741,0.0283453683,0.9900918833,-14.7516448707,3.8548633814,-2.43049161,-1.3707059223,-1.1878044689,-0.0382713901,-1.1337400151,0.5200690094,-1.1552578913,18.9036846512,1.9242455531,9.8059382953,2.7468189521,-0.1719965898,-1.8629460281,-0.8996793271,-3.2070588835,4.8948071391,-2.2461581894,-1.8922880094,1.7883953107,-2.0027751781,1.0144106142,-0.2840146501,-2.9230900719,-0.527624756,-0.9848139901,-0.6334431534,-0.4623088713,4.561480536,-0.7537800122,-0.6199100334,-1.6660230187,-0.8544756532,0.9737775405,-0.5391707155,-3.1575588969,1.4458724291,0.2428615279,-19.2377078484
biasActivation=1,1,1,1,1,1
[BASIC:ACTIVATION]
"org.encog.engine.network.activation.ActivationSigmoid"
"org.encog.engine.network.activation.ActivationSigmoid"
"org.encog.engine.network.activation.ActivationSigmoid"
"org.encog.engine.network.activation.ActivationSigmoid"
"org.encog.engine.network.activation.ActivationSigmoid"
"org.encog.engine.network.activation.ActivationLinear"
