encog,BasicNetwork,java,3.4.0,1,1572778673164
[BASIC]
[BASIC:PARAMS]
[BASIC:NETWORK]
beginTraining=0
connectionLimit=0
contextTargetOffset=0,0,0,0,0,0
contextTargetSize=0,0,0,0,0,0
endTraining=5
hasContext=f
inputCount=2
layerCounts=3,8,8,8,8,3
layerFeedCounts=2,7,7,7,7,2
layerContextCount=0,0,0,0,0,0
layerIndex=0,3,11,19,27,35
output=0.7777807724,0.4230759065,1,0.0000009529,0.0011969928,0,0.9950404709,0.013020865,0.9997519179,0.9999858902,1,0.9999228136,0.9999895127,0.00045615,0.9985083095,0.0103507925,0.7787774153,0.96005429,1,0.9416559563,0.517292266,0.0000014399,0.0244675907,0.9988315243,0.2082213626,0.051979399,1,0.9998964215,1,0.2730887863,0,0.71944059,1,0.5235245264,1,8,30,1
outputCount=2
weightIndex=0,16,72,128,184,205
weights=-6.4040140877,17.984649,-15.4340208156,-1.8551558042,-4.7756247395,13.1661306882,-17.3006435047,7.2769317603,-3.2290159329,10.3790009676,2.6994105033,-11.5775897219,-19.5277777587,-11.0006890543,21.4616400532,0.9884820275,-3.0418279789,-4.3224665897,8.1071940958,-4.6068084219,6.2543387618,-1.7547282967,1.7249246967,-2.2577073609,-5.2859386696,-8.3564050935,-2.1258139977,4.0879713637,-11.6354871637,-7.7869989419,7.8786165956,1.4550750406,-8.4980359999,-6.0364661679,-1.6489511639,2.9358544582,20.9978704494,-1.0829150818,-12.236338327,-4.0782001296,-0.6518015925,2.1800735685,-0.8019737873,0.3389211995,-5.9779608263,-3.9143537005,-0.8953379974,7.4049833444,-5.0249647565,-2.2200907656,-1.716863801,-6.2235121308,-7.12200842,-5.9523113055,23.1622056728,-8.396170604,-7.2799066073,16.4957477036,4.4649163599,-3.588109784,-22.8713792661,7.7970122268,-3.9601082777,0.6325123447,-2.5190727084,2.6337925246,6.9706312336,4.8238569145,-5.9916059683,9.1849629685,10.2235783186,-10.6723163153,-2.3215562031,-1.2537593473,-8.8392864987,-0.9592869053,15.0484279648,-0.8135094922,7.8531527942,-2.9422945353,-3.2389717766,-0.7341513473,-8.2317552614,-0.9106321137,12.7798945588,4.8861565361,2.5754358233,1.0011643211,-7.1500326999,-7.8567021619,-1.6568365465,-1.3682317861,0.1235784599,9.9639997683,7.3205292594,0.5596608862,9.6083976859,0.8487694748,5.266836776,0.8766114827,-2.3705811159,-4.5735973962,-13.8331809919,1.0372017692,4.3944517879,0.9386695782,10.3827991741,-3.8952925125,-4.5065062897,-15.6747956331,10.8814841855,-1.8891673579,1.0961037863,-2.5089824184,-6.144586481,-4.2253440406,-2.1516196904,6.0011444566,11.2057266955,1.9447454462,-4.3186715399,1.9503119551,-10.4005078701,2.001124527,2.9298558054,17.9906087162,-10.9750747375,0.0863587111,0.2394822521,2.4802012946,-14.5930190338,-7.4878738038,2.9082931752,0.039790522,-0.3343818058,2.0897362182,1.0643640481,1.3022134684,-4.8996275144,0.4814307365,-6.4321839086,0.5253210083,4.3672207234,0.8566687379,0.6718331173,2.7827927806,-12.4802481179,3.6870594257,-18.8154453748,2.4100888574,-10.6776061228,3.2192333542,0.1188179505,-1.2357635974,-1.4203705118,-4.3112987432,-4.6269433021,-0.12156885,2.3653861037,0.0312532732,-1.3225218494,-2.1137630967,5.7552053159,-0.0603421796,17.0785550619,-3.1297555696,4.5387267973,-2.9180329815,-0.5903516401,1.5697445726,20.3950885417,-2.6098340806,-8.0159904285,3.8050143904,-11.8864968255,0.3000829603,-3.3196108092,-2.152127675,6.4850714173,1.4956934607,4.8568544968,-3.1306357988,4.5659899871,-1.9571246155,-0.1359348407,0.3340519721,0.2409963788,0.7830678115,1.2056624033,1.0741026975,0.9565664235,0.1215168884,-12.277045416,1.0111215573,-2.273707818,0.8990906455,1.295464665,0.2562662444,-17.1100162026,0.7166004374,2.583462767,0.23689974,2.3515525572,0.1237306398,-22.4301720198
biasActivation=1,1,1,1,1,1
[BASIC:ACTIVATION]
"org.encog.engine.network.activation.ActivationSigmoid"
"org.encog.engine.network.activation.ActivationSigmoid"
"org.encog.engine.network.activation.ActivationSigmoid"
"org.encog.engine.network.activation.ActivationSigmoid"
"org.encog.engine.network.activation.ActivationSigmoid"
"org.encog.engine.network.activation.ActivationLinear"
