encog,BasicNetwork,java,3.4.0,1,1572778684912
[BASIC]
[BASIC:PARAMS]
[BASIC:NETWORK]
beginTraining=0
connectionLimit=0
contextTargetOffset=0,0,0,0,0,0
contextTargetSize=0,0,0,0,0,0
endTraining=5
hasContext=f
inputCount=2
layerCounts=3,8,8,8,8,3
layerFeedCounts=2,7,7,7,7,2
layerContextCount=0,0,0,0,0,0
layerIndex=0,3,11,19,27,35
output=0.9998685124,0.842109001,1,0.8070984563,0.0058608361,0.4521318291,0.9943635798,0.066292666,0.0001342244,0.0161116694,1,0.9999764566,0.7410608656,0.6944148987,0.9897572373,0.9284903889,0.3698746458,0.9956920076,1,0.0904696389,0.9999995443,0.9414558266,0.9995233337,0.0002900765,0.7478500353,0.176316674,1,0,0,0.0000000063,0.0032036271,0.9999999735,0.9502125112,0.0895810377,1,8,30,1
outputCount=2
weightIndex=0,16,72,128,184,205
weights=-6.1651664845,-9.143794476,2.1524980227,6.1867502635,-4.7449203236,5.0855537372,-16.9595896187,7.4279790354,1.1536157312,-3.4403384407,-14.3853174676,5.2713471145,15.2489926539,-14.1188898804,9.1968501029,0.868332756,-2.6503129297,-1.7121911669,7.7468440048,2.3246692879,-9.1702946516,-2.4064258424,3.4556155933,3.6338495214,-0.7750390465,-3.2087846363,9.1564286553,-2.417019563,-2.5598249633,2.35093512,-2.1290467844,-2.3196608252,-5.6394445586,11.7426973662,-5.1041459132,3.10412431,-13.2421454041,3.7163347722,4.2717035369,3.8845885364,2.4713217437,2.9398116517,4.1795153222,-0.8977424402,0.6477594741,-3.2616457142,-0.0361392388,-0.8498146409,-5.1280470204,1.6902261149,10.6199839422,-1.7630138329,-12.1123126,-2.4872626009,7.2595703226,0.5384077811,-11.1019313575,3.1447891191,-3.3141961315,0.2371669305,3.3297255071,8.3122842443,-3.7240676423,-0.5360808353,-11.466422338,1.5997743842,-9.9731506238,0.3182549129,6.4981723339,-0.9315541323,6.8052405725,0.3143069235,-1.7721511396,11.7373490177,3.487991664,-2.9763994963,5.3298263136,3.5448427951,-12.5628428908,-1.6667055421,3.2062687271,-0.334547886,-4.8314204528,9.1504280114,0.0575297793,-4.0147011779,-6.7537461428,0.6916459015,-6.1260947995,11.29710001,-7.287056398,-3.4336753471,-9.1709970083,5.3035695503,13.8939945294,-6.0429049178,0.6942455456,0.0678364877,0.5925139481,1.9796448647,0.6718120291,0.7704962281,0.6581379412,1.2112655752,-2.4048070907,-2.3670094056,-6.7288226469,14.2658102543,-11.4047856906,-1.0937823262,-0.3016936276,-1.9013353844,2.027078254,3.0589448356,-3.6877486775,1.9951095225,1.6372857053,-0.1880638116,-2.4697868088,-1.7217599563,0.4913129477,0.4188557626,-2.1462317196,4.6372826332,0.9757780604,-1.7839408362,-10.5302506915,5.5556676051,0.1274111774,-0.0433364261,0.4481059966,3.5709883286,-2.1490649611,2.4177506173,-1.4817473549,-2.334929701,1.2208222195,-0.2065196622,0.4536443015,-6.5332875427,-0.1795826369,15.0184375286,8.5794128741,-0.2372917936,-4.5881171946,-0.3084072058,0.1130863519,-0.2077762028,-0.1191903142,2.473869989,10.1527598358,-0.3626951703,5.5047945502,0.6124355519,-0.3842050033,2.3406119101,-0.8628134052,11.1241654957,-9.4784687095,-1.2176980497,-0.1123428974,-0.3530600033,0.3882407078,-1.0122296255,-1.9560670487,-6.2196438404,10.9591720861,-1.2575166026,1.8839901755,-0.8784404447,-0.7701550606,-7.1798042426,2.7817566434,-4.5225952349,0.0002369551,2.6258286611,3.1752326382,-0.7466990116,0.0639264053,-1.3987389756,5.8410001974,-15.4765596698,7.6137714696,6.6459475942,3.3074642797,-2.4571246595,0.4932330279,-1.0712314644,-0.9794400384,0.8051634625,-1.0070859894,-0.3704150937,0.2806728695,5.4002927463,-1.5117990056,-3.5886346649,0.9664875415,0.2975962332,0.7879575929,-0.8099586708,0.2416755414,2.1783250567,-0.4147246685,-0.1263698589,4.7901318881
biasActivation=1,1,1,1,1,1
[BASIC:ACTIVATION]
"org.encog.engine.network.activation.ActivationSigmoid"
"org.encog.engine.network.activation.ActivationSigmoid"
"org.encog.engine.network.activation.ActivationSigmoid"
"org.encog.engine.network.activation.ActivationSigmoid"
"org.encog.engine.network.activation.ActivationSigmoid"
"org.encog.engine.network.activation.ActivationLinear"
