encog,BasicNetwork,java,3.4.0,1,1572778705506
[BASIC]
[BASIC:PARAMS]
[BASIC:NETWORK]
beginTraining=0
connectionLimit=0
contextTargetOffset=0,0,0,0,0,0
contextTargetSize=0,0,0,0,0,0
endTraining=5
hasContext=f
inputCount=2
layerCounts=3,8,8,8,8,3
layerFeedCounts=2,7,7,7,7,2
layerContextCount=0,0,0,0,0,0
layerIndex=0,3,11,19,27,35
output=0.0939584982,0.0540487482,1,0.1732594471,0.0000000009,0,0.7632498624,0.5514700152,0.001338352,0.8892768537,1,1,0.8188744632,0.8919337775,0.9992847979,0.0064618851,0.7358162789,0.933989538,1,0.9998370231,0.9502891937,0.0000000001,0.4724028183,0.0001020895,0.9999004398,0.5306380467,1,0,0.0490733132,1,0.9999999999,0.9999994256,1,0.0000034912,1,8,30,1
outputCount=2
weightIndex=0,16,72,128,184,205
weights=27.6342569134,1.1940095011,8.6317473438,26.9088887744,24.679551246,-1.1179521352,-12.2563715651,-30.30156241,18.2490904468,3.3135771408,-36.3542503155,26.1839928225,-22.0219612025,-2.4418414124,-36.8089004679,18.8719616227,7.6044373164,-21.3638041286,4.2532740158,-6.2635416397,4.2800891774,8.7669015639,3.436511543,1.1044065834,-0.9065208555,4.2330678961,5.9439518141,-31.7989756879,5.1617345838,9.6589949697,-5.8367254602,1.42267576,-9.3011809595,-17.9692199505,17.8438548989,-19.8689134861,-23.2018420703,4.4928116824,-18.4776480459,14.21596776,-25.665016735,25.7418258409,15.1524097688,-7.8926849572,-3.8283207169,-16.4529574875,15.728757064,-2.4310353551,-1.247592285,-9.804608172,-7.4283111727,23.9323529622,-3.7387847867,9.5952047394,-13.060595234,-2.6444163163,-0.3271569521,0.1561610576,-3.0695037658,-0.3379978772,-0.8877174676,-1.7947373439,-0.3317765033,-1.7039370751,-9.5921711829,-0.100936733,8.7419451885,-11.2346804235,14.3580582507,-6.8608500224,20.9358341805,0.5893054737,20.346209742,3.8587684789,-8.9055555617,-18.2978231473,-5.3389960319,24.3453845934,-0.2766960696,-0.0269956264,11.7635902224,-9.2015360014,2.8034942313,-2.2284680464,-1.4483905568,5.3530223647,-4.7628017708,-3.2810955113,1.1681145274,-9.616713171,1.4795497964,-7.8311478753,-0.487508818,-2.2438745754,24.7807236163,2.8749446285,-3.6298713567,8.2882285864,-11.5510705831,5.6984856678,-0.0574591002,9.1670912607,-18.3686136988,0.884227505,-17.1893079982,2.7578919718,7.52683491,8.7174630386,2.4804220693,-1.8967205415,1.0937429703,6.728102995,2.1172677923,-18.1813586844,8.4068355539,-9.1388892852,0.6256055511,25.1579968857,-5.0092086972,-1.9952805951,-1.5504255075,8.964867615,-0.4464917894,-1.6945205622,-0.5213350595,7.1845688271,-9.9208471501,-5.4383170651,3.4498287244,-12.1598772743,5.0358417575,-13.541461695,6.3063024409,5.9445906715,0.2772481362,5.5731937902,-0.1327573353,-14.0331083914,-0.6607861576,1.6166156316,0.8539155135,1.5974675369,-0.7876320071,0.2319858508,10.0103270803,37.9902486758,-3.5855718341,-24.2891264742,0.7998369226,0.7726462252,-0.8895683748,0.7191960892,-4.071759008,15.5854317148,3.1432582349,6.3876303291,-4.2279722076,-3.2521755859,-0.1423132968,-2.9260725021,-2.2631958844,-6.5370819365,-1.0252175041,-3.2466364069,-0.8144234927,-1.780495121,0.6510443236,-2.001992717,-2.6482188875,-30.2356889988,0.4436204497,7.6138680195,0.9384521665,0.6696152131,-0.4154128073,1.0328598014,1.6058372426,35.7776072413,-1.1652185833,0.0488248046,-0.9755251663,0.1397452882,0.7332541614,0.3191507303,3.6015586698,-5.0310081331,0.117708139,1.8282369714,0.120925123,-21.2177710625,-1.3251533591,5.4071980981,0.417521766,-1.9023145319,1.1849386774,3.3229706363,1.0421755988,0.1751982338,0.7765065918,0.871255678,1.0289043452,0.2313530579,-0.9971226442,-0.1206925223,-0.9675123249
biasActivation=1,1,1,1,1,1
[BASIC:ACTIVATION]
"org.encog.engine.network.activation.ActivationSigmoid"
"org.encog.engine.network.activation.ActivationSigmoid"
"org.encog.engine.network.activation.ActivationSigmoid"
"org.encog.engine.network.activation.ActivationSigmoid"
"org.encog.engine.network.activation.ActivationSigmoid"
"org.encog.engine.network.activation.ActivationLinear"
