encog,BasicNetwork,java,3.4.0,1,1572767384819
[BASIC]
[BASIC:PARAMS]
[BASIC:NETWORK]
beginTraining=0
connectionLimit=0
contextTargetOffset=0,0,0,0,0,0
contextTargetSize=0,0,0,0,0,0
endTraining=5
hasContext=f
inputCount=2
layerCounts=3,8,8,8,8,3
layerFeedCounts=2,7,7,7,7,2
layerContextCount=0,0,0,0,0,0
layerIndex=0,3,11,19,27,35
output=0.0003808151,0.0000150064,1,0.3176883464,0.0000874679,0.0000000021,0.5524267632,0.0000000164,0.9999999964,0.9999999938,1,0.999999997,0.9980119217,0.9993780622,0.9999773014,0.9576127852,0.9999924729,0.9999993183,1,0.0006475696,0.0149859141,0.0034187802,0.0073628911,0.5448877108,0.9999998828,0.9999999477,1,0,0.000000003,0,0.8136921993,0.9996854527,0,0,1,8,30,1
outputCount=2
weightIndex=0,16,72,128,184,205
weights=6.4007502568,3.1979542101,2.4000812819,20.7805166805,18.2425865635,4.4566652075,-21.9500142462,-3.8929042464,-21.1776576571,-12.296427014,16.4068297598,13.710034335,4.87660956,-11.5783037895,-0.879278964,0.5057445415,8.1720925915,-0.8688922455,2.4551717538,4.1284229186,-3.204894872,-17.6110074502,7.7643808004,-1.7357697231,-20.1443138632,-2.3353097482,-0.8889691812,12.9623712399,3.1382791269,0.2196377225,0.3517747163,-2.5194974177,0.0949607224,2.8707316704,-21.5562266029,5.5741198335,-2.791405663,-4.9089066614,-2.5522912486,3.1708518683,-6.2363469386,-2.9378157846,-5.0765325864,4.4462092991,6.7481851885,11.258053362,-4.5050564432,-3.2089939559,8.3203537555,1.7807876067,6.4291214489,-24.6452674277,1.7964900987,-12.8858755375,-1.159336338,2.5211062508,3.565679155,-9.3774758215,3.4387280009,0.4898934174,21.694519581,14.8093108545,-5.3269227868,-8.9407516166,-7.3335189049,-3.8842991916,3.0403637273,1.7209581491,4.3040371716,6.4359187713,17.3351567406,-2.5398613619,-9.8939224847,-6.6638079112,0.2053012526,-2.161899783,-3.1389542675,0.4090967584,17.7526082023,3.2933671797,1.2508632721,1.6544882175,1.962811569,2.4965888651,1.466730849,1.0285595496,0.9120298279,3.4281073373,6.6569281677,2.7528366827,-11.3536141839,-22.4369953695,15.1000697153,0.2933061762,-0.6021941308,-0.3784540703,-2.3631409255,-13.8266786645,-6.7700535389,-12.4108204327,3.2029738574,2.9910666068,8.0219549279,-1.7418367734,-1.3262979405,1.0344373268,4.8269925616,-5.3438103159,-1.4524856089,15.6324663552,-1.5978042438,-10.1174217299,6.5293116434,-9.682587513,-0.2677999017,3.0173543976,5.3635783672,-0.0741682424,8.4527298462,0.6154555284,5.4671184087,-3.8503305828,0.3530143415,-4.6205501697,13.5917587457,4.4410136824,1.0934592721,1.3452680015,-3.2477186349,6.3742366636,-8.3011749292,3.6018224002,-14.5443281453,-0.6064423602,0.4181045629,4.2673420295,-0.8706001134,8.1370711769,3.0812410214,-11.1483787703,5.3554286032,1.1583131995,0.6788384556,-0.4679404913,0.4612490513,4.6808352642,0.4647817367,-14.3322160524,2.498818806,-0.0625759941,-0.8549005363,3.4889327466,0.7391835967,5.2298092814,3.5866792735,-14.5666605444,4.0426787138,1.7387284621,0.7041139462,2.9074584653,-1.0153223567,1.8905249547,-8.0757615677,2.7397320783,-0.2173342606,-1.2058208091,-0.9638715141,-1.8319971669,-1.9141187175,-3.8708496173,-5.763779247,22.7176634394,-2.133421623,-0.981671222,-0.8234389075,-0.3929864385,1.6678936105,-17.4517882445,-1.1925265145,21.502477917,2.8158363371,-0.7262049463,-0.7376439867,-3.5446938141,1.2720976021,-6.7161819641,-0.5455028072,7.6003516303,-2.7498522681,2.0540428404,1.5418797068,-8.6043795308,-1.7104553262,-1.5724430636,-0.1235306557,17.759646192,-0.1414853008,0.3371988687,-0.920022042,-2.3685824247,-2.2533586107,-1.0122962938,-0.8869941641,-0.7685737246,-0.7751232727
biasActivation=1,1,1,1,1,1
[BASIC:ACTIVATION]
"org.encog.engine.network.activation.ActivationSigmoid"
"org.encog.engine.network.activation.ActivationSigmoid"
"org.encog.engine.network.activation.ActivationSigmoid"
"org.encog.engine.network.activation.ActivationSigmoid"
"org.encog.engine.network.activation.ActivationSigmoid"
"org.encog.engine.network.activation.ActivationLinear"
