encog,BasicNetwork,java,3.4.0,1,1572778714612
[BASIC]
[BASIC:PARAMS]
[BASIC:NETWORK]
beginTraining=0
connectionLimit=0
contextTargetOffset=0,0,0,0,0,0
contextTargetSize=0,0,0,0,0,0
endTraining=5
hasContext=f
inputCount=2
layerCounts=3,8,8,8,8,3
layerFeedCounts=2,7,7,7,7,2
layerContextCount=0,0,0,0,0,0
layerIndex=0,3,11,19,27,35
output=0.000019903,0.0000009697,1,0.000014979,0.9981594009,0.0046035995,0.0007161643,0.0000005117,0.9818966505,0.0000002181,1,0.0882846154,0.0054065255,0.9937672291,0.9998693652,0.9962352897,0.0011570662,0.061579797,1,0.7334636006,0.0004091427,0.9999890131,0.9937821684,0.9994385039,0.0005565812,0.998083322,1,0,0,0,0.9889997791,0.5500480936,0,0.0046718446,1,8,30,1
outputCount=2
weightIndex=0,16,72,128,184,205
weights=-1.9016889341,4.9662586206,3.2970704809,6.4085843113,-8.9530397159,-11.1996354642,1.4201274696,-4.8045910183,13.753344136,-8.5449649118,4.3613397611,-1.4000169823,11.8641559632,-5.8342919421,-17.2514978398,0.3923028808,3.7337193747,7.8061626123,-8.1859469302,-9.4520386728,3.2468396061,-0.8863320547,-4.7931653245,3.1666230535,-2.411318456,-0.210083158,6.9894785987,-5.2394327861,6.1898148632,0.2567930872,5.2368847244,-1.6866218743,-0.027721186,3.3833473236,-9.5853258421,0.451954329,0.5625153386,3.0550273326,-4.0522028247,3.3671413843,2.7210032065,3.7470504956,-1.3026253019,-6.3900503533,-0.1616856065,2.3736254613,-2.4962896482,0.494407664,2.1796237725,8.7760385996,-4.1015348441,-8.6150998581,-1.308286157,-6.6389827099,-11.5081478586,-0.0158208808,-1.9947501341,-7.0556951958,15.0928915016,-9.6933505734,-5.6351003985,4.6860522495,-4.4311526645,4.7822382317,1.4447194681,2.5461810925,-9.6324801302,-4.1923187088,-0.540751384,4.6664419872,-0.7647502137,-1.1347825749,3.1473173813,5.7377435728,-0.087933122,1.7913823038,-3.5505584292,-0.1986808783,-2.6685578042,-0.1257455062,4.2784675977,11.6595238694,-2.2567049999,2.0107474173,-6.2132110859,3.927662359,-3.3066710001,1.4087066817,9.8418685448,-4.7536440958,-7.0720944215,4.0975803117,3.5265543264,-3.4356240595,-3.3996622864,0.7253733013,7.1482702924,-8.981040515,-0.2046329311,-4.8966405146,11.0771513929,7.6601155832,-2.1051550453,-0.1995973947,4.9744691028,-7.6412116228,4.3254766021,-5.5216963995,2.130185071,2.8375149694,-0.5440967541,1.5072668311,-11.0769495542,4.3156019341,0.0976363191,-0.5817612885,4.4982310952,-0.090585489,-2.5644443501,-0.0935532996,3.1740522366,0.9816206728,-0.1428195555,-10.1276620752,5.0220021646,0.7780530399,-2.7183854343,2.8487503629,0.3656451053,-0.5504696057,-0.3027032408,5.2298780148,10.3598025053,-3.5705168828,11.5560497938,-9.9124587332,-0.2361590532,0.2666452707,0.2014662874,-1.4947110536,-8.1830452559,1.2593575618,17.350469567,-1.9027587238,-0.3609759283,-0.2386860624,-0.7222297802,4.0890154243,2.3814013048,-1.6961697523,-7.3951010965,6.0994245955,-0.4940449873,0.0003656265,-0.1876345504,2.6403340656,7.6681511489,-9.5536908027,-0.5499214792,-1.7524757812,1.0062229205,-1.7187881405,-0.8378198431,5.7681480894,10.6469971984,-3.4509251612,-7.1166118593,-4.0434659213,0.6140080602,-0.0579466555,0.7999075885,0.9790431448,-1.7688805523,-5.5521517331,13.289449336,-7.5505309803,-0.882999081,-0.7156016653,0.5076339398,8.7928559161,-5.01180406,-3.2596807567,-0.4836008198,0.3181033257,-0.4544664485,-1.6430978645,-0.8568055286,1.4958379818,-5.5390311064,0.9826770888,-0.6113573433,-0.9540395984,0.5838248599,-1.7695363111,0.7297407716,-3.2371539056,-1.7982187391,-0.1572763743,19.3049061567,1.3912609103,-2.4345713103,0.8688834291,0.9672633859,-0.2918629129,-4.3437382111
biasActivation=1,1,1,1,1,1
[BASIC:ACTIVATION]
"org.encog.engine.network.activation.ActivationSigmoid"
"org.encog.engine.network.activation.ActivationSigmoid"
"org.encog.engine.network.activation.ActivationSigmoid"
"org.encog.engine.network.activation.ActivationSigmoid"
"org.encog.engine.network.activation.ActivationSigmoid"
"org.encog.engine.network.activation.ActivationLinear"
