encog,BasicNetwork,java,3.4.0,1,1572778723737
[BASIC]
[BASIC:PARAMS]
[BASIC:NETWORK]
beginTraining=0
connectionLimit=0
contextTargetOffset=0,0,0,0,0,0
contextTargetSize=0,0,0,0,0,0
endTraining=5
hasContext=f
inputCount=2
layerCounts=3,8,8,8,8,3
layerFeedCounts=2,7,7,7,7,2
layerContextCount=0,0,0,0,0,0
layerIndex=0,3,11,19,27,35
output=0.6398471689,0.318994238,1,0.8804797299,0.0008346403,0.9477913344,0.78317021,0.1027018464,0.0124770231,0.3898360791,1,0.5081049349,0.3436518642,0.7118743055,0.9863130381,0.749465203,0.9289264842,0.0005439126,1,0.9798753452,0.5617153801,0.8390180555,0.0000009406,0.0028328476,0.1045411652,0.9998176692,1,0.000073519,0.0016260737,0.9999999993,0.9986750792,0.0781947392,0,0,1,8,30,1
outputCount=2
weightIndex=0,16,72,128,184,205
weights=-1.0200522253,-9.3348269794,-10.5450769725,11.4797785974,0.2625427471,6.453505784,2.1567893179,1.536260911,16.6850398504,9.7138238306,-4.2984054298,-8.5675730929,2.9768844066,-1.2420832283,-10.1955215343,-0.9891371065,3.6325390884,-8.8330982792,-3.4043261904,1.2417412273,-9.1312186239,10.5200140047,-13.2296426676,1.4638941256,-3.4710885108,11.1802941809,6.0263264946,-7.0942074514,-1.79703592,-5.6750480979,5.9841817167,0.1562593326,-1.1239305017,-2.2469553606,-5.9165788097,4.9754933514,-5.1900542643,4.6525871045,-2.4896417121,3.1158052171,-0.9272528854,-0.9597493038,-1.7364746709,7.4128660908,2.9959916054,-11.0852986139,-8.1700268722,4.0664238075,-2.5513944272,-3.2623822259,0.1514521181,-8.2463204235,8.6201427828,0.9830747264,3.0231136213,0.9002346906,-3.2499572928,-10.0150155663,-7.8697778872,-4.7557721545,6.6865975952,3.8527236252,-0.8878352018,2.4248735632,7.7246271092,2.7540492969,-3.8861183678,-2.6376707231,2.7000648438,-1.8036751124,-3.0442487098,-0.2978270547,0.1737952121,9.9733159114,-8.2027814136,-2.2257916586,3.3639324539,0.2355265176,0.9743262106,0.1339435169,1.4598827213,3.4312235059,-1.1754135826,2.3117285952,-11.2019540066,3.88125287,-2.8915847802,-0.5017049918,1.6338424091,13.3984636889,-5.5500212036,3.4329483851,-2.6509211541,0.0395625721,-4.3991890611,0.8357449766,-0.1541381473,12.2980850055,-7.4476911964,-5.298270003,-3.3700894073,-1.0291242811,2.4518961147,1.4349788789,3.879735889,-8.6181359208,10.8928786855,3.9256959158,-0.9587774152,4.045551003,-6.782047544,-0.6436811427,-0.7250820734,-3.4014347792,4.7030584609,7.6541182533,2.5237510934,-4.5164626453,3.2432115776,-1.532128436,-2.869007781,5.6905025971,0.8186924357,7.6275312149,-2.6569747475,-4.0745968089,-5.8720828122,-2.2837536088,-0.8556019025,0.1362310991,2.2545245093,2.4263926409,1.1758397855,0.0573390693,-1.5374774853,-0.8843257815,0.9243185874,-5.1974519501,12.1319666826,-14.680591746,7.1445123357,0.9979074687,-2.1245502252,2.2270214207,0.2478421265,9.0125539814,-7.4353600763,13.1718913706,-8.9019831611,0.3203295257,0.7311424592,-3.3867246196,-0.053581304,9.3926903935,-11.0059584943,-5.2771233442,2.2910317846,-0.4990843346,0.7532845159,2.2048967115,0.7728147181,7.8074140259,1.6261730726,-2.4825246889,-0.1886167303,-0.3613565317,1.8920634382,-5.0085769447,-0.4166277863,-2.226424101,-2.1910482111,-3.2094641908,4.0564176706,0.8351172099,-4.8595413959,2.9349652198,-0.8345758287,-5.0255292709,10.080251357,2.3279499062,-4.3408812923,-0.9215733466,-0.3287199143,-3.4479437406,-0.7635899226,-0.1028977813,-0.3222404325,2.7971101631,-0.6446780695,-9.4564987514,-1.5367407508,1.2594891252,-4.3401090257,-1.6587494801,0.3071160802,10.6815902623,1.1320392433,-0.1376096136,-7.395157152,-1.6058948522,-1.3814864512,0.7744878238,3.7375683233,-4.395079815,0.1920350721
biasActivation=1,1,1,1,1,1
[BASIC:ACTIVATION]
"org.encog.engine.network.activation.ActivationSigmoid"
"org.encog.engine.network.activation.ActivationSigmoid"
"org.encog.engine.network.activation.ActivationSigmoid"
"org.encog.engine.network.activation.ActivationSigmoid"
"org.encog.engine.network.activation.ActivationSigmoid"
"org.encog.engine.network.activation.ActivationLinear"
