encog,BasicNetwork,java,3.4.0,1,1572778742330
[BASIC]
[BASIC:PARAMS]
[BASIC:NETWORK]
beginTraining=0
connectionLimit=0
contextTargetOffset=0,0,0,0,0,0
contextTargetSize=0,0,0,0,0,0
endTraining=5
hasContext=f
inputCount=2
layerCounts=3,8,8,8,8,3
layerFeedCounts=2,7,7,7,7,2
layerContextCount=0,0,0,0,0,0
layerIndex=0,3,11,19,27,35
output=0.5344851511,0.6095300397,1,0.7887810758,0.000001069,0.0000041767,0.0000000015,0.0052565183,0.999716141,0.1946009311,1,0,0,0.0000021175,0.0145090081,0.0087763568,0.9999608377,0.0000000003,1,0.0180171468,0.4344686482,0.0014823369,0.0000000067,0.9973138252,0.9999973868,0.9999999979,1,1,0.9408640735,0,0.0002579515,0.0504534778,0.9999922913,1,1,8,30,1
outputCount=2
weightIndex=0,16,72,128,184,205
weights=0.914882558,25.4814480594,-0.3607875455,-19.1654295926,11.9191560718,7.3596848921,-12.0789064252,-5.6531904018,-9.6498412928,6.7198238798,-8.9974303598,13.6510508039,5.1222450654,8.5952285301,12.386379577,-2.9731351046,-19.6630743492,5.7102313557,-3.1968988076,8.9210794279,13.3421979501,-1.5170316021,-0.3394866965,2.5880407188,0.2323610086,7.8930233697,5.6383987304,0.6372465963,-3.1345686612,-10.9032671737,1.8857919738,-2.8277277209,0.0420967673,5.9795347603,3.2392173979,-1.0694311057,11.1502488914,-11.4529232711,-6.090933982,-1.015847349,-2.2044774171,5.7142929012,5.2426639608,0.6164082541,2.3742246523,-19.3401673985,-2.8987491106,-1.0193875544,2.7177523519,-14.725324604,-1.8320690708,-2.1330188719,9.645183564,0.1953719088,6.785280456,-5.492077973,5.5012625284,-5.984559484,6.5124368488,-12.3928201646,-14.2997942871,5.4995819163,-0.8889940738,2.9726763232,-2.3332566195,11.1966276466,4.0629989586,8.2518770375,2.2400159026,11.3835972816,-3.2463102237,-12.9429327428,3.1420653468,-1.2025787744,4.9063477578,4.4351498368,3.4390045274,-8.4233009354,-19.5970281556,-0.0305163032,8.160297333,1.9942519163,2.6258775455,-3.3824882707,-4.1256003479,-20.7592546246,-7.1478890479,-1.3911377861,6.0656362762,14.7909785835,0.627332201,-6.5475101418,-8.6009135042,-12.9731355177,-1.3896570553,3.3388537137,-21.2635692585,1.2707779701,3.3976972814,17.4951476135,8.7327783791,-12.6519632372,6.0071676353,-6.4569693289,18.1895084793,13.2618883319,-12.829383952,-6.7530912904,-8.9631008649,-8.7330925066,1.4689682226,5.4056668464,-4.6361276685,-3.347117508,-5.5272759153,10.9938680242,-1.2885799097,14.2000472484,-0.0828959153,-1.1382990225,-7.4430292394,-11.4747024676,3.0849281908,21.2473924836,4.0336630026,-4.7861807352,-10.6865786337,-5.4882072953,-1.3245701305,-1.5367170633,3.5987086525,4.445542202,17.7004680786,-0.1981246691,-1.5243550747,-0.3995566251,0.5003426581,0.0947785527,0.0289803754,-15.6279518243,6.9014242719,-1.0536427514,-0.4455244475,0.3018311321,-2.1814259341,-1.0945896835,-0.1735976531,11.9083095423,-10.5956064114,1.5336425709,-2.6956516639,-1.6078315983,-2.8303622283,-3.4259729584,-0.2328333633,23.7323619967,-8.841018128,-3.5800620486,-4.6909913263,-4.0510667752,1.5953096813,2.2918706827,-0.6298430064,-2.6233844667,-11.9093935248,0.4888674421,0.8964952972,1.3814868949,-0.1969545983,0.5296575276,0.9680918242,-2.1888963494,-20.6690309816,10.6482771512,4.1231515308,-1.1744009312,2.2050559677,3.5888660406,2.1720070657,-11.8382179449,1.6678966205,8.9240087333,1.4574872855,3.9594494334,0.6748265322,0.6958225248,0.7750052143,0.0581409834,0.0695752233,0.2145754794,0.7922847375,-1.9652445642,0.6213043032,0.7372541349,-0.7641266351,8.7632850695,2.063531131,0.102581556,-22.5206285723,-1.1892789344,0.6269600211,2.478578266,-0.6181727171,1.2819178767,-1.2815410104
biasActivation=1,1,1,1,1,1
[BASIC:ACTIVATION]
"org.encog.engine.network.activation.ActivationSigmoid"
"org.encog.engine.network.activation.ActivationSigmoid"
"org.encog.engine.network.activation.ActivationSigmoid"
"org.encog.engine.network.activation.ActivationSigmoid"
"org.encog.engine.network.activation.ActivationSigmoid"
"org.encog.engine.network.activation.ActivationLinear"
