encog,BasicNetwork,java,3.4.0,1,1572778779179
[BASIC]
[BASIC:PARAMS]
[BASIC:NETWORK]
beginTraining=0
connectionLimit=0
contextTargetOffset=0,0,0,0,0,0
contextTargetSize=0,0,0,0,0,0
endTraining=5
hasContext=f
inputCount=2
layerCounts=3,8,8,8,8,3
layerFeedCounts=2,7,7,7,7,2
layerContextCount=0,0,0,0,0,0
layerIndex=0,3,11,19,27,35
output=0.7068972095,0.4814805634,1,0.9987824537,0.9979374976,0.2340295942,0.0388009321,0.5336040801,0.894614862,0.0000192065,1,0.406245166,0.9999987747,0.3736727933,0.9982685343,0.9999997401,0.999606266,0.9983815731,1,0.9381823883,0.8604358256,0.991420085,0.9875718728,0.977994773,0.999732511,0.0110616482,1,1,0,0.0109303903,0,0,0.0003054036,0,1,8,30,1
outputCount=2
weightIndex=0,16,72,128,184,205
weights=-6.390414903,-6.3862546564,-12.6499273449,0.6489474072,6.6971040402,3.626692891,-15.0047528195,9.7535495513,12.8274425052,-2.8637265663,-0.2528371346,-7.9871051881,-8.2313323141,-11.6569613669,10.6007630939,5.1615222601,-1.929287434,-5.2081850821,-3.8426615761,-2.6061933911,11.7354926288,0.9976163048,6.2225862267,-2.2060078131,-2.5529574039,1.2071364699,4.4487860042,1.612870136,2.4620654,5.3840024417,-2.2256314463,-2.8826234717,-3.5806985084,3.002857296,1.5399952872,-2.4325410322,-4.7780988433,-2.5589484884,13.3035589441,-6.8270228449,-0.7147271296,-0.4690562675,3.7748020872,-5.5137567194,6.9942540955,-6.1903234037,-3.2473253963,4.079045491,12.0489694841,-9.1025296503,-5.0591710165,-3.0033368976,11.8635262939,0.3370394796,-4.6774377312,1.7003510862,-2.2673794494,-2.4002411456,1.92155021,12.6964964562,-10.1738595869,-1.8183426093,5.5280103778,-1.4600022032,-6.5676986509,-7.75061309,7.7505898632,-8.627403585,6.8694334975,4.1128479045,0.7900795635,-6.4947253066,1.9838854001,0.694266808,-6.0944309561,2.7580044126,-3.1038686703,0.7426474046,-4.8467222854,2.8270169524,-5.2699046977,3.9752916832,12.5572007232,4.1406885896,1.5352680014,-2.1922583607,-1.8747946517,-0.6917561433,-1.4353148417,11.8442595276,6.8466529004,-3.8570940384,-1.7280262259,-3.8457558217,0.2366781026,-6.8077724444,-2.2677924097,-3.376917492,-2.3070513852,2.2167997367,13.0465392443,0.2301742237,-6.100351165,-1.4337941643,2.4149109247,-5.1497134695,-4.4998456643,5.8222819277,9.2174943013,7.9319070991,-4.9485061939,-0.8502289955,-4.7437358058,12.6878842616,1.048733596,1.0471652282,3.0723651178,-3.479022151,5.1804353839,-0.2850356366,6.7298230582,-0.9224156594,5.738827972,-7.011094565,8.8384293084,-5.7465216019,0.5523846584,-0.7661340571,2.9243145129,-0.3508865263,-3.6786167714,-0.3805707446,0.1306031248,7.2453551847,0.1694385698,-0.1665624823,-0.6638150414,0.3665464133,10.4582034023,2.789644973,0.378389726,-16.0533275988,0.4492009891,2.3733200472,-3.7292707282,0.0872100526,-2.0285604653,0.0968391183,0.7375945168,-19.9493707611,11.9720088875,8.5072506345,1.6156068425,-0.0412786844,-6.0942044028,-0.7619328699,0.7768278892,-11.911634822,0.3217484796,2.8299300929,1.7368612585,-0.6496827279,-15.9433975099,-0.8415499657,0.09679694,2.2225093136,-0.3467588706,2.2309518474,6.1567528159,0.2217390917,-0.9825774886,-0.7850147317,1.1293954996,-2.2323169184,-4.0959693829,2.080833312,-0.8018845143,-0.2173717914,6.6132044804,3.384356872,0.1940584126,4.8627327935,-9.8397483012,-3.7650334784,-7.7999244554,5.5182330763,-1.1906251931,-0.9681058627,-0.6867448643,0.0464610638,2.5474981469,-0.1970161307,-18.974718953,0.9445501568,-4.6128257619,-0.6494669284,-2.82358958,-3.2103153939,-0.1182025898,2.4341813339,-0.311828733,-18.2121597185,4.7267940612,-4.8560749187,0.2187489387
biasActivation=1,1,1,1,1,1
[BASIC:ACTIVATION]
"org.encog.engine.network.activation.ActivationSigmoid"
"org.encog.engine.network.activation.ActivationSigmoid"
"org.encog.engine.network.activation.ActivationSigmoid"
"org.encog.engine.network.activation.ActivationSigmoid"
"org.encog.engine.network.activation.ActivationSigmoid"
"org.encog.engine.network.activation.ActivationLinear"
