encog,BasicNetwork,java,3.4.0,1,1572778797131
[BASIC]
[BASIC:PARAMS]
[BASIC:NETWORK]
beginTraining=0
connectionLimit=0
contextTargetOffset=0,0,0,0,0,0
contextTargetSize=0,0,0,0,0,0
endTraining=5
hasContext=f
inputCount=2
layerCounts=3,8,8,8,8,3
layerFeedCounts=2,7,7,7,7,2
layerContextCount=0,0,0,0,0,0
layerIndex=0,3,11,19,27,35
output=0.6923057716,0.5999993088,1,0.9999999996,0.7740573764,0.534486057,0.492836784,0.9999999623,0.4700782236,0.0181362079,1,0.0000024512,0.9992860348,0.078427017,0.9379193865,0.1705703339,0.0000006388,0.4271831891,1,0.9971192572,0.9999982846,0.1125208031,0.9999967117,0.7570539331,0.9910422406,0.0002746009,1,1,0,0,1,0.001814318,0.3028351568,0.0000000004,1,8,30,1
outputCount=2
weightIndex=0,16,72,128,184,205
weights=19.7740319905,0.5014917852,3.9334917666,-18.5121917665,-20.2287861671,19.5776620413,-0.7462075181,-1.2909154647,-7.5895423339,-11.6779893918,-11.1448946739,6.1136682783,14.9734748936,-0.2810286899,-9.6012613166,5.3109501953,-1.7098657436,0.3248896384,-13.3578754523,12.2236490966,-8.7313225048,-11.8405822806,9.4157346145,8.4910294971,-10.1550341367,5.7017527274,6.4398308308,-0.7923628492,-4.6075711922,1.1978980128,-7.9919190706,-0.028248648,4.4005820366,4.6588101828,0.3514220147,-7.1637300876,-0.6809380067,-2.7528646147,3.0995114445,0.9661996008,5.0119513914,-16.2543790622,5.5834440519,6.9396002957,-12.6338993586,-3.2100257231,12.36520176,6.1401925377,3.6772563439,0.3226500752,-3.030540837,7.9407660146,0.6440645558,-8.7651792539,14.7441852312,3.1532948475,8.9109528442,-2.752180895,-12.2223111863,3.5355309027,-21.0316074937,5.0368405198,8.8548002909,0.0776235006,4.2227345914,-1.2265598874,-3.1088970364,-0.0368879656,-6.6460848854,-1.9856041374,-3.48009411,0.1328149414,0.5801406808,-5.3627590268,0.4712408333,-4.290110152,13.1592313676,-1.7771958015,2.2328984341,-12.0991581847,1.0220624085,9.1922733987,-1.7129901587,-3.0736081387,-18.0661336142,9.247263673,-2.4819173192,4.8122215084,-9.5746260915,12.5272924737,-8.4956289666,-8.4510378757,-6.0746196506,6.6072356888,-7.0519647675,2.0155061642,4.9416945386,-2.7588722902,4.8940670955,5.9466531875,-0.1041248445,1.0269363919,5.2854484959,-6.8910395857,5.144944425,7.8527577917,-3.7792034881,7.0227571882,-12.0364804473,-14.8461103095,-13.9928799376,2.6672765906,-12.8466409471,7.804281022,-6.9127221087,-8.9304279243,-7.9222589299,-1.921164207,0.2990073572,8.3513263718,-1.1893476521,-8.5321003759,4.3375606062,12.2350603215,1.4202194369,-1.2277366194,11.4473372949,-3.1600190423,1.9903891363,-0.564532077,-0.7656449259,3.4109499126,3.3105867696,-11.5338295142,-14.290236037,3.9323257747,5.6187795976,0.1510234451,-0.1177274395,4.6975035981,8.8932220736,-0.1857001878,-21.4261332279,2.9996613631,-0.3759807171,-1.4662379226,-0.6395691007,-1.0979621422,3.6457162808,-1.2085841832,-12.4259048851,-0.2319168043,-1.8315354976,-0.1559859122,-0.5270025033,6.6455933643,-18.0572164621,5.3027500046,-11.1008516392,6.2379668961,0.4616402002,0.5457506232,0.5813776987,4.2358894414,3.2209196754,-24.9416905811,-6.7955421527,3.9864423915,3.2483991512,1.0698464685,0.1057331892,0.0076477852,0.4402637779,10.3013320708,-3.8573206246,-1.6702141995,-4.5652284282,-0.5632853711,-0.3849645667,-4.5670534272,2.4951240914,20.5692792083,-3.8812787693,-5.3012630778,-1.5623291956,6.3932934785,1.2965350387,-3.5963228625,-5.1348451358,-1.1744129003,-0.8392475854,-0.6552675642,0.1046737522,0.8500896603,2.6360665688,-0.5398813308,-1.3607786527,-0.3260077872,14.356233148,1.1238644,0.1670913234,-14.8374881678,3.4112503283,-2.0491771394,12.4198679472
biasActivation=1,1,1,1,1,1
[BASIC:ACTIVATION]
"org.encog.engine.network.activation.ActivationSigmoid"
"org.encog.engine.network.activation.ActivationSigmoid"
"org.encog.engine.network.activation.ActivationSigmoid"
"org.encog.engine.network.activation.ActivationSigmoid"
"org.encog.engine.network.activation.ActivationSigmoid"
"org.encog.engine.network.activation.ActivationLinear"
