encog,BasicNetwork,java,3.4.0,1,1572778806084
[BASIC]
[BASIC:PARAMS]
[BASIC:NETWORK]
beginTraining=0
connectionLimit=0
contextTargetOffset=0,0,0,0,0,0
contextTargetSize=0,0,0,0,0,0
endTraining=5
hasContext=f
inputCount=2
layerCounts=3,8,8,8,8,3
layerFeedCounts=2,7,7,7,7,2
layerContextCount=0,0,0,0,0,0
layerIndex=0,3,11,19,27,35
output=0.7837844598,0.3243229063,1,0.0003977337,0.4446143386,0.0000009125,0.0015706314,0.1134397035,0.4362399611,0.0000000042,1,0.93372099,0.0039652907,0.9999482022,0.0000008376,0.0505029274,0.8921583694,0.2970077568,1,0.7769781633,0.9970226498,0.9999003782,0.3518323548,0.9114243939,0.9948935045,0.915547102,1,0.9999999486,0,0.4041186767,0,1,0.0097651071,0,1,8,30,1
outputCount=2
weightIndex=0,16,72,128,184,205
weights=11.9405826094,1.5203549098,8.3577383342,6.2911627306,-15.9670195914,-6.3856050077,3.7653416854,5.1941988203,2.7641799311,-12.4928010843,18.2919065132,-6.8427459341,-5.7425027599,11.3716553836,-8.0547082565,0.5207915214,-5.8513334716,1.8046530746,1.141890281,0.0207345511,4.4563331292,-8.781821532,0.996809331,3.7988533818,-3.8819094509,6.4559450006,-1.7906386872,5.5554197438,-1.0977552313,8.9518520356,-2.8586270291,-1.9148890473,4.247512022,-0.7047766561,-16.0263370853,0.4425515777,-1.7058872261,-4.6435267708,4.6887379605,0.9915006534,-4.0892973186,-1.3485722355,1.5255141591,0.4445188917,4.5192514636,-3.1634805544,-9.9812905881,1.4020799674,6.3977060825,-11.2790852252,-7.3949375846,-4.4998880257,14.0442686923,-4.8923251484,3.2367621495,2.1036416955,0.0294997821,1.3796357124,10.2086832492,-0.8825694737,4.8044819135,-14.743676522,1.522673816,1.9612028877,-0.9574823445,-2.1064367958,-12.3204068685,9.5972795695,-0.3679025817,-3.0901399386,-3.1883265748,-2.3375097944,-7.3073799926,3.7666329844,-4.7676736863,1.3480978571,6.9740672556,3.3399244662,-1.4265982988,0.487368736,-6.321210065,-8.6278781806,2.7581788247,2.7173964426,-0.253560739,-0.2177243648,4.6139251738,0.4969053448,10.589617097,2.6453910968,0.4957882082,0.023512388,-8.3522978932,13.5281607431,-6.765359439,-1.1539028453,-5.2918104836,0.5057608375,1.4581410596,-0.2510419705,4.3569811397,-2.5812970938,-11.8200308331,-2.3362342734,3.1636845623,-8.0738926955,8.2472327833,-0.3326261259,-0.1302971902,-10.9999148661,4.4533334417,1.513719739,-5.8848069869,8.380920482,1.7924815763,0.278162064,-0.5466726185,-6.5280177864,-1.334948067,4.6543505377,-9.5648481919,5.2707440593,-6.0096554915,1.9889923066,-1.3727954857,2.4361405454,3.4553854798,2.288235048,2.8504051461,0.8733577249,-13.2418545238,-0.9177224093,1.479417749,-5.5919461421,-2.8644549894,2.3242064885,2.879370778,-0.0182575537,13.9452530781,0.2528573065,-1.3444632954,-4.4914522099,-0.0659731258,-1.3128452745,3.7390059964,-0.0356109077,2.1546336858,-0.7634579449,2.2584368281,-15.6181919396,-0.9671926364,2.49837289,-0.1606127462,0.5902465476,1.004943776,-0.5357033703,-0.9871521173,1.6297003667,2.6206545062,0.1147395306,0.4705785681,-0.1700296776,4.3230397011,-0.0864166307,0.4830391035,-9.6005578805,-1.4403636878,-0.2757361053,3.0823809393,-0.0158488798,-12.5558227004,0.0629567187,2.5682928559,-12.563864539,4.5462349146,4.8181786411,1.0950877527,-0.2303637792,-10.7347852391,-0.4319764386,2.0757755986,11.7885509677,1.2242274947,3.4354753023,0.2082608116,0.4883985158,0.4661483382,-0.5880739169,-1.0263890551,-0.1980297889,1.0435104635,0.2312324456,-15.6733900114,0.5954800837,-1.467599549,0.5905864368,-3.48427193,3.6767908221,0.8907765088,0.6756814773,-0.2970230204,-1.1138878582,2.2142032226,-2.4041438447,0.5576387918
biasActivation=1,1,1,1,1,1
[BASIC:ACTIVATION]
"org.encog.engine.network.activation.ActivationSigmoid"
"org.encog.engine.network.activation.ActivationSigmoid"
"org.encog.engine.network.activation.ActivationSigmoid"
"org.encog.engine.network.activation.ActivationSigmoid"
"org.encog.engine.network.activation.ActivationSigmoid"
"org.encog.engine.network.activation.ActivationLinear"
