encog,BasicNetwork,java,3.4.0,1,1572778816115
[BASIC]
[BASIC:PARAMS]
[BASIC:NETWORK]
beginTraining=0
connectionLimit=0
contextTargetOffset=0,0,0,0,0,0
contextTargetSize=0,0,0,0,0,0
endTraining=5
hasContext=f
inputCount=2
layerCounts=3,8,8,8,8,3
layerFeedCounts=2,7,7,7,7,2
layerContextCount=0,0,0,0,0,0
layerIndex=0,3,11,19,27,35
output=0.7459003779,0.7176205124,1,0.8910675304,0.0000023846,0.4452285164,0.2866905226,0.0000000106,0.0000039172,0.9509829594,1,0.0002188019,0.5245631428,0.0010989753,0.5279698875,0.3604949089,0.9999374285,0.9835423618,1,0.0000069723,0.6659454387,0.9667537199,0.0000172714,0.0244987662,0.6715991178,0.8919753104,1,0.9999759854,0.000005508,0,0,0.0709773449,1,0,1,8,30,1
outputCount=2
weightIndex=0,16,72,128,184,205
weights=6.1939009925,-9.5998109441,7.3102130825,8.6126791218,-10.0753014175,-4.1312339009,-16.3270273655,5.3605567654,-10.0377262727,3.9489656834,-7.9280653685,13.0287579308,-7.2714737168,-4.019373523,2.1703300271,7.607619883,1.7409595114,8.0416395985,4.0322058973,-4.8477308004,-9.2543533273,-0.5365093161,2.4827294167,1.8687414463,14.4501307371,-7.645606346,3.855174697,-11.6828621721,-3.7981465832,-2.8391571296,-1.0263577245,2.4425798482,2.4252279543,-13.9583262857,-4.9473646341,2.5586510885,0.813063257,1.4563802299,-1.164963639,5.1524673692,-1.4234410183,2.8785455445,0.9682740243,-6.7430841766,-11.7843656913,6.4772784516,-2.6987717854,1.5635888322,2.8475592329,-8.7309870444,0.8896885017,-4.5977381984,0.9773574738,-12.4298138124,3.2327379069,-2.4598802832,6.6193404753,1.5175892096,1.9775284296,-0.240097043,15.8210520854,-13.0363598633,-2.3512159792,-3.4784111722,-4.4811133833,-5.5210485728,-3.0423787796,1.1743425983,-4.575452573,8.1849183186,-0.9783739996,-0.3269333677,10.3368042106,6.7650376158,-1.8083905075,0.9141864598,2.776102302,-8.1430026632,-0.6516994595,-5.201968322,8.6275015719,7.1532929391,-0.2344175657,-9.6142122619,-2.9114145801,7.3978785492,-7.0600581226,-3.0383262335,-1.8893786155,1.0727043463,-5.4159896133,12.6309108821,2.3115974322,-3.1764467232,-1.6588395731,1.2653945705,11.2424829594,-2.2170432235,3.2696611869,-6.1487669327,-0.2243759151,9.361203486,-4.0874378054,-4.2080884764,10.8548833642,2.9760210793,0.226742891,5.1088394607,-5.2096538346,-2.6808387162,0.7113241699,-1.4808574537,-12.1527650538,-10.050561529,3.6795148966,0.7980937472,0.7688989132,7.6510809921,2.608405998,5.3312200641,-0.5968655716,-0.0640406455,0.4849528746,-3.547427384,1.7552927475,6.2618836289,-2.4633954068,1.6130638761,-3.2186808005,8.0616563855,1.3149531528,-3.0849917442,20.5360867402,-6.0174692769,0.5222645055,-4.0951282841,1.1995167266,-8.1118075775,4.0130854867,-0.4119656074,11.543088826,-2.7327291327,0.4500755512,1.4038915014,1.1908139176,-1.2096368103,0.8753092157,-4.0614203328,-5.9924395751,1.5683610423,0.6724743132,1.0361886446,-3.4505658694,10.0909243536,1.2409887985,1.4315085218,13.8213773361,-4.9481870829,-0.4699212077,-3.5488301209,-0.4859782967,0.0304387473,2.3744076706,1.197399964,-3.7605779169,-2.4051448769,0.0808128608,-0.5263014978,0.8731255638,-2.3578312035,-2.2368791581,0.7446965837,-8.8333358264,-0.6912852672,0.5520008194,1.1605869292,0.5071143578,-5.1505822245,0.450687178,-6.6979536102,0.6239662089,1.1760950821,0.3731987267,0.3836222875,0.483798334,0.2566840779,-0.9340848005,2.1982706716,-0.8489657826,-4.2265023669,0.555545262,-2.8714031416,0.5442496093,1.4599010695,-1.5549277002,2.4162108545,1.9265361609,0.1811120587,-23.4174234331,-1.3479549462,1.7571493378,-0.4701479821,-0.7505020817,-0.8705766925,0.0367673472
biasActivation=1,1,1,1,1,1
[BASIC:ACTIVATION]
"org.encog.engine.network.activation.ActivationSigmoid"
"org.encog.engine.network.activation.ActivationSigmoid"
"org.encog.engine.network.activation.ActivationSigmoid"
"org.encog.engine.network.activation.ActivationSigmoid"
"org.encog.engine.network.activation.ActivationSigmoid"
"org.encog.engine.network.activation.ActivationLinear"
