encog,BasicNetwork,java,3.4.0,1,1572767399903
[BASIC]
[BASIC:PARAMS]
[BASIC:NETWORK]
beginTraining=0
connectionLimit=0
contextTargetOffset=0,0,0,0,0,0
contextTargetSize=0,0,0,0,0,0
endTraining=5
hasContext=f
inputCount=2
layerCounts=3,8,8,8,8,3
layerFeedCounts=2,7,7,7,7,2
layerContextCount=0,0,0,0,0,0
layerIndex=0,3,11,19,27,35
output=0.1304370029,0.004250386,1,0.9981407476,0.7860103935,0.9999828909,0.0656832607,0.4542665691,0.8865423421,0.8185220431,1,0.9999999935,0.0486780294,0.62972182,0.699332547,0.7950042109,0.0073416805,0.4825768488,1,0.0128620702,0.0727316674,0,0.5676991226,0.9999988493,0.9999362315,0.6259096613,1,0.9996199727,1,0.9999969931,1,0.00000081,0.0085577426,1,1,8,30,1
outputCount=2
weightIndex=0,16,72,128,184,205
weights=2.9528147155,0.7250307151,-5.6504930649,-4.454697428,-9.0281115983,-5.169403346,3.1984395432,6.5947596292,-9.4374783457,10.7190723491,8.7246269113,-3.714924779,9.8743569233,-0.3128837557,-18.5504911884,-1.9665454693,6.5633705059,2.4108269166,0.4707679627,-2.040830001,3.7192033081,0.1205068378,-6.5112783388,0.9202861864,-2.0189191497,-6.1967773148,-0.5350939568,2.491114983,2.4689104403,4.1675408611,0.4067104833,0.026791155,1.9529251736,0.7440865589,4.0497295567,2.2200217502,-0.1276670756,-10.7357080536,5.6020181902,2.360907404,1.1871375792,4.2444510936,-3.3109878449,-3.7181376703,-2.0526400733,-3.2373576443,1.2955469786,1.6669196688,-12.3414152191,-4.5310702977,7.527131398,1.6116469924,1.3765624359,-3.0980522511,11.9593916853,-0.3314973958,3.3744077523,1.0148195414,0.129601602,3.5055024281,-0.0716996869,-4.1659062174,-1.4070817527,-3.1344214815,3.2655556434,1.0140082115,2.4211354758,-13.0436492469,-4.9429637971,3.2089768469,12.3786950343,3.7211033068,-0.8411392756,-6.2761658275,-3.5163227359,6.2226758678,10.6165236217,1.8828038649,0.6653759588,2.8757026882,-0.4044638581,1.7587373578,-0.4747227636,-4.9634611201,1.1663898069,0.4130259662,-3.4745126461,0.3177570259,-5.6883775118,3.7673823804,1.138107607,-2.664596087,-2.5874446438,-1.7568197437,10.3808358118,-0.3104472718,10.0105915564,-6.2783693911,-12.2286167148,-2.1364948392,5.1853843133,2.3956473722,-8.486530177,0.1158153943,3.3133878743,2.9173435197,-6.4377544091,-0.4901146401,-1.8880217274,-0.9796816843,7.873326865,-0.6815572463,-3.776525752,8.7354061749,1.6466095546,-3.8948407547,-3.0133695237,3.1136386602,-8.6987780573,2.0620873952,-2.2309038121,-5.641887238,13.0260880302,-2.7091827282,3.1907041549,-4.3020650581,0.7185021751,2.568690517,7.5781420484,-2.7968559507,-5.8684783786,-1.5796901842,-0.6599264902,12.1935814274,-0.2114581976,-1.5636731682,-2.377515559,-4.7844141988,2.0129867492,-3.781592154,0.2344438139,2.7925954546,7.2207278132,-0.8604547282,-14.4484085113,-0.6845785248,-3.5756112652,-0.3348168898,-0.150547932,11.0744052913,-5.4465102465,-4.2742125906,7.3219230165,-0.2770465677,-3.3414054633,-1.9324192947,-0.4911673454,-0.7590381645,-3.7299846525,2.2406712393,4.2857015657,-0.0684374391,6.4745916863,2.6970542102,0.4697623601,-6.7280083813,-0.4352657631,0.7807496557,8.8866839844,-1.8877876514,0.5264560243,1.0741845375,0.6928595821,-10.1576017562,0.027868984,1.1230855617,-15.6807983099,5.0945643887,5.0720000037,-0.3080153502,-0.8444907604,-12.4124325974,2.9903245413,3.4469126679,-2.931490934,0.3787868598,19.9632091084,-1.0621975557,4.6128117287,1.2226591551,-1.0558447085,0.8258775992,-3.61496307,-4.196279817,5.6762733441,-1.0211412078,-0.9240541588,-0.2071424311,-0.4195747928,1.7587704276,-0.44820168,-5.3764372849,-0.6967137443,0.9417969834,2.3142679263
biasActivation=1,1,1,1,1,1
[BASIC:ACTIVATION]
"org.encog.engine.network.activation.ActivationSigmoid"
"org.encog.engine.network.activation.ActivationSigmoid"
"org.encog.engine.network.activation.ActivationSigmoid"
"org.encog.engine.network.activation.ActivationSigmoid"
"org.encog.engine.network.activation.ActivationSigmoid"
"org.encog.engine.network.activation.ActivationLinear"
