encog,BasicNetwork,java,3.4.0,1,1572778825616
[BASIC]
[BASIC:PARAMS]
[BASIC:NETWORK]
beginTraining=0
connectionLimit=0
contextTargetOffset=0,0,0,0,0,0
contextTargetSize=0,0,0,0,0,0
endTraining=5
hasContext=f
inputCount=2
layerCounts=3,8,8,8,8,3
layerFeedCounts=2,7,7,7,7,2
layerContextCount=0,0,0,0,0,0
layerIndex=0,3,11,19,27,35
output=0.2747252743,0.0002866734,1,0.9989855711,0.000135299,0.0200963414,0.1002247549,0.99999406,0.0849271954,0.0223578171,1,0.9942157916,0.8448789478,0.9113948636,0.1063504965,0.550907324,0.0166956862,0.190603931,1,0.996628764,0.2292881183,0.2138591832,0.0184662681,0.0001379878,0.0000000038,0.4078007946,1,0.0454467293,0.9976388772,0.9999999992,0.9978419896,0,1,0.9999999877,1,8,30,1
outputCount=2
weightIndex=0,16,72,128,184,205
weights=-10.3809596467,6.1862150343,2.5540584299,1.7104595072,10.5626279309,6.9738114865,-8.0628101835,-1.7985092257,-1.3824000991,4.290533409,12.2991114543,7.4106705629,-8.9061989851,-8.9482728088,-0.5705595631,1.9124914978,1.7343570784,-3.1406393273,2.7467553091,4.2342278575,4.0052993496,-3.4849739413,9.5848840695,0.8925772265,-2.2942358259,1.8615667736,-3.9129056474,-2.4167000992,-2.696807596,1.984673205,-8.2688411913,-1.3478727964,2.1102651609,2.5201202195,-9.0823829513,-4.2370103652,3.3072524794,5.7307498537,1.3889859192,-1.5683412128,0.998523331,-9.1649787816,4.2472107195,-0.0403426518,2.7712987885,-4.9263882698,2.4706816388,-1.2261763993,5.6569311994,4.8787276452,9.0450327694,0.3662584878,-2.1614324508,-10.174845761,7.4830078323,-6.060566832,-1.209126097,11.6460166582,-2.4345679639,1.6465451866,-8.3055313847,7.9826325268,-5.347651114,-3.5092236008,1.8498775806,-3.9906945779,3.2503483472,1.0129996827,-1.2146256639,-4.2972717229,3.1547590695,-5.1759926013,5.3407703143,0.9641561753,2.3966046416,-3.4173923663,1.2530212321,-4.6010540888,-0.2962969082,-0.725784314,1.8669514976,2.5485154933,-12.6329751731,-3.9157298098,9.5571600979,4.5261467123,0.7479698714,1.7176308518,1.3152772426,-1.0452565199,5.9389643488,0.0779985715,-10.0375944473,8.9121359146,-2.0897393747,0.8416481844,0.3230653892,-0.0162536341,4.801707246,-2.8638937109,3.1096643187,-0.1978514701,-2.3103417698,-2.4790965744,1.34485511,-0.1920311674,3.3251277865,1.1433099252,-3.091093777,-7.5589444679,0.1244053542,-1.8744813139,-1.897884399,0.5296921769,-2.137117144,1.8734686719,5.8580130818,4.183556817,0.0361408378,-1.8988346727,-3.4383262742,-6.8053873764,10.944716904,0.4511574508,-10.4733533307,5.2291455548,0.4493756344,1.010268593,-6.8433483381,1.0235821698,2.6503151395,-1.0195206645,1.426826373,0.8635190905,1.2688814787,1.2135461758,-3.1906821863,2.068662441,1.5421441085,-6.0998982139,2.4547290521,-0.9122426107,3.5400575732,-1.2143316996,-9.1749112794,-3.783063808,6.2168835264,-4.4803380256,-2.1154266471,6.5738488616,-11.7288022126,6.2980221768,0.8753759328,-1.7750566786,-4.8780594402,0.5664624987,-1.4603329741,-0.7558113672,2.567726245,0.2588164423,8.0222570124,-12.2376853787,7.6964347677,3.3954564071,0.7537512983,-4.4737994471,0.0303031189,-3.6850691299,8.1377600426,-1.0806757597,-10.9529073367,-0.6012236726,0.1572466758,-4.2457436349,2.1240616268,-4.9940648906,2.1782205389,0.5593223879,-0.3266261269,-4.3507212583,0.008087685,0.7890985158,1.1239382502,1.7248627056,-0.1395594831,-0.2255512875,4.8383118926,-4.1899649796,0.8613383191,13.7258243544,-2.878210459,1.4867881022,-0.6024743695,-2.1408378454,0.6892718372,2.5849558858,4.4743512596,-7.3007466841,1.40447292,0.6190160668,2.8147753706,1.072763997,-1.9396409416,0.6811650463,13.294296388
biasActivation=1,1,1,1,1,1
[BASIC:ACTIVATION]
"org.encog.engine.network.activation.ActivationSigmoid"
"org.encog.engine.network.activation.ActivationSigmoid"
"org.encog.engine.network.activation.ActivationSigmoid"
"org.encog.engine.network.activation.ActivationSigmoid"
"org.encog.engine.network.activation.ActivationSigmoid"
"org.encog.engine.network.activation.ActivationLinear"
