encog,BasicNetwork,java,3.4.0,1,1572778837830
[BASIC]
[BASIC:PARAMS]
[BASIC:NETWORK]
beginTraining=0
connectionLimit=0
contextTargetOffset=0,0,0,0,0,0
contextTargetSize=0,0,0,0,0,0
endTraining=5
hasContext=f
inputCount=2
layerCounts=3,8,8,8,8,3
layerFeedCounts=2,7,7,7,7,2
layerContextCount=0,0,0,0,0,0
layerIndex=0,3,11,19,27,35
output=0.2342110188,0.0135341252,1,0.0000018157,0.3952641569,0.3177312371,0.9999958328,0.8249260695,0.9878193744,0.99744732,1,0.9987381552,0.0760070804,0.9956895644,0.9741301228,0.9892408638,0.0008750542,0.998478459,1,0.8505959375,0.0261394462,0.9782124934,0.5533255121,0.0005425293,0.0015164144,0.3931940204,1,1,1,0.0018408187,1,0.0860644576,0.0039786105,0,1,8,30,1
outputCount=2
weightIndex=0,16,72,128,184,205
weights=9.6897522981,5.6909504769,0.6321173679,-14.3743843863,14.7019681546,-2.6026131485,1.2224175158,-0.0370716205,12.6075358911,0.6746615628,-10.1010123916,3.2671303147,-4.9243791052,-9.1925568108,5.7456261554,2.7985586049,8.0070735015,2.437397449,-9.0680322605,4.1711349323,-9.564385347,-2.9720868087,-5.8380497513,-1.1423214806,-0.125702808,-11.4455639412,3.6739456696,-2.57246769,2.9484563681,4.1037121159,-2.8297211123,-0.676849374,15.5354140424,-9.6445987136,-9.0446795729,-3.5215923122,-6.4646685059,-4.0709939593,2.8513829215,0.4408436142,-2.3554577771,0.4234898644,-0.0970226958,4.5080829682,13.3460995322,-0.0126486453,-3.915102229,1.1203614038,-2.3568742421,2.1896894168,-6.3921120443,2.0568271586,3.0114352273,-5.7019123916,8.1906119558,-3.0536991848,-8.5273139301,-4.2918885329,3.0885401402,2.9748466959,6.3311948306,-4.084090468,1.7312944399,-0.7228570751,0.9129894592,0.0189478765,1.6583369188,-0.0514357055,1.2814116207,-0.9219925114,1.9285446652,0.2612660369,14.2839771904,-1.9671580185,-2.579342183,-3.6337341651,-14.6337179318,1.8525594538,3.4349160818,-2.2362306125,5.7959345681,-6.1765895945,-4.8300369083,-0.513404817,2.0105461313,-1.5023239569,6.019768995,-4.6232910533,6.4059700755,5.5414653296,-2.1715213498,-2.7827637341,-3.3003546291,-10.1370235684,0.6331874813,3.2808340255,2.4188858604,-0.7484063558,0.7470184187,-0.6734358508,-3.5991276341,8.0536631169,5.5204146044,-0.9484335008,-5.0594955577,2.7129727674,1.2737998441,2.07064906,-10.0415562789,1.1129959179,12.6274277907,1.4007944327,5.5374347384,-2.6474617106,-4.2039940813,-1.8610033289,1.7767237125,4.8964945138,-12.7704803515,-1.5262379889,14.6008881822,-2.3903459381,-2.4289220645,-1.5183672594,-2.2465448356,-2.2335849541,-2.3301817913,-1.7334922536,0.3254758395,-0.802254844,-18.096866428,1.5676624706,0.8584221131,11.4738416357,-7.9408382562,0.5621827451,-1.4374090703,0.6056692361,4.8669956315,-1.3864170512,-1.2814414882,3.4113856069,-0.276958508,-1.3119109833,0.3363358418,1.7986592373,-12.5083002028,0.6356780587,-0.1727486772,-1.7067743451,-2.1279611133,1.0784006934,0.3744094758,-0.9002379967,1.6855688864,0.3195641421,2.7259637195,-3.6391025571,0.5775626968,0.1971478783,-2.1693737827,-3.1188477255,-4.2192727657,-1.7981203328,13.2531737334,-14.607841452,-0.9593820528,-1.5071253363,-1.4683963649,-2.4747469051,-3.3129543576,-1.7985183241,5.1527652868,11.952472967,0.4051375701,-1.2331531382,-0.4258168841,1.3887016715,11.8368263817,0.0950381403,-15.1282154729,11.674579753,-2.3161964513,-0.2580652459,1.1586987633,1.7174986308,0.0842082464,1.8681258225,0.36547304,1.0074381815,2.0684379439,-0.1395315651,-18.6572589656,0.5165609105,6.1768617616,-0.8092173196,0.8292075932,-0.5135686783,6.4107360809,0.575209256,-0.3881917237,1.521241564,2.7562901419,-4.5211931864,-0.6321089633
biasActivation=1,1,1,1,1,1
[BASIC:ACTIVATION]
"org.encog.engine.network.activation.ActivationSigmoid"
"org.encog.engine.network.activation.ActivationSigmoid"
"org.encog.engine.network.activation.ActivationSigmoid"
"org.encog.engine.network.activation.ActivationSigmoid"
"org.encog.engine.network.activation.ActivationSigmoid"
"org.encog.engine.network.activation.ActivationLinear"
