encog,BasicNetwork,java,3.4.0,1,1572778848543
[BASIC]
[BASIC:PARAMS]
[BASIC:NETWORK]
beginTraining=0
connectionLimit=0
contextTargetOffset=0,0,0,0,0,0
contextTargetSize=0,0,0,0,0,0
endTraining=5
hasContext=f
inputCount=2
layerCounts=3,8,8,8,8,3
layerFeedCounts=2,7,7,7,7,2
layerContextCount=0,0,0,0,0,0
layerIndex=0,3,11,19,27,35
output=0.2340443238,0.1200018015,1,0.9968655947,0.7363183512,0.0200021223,0.9985759455,0.0000024321,0.9999248233,0.2062308628,1,0.4249004358,0.4825661879,0.8553012094,0.9865538445,0.0020584355,0.0000000056,0.9999981696,1,0.0000836084,0.0183910947,0.9546640466,0.1977573793,0.0147477122,0.8582581105,0.9999823834,1,0,0,1,0.9999999843,0.2832774018,0,0.0000002251,1,8,30,1
outputCount=2
weightIndex=0,16,72,128,184,205
weights=12.4518763032,11.4516190102,14.4848587504,-18.9696484932,-7.425574538,3.3644676297,-10.0419722386,-4.6708233711,-7.833141292,5.4552843961,-8.8373517216,2.5463488103,4.9733347148,0.5454220012,8.5620071296,-2.8777501564,-6.3038416138,-13.9041411951,3.6828360041,15.7730373749,1.6104785768,7.4173025816,-2.3356817398,-1.2281724417,3.5311330631,2.166815433,3.6154741472,-13.6348470386,-0.1617122576,-10.2693721714,5.1246897555,3.7157521384,2.8297434389,-8.5814586783,3.550043001,-12.2919581509,2.9114365907,-1.9744096875,4.5391365666,3.5922518064,10.2757759802,-13.3765496725,-9.1921853429,2.7356429215,1.995925784,-1.6512323158,7.3725672772,6.4282769816,1.2244707954,5.0132037524,4.0976487509,-16.9819759941,-3.5805622167,-0.6733815038,0.6001326966,-3.2100886699,2.797423593,-1.2880325149,4.7637399964,-1.5246804772,4.4444099481,1.0852394647,4.9731698555,1.3759663095,-1.8814419749,-13.1450378737,-2.5789474564,-3.4652286986,1.3770888004,11.0638860255,8.0611017327,3.3554697903,6.0218377576,-6.0730249077,-1.0581791391,-3.2222610681,-0.2342950805,-0.4521208467,6.507392208,-4.6598565947,-11.5973837325,7.6963071531,-4.3036608865,4.2003594328,17.4396984012,-3.6012156872,4.0993539424,1.8018560314,2.6440006771,-4.260371898,-5.4219091005,-7.4207612308,0.8388697136,3.4311421513,2.3729741742,3.1684338823,12.8340316655,-10.4247729438,-7.5917778228,3.5755720766,2.2173238817,9.3019354915,1.0572143331,1.9533184641,-0.3148546242,3.1861363735,-0.1598952616,-0.2547190595,4.1077972813,-5.6211166889,-1.4340751797,0.1585384411,10.1022022427,-8.5542248131,-7.157233168,1.8788301941,5.9037028334,-2.358315126,-8.9121252191,-1.5267470109,1.3743665841,-2.8259747768,2.9808004355,-3.1200255908,-0.5369210057,0.5185476035,8.2769412907,2.3202707254,1.6788619581,3.4829856224,0.3938128456,-13.5343647064,25.4634170746,0.2503900194,-1.365136637,-3.4619417415,-0.8865337167,-3.4236468255,0.7029397576,-2.5864684099,-19.5573501117,0.5937863648,-0.5859725667,3.4463576686,-0.2641584563,-2.9009425949,-4.5224133763,9.9611749323,-5.7392388267,0.3946147865,3.9336011819,-0.7657065166,0.6535365727,-2.1024407894,0.9707544417,-5.4569243509,7.4067377989,0.2473686492,-1.6190050002,0.9876385888,0.2966676851,2.9138665139,2.3481381609,-10.7706536856,6.5675097659,0.9439942224,0.375022883,2.3602783962,1.4564062479,0.9951583869,2.9115118768,-0.1613242145,7.3199209655,0.5760498514,-0.9268060391,-3.0228584909,-0.126517023,-4.1710338227,-0.9038970705,11.0519404102,2.9734553655,-0.950305457,-0.2148299406,-0.0437039726,-0.6150737769,-3.1081094917,-1.2897242929,1.3925300872,-1.5889799725,-2.3892062456,-3.9767027211,5.2854479524,-0.9600674295,-2.7540537794,0.8591878092,14.2252451941,1.4075301358,0.1747037695,-17.4296164082,-0.9029966031,-0.5818166853,0.3843316823,5.7824806636,-2.0038554932,-1.4509502614
biasActivation=1,1,1,1,1,1
[BASIC:ACTIVATION]
"org.encog.engine.network.activation.ActivationSigmoid"
"org.encog.engine.network.activation.ActivationSigmoid"
"org.encog.engine.network.activation.ActivationSigmoid"
"org.encog.engine.network.activation.ActivationSigmoid"
"org.encog.engine.network.activation.ActivationSigmoid"
"org.encog.engine.network.activation.ActivationLinear"
