encog,BasicNetwork,java,3.4.0,1,1572778864240
[BASIC]
[BASIC:PARAMS]
[BASIC:NETWORK]
beginTraining=0
connectionLimit=0
contextTargetOffset=0,0,0,0,0,0
contextTargetSize=0,0,0,0,0,0
endTraining=5
hasContext=f
inputCount=2
layerCounts=3,8,8,8,8,3
layerFeedCounts=2,7,7,7,7,2
layerContextCount=0,0,0,0,0,0
layerIndex=0,3,11,19,27,35
output=0.7100341522,0.9999939466,1,0.0000000045,0.9958519509,0.9976407139,0.999982556,0.0012944927,0.8646324351,0.8158790758,1,0.7729767411,0.9139825442,0.9919806389,0.9999947922,0.0012437745,0.0000043077,0.9999334609,1,0.9999999385,0.0001394893,0.6314759576,0.9991902443,0.570085312,0.1341050927,0.0232614577,1,0.0000000663,0.0000007563,1,0,0,0.9692324151,0.4652042991,1,8,27,1
outputCount=2
weightIndex=0,16,72,128,184,205
weights=4.4537599718,-16.7924175521,16.3178686739,-9.0651437912,-14.6241028881,-9.9289823904,16.1616119944,5.8218571454,-9.5317286587,13.486493895,-7.2547799809,7.3921785105,-2.127646167,4.4366423017,1.0137210261,-6.2304431806,-1.3364942634,-0.4765254041,-0.4003707848,-17.4649935198,-1.7324307234,4.7894297305,-0.9801964937,1.0868433521,15.8198692811,-5.2199936946,6.1955328416,-1.2102890666,5.9856189042,-8.3559687991,-6.458523169,-0.4613286226,10.9834923056,0.7211283281,-5.348637867,4.6636986941,-6.5333809607,-0.4653815977,-5.8886429568,3.4364013166,1.2579803252,16.4778402799,4.946821076,2.6318824854,-0.3133456853,-5.298009793,-14.7649205377,2.1489803851,-3.413199328,6.1728332558,0.8974720212,-2.2835192011,0.0757172909,4.5744234481,-11.6440159969,3.3844805302,7.1089502598,10.5870299062,-1.7975319954,-6.9736499831,-0.0693188329,16.032452691,-5.7370769783,1.1763399667,4.0596036986,1.17532706,3.2408982682,-6.8013887564,-4.973004494,2.7902831555,-0.7894473481,1.6584788571,8.8373844867,5.7556581657,1.3002109983,4.6588517232,-6.3707935862,-2.3573382119,-19.2772835023,-8.6926768657,-0.4976650801,0.9221619664,-7.3505999878,9.2348877388,-3.1592495247,2.2569567657,17.884166918,-0.6425243661,4.8455764337,-8.3623672783,-0.751197376,-2.441159727,1.0308611211,-1.6771453343,-7.5880370875,2.7007249806,-1.3495126742,3.9503029235,13.549802419,5.4015604727,-1.0272700691,-0.008684118,-9.04239477,0.3578824414,-4.4223956905,10.9195290347,1.7792333203,-1.4467153465,-4.2527946337,2.5351442119,-5.5786038661,0.2687595136,-1.9536147096,-0.4619144136,1.9646575483,-11.5741297394,-4.848507738,3.6356022027,13.8178862069,1.8777794738,7.8593030405,9.2163681026,-6.7905963818,7.1176733401,3.3013488559,-4.0465510347,0.3047772305,-2.4132227365,-0.1025416586,0.3947067816,4.3695229974,0.3461747622,-0.5047991115,14.9336308221,-6.7905267444,0.9196938204,-0.6057303264,0.6956123036,-7.8398011069,0.9734879395,0.5314278379,-4.7122598825,24.2805072979,-7.7657038911,0.6019076912,0.9001632782,4.3721070753,-0.4192794169,-0.4882311176,-11.2715602057,3.3489867622,5.5332446004,0.5458963511,1.116331419,-1.3148246317,-0.3978106459,-0.3622699244,14.2474444413,10.5359992264,-10.2776854956,0.6097745659,0.0331254678,5.3628272755,0.8972779664,0.4204484991,-0.8535204175,-4.1296895447,-2.3322191248,0.2721250485,-0.0178357835,-2.9146279949,-0.0021981673,0.399914061,-1.3266400281,-3.87346228,4.1372620327,0.7469921512,-2.2451624812,-6.0319463473,0.308582861,-0.8609648483,6.6751525024,-19.6134034609,4.948992234,-0.770993125,-0.3512814971,-0.8763777863,-2.0946292845,0.0502646951,1.3050540569,-1.7179338022,4.8193983007,0.0335609481,-0.7840963565,-0.8309192548,0.1256675681,-0.9802559904,-0.6629682895,-0.9804246709,-1.2302631928,0.352638168,3.7709177418,-1.9286193994,-0.2639851155,22.4171451706
biasActivation=1,1,1,1,1,1
[BASIC:ACTIVATION]
"org.encog.engine.network.activation.ActivationSigmoid"
"org.encog.engine.network.activation.ActivationSigmoid"
"org.encog.engine.network.activation.ActivationSigmoid"
"org.encog.engine.network.activation.ActivationSigmoid"
"org.encog.engine.network.activation.ActivationSigmoid"
"org.encog.engine.network.activation.ActivationLinear"
