encog,BasicNetwork,java,3.4.0,1,1572778895256
[BASIC]
[BASIC:PARAMS]
[BASIC:NETWORK]
beginTraining=0
connectionLimit=0
contextTargetOffset=0,0,0,0,0,0
contextTargetSize=0,0,0,0,0,0
endTraining=5
hasContext=f
inputCount=2
layerCounts=3,8,8,8,8,3
layerFeedCounts=2,7,7,7,7,2
layerContextCount=0,0,0,0,0,0
layerIndex=0,3,11,19,27,35
output=0.5454550976,0.390242315,1,0.9632172053,0.0412545164,0.9999545369,0.8890652306,0.9744880305,0.8995702696,0.0010361467,1,0.99779596,0.0001029819,0.3203196852,0.0052868486,0.9944863189,0.9937496331,0.996088036,1,0.75796503,0.0000895615,0.9999811272,0.0031947598,0.0336354081,0.8027143101,0.0000015008,1,1,0.875012674,1,0,0.9537506345,0.9999976735,1,1,8,30,1
outputCount=2
weightIndex=0,16,72,128,184,205
weights=-7.5558666388,-7.6140670965,-5.903736784,-5.9333716831,4.3603177721,16.6583470687,-0.3838966287,-0.2810314352,1.1999777683,-10.8598698643,-17.1318154476,15.0852975484,-5.5175479337,4.9131397781,8.2066224257,3.5136753923,1.1830960314,-12.4861770203,7.388271452,-0.3420261128,5.1439404348,-1.9664613631,-3.489652365,0.0358384418,-2.3064780273,0.1484549582,-2.625218802,10.2105226692,-0.8239946424,0.3775265002,3.4005631329,-3.0005337778,0.582747183,-6.8473134624,4.4347049453,2.022814574,7.3263098702,-1.0748441657,1.9543313312,-0.1778851482,2.8396531007,2.0966262374,-7.4460306407,0.7807524387,-3.8778572577,2.7342753988,0.9515148892,1.8200986253,1.6509569709,9.9131169658,-12.5863861296,3.3299070066,-5.9942612203,5.7215403961,2.6089467433,3.685179433,4.4361404416,-4.2018306262,-4.461940461,9.4163938821,-2.0055010123,-6.7899493341,4.1143520061,3.7896890749,-2.610188667,1.8137961835,21.4203538193,-0.982208944,-7.3624502128,-4.7381326043,3.1853541222,-2.2656487231,1.6743779766,-0.6522903147,2.2101139428,1.1976571798,0.8970991757,0.4090575458,1.1227917944,2.2737644507,-1.709458811,-1.6811352318,-1.0206132992,-1.4380109535,-3.3267350209,-3.1131983072,14.8278647426,-4.2489226596,6.1583750537,9.0292062717,-14.0116191069,-0.782673508,8.293679204,12.7909214033,-9.982031784,-1.9534914821,-5.4519820714,-0.7805043388,-5.8622133568,-1.1985415521,2.2884686782,11.4430850777,-1.5513298261,-4.5013180344,0.4208409397,-2.5541097523,-0.1322945103,4.2530807153,4.3614668288,2.0150452339,-6.9021645775,3.2307493448,-2.9662239465,-0.4657880336,5.5477518851,-0.8687470152,-3.8297452664,2.1288486546,1.9782288797,0.1922639221,-4.4781988849,-1.6891107106,-0.5487397095,-0.3838215393,-0.509728894,9.5828226302,-0.7440198593,1.8090982947,0.667681719,4.8548137359,-0.4925100348,0.737278532,-5.0387368786,0.4306880618,0.5210278912,0.572343341,1.6417671639,-3.2702077949,3.1711908742,0.6062383217,-9.627073211,-2.9118207327,-1.8877481317,2.7094085061,1.1855111002,1.8203603934,0.1333572805,0.8479752353,6.5071378243,9.9251587857,-6.5649144361,-1.6003475221,2.433021485,-0.6956528709,-0.9089292812,0.6168186289,0.1677788151,-2.1775987579,-4.0217178436,-0.6191382491,4.224455788,-1.6116379957,2.8963911576,0.5286100179,-11.945014896,-2.558692248,1.1996275427,3.6830191528,-0.0545055601,-10.558477849,-1.2247997946,-0.2534350283,12.9851348242,-1.6113955092,0.689107576,0.4591568895,0.7492481221,4.9600834422,0.3166351397,-0.1640160344,-17.7414353379,-1.4380869122,-0.552599455,0.096072301,-0.8493891502,4.5605908398,0.4274313772,-1.196199757,-0.0106273605,11.8344449022,0.6318956462,1.5529403047,1.1940420017,0.1023247281,-1.148823022,0.1506993049,-0.8011517871,0.351271685,-1.1025817517,-0.7027726166,0.6318214826,-0.3613069701,-1.8471488693,2.0773069186,-2.071632331
biasActivation=1,1,1,1,1,1
[BASIC:ACTIVATION]
"org.encog.engine.network.activation.ActivationSigmoid"
"org.encog.engine.network.activation.ActivationSigmoid"
"org.encog.engine.network.activation.ActivationSigmoid"
"org.encog.engine.network.activation.ActivationSigmoid"
"org.encog.engine.network.activation.ActivationSigmoid"
"org.encog.engine.network.activation.ActivationLinear"
