encog,BasicNetwork,java,3.4.0,1,1572778909318
[BASIC]
[BASIC:PARAMS]
[BASIC:NETWORK]
beginTraining=0
connectionLimit=0
contextTargetOffset=0,0,0,0,0,0
contextTargetSize=0,0,0,0,0,0
endTraining=5
hasContext=f
inputCount=2
layerCounts=3,8,8,8,8,3
layerFeedCounts=2,7,7,7,7,2
layerContextCount=0,0,0,0,0,0
layerIndex=0,3,11,19,27,35
output=0.560000777,0.0967822475,1,0.9987631258,0.0014740816,0.5396435532,0.0064754066,0.0029694496,0.0026824847,0.0059545684,1,0.2219484597,0.9999990413,0.0000075956,0.4030431548,0.6679226667,0.992086897,0.0000276888,1,0.9474064549,0.029430392,0.2830169931,0.9970829639,0.0000000131,0.0000312768,0.0130836649,1,1,0,0,0.3489747648,0.000565042,1,1,1,8,30,1
outputCount=2
weightIndex=0,16,72,128,184,205
weights=7.4539622601,2.9332390667,0.8581456044,-18.4679639095,-0.6556397096,-25.5528679765,20.6234866613,-7.6037183326,-9.7790733085,-7.128782195,10.0404615129,-0.203486628,10.2505783433,-5.2196642046,-2.4584471997,2.1252355652,-4.8252079515,4.2336221049,-6.7471746834,-3.6336649342,1.4378157613,-1.0503612907,-1.7204993277,5.0775823167,-3.6520555269,1.4915947887,10.9454271948,-0.0920717333,-5.3906836148,-8.7575452112,5.4066104774,5.1264114677,4.374596843,8.0645384943,-10.6472097308,8.7658914271,-15.9026658378,5.889618757,5.9080400844,-7.630935907,5.7586802519,5.4410916069,-2.995888302,4.0577220404,-19.9701800724,4.5911054716,-3.2576053669,-4.6040278096,-8.5119336794,6.0356628883,1.712468759,5.2745137485,-6.4948832964,-10.4011223499,-0.5763657546,2.5681919394,-1.4517836772,-4.9964650117,-4.7550143793,1.9408603836,10.651675604,-10.437429501,-0.9189665433,1.8585082259,12.1474269601,6.7617208324,-0.4518824178,2.7118937601,-3.6453835786,-21.4204959152,8.2701593895,8.0171506252,-4.0362627525,-6.5130833094,6.5408198666,2.3591075551,-11.4636355597,9.0917941369,-5.4525745265,-1.3710172761,5.4290016205,1.3271736679,-0.204367308,6.6206608985,-6.2597429611,-0.8823014584,-1.9911116376,2.1577531712,-11.9226779693,-5.0269831814,7.8299004188,-1.5159325786,1.0690218242,10.8677459542,-5.6961495689,-0.9746642471,7.9133635647,10.1392591245,-7.9552867663,-6.426554092,6.7740858469,-3.1622844864,7.0679537353,0.3785377445,-2.8902582989,13.7398144381,-4.7668984679,-0.943818865,-2.882725293,-2.7420074919,-11.5337570334,5.473854362,-7.894801761,1.8193342563,14.7681212619,5.5681654893,-8.4621464705,5.1292316445,-4.0714152518,2.5788896355,-9.5779288064,-1.9959345815,6.6838186473,-3.9313254923,-2.4150672017,2.0112934388,-3.1484628341,0.7078324689,0.0975877704,-0.4020908554,0.5478934672,16.7748070089,1.8662616485,-3.9014763055,1.5951535686,-0.7551690709,-1.2675624508,-0.7691640995,0.187118279,10.1448180277,-10.3907943955,-3.2736698173,-1.9053274831,-0.583709742,-0.0350226489,0.5987674831,-0.9479659582,-27.3067241563,-8.4390050029,1.9280054905,6.4571262261,0.254471766,1.5920569809,0.8366763997,-0.8838964577,0.7712767168,-11.5029167933,0.9328103744,2.6091769677,0.4375650976,-2.828368259,-0.2666188786,-0.3198977903,-10.5175751298,16.4751836391,-3.4673649172,-5.0747832806,-3.1222818519,-0.9018831626,0.1743450384,-0.4699889931,-17.3642275929,11.2520628196,-0.5726297348,-1.3961851013,-1.4485857476,-0.8156279167,-0.4263154428,0.3495612151,16.3209251379,1.9072917305,-4.814841293,-3.6490019495,-0.7404183239,0.5415065728,0.8824313322,0.3045081773,-0.9379566637,-0.6879028692,-0.8789378075,-0.7849449374,-0.8019830808,0.0654000262,0.8570470857,0.1860884467,-13.0625788802,0.7963424356,-0.4606396605,-0.0295949972,-1.2888244967,4.582818757,0.7334277197,-2.0037157402,4.6260410774,0.8623130323
biasActivation=1,1,1,1,1,1
[BASIC:ACTIVATION]
"org.encog.engine.network.activation.ActivationSigmoid"
"org.encog.engine.network.activation.ActivationSigmoid"
"org.encog.engine.network.activation.ActivationSigmoid"
"org.encog.engine.network.activation.ActivationSigmoid"
"org.encog.engine.network.activation.ActivationSigmoid"
"org.encog.engine.network.activation.ActivationLinear"
