encog,BasicNetwork,java,3.4.0,1,1572778919702
[BASIC]
[BASIC:PARAMS]
[BASIC:NETWORK]
beginTraining=0
connectionLimit=0
contextTargetOffset=0,0,0,0,0,0
contextTargetSize=0,0,0,0,0,0
endTraining=5
hasContext=f
inputCount=2
layerCounts=3,8,8,8,8,3
layerFeedCounts=2,7,7,7,7,2
layerContextCount=0,0,0,0,0,0
layerIndex=0,3,11,19,27,35
output=0.2632624009,0.5284732846,1,0.0003169417,0.5266583714,0.0000296737,0.9999998357,0.6502636672,0.0024346367,0.0000000001,1,0.0000956621,0.9999674748,0.9998387757,0.9476226185,0.4527321834,0.9999941344,0.9999593358,1,0.4317554983,0.9999999825,0.2251398731,0.8515950063,0.0152621845,0.000108904,0.9718439565,1,0,0.0002584912,0,0.5991277273,0.8474739868,1,1,1,8,30,1
outputCount=2
weightIndex=0,16,72,128,184,205
weights=-7.2178449145,-11.238395228,1.8997678761,-7.0935732992,10.5875053046,-4.426114065,9.0040811247,5.1116237438,13.6517860242,25.6089452889,-24.0499687631,-16.7103512824,-20.1615262561,20.1798489332,-25.0285667021,16.3947638453,2.2364416929,2.3314716192,-7.5589552504,8.8207791575,-20.9937899455,3.2167783847,-4.4988563936,-0.4026403865,2.6531886009,-9.0871627282,-4.55926972,-2.0007272371,-7.113748348,2.0683256825,11.8939352824,4.9066747409,3.2949853523,-2.3137907513,-8.7070119258,-2.7319545613,17.5337576089,-4.0804409977,-1.1716968456,0.496620856,-4.5718963495,10.3590357392,10.2218649781,4.4289995178,-5.1867907543,-6.0870411674,-3.0239421112,2.3049632385,12.3640986254,-7.5991880623,2.540210895,2.9322602616,-7.607350457,0.5471289932,4.7071320934,1.0895049265,6.589441074,-9.1314382415,1.226572299,-0.9733844598,-4.2370923338,-0.4719109177,2.1585328623,3.0427484619,11.8044887069,1.379706952,-11.3831336164,-11.3236170867,-14.2693943454,7.8156444771,-1.5319608118,-2.0590008263,-14.8857567662,1.7413370325,5.2067392936,0.4680884049,7.8430015789,12.4844095247,-7.6362977192,1.1604402012,4.9035862655,-0.258205013,-3.1074957769,0.5920703481,-5.1279059293,-9.3512365571,8.5701025652,0.420414446,0.0803213916,8.4363809599,-0.8039424203,1.1556667104,6.5261483398,-5.9759561757,-3.3663866935,2.6309821515,9.3936887223,-5.3537595348,2.1575227732,-1.3154376743,1.5869829118,-13.1168711754,4.0286386807,0.8899394304,13.5931834739,-15.0720741551,-0.107889262,2.6694388955,-7.2540042616,-11.5360736832,5.2007870617,1.8221287808,7.1877587279,9.1137186056,-2.9894727863,-0.0377605407,-1.8049906539,-7.340837419,2.4571686018,-1.8251037584,8.2359422507,-6.4567319352,-12.623948015,3.2474457575,-3.585215878,-3.4654186856,7.4671812965,5.8857464346,0.7372585287,12.6603176335,3.3212818947,15.4490427782,3.9894718605,-4.1399910835,-5.032434156,-3.742463187,0.6935043918,-10.4638182235,-1.9143581898,17.4480676483,0.0158881265,3.7139888522,1.5143344148,2.1658267117,-0.1605420722,15.6202422829,-0.7563954758,-15.1334015475,-2.7646796936,3.3591496973,3.8874097415,2.9232767991,-0.9180863061,-1.9859069847,-0.3448063367,1.1681408181,2.7955788255,-0.4245989695,-0.2794438175,-0.6173236711,-0.4276195314,-11.7597054961,-0.8761240694,-6.8007560295,-3.5807273512,0.8740878886,1.7767924377,0.2942569783,-0.6810376512,8.7940984223,-0.8607696103,-18.5358231462,0.5981446275,1.9244651841,-0.2109617303,-0.2422979707,0.2512448308,6.5068105042,-2.0355936096,9.9541952305,1.7538417481,-3.3804118759,-0.2919624762,-0.2380439912,-2.0201608907,-0.7864164198,0.7935305157,2.1939011398,-0.3838060723,-14.2974174527,0.933621094,-1.9431783971,-0.7093348417,0.6778888479,0.1665896682,-10.0189688737,-2.4223692919,0.7131718976,-0.3012776073,-0.9669775013,5.145603677,1.3108592965,1.7379009811,0.8695903418,-0.4063681566
biasActivation=1,1,1,1,1,1
[BASIC:ACTIVATION]
"org.encog.engine.network.activation.ActivationSigmoid"
"org.encog.engine.network.activation.ActivationSigmoid"
"org.encog.engine.network.activation.ActivationSigmoid"
"org.encog.engine.network.activation.ActivationSigmoid"
"org.encog.engine.network.activation.ActivationSigmoid"
"org.encog.engine.network.activation.ActivationLinear"
