encog,BasicNetwork,java,3.4.0,1,1572778936849
[BASIC]
[BASIC:PARAMS]
[BASIC:NETWORK]
beginTraining=0
connectionLimit=0
contextTargetOffset=0,0,0,0,0,0
contextTargetSize=0,0,0,0,0,0
endTraining=5
hasContext=f
inputCount=2
layerCounts=3,8,8,8,8,3
layerFeedCounts=2,7,7,7,7,2
layerContextCount=0,0,0,0,0,0
layerIndex=0,3,11,19,27,35
output=0.7191117992,0.4767616517,1,0.086276274,0.0000023167,0.0001599197,0.7763859863,0.7619054612,0.5861962896,0.7912289545,1,0.4984077653,0.9826421373,0.984270452,0.0010124384,0.9999994566,0.5721676535,0.2772675317,1,0.9672661054,0.0252682696,0.932227334,0.9999831351,0.1115450935,0.0011954312,0.9990621394,1,0,0,0.0294004614,0.0000000016,0.0000035851,1,0,1,8,30,1
outputCount=2
weightIndex=0,16,72,128,184,205
weights=6.9238521082,-12.2387822856,-15.3421501986,6.9438414533,-6.8282991891,22.6755418912,-13.2116354616,-2.6822949465,12.3955009553,-12.6640063437,10.5614586736,-5.5172986063,-6.3233692957,1.6319023063,4.0512998692,3.7751243909,1.2531600641,4.7352642992,3.7195255905,-3.8479052854,-1.3077049987,-13.5556561073,-6.6852511222,-0.3773366155,5.0255300192,-6.4787390632,-1.0453061691,2.7965405936,-14.0740581928,6.5493784018,-5.0626859487,3.6426120733,-4.8390486603,-0.8530555571,2.7577580996,-3.2703801456,-10.1346372416,-1.8245547983,-2.1455738241,3.5718009446,4.1180266778,-0.684019783,-2.1341851234,-1.4174638962,7.7673941319,-11.8998922297,-8.2101516828,3.2842210225,-4.8494437758,6.8318416995,3.3979869856,4.2311178529,2.2153094081,-6.495516976,-9.0987357176,-2.4579218665,-15.6964769881,3.4956710129,2.5860779156,-4.35302619,-9.3904577867,4.2478480318,7.2956921994,7.1326353167,-15.1523570583,9.9926529216,-0.3770103573,-0.7549434509,6.313904644,-5.5443560092,-2.3370610647,-3.0565646079,8.6219186966,5.729417113,7.1522649797,-3.1891457997,-8.2927871658,-0.5322424988,-6.7036917312,-4.3462154533,1.2076448299,-3.5994905442,-2.984234522,-11.7023996955,-7.6853750381,-7.0815825992,14.6804482798,3.64227709,2.8842905638,-1.0589442842,-1.3883005182,-1.6634225969,-5.8494961686,3.5892733174,4.5977274251,0.3856236219,0.1360000019,-2.7679926432,-2.6184999531,-2.8757588149,1.2101079015,13.9635006,0.7818052855,-2.5719849742,3.3558853018,-8.2078177734,0.9647977022,-4.3979908934,-16.3475960131,4.3795289659,16.178774201,0.5398924866,-7.8648613912,4.7784608275,1.4178710513,7.1353623198,0.4591400346,-4.2320523909,7.9317009624,-8.6500669012,-0.3338254734,-16.4122478766,1.4036317761,3.320987585,-4.9230351109,8.1482970105,-1.1694706543,-3.1421110442,1.2828587534,-0.7109942821,-5.6559015188,-8.7459467973,-0.3149910554,2.1300897128,-1.551685132,1.4222601179,0.9451315846,0.570677458,27.2932922552,-5.6548665181,-12.3562775843,-2.1818791457,1.1121174679,-2.2731247749,-0.4354876526,0.3268538208,-7.8959984362,10.6698874238,-2.0709383586,1.4914772043,-0.3852405544,1.3620939491,0.2676321239,-0.3474220026,0.3826342417,-2.3240446996,-12.4399130602,3.8621667967,4.9730788359,7.1168901385,3.3175836869,-0.0435023523,8.9737055145,0.7393094997,-16.2949963869,-3.317474794,5.6994820934,0.9786471705,-0.133966695,-0.7439743108,-1.8624809402,0.7756473356,18.7614662298,-3.5449730762,0.7260068328,-3.1283885997,0.7375165847,0.0722103629,-21.4107670762,2.8584299052,11.8736066017,3.1568765122,0.949884547,4.4435382624,0.3852618161,-4.1555740716,-0.638395802,-1.0275074284,-0.5678534545,0.0836688001,1.1943876704,-0.1317344371,-9.099971841,0.3427783298,-0.8016465643,1.0811235997,1.4459732733,-0.8484000924,1.3455080876,0.2988161042,3.3722083276,0.072467157,2.0719632031,-9.2759717258,0.7387404548
biasActivation=1,1,1,1,1,1
[BASIC:ACTIVATION]
"org.encog.engine.network.activation.ActivationSigmoid"
"org.encog.engine.network.activation.ActivationSigmoid"
"org.encog.engine.network.activation.ActivationSigmoid"
"org.encog.engine.network.activation.ActivationSigmoid"
"org.encog.engine.network.activation.ActivationSigmoid"
"org.encog.engine.network.activation.ActivationLinear"
