encog,BasicNetwork,java,3.4.0,1,1572778992855
[BASIC]
[BASIC:PARAMS]
[BASIC:NETWORK]
beginTraining=0
connectionLimit=0
contextTargetOffset=0,0,0,0,0,0
contextTargetSize=0,0,0,0,0,0
endTraining=5
hasContext=f
inputCount=2
layerCounts=3,8,8,8,8,3
layerFeedCounts=2,7,7,7,7,2
layerContextCount=0,0,0,0,0,0
layerIndex=0,3,11,19,27,35
output=0.7964790866,0.8624770771,1,0.8205160653,0.0000000003,0.9999163523,0.000035614,0.9999999998,0.9999849353,0.1959918684,1,0.9999999984,0.9999999999,0.9999080731,0.9806703306,0.999173523,0.999999574,0.000011633,1,0.0206806702,0.9819607168,0.936282008,0.0089578037,0.0007550465,0.9989277666,0.0000431485,1,1,0,1,1,1,0.0451530102,0.051692493,1,8,30,1
outputCount=2
weightIndex=0,16,72,128,184,205
weights=-11.762232563,-10.3835500516,7.9322680804,11.7067330677,-10.502794246,13.8263819134,-11.606346542,2.0348815645,6.3322574569,-7.0413588218,6.3474805481,-7.5276106407,-8.3079828919,-1.5336519891,7.6404029719,-1.3622276007,-5.5828394131,-7.8785376364,9.3679840604,-3.1978501704,3.1808335671,8.3366751988,-1.3686229472,-2.7647216873,-11.7779086189,-1.1260050506,-7.6955430821,1.2089458113,3.3089262801,-7.2825427176,4.698262357,1.3263286646,3.2784398751,2.9573031815,-0.8869962542,-6.7028834353,3.5068612876,4.1787142959,-3.5725029472,2.9306692671,-7.6021986381,-2.0037636875,0.4127250112,-1.1036417367,3.7379486119,-3.4521901555,5.002466859,-0.249880659,3.8420535704,14.9202752734,-4.5352895853,2.7426089345,8.5681012778,-1.6984036666,-0.1328087317,-1.4191875097,-0.038652445,2.4491874874,0.5934883155,-2.0052927058,5.1784910314,7.7159740007,-7.3688628969,-2.8243893912,-9.1357237268,5.947403077,5.7379297314,-5.4555074989,0.4920668318,-2.2036579961,2.3255912555,3.1014063589,2.8055573945,11.0677212883,3.8546515824,1.381572822,-10.1968464162,4.1152572193,-1.388018817,1.6314289202,-2.6123995661,6.8477798266,9.8078086609,-18.9724001953,-5.8556528719,6.0927044241,-5.5296052399,1.8833051622,-8.3310326525,4.1346196205,1.8260494141,-0.0357518298,-7.7446781185,0.8613761449,6.3037557144,2.8424278144,2.2630513539,-2.2485439428,-1.8257602803,-5.6691585247,-8.8050113045,11.0761803579,1.3196003745,-3.2097275796,0.5343545659,-4.8631674118,5.2939654694,-12.0172661408,6.8390965363,0.9820851706,-2.6824176042,6.0268236269,-1.3266469217,6.8489827825,4.5193699254,-1.9623744205,-9.5114932509,6.279605823,-11.039381932,-2.5080987474,1.2730095265,-6.7069003339,-1.4654422274,-0.6932971966,7.4283450605,-4.7002156239,2.2347180545,1.2656845118,-0.0807566071,-1.1650113153,-3.6893457201,-0.1377387457,-0.003025088,5.4059510625,-7.2321351457,0.1829599807,2.1634347852,-2.3486259447,-0.185912726,1.5757806662,-1.5679945647,-6.2684438729,-10.0037847548,2.8118510473,0.195303409,0.1051529515,0.7703310736,0.9375863923,0.4920387411,-8.8645700304,-3.4973178928,0.8732372357,-1.9417266172,1.0836015744,-0.3441520816,-1.8178628176,-0.5098086068,23.6523729165,4.8282626864,-1.410242681,-1.0053578458,1.7002648159,4.0221910682,-6.4377074806,-0.6303470832,8.0426237502,14.4877542236,-4.2488113551,0.8188065675,-1.3368220109,-6.8438981597,5.8759630428,7.0344736428,-6.8410895779,-9.9762675735,0.7761875885,-1.3565201415,0.766107016,-1.3090080722,-2.0839198003,-3.3387430869,14.4051117391,-1.5161716855,-2.5346871765,-0.533495426,1.390928112,0.6748219517,0.015391911,-3.7546068687,-0.4476893346,-5.372893719,5.7451447499,-0.1284582771,-1.034581228,5.1879740768,0.1549798496,-1.5160679482,1.8290766819,-3.1525759744,0.443962473,-0.3417210314,3.6484369976,1.6640730858,0.1778323616,-21.5569217921
biasActivation=1,1,1,1,1,1
[BASIC:ACTIVATION]
"org.encog.engine.network.activation.ActivationSigmoid"
"org.encog.engine.network.activation.ActivationSigmoid"
"org.encog.engine.network.activation.ActivationSigmoid"
"org.encog.engine.network.activation.ActivationSigmoid"
"org.encog.engine.network.activation.ActivationSigmoid"
"org.encog.engine.network.activation.ActivationLinear"
