encog,BasicNetwork,java,3.4.0,1,1572767415334
[BASIC]
[BASIC:PARAMS]
[BASIC:NETWORK]
beginTraining=0
connectionLimit=0
contextTargetOffset=0,0,0,0,0,0
contextTargetSize=0,0,0,0,0,0
endTraining=5
hasContext=f
inputCount=2
layerCounts=3,8,8,8,8,3
layerFeedCounts=2,7,7,7,7,2
layerContextCount=0,0,0,0,0,0
layerIndex=0,3,11,19,27,35
output=0.7278315258,0.9918363172,1,0.9102063231,1,0.8382129095,0,0.7678027231,0.1912389436,0.9965577214,1,0.9999983433,0.9999999988,0.9775056052,0.8630656815,0,0.1944986987,0.0000289489,1,0.9883139176,0.9997245625,0.0007591379,0.0540610731,0.9770364158,0.0017526802,0.3920172295,1,0.0000004065,1,0,0.0000011493,0,0.0000000027,0.8118698656,1,8,30,1
outputCount=2
weightIndex=0,16,72,128,184,205
weights=9.1483493875,2.7051564316,5.1092138816,-8.0433673493,-7.7653584854,17.6002116263,-5.2513248604,-6.5013367367,-13.7559715046,1.6270608018,11.5513841611,1.0331742149,-19.5751453285,-3.9702234927,34.025223057,-12.1079327072,-13.7112482041,2.3444174242,12.4346536752,3.5098211594,-2.114694944,1.8814568367,-7.7319817295,-1.8669021226,1.0982328764,17.9151733695,4.8529475758,1.6424405992,-18.812366066,-4.5592589805,-1.8197487252,2.9546939818,-7.4099648868,-3.0687362727,9.1508356728,8.0556349084,-1.5726003908,2.3588110535,8.0067880805,-4.2328728604,-30.2676299914,-15.4179829148,-1.6726451203,11.5553141516,17.8581868461,-13.1716240774,6.43505403,5.5317175717,-9.8251251343,8.6207285907,-4.1542262717,6.4451950934,-6.7637871985,-6.2334967732,-3.8200508888,2.110996131,0.5817044828,11.0272934707,-3.2339440059,-11.6371440224,-4.3766998454,-9.6717189525,0.9012826193,2.0349518538,3.3320403651,-7.7038736431,2.1180551642,-0.7920142052,-10.4303417967,-0.9009063924,-0.1562492369,8.8283913498,-1.4798827938,12.3980945305,6.6817959213,0.0137695475,3.3675561712,-15.5075217678,4.9396341356,-2.8267027999,2.6207460506,6.3895071564,8.0938581921,1.1758207056,11.2813803667,-11.2499327278,1.0211665503,0.1264775462,4.1576248982,12.1129158594,-4.3469141248,-6.3406955905,-15.7177844936,11.0225339075,3.8680888028,1.7203759197,4.1466355975,0.7355125276,-7.2911878205,-1.0330861107,-4.4633466828,15.0855045046,-1.1280081963,1.8454973895,-2.4349736485,-4.9242858412,-4.4611884449,-3.8014981748,-19.9587061012,5.8185240201,3.1870738584,1.8434151246,4.4620548646,-5.2799650736,-7.1094593301,-3.7194977377,-7.930323073,0.0938061964,2.271656633,6.5115590822,-7.5824435796,-1.1202723689,1.6194921606,-0.466959781,-2.6695203701,-0.9239644446,4.9967633197,-1.1611164164,-5.8289654483,4.6784384967,1.7703874374,0.4734384526,-0.6857289498,1.2309839121,-1.9070783571,1.3074645534,-3.8575672914,3.7810228751,-0.7263596791,0.641228322,1.0177033791,-4.8955251504,12.275090529,-5.5499239394,-0.1527799079,-3.437945283,-0.3459003161,-0.8094317088,-0.5286113491,11.9181680544,-0.2452294214,-3.5455270761,4.9496150728,-3.6778259201,2.0334558302,0.4971894654,0.0504515709,1.7596489147,6.0329344867,-4.0821979959,-15.1324568263,-4.4665982048,-2.4643833902,-0.5054727014,-0.7377835199,7.2827265354,21.6240435743,-9.3386901762,2.5693315499,-3.0162798344,3.5487748894,-0.1552225205,-2.4023375648,7.2729230307,-16.4410694247,10.0194328746,9.7869874123,-2.5791390666,-1.8002012679,-0.1516001218,0.4539730877,-4.2103564058,3.8961153019,-1.0228440848,1.4076967104,-0.7795000829,-2.5922506183,-2.2344171392,2.3425923587,0.4852738946,0.9554283002,-5.2470181958,-1.1637787094,-1.090284098,-0.1797700774,0.4390212431,0.8004825789,-1.6355977713,0.3374932747,10.0367107957,-3.3222695608,-0.3386380471,-2.0420602091,-0.2239185176,24.5162433351
biasActivation=1,1,1,1,1,1
[BASIC:ACTIVATION]
"org.encog.engine.network.activation.ActivationSigmoid"
"org.encog.engine.network.activation.ActivationSigmoid"
"org.encog.engine.network.activation.ActivationSigmoid"
"org.encog.engine.network.activation.ActivationSigmoid"
"org.encog.engine.network.activation.ActivationSigmoid"
"org.encog.engine.network.activation.ActivationLinear"
