encog,BasicNetwork,java,3.4.0,1,1572766274981
[BASIC]
[BASIC:PARAMS]
[BASIC:NETWORK]
beginTraining=0
connectionLimit=0
contextTargetOffset=0,0,0,0,0,0
contextTargetSize=0,0,0,0,0,0
endTraining=5
hasContext=f
inputCount=2
layerCounts=3,8,8,8,8,3
layerFeedCounts=2,7,7,7,7,2
layerContextCount=0,0,0,0,0,0
layerIndex=0,3,11,19,27,35
output=0.1839730368,0.1094683858,1,0.825255354,0.8455405745,0.0012744064,0.7075765328,0.9999999929,0.9754726506,0.9919933528,1,0.9981421709,0.94689237,0.9781834174,0.9999947902,0.9999999998,0.9999134217,0.0065983268,1,0.998248063,0.9598562111,0.0560233661,0.998036798,0.0847845045,0.9999923872,0.0414857542,1,0.9999999999,0.9751005831,0,0,1,0.0000001876,1,1,8,30,1
outputCount=2
weightIndex=0,16,72,128,184,205
weights=-6.4892833782,1.8968572812,-3.6289283957,-15.7445590321,-2.4933722978,6.2399845813,7.3255377035,2.546446359,-6.8779127711,-6.8534903355,4.9639537031,2.4422598396,10.5851645222,11.8200086947,-8.7641834654,-5.7809040778,1.608699518,-1.5029615912,8.6368325333,-0.5714602991,-4.5089121477,1.4907312307,-3.2420455373,-3.4674478346,-1.2794983995,4.22256956,0.2550661153,-1.5246626615,2.7116372887,-2.2998686025,-0.871365926,-0.152217849,-1.3599206011,-4.5913643153,0.3652117919,0.1228450095,4.1356422769,-8.2202524427,7.5111104322,2.5951715804,1.1427282457,1.7757920254,-0.3719190729,9.8492471598,-9.1983687413,1.3823108482,3.2565622544,-3.6291474261,0.7837328239,3.5288092271,4.2728775,-7.4117427382,15.3797348953,2.6425274961,-8.189003635,-0.1015135484,-0.8032203377,-7.4854861447,7.3637029789,0.370571354,-0.5733806077,5.5303212224,1.7917037355,-0.969094489,-6.7202855346,0.4210893389,2.0578428484,7.7289952958,1.0828503974,-0.8445927806,-1.5616176992,1.1585889642,-5.0200177036,4.0635901934,-5.848307602,4.1580391135,-3.4149028923,1.6302895759,-0.5513327599,2.2571397301,2.5218149374,5.2618641815,-3.0505801959,-2.3312135172,8.0491093378,-1.5255748764,-4.4874314063,-1.1603364313,0.971199545,2.8938915132,-6.4937864363,4.8388899973,-1.6727189428,-3.4158785882,-9.1151547895,-0.4739551641,2.6717865216,-5.7964917769,-6.2572005991,-0.7687093686,1.0159832314,18.2177879235,-3.3137221766,-1.986919604,0.3240686678,5.5863393722,-7.9742537704,9.7582132733,-3.9102466381,7.0583277915,-3.388382909,0.78927611,1.8995822215,0.6854024723,-9.6896447802,10.2472525566,-0.557982391,-1.8183162828,-7.7545777645,-0.6967403843,0.2253794594,-0.9059014346,3.7509179329,-4.9367566118,0.6934410231,3.8811957956,1.8977743365,-3.6715326626,2.2815285902,0.2310270737,-4.2242066212,-1.4029220096,-1.2653309716,-7.3228171232,2.246471423,2.8573374718,0.7095299311,4.3468926497,-1.4730918762,6.8289241178,-8.3992783058,-3.1635872275,4.7187944921,1.9066126807,4.582769655,-11.2328024029,2.6576299157,6.3192302536,-3.9808621748,-4.8082955938,3.6076735393,3.9191994973,-2.8241130442,12.6465034989,-1.4722269577,-1.2397697997,1.369039815,-2.2623427852,-2.5230241196,-2.1223018114,-2.6962940795,-1.1703732545,1.626406865,5.0461294175,7.090626286,1.5027800592,-3.257209022,-2.3749385789,3.3447349579,17.8804694508,-1.5729733241,-0.9002323735,-11.0620216029,-4.6960551138,-1.2562592819,3.3239683948,3.4954491233,-12.217121653,-0.2164593124,-0.6593909936,1.5508142502,2.8693208845,2.0412505595,1.6853736465,0.7080120334,0.5528183978,0.6025424456,-2.1118260862,0.1135573151,17.1555854773,0.8301497133,-1.4563890126,0.5056257641,2.1413549582,-1.7735595559,-1.9810960629,-1.8129459524,1.7404379308,-9.0999582302,2.703029046,-1.2387525975,0.049631581,-0.4960272339,4.1686869748,1.6326892153
biasActivation=1,1,1,1,1,1
[BASIC:ACTIVATION]
"org.encog.engine.network.activation.ActivationSigmoid"
"org.encog.engine.network.activation.ActivationSigmoid"
"org.encog.engine.network.activation.ActivationSigmoid"
"org.encog.engine.network.activation.ActivationSigmoid"
"org.encog.engine.network.activation.ActivationSigmoid"
"org.encog.engine.network.activation.ActivationLinear"
