encog,BasicNetwork,java,3.4.0,1,1572779030099
[BASIC]
[BASIC:PARAMS]
[BASIC:NETWORK]
beginTraining=0
connectionLimit=0
contextTargetOffset=0,0,0,0,0,0
contextTargetSize=0,0,0,0,0,0
endTraining=5
hasContext=f
inputCount=2
layerCounts=3,8,8,8,8,3
layerFeedCounts=2,7,7,7,7,2
layerContextCount=0,0,0,0,0,0
layerIndex=0,3,11,19,27,35
output=0.4999849364,0.4814800051,1,0.7173792079,0.4882825074,0.7742797315,0.0872113952,0.093761235,0.0002922986,0.0926228511,1,0.9999997176,0.0906849405,0.0068150531,0.9998890178,0.0588543566,0.4466563304,0.9732873359,1,0.0000000001,0.3471556948,0.3918617874,0.0317005226,0.014356242,0.0369788404,0.9999929309,1,1,1,0.0041155033,0.8612910175,0,1,1,1,8,30,1
outputCount=2
weightIndex=0,16,72,128,184,205
weights=-2.6392142489,4.7692003366,2.6847789543,0.3684241051,12.3310890419,-6.7641526463,-10.6879130585,-2.7106166402,-8.7042144319,10.3387544319,3.357128372,-12.4719743291,-5.4438807112,5.5565446138,7.6145460575,-0.5862626985,-2.8802707115,4.8511030811,-3.7864700399,5.5837597902,1.419423071,0.6963892683,-3.4394923672,0.7675398027,-6.3011038424,-2.8220515611,4.6416874916,3.9469758212,-4.440764743,0.2999245859,-0.7090145924,3.3494400244,-1.7520533511,3.5931066389,0.1694309926,2.0539404698,-10.6200170007,-2.0254031483,0.0663473366,2.0691001132,4.373834598,1.7775104845,0.4034868212,-9.406440726,6.5045411399,2.9477168476,0.0092152235,0.811044851,-11.4008704011,6.8850483675,-0.5666456293,1.1684122208,-0.9972613669,-6.6651326594,4.9460643508,5.5652999168,-7.8513428862,2.247093247,4.809998855,-3.7223891242,1.2234224866,0.9668021502,-1.2254137264,3.8881639529,-4.858659772,-4.8058622008,3.110115465,3.6780466704,-10.6592732783,2.6220660436,-2.4613070143,1.1653625727,-4.4130554443,-1.7940685492,-4.0384388965,-3.3071342708,-2.4588166098,-1.6632198437,16.8592931343,0.6277549367,-10.2432232139,2.215102879,-2.261287293,-5.2235091214,-3.2451366486,6.6530497184,-2.3080212459,0.0859849783,1.6463648317,1.8460892221,-6.7252197451,0.294194515,-1.4096640402,3.096068468,-1.4566272502,-1.6342675026,-10.3906686671,0.7828985591,6.8310309887,-1.4419251941,-1.7060907718,-2.291605855,6.4033324964,-0.0909217903,8.2059920007,-14.2269567403,-5.1753770786,0.3081661414,2.6835356395,5.2048994806,-0.772313973,4.7265123724,-0.3030974712,-1.945644207,-3.4581724267,1.6118997603,-1.0584595036,1.4420571881,-0.0893565074,1.8165049943,0.8768934044,-7.7742930013,3.5242367838,4.0970392745,3.7574094304,-0.0887774101,5.0243733167,-0.2914575296,-2.1829338949,-2.6141660702,11.6278442481,-15.2451239573,-0.6039337441,-0.6103945095,-3.1156587708,-1.239786968,5.0683027843,2.8049919725,2.5735318457,-17.3270013398,-0.8091736689,1.8533060809,3.0263652309,1.5284678631,2.1176062272,0.4085429317,-10.2640189152,-4.3798174377,-0.1327316812,-1.2162289204,0.8597110938,1.2054147038,5.3435991012,0.5928249317,-0.6005129058,-13.6889956605,-0.5185901093,1.2867934257,1.3308309129,-0.1805762082,0.4794672268,-0.0595503154,-1.5313410413,-7.1490216599,0.5553322167,0.6466192642,-0.0156473205,0.883691365,1.2532009126,0.7783387807,4.6982531904,-10.1652672867,-0.5038070772,1.2343306545,1.3332303127,0.8770875514,-5.3231035803,1.8714547812,-3.6506100863,15.3588136748,0.6586759495,-2.0600655716,1.5443451526,2.6137581959,-1.1637131841,7.8814811771,1.6460047014,0.9702326859,1.2778723964,-0.7371480312,1.9903226731,-0.1680543171,-16.3698220104,-0.0143258239,0.2563762231,-5.7506257421,-1.5355504289,-0.5891155905,-0.8610467487,-1.0464758881,4.4223938636,-0.5980679605,0.673392895,1.9081706259,1.2964697205
biasActivation=1,1,1,1,1,1
[BASIC:ACTIVATION]
"org.encog.engine.network.activation.ActivationSigmoid"
"org.encog.engine.network.activation.ActivationSigmoid"
"org.encog.engine.network.activation.ActivationSigmoid"
"org.encog.engine.network.activation.ActivationSigmoid"
"org.encog.engine.network.activation.ActivationSigmoid"
"org.encog.engine.network.activation.ActivationLinear"
