encog,BasicNetwork,java,3.4.0,1,1572779040631
[BASIC]
[BASIC:PARAMS]
[BASIC:NETWORK]
beginTraining=0
connectionLimit=0
contextTargetOffset=0,0,0,0,0,0
contextTargetSize=0,0,0,0,0,0
endTraining=5
hasContext=f
inputCount=2
layerCounts=3,8,8,8,8,3
layerFeedCounts=2,7,7,7,7,2
layerContextCount=0,0,0,0,0,0
layerIndex=0,3,11,19,27,35
output=0.4698796552,0.1686662249,1,0.0003348874,0.9999335837,0.3984790514,0.6589398188,0.0004265278,0.0236515103,0.6808593616,1,0.6908090499,0.5056852094,0.0002008904,0.0022102147,0.9999998038,0.4048520152,0.9832051674,1,0.9979340592,0.9992528089,0.1710600153,0.8636375421,0.6803679657,0.9999915632,0.9999671149,1,0.9999994278,0.0215765613,0.0089488638,0.9999897821,0,0,0.9999763997,1,8,30,1
outputCount=2
weightIndex=0,16,72,128,184,205
weights=-8.4741537678,0.0336935582,-13.4712511888,5.9574962758,4.3423080444,6.3761906396,6.8034381929,-3.4939442296,7.2144163501,-12.019428665,1.3583647188,-7.3842749883,-5.8887297394,-2.4312540922,11.1655574158,7.2034579367,3.1986828661,1.1446815717,-0.0253847346,1.3788106076,-11.5569515623,-5.9283459946,4.5720350636,-1.3311476831,0.3504805124,1.289100785,-7.8429477661,-6.6773308407,-3.593971555,5.4284144123,9.2993638128,0.9949253996,4.6359230353,-4.5143546157,-7.4780400187,2.4502039803,-6.6870957764,0.0635054526,2.0665597253,3.2941170802,-6.1222600433,5.7853718018,7.3226076565,-2.8308528842,1.1118117495,2.1865961411,1.8418827238,-1.8409132912,-1.3708746641,2.2995281399,1.0613545366,1.0835357379,-10.0179721354,2.5371776369,1.3170348755,-0.2819660971,-4.1981723579,4.2632789196,3.7816643682,-0.7166951329,-1.5344123614,3.8921102115,-0.9826046019,-2.050524572,1.081552227,-8.0905797814,6.2734348316,-12.720414295,1.3799561257,-6.8951813748,4.235709739,1.3757194444,-4.6055565706,4.3517764183,6.3828862487,0.1410761959,-5.8791445162,3.7658473494,-3.0989671028,3.1707572444,2.3274329914,1.95348916,2.4268631276,-4.2794773214,-5.1326257426,2.1609628932,3.9021762584,-3.5420527948,-11.0548335721,6.9819835693,-2.9806246191,1.9372500074,3.1084002814,0.9638878156,-10.2883868622,1.5887746225,-5.4430557817,-2.7252784454,8.3289206997,-4.8912803909,7.6449784808,-0.3324453371,2.3545472781,-2.381277764,2.4800521991,-1.6541566493,-9.3019610433,5.3737468716,13.4898202001,2.531717981,4.6220150752,-4.7595062381,7.8349789142,-8.6062308464,2.9486252344,-1.3489595647,-3.4779075044,0.1365125761,0.4904027911,2.7956985634,1.7525213194,0.7458921723,0.9805139837,-1.0919487832,-5.8672499552,6.7992507502,-0.0171876028,-0.4392852115,-0.6034641982,-13.4981780404,8.8728027354,8.3290065377,5.3385112441,-2.6603705499,0.9789135226,-2.3124037636,-0.4587378895,-0.4962664311,-9.9007517021,-0.8499963906,-0.8296161324,1.367721435,9.0250326927,-0.4183440769,-4.3278314297,2.3513827157,2.3669089272,-0.5464167289,-0.9612170892,0.7183221237,8.7881282548,-5.5637299492,1.6731727869,-1.0921282658,-5.699230137,2.815075497,1.0675393102,0.796394343,-5.357166175,2.7892238859,1.8495571929,-2.4073765384,-7.2811892076,7.4888908355,4.8222900296,-1.4459831271,-10.633891941,2.1678351436,-0.1775014503,0.2795963023,-4.7303143799,4.609553134,0.4129897368,-1.7527457936,7.4069819186,-0.1196125516,2.8117109131,-12.8201995421,4.1737205423,3.7585767135,1.8879703234,-0.6280979385,1.0578923527,2.933608269,0.9436471498,0.2030106957,0.7342120252,2.3442930206,-0.4943141724,-7.7392539326,0.8934640858,-0.3273489304,-2.0344843355,-0.313942768,0.5292880636,-1.8757425432,3.4576734396,-4.966603652,-0.0548902203,0.8576367184,-6.5272242166,-1.6110092041,-1.7139423962,0.7239743059,2.6465386591
biasActivation=1,1,1,1,1,1
[BASIC:ACTIVATION]
"org.encog.engine.network.activation.ActivationSigmoid"
"org.encog.engine.network.activation.ActivationSigmoid"
"org.encog.engine.network.activation.ActivationSigmoid"
"org.encog.engine.network.activation.ActivationSigmoid"
"org.encog.engine.network.activation.ActivationSigmoid"
"org.encog.engine.network.activation.ActivationLinear"
