encog,BasicNetwork,java,3.4.0,1,1572779053264
[BASIC]
[BASIC:PARAMS]
[BASIC:NETWORK]
beginTraining=0
connectionLimit=0
contextTargetOffset=0,0,0,0,0,0
contextTargetSize=0,0,0,0,0,0
endTraining=5
hasContext=f
inputCount=2
layerCounts=3,8,8,8,8,3
layerFeedCounts=2,7,7,7,7,2
layerContextCount=0,0,0,0,0,0
layerIndex=0,3,11,19,27,35
output=0.5591397811,0.343892095,1,0.0001465977,0.0000000013,0,0.0000001047,0.9999424263,0.0149282083,0,1,0.0000000456,0.9634880332,0.9917546107,0.6921757381,0.0004031138,0.9999674404,0.0275550135,1,0,0.99999855,0.1653411563,0.9891573095,0.8211248163,0.1230668914,0.0172346384,1,0.0000000002,0.9998581322,0,0.0000000001,0,0.9944118328,0.9382720342,1,8,30,1
outputCount=2
weightIndex=0,16,72,128,184,205
weights=2.5432793139,0.0868234477,18.4190774684,-28.0741065094,-3.6958616753,17.2997802316,0.264209337,3.6746959056,5.001505058,-20.0968725091,14.2720407138,3.1656640246,-3.229179254,-5.7700317108,17.016999686,2.6683987245,2.0632686902,-0.6653517141,-1.5277220882,-5.101261805,0.8894873199,-3.9857223869,1.2834326369,0.8093509078,-5.3626549463,-14.014719479,5.3266605467,-15.2881244132,0.7028656923,-8.3479302755,14.5906794013,6.2951902087,-3.1878971424,-10.6688113513,4.2299269115,-22.9387513998,7.2959501,-6.0483772237,0.2952218942,2.222590163,-0.3580456558,-14.7513381382,0.6169175861,-4.8537717695,2.6690945506,-0.1883253874,0.750198286,1.0550983506,-9.5338637843,2.6869919133,2.1701761954,3.8904626744,0.7761332606,0.2051783782,0.616846088,2.1058551505,0.0531208632,2.6023224125,3.8387911687,-24.8473002089,-5.6234761983,4.3705707211,0.6132816867,2.3097305851,-7.7379539457,-29.4953175089,3.7329236171,0.0052202717,-0.3365442737,-1.616614063,1.833331204,1.5361967562,16.5569161246,-1.3466569031,-6.9502698862,-2.0884282532,-12.389496808,4.9660235238,4.8224618857,-2.862611105,-1.3461657883,9.1984252633,-8.584863495,-17.2538198798,22.9604777026,-7.4784048282,7.7460738328,-5.505893396,-0.6035153244,0.5018449187,2.079496707,-0.8926386536,4.6706729207,-3.0961220373,1.7981085414,1.3419459274,-18.8873524204,-2.2113304675,7.3078340047,-17.8452996614,15.1215601425,-0.6207222533,5.2173770196,7.0349434334,7.7404204512,-4.588873605,-3.9633789322,-2.620388484,2.1752675992,2.5203916153,0.5035279686,-2.0847564161,-3.7853048874,10.1100130877,1.1570684949,4.3844317503,-7.3985418362,-0.2487937353,-3.6708221456,1.8632137962,2.0832251428,-1.3787411908,8.8569146116,-4.0324717699,1.9177234732,-3.7241179908,-7.7598136,-0.6431905218,0.9151118372,-0.707185306,-0.9040754364,-0.4266840561,3.1991912298,-24.3512977154,-5.3595328498,1.9105270005,-0.4428481116,0.7184334489,1.9756606272,-1.1219346091,1.2251360425,1.2848821209,18.1589386282,-5.5900889117,0.8751052216,-6.5031647106,-0.6766148328,-1.3590350567,-1.94246967,6.8756024189,-2.5360409209,0.4255458739,0.7982646979,3.2199969719,-0.179236618,-0.8487945087,2.5455643353,-15.9439789851,18.7080801326,-0.4045649846,0.5610923355,6.7628162567,-3.1389119882,1.0656904406,-8.2211229685,10.4510713109,-26.9295687907,9.6367223441,-0.7553779133,-1.1383100926,3.6440209629,-1.0971194749,0.5617915278,-4.8752842086,3.2424446166,0.9801911256,0.6768376756,3.7081593385,2.6539357437,-0.5486786582,2.220698843,-9.2069697015,-4.2381062592,5.380933751,-1.3433568479,-0.3994068435,0.2256067856,-9.1578871065,2.7331089218,0.1303023669,2.0718233044,-6.1690656002,3.9682156802,-1.9508410159,-0.2782700699,0.305431784,1.3060345465,-7.8588527365,-0.1290411867,-1.3473074801,0.4702252165,1.8532034207,-0.857600999,0.1221097656,5.9188178632
biasActivation=1,1,1,1,1,1
[BASIC:ACTIVATION]
"org.encog.engine.network.activation.ActivationSigmoid"
"org.encog.engine.network.activation.ActivationSigmoid"
"org.encog.engine.network.activation.ActivationSigmoid"
"org.encog.engine.network.activation.ActivationSigmoid"
"org.encog.engine.network.activation.ActivationSigmoid"
"org.encog.engine.network.activation.ActivationLinear"
