encog,BasicNetwork,java,3.4.0,1,1572779064959
[BASIC]
[BASIC:PARAMS]
[BASIC:NETWORK]
beginTraining=0
connectionLimit=0
contextTargetOffset=0,0,0,0,0,0
contextTargetSize=0,0,0,0,0,0
endTraining=5
hasContext=f
inputCount=2
layerCounts=3,8,8,8,8,3
layerFeedCounts=2,7,7,7,7,2
layerContextCount=0,0,0,0,0,0
layerIndex=0,3,11,19,27,35
output=0.7777700852,0.7317089382,1,0.000000007,0.9401471454,0.2077665959,0.9978766373,0.0000002737,0.9649100643,0.9996851486,1,0.9719829228,0.6099856665,0.999857391,0.2477855347,0.0172028557,0.0003212509,0.9048777076,1,0.0859669103,0.0264269505,0.6426984639,0.2059643808,0.0000000004,0.000000001,0.2146273761,1,1,0,0.9496114894,0.9999925028,0,0.0010738176,0.0037874245,1,8,30,1
outputCount=2
weightIndex=0,16,72,128,184,205
weights=14.4993864337,-1.0820331268,-12.7390491099,7.8228481309,-12.2175405248,-2.9305109164,1.022523076,-1.0840181142,-3.9053345166,8.1708225053,5.6619108844,-6.2589599646,-7.7879384885,-16.0599573822,14.8064606148,-0.9145332264,-1.3714175081,-5.0412325296,-15.6821735618,4.4646394114,3.3329744529,8.4580311145,1.9274704971,-1.6011657838,2.5169921233,-1.1874252004,-6.0739834862,0.1523781762,5.7478967299,-2.1580366297,10.3359149269,-2.3835795323,-5.1878822468,-2.232447511,13.8274895562,2.7830923053,-2.30358824,-3.4544895235,-5.7788527781,-4.1793813417,0.2495938597,-3.9366139186,14.6558028158,0.6978654768,-1.5244333831,0.5983594815,-4.7166162238,-2.2213347499,-5.0522815204,15.3447643468,-12.7934647777,-0.8465074672,1.5492504235,-0.1153164405,-6.1473215828,-1.0231940716,-8.1504177262,-3.4579710651,12.2901785813,1.4951972159,1.5082980947,-8.4089992262,3.369709595,-2.3858346915,-6.1527835532,-3.2735520744,0.4177895885,2.3283168931,-2.3451737717,7.1930902806,11.8166843428,4.3910406418,-6.1360038251,0.5898492665,3.172361902,0.2751278379,-2.5017783587,0.1022965451,-0.251450154,2.0168588145,-4.5572831154,-11.454756901,-3.0922214489,3.1562138843,10.3895111376,-0.3621229706,0.7451153275,2.3191179958,-1.233991249,0.8785506397,2.6491262222,0.2409105617,-16.5053437904,-1.3461693717,19.248722825,3.0546148401,6.562596642,7.2113311971,4.6699447312,-4.904228829,5.8509847734,0.1346660283,2.0437715419,-4.2951167101,5.6256070739,-3.1256649786,-10.946808051,6.8667419668,-1.1605860052,-0.0034616365,-0.0815912741,1.1923625809,4.6439715132,-4.145283897,-11.7746620208,1.1224571236,-1.4735177865,-0.9941498183,2.8997820441,-1.6186489685,7.239032664,7.4612068024,6.6552826346,-6.4245455113,8.9855236968,-1.1371568906,-11.832774364,1.0186671613,0.3805306508,-0.9545359938,-4.8285353968,0.8287685737,0.9316507741,17.1008919874,2.0289982205,0.9859874459,2.6337292698,-0.4458761156,-13.3603619827,3.4010864024,0.1865527421,3.2131192745,-12.0267631885,3.0878747019,1.8298067129,0.8991057499,-7.2613077429,2.7824236945,0.2551370222,-18.9476569729,-0.873892033,2.8939634409,0.7999593737,-0.9488632321,-1.4517480408,-0.1356965744,-0.9980816236,8.1234726493,0.3922975177,-0.6453011983,-2.2674222212,0.0093227805,-15.0318716109,-3.2689147484,0.9314620239,22.0895689575,-4.4063194172,-1.8153494778,-2.4461673228,-0.6871343883,-14.3345186893,-2.6459500191,0.0647199464,-0.2773266994,15.8290477742,-2.0356838893,-2.6585954421,0.1829416491,5.5909659268,-2.8922019325,-0.5774135281,-2.0801308133,12.0391338393,-1.0990883146,0.8963349867,0.624364571,0.3566546623,-0.8506879781,-0.8865295225,0.9876167462,1.6030857281,0.334695206,-19.9292522467,0.8549932482,0.1393205415,0.7814071964,-1.0273436227,-0.8025148698,0.010327381,2.3578428484,-0.4361546762,-12.6135631961,0.681490355,-0.2591113875,-3.2508556398
biasActivation=1,1,1,1,1,1
[BASIC:ACTIVATION]
"org.encog.engine.network.activation.ActivationSigmoid"
"org.encog.engine.network.activation.ActivationSigmoid"
"org.encog.engine.network.activation.ActivationSigmoid"
"org.encog.engine.network.activation.ActivationSigmoid"
"org.encog.engine.network.activation.ActivationSigmoid"
"org.encog.engine.network.activation.ActivationLinear"
