encog,BasicNetwork,java,3.4.0,1,1572779076162
[BASIC]
[BASIC:PARAMS]
[BASIC:NETWORK]
beginTraining=0
connectionLimit=0
contextTargetOffset=0,0,0,0,0,0
contextTargetSize=0,0,0,0,0,0
endTraining=5
hasContext=f
inputCount=2
layerCounts=3,8,8,8,8,3
layerFeedCounts=2,7,7,7,7,2
layerContextCount=0,0,0,0,0,0
layerIndex=0,3,11,19,27,35
output=0.4444499332,0.0461605823,1,0.7658026877,0.9999895756,0.0000314659,0.399655994,0.0020707487,0.0000148329,0.9994493928,1,0.3261954431,0.000000553,0.0088905677,0.9999999903,0.004947693,0.9998650886,0.939049692,1,0.0386007455,0.9976145438,0.7853847395,0.8738059481,0.9208446989,0.9074962578,0.0239871623,1,0,0.0000002018,0.2288496687,0,0.0412885921,0.009738787,0,1,8,30,1
outputCount=2
weightIndex=0,16,72,128,184,205
weights=1.0259021717,-6.7765638499,1.5744850627,10.9466147865,-17.0579808485,10.913592022,8.0379312127,-6.6055410682,9.5180365409,-17.1284846064,-4.110755197,0.953705302,9.5910242165,0.5441373877,4.4433517363,1.9692004318,13.261110526,-0.7663635351,0.7743065677,-1.4742153334,10.6811190241,-2.7723716305,0.1164009928,0.9362228591,-3.4781138545,-1.7210651705,8.9730547316,5.2487676069,-8.0032448303,1.131169431,5.412488584,1.103336951,2.6406847677,-2.3760183265,0.6971744948,-0.7963735661,3.8493469099,-9.6408077138,0.5604317478,-1.3435885146,-0.0168981796,2.4151080476,-0.4271320606,9.4159576985,1.2563465137,0.8244382085,-9.1401468416,-2.0610389823,9.9286611755,7.7056513014,-12.0627678742,-2.8308666417,-4.3412203319,-3.4256539902,-3.1108585529,-0.1104273327,-0.3062274269,13.9415279461,2.2379536228,-2.1408475619,10.6014785136,-1.6101116641,-4.7292116587,-2.8994081092,-1.7245382977,6.2003917704,2.4797766989,-0.4003075208,-7.4548007586,8.6722350065,-2.8680314687,2.5037752809,10.3639845436,-5.2772135625,0.2576221135,7.5194764651,-11.2296441385,1.3522905537,8.3060984235,6.2805482865,9.7865989175,-10.4342618297,-8.2877941172,4.22745129,1.2820354817,-4.593955547,2.8611674902,1.3585721631,2.2390960868,-4.5654051306,-2.6035315798,1.1089114714,2.0318005034,-0.75491264,4.9635972194,-0.4749046722,-10.3024545603,4.2441325973,6.5862293867,2.0827313528,0.5840254659,6.896807377,-0.0200411223,0.8278403225,7.3343800786,-3.8673557997,0.0123117894,-1.1143483761,-5.8027458385,0.8447279002,9.2288164926,3.5906659283,-10.8323651671,2.5588745828,3.9683197092,-6.5847445284,9.1938932934,2.343267217,-1.8047566045,-1.1361073645,0.2884537811,6.7635992193,5.7623257889,-2.0727658502,-2.3892769037,-7.3203845965,5.4254150245,1.9749966857,-6.726735368,-6.5054935803,-6.8797685206,0.8573898995,3.7845097895,11.7515454032,-0.6284344743,-1.9113870078,-4.2551610041,9.7158492669,3.5925566855,-0.4888584283,-6.3712700066,-6.096328177,1.6369552968,5.536250837,1.0851135143,6.988167439,-0.3540671701,0.835970675,2.9220785279,-11.9918201911,0.8834388712,1.374490791,0.8009710112,4.8871218553,-3.7620293549,-0.3861066676,-1.4772592704,-0.0808917515,0.7597416889,2.8577574349,1.7059903262,0.1366681625,7.1293062508,-0.9591482347,-4.2580008094,-11.3109848545,-0.7024152507,1.1083023697,-3.5556357015,8.1692572015,-2.7246585249,-0.4384227667,2.3931604693,-9.5702327443,-3.1547900855,2.9013681272,-0.8941068127,-2.5839339203,-0.7070902738,0.6363668804,1.4777610272,3.6771496346,-2.9209529363,-3.6409647089,2.0827616726,-2.5867794275,5.1134528214,1.4920298685,-0.7424257964,-5.0793139846,0.775186114,0.0683770043,-9.4676170585,-0.982706796,-0.5868431547,-0.8835113283,3.4249449986,-1.0229741813,0.1446615908,-0.4160047018,-0.3783940285,10.0580062827,0.2396743596,-0.9659698782,0.4687991641
biasActivation=1,1,1,1,1,1
[BASIC:ACTIVATION]
"org.encog.engine.network.activation.ActivationSigmoid"
"org.encog.engine.network.activation.ActivationSigmoid"
"org.encog.engine.network.activation.ActivationSigmoid"
"org.encog.engine.network.activation.ActivationSigmoid"
"org.encog.engine.network.activation.ActivationSigmoid"
"org.encog.engine.network.activation.ActivationLinear"
