encog,BasicNetwork,java,3.4.0,1,1572779087725
[BASIC]
[BASIC:PARAMS]
[BASIC:NETWORK]
beginTraining=0
connectionLimit=0
contextTargetOffset=0,0,0,0,0,0
contextTargetSize=0,0,0,0,0,0
endTraining=5
hasContext=f
inputCount=2
layerCounts=3,8,8,8,8,3
layerFeedCounts=2,7,7,7,7,2
layerContextCount=0,0,0,0,0,0
layerIndex=0,3,11,19,27,35
output=0.1666655251,0.0434775362,1,0.9620109715,0.3671624344,0.4954023421,0.0000070847,0.1721407447,0.986589136,0.263686125,1,0.9991938888,0.5030222704,0.0274835819,0.2117178583,0.9992265231,0.999997933,0.0079958461,1,0.999999909,0.9976532666,0.9999999941,0.2567511045,0.9519303836,0.9999247435,0.744119498,1,0.0000001692,1,0.9999790934,1,0,0,0.975135781,1,8,30,1
outputCount=2
weightIndex=0,16,72,128,184,205
weights=6.8208004354,3.8819429442,1.7829949187,4.1081775058,-12.0966556391,-13.2558559033,4.86584377,3.3975916733,-11.3212885996,3.837478131,16.2365331497,10.1047847652,2.4617552084,3.1934670834,-6.8107286136,-3.4310356551,5.9006652584,2.9060116473,-6.0680689166,1.4130004746,-1.6051707051,-4.5259527937,3.518170479,1.8433878849,0.7438247931,-0.7049202069,-2.4905063233,-0.3280649778,-0.8820424784,-1.2379749692,-2.9749241327,1.347980881,-9.2529459936,-8.0147296868,2.2890809696,-4.0510820412,4.147341688,8.3721707969,-3.726857236,1.5669698038,1.5397788091,-2.3536751911,6.0296495269,0.4851113063,-11.6342558108,-0.883125532,0.1079818815,0.0269429412,-1.1075060296,4.2097091647,7.7282261549,-8.1141933053,4.5653703685,-5.3164393108,0.5456670768,-0.3257485553,-0.2804057864,1.1235675082,4.8913068405,-9.3991561252,6.338935592,2.6610871627,-3.1513683947,-3.1011889815,1.1506138019,7.0966512208,-2.8006536439,-1.2544671118,0.4344112883,-4.7571525644,-4.1008211531,-1.0479348333,4.6282457421,2.6163460771,0.4916618332,-1.7463839565,1.2537601846,2.7673406265,-1.7745577761,-2.7993866647,-8.0939245063,8.3076134502,-4.416686776,7.4179753948,5.9476506652,-0.9631123325,-1.1609337924,-1.5048273799,-0.0471911117,-5.1323978691,11.0225068068,1.5812627392,-5.8929577726,-1.7794470937,-10.487336295,5.3655789074,-5.391340725,3.841552091,7.4767233394,7.2451851981,-3.0842143236,-0.9703830234,1.1507844087,-6.0427846949,-5.5472284626,7.6590353539,-6.8442897645,-3.0037184277,8.859058075,-3.6476444171,4.8485695996,4.291753264,-2.6054061583,1.2185826611,9.0124777174,-5.1132175926,0.1919422517,0.0724978636,9.1258359979,-0.2665034688,0.6801485824,-4.9950259871,3.5822027144,2.6017773515,0.4042302814,-7.4088100509,4.9675734293,-1.4408764014,-0.9679034133,0.2842593208,15.3143242286,-1.5206931353,0.2998902714,1.6313479229,2.7347325814,-0.5318512316,-1.1796333606,0.8182373329,-1.9441109873,-6.4840806831,-1.4192165132,0.0639841501,12.7729220114,1.2069620847,-4.579440659,0.1510641514,1.810813614,-1.4215611367,1.9127287957,3.4808368498,19.6293301116,-0.7321142798,-1.2539956739,1.0145474175,-2.6027822252,5.5470955722,0.07508416,1.5839469472,-5.6503465879,0.4880163405,2.8148461669,-4.4856669955,10.1440872349,-4.1362923722,-1.2133441474,-1.4637833604,5.5738835744,-3.9713679748,-8.9851404311,0.7043181259,11.2106733006,0.2924643196,-1.6338597481,-0.4238139367,-1.6771849443,-1.0772039065,7.3475372636,-0.4666426561,-2.8550283153,-4.1756603751,-3.0386967383,-2.7938133338,10.5005574205,-1.6747077558,6.067969831,-2.6218958738,14.5209728215,1.2070876907,0.5682976857,-0.9153853353,-1.2521074305,0.4724453032,6.618926585,-2.1533158122,3.5195836196,0.6579376735,0.8887065901,-3.6580552393,-0.6857826111,0.4951010354,-3.4383958556,0.1277007366,-1.6819115091,0.1909210117,11.3968086656
biasActivation=1,1,1,1,1,1
[BASIC:ACTIVATION]
"org.encog.engine.network.activation.ActivationSigmoid"
"org.encog.engine.network.activation.ActivationSigmoid"
"org.encog.engine.network.activation.ActivationSigmoid"
"org.encog.engine.network.activation.ActivationSigmoid"
"org.encog.engine.network.activation.ActivationSigmoid"
"org.encog.engine.network.activation.ActivationLinear"
