encog,BasicNetwork,java,3.4.0,1,1572779098568
[BASIC]
[BASIC:PARAMS]
[BASIC:NETWORK]
beginTraining=0
connectionLimit=0
contextTargetOffset=0,0,0,0,0,0
contextTargetSize=0,0,0,0,0,0
endTraining=5
hasContext=f
inputCount=2
layerCounts=3,8,8,8,8,3
layerFeedCounts=2,7,7,7,7,2
layerContextCount=0,0,0,0,0,0
layerIndex=0,3,11,19,27,35
output=0.6404350626,0.3291169924,1,0.9999976323,0.0000002771,0.791309897,0.9897023908,0.9999936939,0.0067902708,0.3577492115,1,0.9999156143,0.7259841697,0.0018293555,0.9649156825,0.9996066593,0.4387730675,0.4701982672,1,0.0000329046,0.9997834394,0.3410271188,0.5805987408,0.0129874408,0.8544232963,0.9999680695,1,1,0.9999999616,1,0,0.9999397088,0.0001288888,0.4351830842,1,8,30,1
outputCount=2
weightIndex=0,16,72,128,184,205
weights=-0.1257647772,3.0021180451,17.8189719742,-11.9387949941,-3.3462673806,-7.7843239898,-14.4120523887,6.9735459813,5.9502750656,-5.6910630372,5.1499627019,-6.8799730228,-8.6420359682,4.2380824156,13.9673142141,-0.312123489,1.4961631454,7.5325040903,-6.3429984381,-0.8131438532,6.3886307072,0.1581259262,-2.2045780712,1.366361725,-10.9128390624,0.9829058948,0.4368978954,-2.824881669,0.3723377045,-4.2159844056,-0.6295258645,-0.4020117233,4.0359744144,-12.3730348495,-6.5939217782,1.4345491476,-3.2792530996,2.3576146385,12.2719533638,1.380930753,10.3012623552,-8.2974655585,0.0702368392,5.0925147176,-4.6683434095,-7.2543977766,4.2527901877,1.224839241,-1.0410348772,7.8060375468,-6.317999843,-0.1212757443,4.626939906,-1.2258486202,4.3537102049,1.3420878156,-0.2103768344,-0.3321577922,1.3647648748,-5.2919391164,0.3103006616,-3.5490297272,3.461921326,0.1890784058,-0.9138259876,7.1107790918,-4.4286856012,6.7475237376,-10.000846968,4.4032465976,-6.073634611,-0.4157009816,-1.8082471687,-1.3419518515,6.5090194441,-0.248604283,-14.0123220433,4.8361637974,2.0427926252,2.653462294,7.3387497375,8.1494671797,-2.6317921979,1.4943536113,5.6609053828,-1.8250959427,-2.4099463361,-3.2479555858,3.1520356009,-3.0181126764,-4.6967344113,1.1302505131,0.8854150699,4.2993087221,-7.3737827487,1.3495050835,3.4830202647,-2.8348591409,-1.679925085,5.0940229839,-7.1201731369,1.2296841308,0.3367489788,2.4687976146,3.3606934389,10.5196423322,-3.0818610046,4.4354584275,0.9837527426,-5.5933361235,1.101472166,-0.5363940037,6.0214457649,-3.3107109679,1.9970271255,1.4384787291,-7.2977254845,1.2979921896,-0.2183901869,0.7515607568,8.374363632,-3.0286852855,-8.4922791033,0.3344935367,-5.5960968479,-6.9544184222,10.5730761503,1.0522539312,-0.6080810199,-8.8438070197,-0.6148580796,-0.6187269557,-0.4211276496,9.8797942808,-1.1546436819,0.6671905549,0.2647763468,2.3297026295,-0.4389957794,-0.1572232718,8.8403839622,4.4326233737,-6.2552170255,0.163682669,-2.420130819,-3.5467661129,-2.1089958508,0.9057261403,8.9847203893,-1.0796037332,3.6370025376,-3.149629256,-2.3529033223,4.2227299957,1.0870254485,-0.2312130299,-5.3614619322,-2.0915943032,-0.2356848444,2.8323541256,1.724678465,-1.4819610777,2.0087726255,-0.5176670087,1.6716937493,16.8444574333,-17.4591670194,-0.6580199041,-1.0527728199,-6.9504850019,-0.3348113475,0.0508486451,9.4937183534,1.0699223513,8.4672047557,-3.0702756301,5.2445815204,-0.3701135176,-4.2408801203,-0.9195241025,15.1928034672,2.6841204384,5.0578154404,-7.6749803873,-2.1546806247,7.7922214552,-0.4905640214,-7.4565151806,2.5990467548,-1.2437701441,-1.4402453321,4.996689802,-0.0858132258,-0.8597012162,-0.684603637,-0.2559495314,-1.3826736312,0.7126155441,-0.6008139625,1.144510712,-0.3378905863,-7.975800034,-1.12085247,-0.2120017907,15.0661386714
biasActivation=1,1,1,1,1,1
[BASIC:ACTIVATION]
"org.encog.engine.network.activation.ActivationSigmoid"
"org.encog.engine.network.activation.ActivationSigmoid"
"org.encog.engine.network.activation.ActivationSigmoid"
"org.encog.engine.network.activation.ActivationSigmoid"
"org.encog.engine.network.activation.ActivationSigmoid"
"org.encog.engine.network.activation.ActivationLinear"
