encog,BasicNetwork,java,3.4.0,1,1572779107376
[BASIC]
[BASIC:PARAMS]
[BASIC:NETWORK]
beginTraining=0
connectionLimit=0
contextTargetOffset=0,0,0,0,0,0
contextTargetSize=0,0,0,0,0,0
endTraining=5
hasContext=f
inputCount=2
layerCounts=3,8,8,8,8,3
layerFeedCounts=2,7,7,7,7,2
layerContextCount=0,0,0,0,0,0
layerIndex=0,3,11,19,27,35
output=0.157896806,0.0003534724,1,0.0998693946,0.0000012565,0.9999984871,0.4296424343,0.130956597,0.757703436,0.0083765506,1,0.9999940906,0.0013354952,0.9999949495,0.9778109808,0.0377856913,0.9999930902,0.0931249262,1,0.0033016133,0.8031170032,0.0010149255,0.0000000009,0.9991058123,0.0036545106,0.9999817126,1,0,0.9999999996,1,0,0.0001600722,1,0.9707435684,1,8,30,1
outputCount=2
weightIndex=0,16,72,128,184,205
weights=10.3363510562,-6.0447656729,-10.625394313,11.7188852583,11.9995491746,8.6908500345,-7.3763212257,-5.2105094803,-9.7196420554,7.1705352177,-3.6992738508,-3.5348410829,2.18600029,-8.142488533,-0.1873051855,4.1262094269,-0.2117804203,-6.7342506522,8.2285498832,0.8935453603,2.0616314843,-7.3363779285,-1.1958301132,-3.7103419976,0.0865828092,3.7624481909,-5.9080924481,-0.1085682892,3.1563942114,-10.2662909046,10.0553601346,1.5459959738,-1.3235512816,-3.6504874603,7.7963985351,-0.5617348378,-4.0470381413,6.3514683461,6.3250389,0.6952640111,-0.3827390752,3.6772464461,-3.560778682,3.1645362159,-1.452162572,2.8694004587,-15.9239206073,-0.7706375862,-3.6257758817,-0.0623152212,-2.7117074154,4.4498648558,13.4201704712,-3.755253889,6.8445395509,2.7046178366,1.357542201,-3.7318580176,-9.6748138159,9.0931123962,-9.2206052939,-5.6361448265,0.2027014643,6.5366353871,-10.8101306869,1.7555600927,-3.3457912109,4.0888301108,-5.541511463,4.4320063983,4.0249439129,0.7840778225,0.544863681,2.5192883656,0.0249282947,-12.9604555603,3.749617784,-0.368448938,3.9605209607,2.3084883492,-0.8581817674,3.2818724961,-0.1631559742,6.3681975613,0.2163746857,0.8347998063,-8.2697681746,-1.1994604274,-8.5989610408,7.7164569864,-1.4635685514,-8.2670868727,1.742757475,8.4758710057,3.3456756271,0.9108788289,-2.2298286628,0.83595766,2.8646792222,1.7392005216,-1.2557098988,-2.4612218426,3.5207743407,0.8616732929,3.0093605998,-18.3232478379,-2.8216775467,5.5782152885,4.3767225482,-5.7288623433,5.003524178,2.1160278058,-1.7592762843,16.1595165326,-2.48994079,-8.5861702238,-3.4830833578,-0.6612499541,2.2569869164,0.1383499573,10.7180815114,-5.4759515402,-3.2874577481,-6.5039550569,4.1822488307,-5.2773908976,-4.0567994029,1.9872189199,0.7681823824,0.9643777136,0.5564609877,-1.9025363906,13.8159837844,1.597718753,-10.2310377004,1.1009080659,0.9308692701,-6.0487881696,-1.0230249629,1.2207947971,18.0978507107,-6.5158770241,20.4388997168,-4.8502464718,3.2194800309,-1.2387496381,-3.4767657045,3.1031458377,2.090350541,-2.2597488151,1.6231698304,-1.4926767863,-7.510969459,-1.9316709629,1.8534522138,-0.1898372511,16.7864347609,-3.4223120619,-14.9062179579,-2.8862795326,1.0020977039,2.1478934318,-1.7070344107,-2.5879471799,-2.233510667,1.1410266426,3.2833398289,2.249891091,-0.4446005254,0.1361264541,-5.3934747579,1.5790894473,4.0528190103,1.0472252437,-3.1089851848,1.6193697998,-0.1130445501,1.378029315,3.1676833733,-9.9875569694,-1.2087566848,1.6062159689,3.4564909422,1.4021787892,1.1712295286,-3.3634019105,1.107130296,1.4579724828,0.3606388767,-0.9072969111,-1.7376177651,3.8414352845,-0.5490973604,1.3643744095,-1.4022920077,1.6697366596,3.3337211842,-0.4171479186,-22.8950571623,-0.3013808142,2.8888178502,0.5263389036,-0.8978625997,0.2804790058,2.2704935362
biasActivation=1,1,1,1,1,1
[BASIC:ACTIVATION]
"org.encog.engine.network.activation.ActivationSigmoid"
"org.encog.engine.network.activation.ActivationSigmoid"
"org.encog.engine.network.activation.ActivationSigmoid"
"org.encog.engine.network.activation.ActivationSigmoid"
"org.encog.engine.network.activation.ActivationSigmoid"
"org.encog.engine.network.activation.ActivationLinear"
