encog,BasicNetwork,java,3.4.0,1,1572779147912
[BASIC]
[BASIC:PARAMS]
[BASIC:NETWORK]
beginTraining=0
connectionLimit=0
contextTargetOffset=0,0,0,0,0,0
contextTargetSize=0,0,0,0,0,0
endTraining=5
hasContext=f
inputCount=2
layerCounts=3,8,8,8,8,3
layerFeedCounts=2,7,7,7,7,2
layerContextCount=0,0,0,0,0,0
layerIndex=0,3,11,19,27,35
output=0.0216939683,0.0000757937,1,0.9953403403,0.0048223346,0.4917867796,0.1386434254,0.885161046,0.9186969147,0.0638679938,1,0.0055195098,0.1737414984,0.5619148458,0.0029653933,0.000000287,0.3661191256,0.0554847059,1,0.0209866611,0.7359575225,0.0819719593,0.0000025143,0.7571328379,0.9983361207,0.0010221211,1,1,0,0,0.0286373763,1,1,0.5980822813,1,8,30,1
outputCount=2
weightIndex=0,16,72,128,184,205
weights=-10.1404115861,4.5835077043,-11.5837952701,-6.3303481873,5.2720199503,6.2676891961,5.3660110901,2.0692779814,5.9705518013,2.7802718069,-0.9482983501,17.1218314286,-3.6802977103,-6.1204977464,8.6655726061,-9.023941453,11.9578410133,-3.8135451224,12.5260349868,4.8626850246,9.790832247,1.5712731793,-10.1766088567,-1.1029026804,4.747432043,1.4538195855,-0.9635500893,0.6742631973,1.7068886479,-4.111969044,6.0586792973,-3.8997157738,-3.2046759701,-3.8547497517,3.0877165751,0.1872875853,2.5196282913,7.7589794279,7.9975711828,-4.3654811347,2.2866848681,4.7343984909,-4.8756323765,-12.9287113748,6.4498517093,-1.0263184417,0.2683150643,0.4771084322,-1.9189213928,5.3385090706,-4.9727286167,-1.7228294107,2.1786029818,1.6576339432,10.6522756792,2.7267381978,-1.7865960188,1.1079430379,5.1246315061,-4.2176790319,7.3375993697,-2.5369148605,1.4961718124,0.2208346,3.2783874566,4.693428229,-10.2492207323,3.1487461825,2.8887154508,6.8321305627,5.5696073377,-0.5790269923,-3.5050565125,-0.6760798878,5.9209179501,-5.0033207526,7.4539266349,-8.2047187878,10.39640096,-2.5713144583,7.0995922515,-0.9286315964,-3.8745477761,6.462346993,-6.274146719,4.2959873968,-2.5688183522,-0.2431656683,-7.9823750251,-6.8791000946,8.5532873041,-10.8000010169,6.2673949995,5.5184365852,8.2064557669,-5.4848098173,-1.4201800661,-0.6162410278,4.5210767164,6.0202682659,6.9162283104,-5.6147805016,7.0608785343,-5.3433428649,5.7065954361,-0.6340551271,-5.5778518401,10.347008239,-5.6370611373,-8.2878296305,-3.5045989922,-1.7141823703,0.7385375566,-3.5397667815,3.0608852981,2.6772586913,7.6994632754,-4.2711794343,0.8297579865,0.2235108897,7.6812211161,0.8201036259,-7.4489037253,10.1847665323,-3.2665738719,-7.6760025348,-0.9769117909,7.1487060029,2.059172615,2.5698743323,8.1562673559,1.2741205192,-0.1533229456,1.681904084,-13.358787552,0.5227546938,-1.8918565117,1.9642422238,1.8907687012,0.9034693386,-1.4551599165,5.6864530524,-0.0139132678,-1.3319259235,-3.8594518689,-2.2777436156,5.4297035757,-6.8181109906,-1.069965155,-0.884362895,11.3705640072,-3.2073508378,1.8240344473,1.9516289794,11.8307235737,2.7560523347,0.5425398754,-3.6174341812,-21.0748446362,0.8829175908,0.9043846729,-0.8012620472,-5.0378423992,0.6600981754,1.2964595492,2.8611997973,-6.7959857127,0.1206352208,0.0542969849,-1.9497307485,-7.3080194472,-4.3064900153,-1.6534264167,-0.2093820071,16.4496206494,-1.5094504252,-0.68856045,-2.3994745413,2.2015475314,-4.8387349575,-3.9297987099,-6.3917164767,15.0220092628,-4.7206059637,-1.030430552,3.2508524006,0.1611866175,0.7600186906,-5.2700784477,0.5776317899,8.8772797646,-6.3460470423,4.4847764267,8.0533734294,-2.2746912961,0.2897643244,1.1997037943,0.8932178161,0.6294703587,-4.99771893,2.0881615001,3.6889279739,-1.1086846235,-0.1619346261,14.1249967226
biasActivation=1,1,1,1,1,1
[BASIC:ACTIVATION]
"org.encog.engine.network.activation.ActivationSigmoid"
"org.encog.engine.network.activation.ActivationSigmoid"
"org.encog.engine.network.activation.ActivationSigmoid"
"org.encog.engine.network.activation.ActivationSigmoid"
"org.encog.engine.network.activation.ActivationSigmoid"
"org.encog.engine.network.activation.ActivationLinear"
