encog,BasicNetwork,java,3.4.0,1,1572779158271
[BASIC]
[BASIC:PARAMS]
[BASIC:NETWORK]
beginTraining=0
connectionLimit=0
contextTargetOffset=0,0,0,0,0,0
contextTargetSize=0,0,0,0,0,0
endTraining=5
hasContext=f
inputCount=2
layerCounts=3,8,8,8,8,3
layerFeedCounts=2,7,7,7,7,2
layerContextCount=0,0,0,0,0,0
layerIndex=0,3,11,19,27,35
output=0.4814797608,0.1916662058,1,0.4993265043,0.9259921919,0.9999395308,0.692523815,0.4134358496,0.9998941952,0.6579628338,1,0.0002627271,0.0002559004,0.9999999965,0.032843563,0.6499430753,0.0049197634,0.2586116022,1,0.9883338503,0.3441851149,0.9999999994,0.9484665459,0.8184830421,0.4089987912,0.0009390135,1,0,0.9999999995,0.3980648292,0,1,0.0000003872,0.0368797598,1,8,30,1
outputCount=2
weightIndex=0,16,72,128,184,205
weights=-8.7843438126,2.1791502392,-6.0889972445,-11.919852564,-2.2503052116,11.681433778,5.5510980981,2.2354183227,-1.6423583474,13.7840616732,-11.6985805131,6.7738226241,4.8290154582,-2.0580882895,-11.3534186132,1.1552693666,-2.6444939669,-1.1755604395,2.3789407593,-1.4160430606,-5.7947558641,5.1274629904,1.6892373002,0.9700479481,-0.7114982796,1.7643297634,6.8706327006,8.8076715761,-1.1388287973,6.2237307351,-11.5782669716,-0.9296485753,-6.0392193103,-8.698517598,1.8826462269,3.859581229,5.3628289157,-4.3456222077,1.9697002098,3.7341787363,-5.4539434683,7.0197275926,-2.7293779372,3.3768804658,-1.7027865613,-5.6953220379,10.6495262865,1.8106935943,0.4252922824,1.5884710015,-0.1747883115,3.9278541597,-2.5871040145,-0.3485744939,8.4253583613,-0.8002245006,-0.695520039,-2.7451431259,12.8090687633,0.3378165624,-2.2321972757,4.5596964807,-3.1087478686,-1.4331433461,1.3696004541,-9.6840815441,-3.8294708509,5.4507001637,7.1070220622,2.2946606183,3.7004909634,-1.2806410655,3.0356011529,0.6341005436,-0.3135342507,-13.0475012839,0.6543522409,2.7568318313,4.9750310991,-0.441703302,-7.4873057636,3.8813575399,5.7561532944,-9.4342931608,-1.7851117932,1.767845655,-2.5819553712,1.7260054249,9.0919879091,1.0163354159,16.6561612804,1.9253381965,-6.2226021363,-4.0062980675,-5.0300320644,-1.5976700483,-4.0465856022,-6.3177392835,-2.5898611965,-2.0215457139,2.8982021616,3.0088799449,-1.0431165852,3.69669646,-7.9884907347,6.0386123595,-2.527155106,-2.9893609119,7.1202250695,5.7609234226,-0.4861214363,3.6146105232,9.7918115509,-2.2260707723,-8.8515927504,-2.8271847497,-5.5347880989,2.5921459881,2.6831770448,0.7795476545,-9.0177856242,5.9913998213,-3.3248704705,1.4739115089,9.1008835906,6.6519163099,9.3616477306,-2.4541857784,-0.1674361583,-0.6609277235,14.2906867721,0.6321907507,-1.0055844801,-18.9668852226,10.0946284056,0.0449413768,-0.8148748254,0.6641363684,2.2122808877,-0.1728353321,-0.88482889,6.6685314668,-12.6277159615,-0.8389330664,-0.6754553428,5.1296239063,6.1828165609,-0.4532705569,6.8849598758,-12.5064805333,-11.055335369,7.1416717289,0.8313690801,2.0863794111,2.9323906422,0.2586922518,-0.3762393749,-17.3001717885,-4.3290383928,0.1948543077,-0.0584792381,-0.2549689952,-12.3209007812,-0.72030179,3.3507811863,6.0846196194,2.7690648091,3.2126838694,1.0322247619,-3.4705428596,8.8616241732,0.7720307401,-0.8660050785,7.5854226808,5.4909313769,0.238433994,0.6383426869,-4.4861742102,4.7915907954,-0.9366265972,-2.1592852423,1.8910638961,5.8266668352,-2.4465324232,-1.7341222372,-1.1731340199,-0.5709736334,-4.6742455765,1.8371954406,3.7362322493,-0.8555796822,-0.2580453102,14.1724618947,-0.8084095518,-2.9389941136,0.9104882781,1.2274331688,0.7061814594,-0.6049358214,2.931092338,-0.6331280108,-19.2191891875,0.3529675007,-0.1344555078,-2.0525901471
biasActivation=1,1,1,1,1,1
[BASIC:ACTIVATION]
"org.encog.engine.network.activation.ActivationSigmoid"
"org.encog.engine.network.activation.ActivationSigmoid"
"org.encog.engine.network.activation.ActivationSigmoid"
"org.encog.engine.network.activation.ActivationSigmoid"
"org.encog.engine.network.activation.ActivationSigmoid"
"org.encog.engine.network.activation.ActivationLinear"
