encog,BasicNetwork,java,3.4.0,1,1572767427225
[BASIC]
[BASIC:PARAMS]
[BASIC:NETWORK]
beginTraining=0
connectionLimit=0
contextTargetOffset=0,0,0,0,0,0
contextTargetSize=0,0,0,0,0,0
endTraining=5
hasContext=f
inputCount=2
layerCounts=3,8,8,8,8,3
layerFeedCounts=2,7,7,7,7,2
layerContextCount=0,0,0,0,0,0
layerIndex=0,3,11,19,27,35
output=0.7156868319,0.5882316064,1,0.3338216414,0.9997323391,0.9980305278,0.6038037907,0.9281508512,0.8247729407,0.9912418271,1,0.9999992305,0.312666055,0.1147348986,0.9192958314,0.7743905851,0.9722331519,0.1602916143,1,0.9691032723,0.8445131745,0.9766007346,1,0.1320015927,0.9980516767,0.3870849979,1,1,0.0000036089,0.9798440895,1,0.0008921586,0.0427473444,1,1,8,30,1
outputCount=2
weightIndex=0,16,72,128,184,205
weights=-8.0503676121,4.4188338804,5.2810193665,-8.2345956888,-5.8985733011,-18.6067025584,15.2947443269,4.5546439996,6.053007976,3.0247090092,-11.9277811046,7.6039844384,5.0116849896,0.9063037675,-1.5285555692,-1.2588160051,2.6644168335,-2.0783850877,-4.3200031071,3.5204791609,0.205070908,-7.0927521663,-10.7128491888,3.0079520904,-2.807022805,-1.8846978706,-0.0079430282,0.3731554925,6.5307766857,5.0983907117,5.6164383816,0.3652303164,5.6888587661,0.4751044819,-2.6786315071,4.6148791295,6.3467759395,-13.0779795812,5.162578369,3.4279519895,2.415628593,-0.036694522,-8.6340416558,1.7398326727,12.8575303332,-14.7977564125,0.2233842575,1.8027033935,1.3275775917,-15.016159653,3.9240674366,2.313416717,3.8387229623,-2.0132155175,1.0160284024,2.1709336301,9.2966037397,9.002447844,-5.6974070673,-1.6201896475,-15.5463575821,4.5068779198,5.2723546618,-1.6071033377,-3.3720293884,-4.0101180343,3.3384125995,2.5672025419,7.8638251226,-3.2812747964,7.9912821071,2.4313312568,1.3437460431,-1.7727136482,4.3857863785,12.4277985105,1.1566173253,-3.4579061412,3.8615259823,-0.6348443415,2.9152403415,-6.6541508045,6.9423441186,6.721346578,0.1563151543,-10.2588282503,8.666510576,-4.6310497819,-6.4614345532,-2.1022655962,1.4505559469,3.986997997,-0.7617732396,3.2168214195,1.2597092517,-3.0072998335,-0.2225216445,1.2341128818,1.7371762584,-0.1196249928,-0.2025936095,-0.0675934108,-0.6547074865,0.3769688378,2.1718820658,16.7896124813,-2.3902663725,-11.0906210998,3.5393016797,-3.9958485051,-5.5470871527,4.0424652296,5.722182318,-3.6168731198,3.0136731348,2.530171499,-0.8859872028,-2.0309395279,-11.7887623604,2.2987247188,1.0836927707,8.2341403019,-12.6764087715,5.0628235478,-2.1337784999,-0.938683157,4.3897237549,-2.823823283,3.0503937326,0.8264186305,-9.4945023724,3.5545932214,-4.8862636632,-4.4581007999,2.8634070859,3.4753872071,-2.2025445129,-1.176628772,4.4500449029,2.127460004,9.8805517845,-12.8328517194,-0.9674165267,-1.0858902696,4.1959135076,0.1495840888,-14.0387314628,4.7557836976,-2.5647836544,-5.619249492,5.0823139323,3.6956258319,4.2657596226,0.6086368801,-0.4803829578,12.9014432204,-13.8075868298,-14.6634834303,4.4386234372,5.3634797924,1.5759855922,-1.2398860271,-1.2460915087,-3.8288605329,0.5664835561,0.5792080215,1.0020126844,0.5632012413,0.0653443494,0.0216090942,10.7795808266,-4.9388320456,-4.7179441943,4.9164535972,-0.0471426659,0.3912014244,-2.1675719953,0.2241196036,10.117950691,-5.8412822735,7.0574290807,-3.8174613511,-0.7017604773,-1.5060922223,0.8361962575,1.4075217568,0.742829769,-1.7128803327,0.0222205632,0.5043276418,-1.1060192852,0.1029318062,9.6440959921,-1.0895484567,2.3426689382,-1.4676258093,3.1554629319,-0.7885452497,-8.608320008,0.9451632686,-0.3865054035,0.9250956673,0.9771737045,0.6707689241,0.8443518182
biasActivation=1,1,1,1,1,1
[BASIC:ACTIVATION]
"org.encog.engine.network.activation.ActivationSigmoid"
"org.encog.engine.network.activation.ActivationSigmoid"
"org.encog.engine.network.activation.ActivationSigmoid"
"org.encog.engine.network.activation.ActivationSigmoid"
"org.encog.engine.network.activation.ActivationSigmoid"
"org.encog.engine.network.activation.ActivationLinear"
