encog,BasicNetwork,java,3.4.0,1,1572779173653
[BASIC]
[BASIC:PARAMS]
[BASIC:NETWORK]
beginTraining=0
connectionLimit=0
contextTargetOffset=0,0,0,0,0,0
contextTargetSize=0,0,0,0,0,0
endTraining=5
hasContext=f
inputCount=2
layerCounts=3,8,8,8,8,3
layerFeedCounts=2,7,7,7,7,2
layerContextCount=0,0,0,0,0,0
layerIndex=0,3,11,19,27,35
output=0.1666669946,0.0322599468,1,0.0039705739,0.0000000015,0.9513111215,0.8065783893,0.0000058427,0.0000018101,0.7454283315,1,0.3413268889,0.6385201116,0.9999998415,0.9967433999,0.0065939923,0.9996847571,0.0028628484,1,0.7100589866,0.5016110166,0.0001735143,0.9999999728,0.7716986427,0.9879486909,0.292766344,1,0.0006077794,1,0.000000002,0.1237572944,0.9741359427,0,1,1,8,30,1
outputCount=2
weightIndex=0,16,72,128,184,205
weights=8.0578739737,5.1744815213,-4.3666804669,12.2475721854,-0.7060357772,-6.5766662967,-15.0945911944,3.8859666601,-25.4954834311,-17.5076907217,-2.8730122446,-14.9211968166,10.4682612434,13.9093313949,15.9765244902,-0.4411022946,15.323709482,-7.8881791312,14.072503776,-11.6331649699,-0.1919564986,-6.1180777258,-5.2675722473,-2.0632252866,-4.0849532373,7.3225141528,-5.2777795711,-16.1649647596,2.1055789466,-3.8619603246,2.4639476925,1.6603073424,-2.5974327719,10.5434226135,-1.8927186459,5.1449057713,-0.2620065321,-1.8128360136,-2.9724412894,-4.2861538897,-11.5860960497,1.9121353743,0.7784069176,0.3871950769,5.6165508325,3.9133796995,1.2916775493,-0.9555823367,2.7520398521,-8.1318905352,-0.1431560621,-11.9482094243,5.786244003,5.6525822365,6.7963058177,-1.4532364295,10.5587866382,-0.9714468679,-2.967206168,-12.5778236654,-7.6435837176,0.8390217214,6.994632313,-1.5101575443,2.0041507787,-0.6104918239,18.958423148,-12.7075643004,6.3055033566,0.4152581615,-3.1831489168,-5.9597147686,3.3759867257,5.9170683771,8.5402339647,-9.7790777015,-0.8661412605,3.0614820084,1.2285438898,1.039129038,5.0841669709,6.1352003942,1.2740409015,-13.8197389118,-2.0172503219,7.4424701066,-7.1521196469,3.9987523415,10.0159961376,5.4945729475,-6.2035225765,2.454529518,3.7719438495,4.6238695167,-3.7678910766,-3.0398716916,17.1687874325,7.0620460562,0.3263889447,-7.6973722105,-0.7050885307,5.628621854,-10.8752170205,-4.1449031061,-9.1662783794,5.7505658176,6.0041723069,6.0362930428,-9.9411352913,1.77841142,-2.0313532707,-0.9189707482,0.5389365512,-6.5856061459,-3.9094476183,5.1200546992,4.1663084038,2.5243912085,0.8374844895,-0.0910795051,-1.5028729831,-0.9334604487,-0.1452524288,2.3919965904,-6.6881484524,-2.2797749119,12.6715593524,-3.0059504325,-14.2562468351,0.1639786446,-0.7390882834,4.6935829356,-10.8665722316,-0.0833441193,5.9071243574,4.8378856584,-10.6942230375,5.4430757068,5.7977796294,-0.7953509513,-8.4530331761,2.449853051,1.6383511853,1.2643508366,7.8670160381,3.7649959323,0.7966506299,1.9655290348,-12.0710185816,-2.6431756815,-0.633773034,-0.2795169461,-2.6555702981,-1.5252832783,-3.1229513882,-3.4309911641,20.7239065498,-0.4803626733,0.0500954174,-0.8674960998,-6.5701449576,-6.0821779245,2.3882974631,-0.4386055924,6.207951056,5.3454949625,0.5452872507,0.7657038709,-6.9485238675,0.5300767082,-3.0129312,4.8280701839,0.0414984402,4.8949364008,1.2215803271,2.0210895888,12.2922717775,1.8464990174,3.2296280766,6.0640039251,-8.29829932,-0.2163398795,2.3061989801,2.2910516478,2.1141237573,-0.44502432,-10.9673510595,-2.1709176766,5.3660906336,-0.23739662,1.8363925646,-0.7809647128,-11.2764403146,0.7457651893,-0.1073468508,-4.7030367601,0.7899606229,0.4418118801,-15.945344778,1.7337445052,-4.6351880196,-0.3221456842,0.9144114763,0.538748005,0.5667908169
biasActivation=1,1,1,1,1,1
[BASIC:ACTIVATION]
"org.encog.engine.network.activation.ActivationSigmoid"
"org.encog.engine.network.activation.ActivationSigmoid"
"org.encog.engine.network.activation.ActivationSigmoid"
"org.encog.engine.network.activation.ActivationSigmoid"
"org.encog.engine.network.activation.ActivationSigmoid"
"org.encog.engine.network.activation.ActivationLinear"
