encog,BasicNetwork,java,3.4.0,1,1572779194459
[BASIC]
[BASIC:PARAMS]
[BASIC:NETWORK]
beginTraining=0
connectionLimit=0
contextTargetOffset=0,0,0,0,0,0
contextTargetSize=0,0,0,0,0,0
endTraining=5
hasContext=f
inputCount=2
layerCounts=3,8,8,8,8,3
layerFeedCounts=2,7,7,7,7,2
layerContextCount=0,0,0,0,0,0
layerIndex=0,3,11,19,27,35
output=0.3414637348,0.1241625118,1,0.9778951255,0.782558844,0.0000000021,1,0.5248147215,0.5839130672,0.1454723758,1,0.0646688488,0.918070903,0.9999819591,0.9999993921,0.9999986933,0.0034728278,0.0000000002,1,0.0000002103,0.7923448209,0.9398522436,0.0000256514,0.9982747541,0.1481072943,0.9999999864,1,0,0.9708922157,0.9570705657,1,0.0002727303,1,0.9999999993,1,8,30,1
outputCount=2
weightIndex=0,16,72,128,184,205
weights=-2.8391601219,-27.6824931579,-6.3378963778,29.9684410226,-7.5172893976,-1.4234949899,0.1569184576,-1.4320842668,1.5825505713,-1.3772307792,13.6049860771,3.668953033,-12.4880754356,33.1394886793,-18.3886190241,-16.2139652454,-5.9696749341,-5.7422605761,-1.0909106909,4.6282132598,10.8170520024,7.3942492367,-3.8440015086,-4.9325776202,0.9318637668,2.5610515212,-0.5704008263,-10.1114035498,8.0612605904,-31.167410773,-1.0160725213,1.5979283453,2.9127129649,4.6061443086,-12.600040799,2.0463988228,-10.753031143,-20.5576921056,23.009331446,-3.0362879247,-1.4343083002,-0.9449700422,6.9208765517,14.5474012894,3.1274893814,-0.7829013228,-17.2567611749,1.1268933884,-19.0841635801,-7.520523082,4.2959112896,1.1895713084,0.3784582143,-0.3417718453,-1.266964192,2.3751896282,8.7880086581,-3.6818479827,7.7405187719,-2.6836192544,-3.2656232242,-15.4722907998,-12.1264980405,1.4133350591,22.9478243702,-8.5793832794,24.7839985425,-2.3161013549,-7.3826808952,-7.1764672537,-8.3510415897,-10.4379474337,8.0637827369,-0.9817477932,-5.5883654008,3.4248359433,0.4734770108,16.8433543301,-3.3449834821,3.7361096198,5.6458528456,-2.6400560813,-7.6265938959,-0.2193569867,1.8612727327,7.5993569827,6.4683184486,2.2242308668,-8.1615557213,20.9007960697,10.2433015768,-10.1056490155,-3.1342292227,-18.7815508952,-5.6363414227,-3.7178657657,-7.1579058622,-5.3800271238,3.787230302,-5.3293896076,2.5317085543,-0.2282843419,11.5524919976,0.9707410468,-3.3456360427,-1.4438950545,-1.6149518318,-2.4506135868,-2.6797991865,3.4898311178,18.6219048155,-0.2536224111,23.9857228825,-12.4695879128,2.2785567718,-12.7456174079,3.5535200209,-4.5264048482,-4.7650513449,3.9677769181,3.026963936,-10.7910194401,-10.5025445237,17.7759991584,-0.6255334729,3.0876097636,0.1088496804,-4.0889725533,0.7831794047,-23.1209091373,3.6088313301,-0.2071173243,16.9109470942,-1.302310387,2.8333605955,2.2906433517,-6.594968323,13.8708037419,-4.0078570944,3.7507829096,11.0289253588,-0.7741330828,-5.0821601413,-6.1896331675,-0.6845754405,9.9528094947,-2.2667956159,4.4807488425,1.1905047017,1.1065466785,-5.1279687422,-5.2043548352,2.0387281961,-16.1716838687,2.1410284922,-3.3386807319,21.4994701353,1.1402007178,2.0303052539,3.2432716374,0.3213703784,1.9189798916,0.8807985302,0.4981924267,0.7465454471,-0.8664477277,1.8251263496,2.1974752905,-0.0417484291,-21.4281720248,4.4307222735,2.2710334988,2.8395141906,5.721524459,3.0336492949,3.7874262569,-0.5694668605,-9.2665265562,6.5429613062,6.618128149,-17.835897531,5.0966991715,4.5609102884,4.5751093368,0.6580090933,-4.2804385074,0.6296872434,-2.0484208066,-0.1600428218,24.6958609263,0.1436247357,0.1215804843,-1.6920929961,-7.0020051173,9.2915789398,-1.8570073158,1.9708120952,-0.4338564834,-10.9575566548,-0.7818814054,1.3399741552,-0.7516863491,0.8691616,0.4537493056,0.5213478613
biasActivation=1,1,1,1,1,1
[BASIC:ACTIVATION]
"org.encog.engine.network.activation.ActivationSigmoid"
"org.encog.engine.network.activation.ActivationSigmoid"
"org.encog.engine.network.activation.ActivationSigmoid"
"org.encog.engine.network.activation.ActivationSigmoid"
"org.encog.engine.network.activation.ActivationSigmoid"
"org.encog.engine.network.activation.ActivationLinear"
