encog,BasicNetwork,java,3.4.0,1,1572779210709
[BASIC]
[BASIC:PARAMS]
[BASIC:NETWORK]
beginTraining=0
connectionLimit=0
contextTargetOffset=0,0,0,0,0,0
contextTargetSize=0,0,0,0,0,0
endTraining=5
hasContext=f
inputCount=2
layerCounts=3,8,8,8,8,3
layerFeedCounts=2,7,7,7,7,2
layerContextCount=0,0,0,0,0,0
layerIndex=0,3,11,19,27,35
output=0.9583358486,0.8169029187,1,0.0000163819,0,0.999982574,0.0000694066,0.9662212259,0.9562085503,0.994835011,1,0.9999999998,0.0000136883,0.0000032963,0.9975047511,0.9999998376,0.1065801846,0.6655984961,1,0.3776032528,0.9999686635,0.0048246853,0.116476543,0.010174669,0.4425310154,0.9999968828,1,0,0.587352463,0,1,1,0.9999999999,0,1,8,30,1
outputCount=2
weightIndex=0,16,72,128,184,205
weights=-5.9229471578,-15.7301883002,23.3878697811,-6.9957385649,-11.2929976854,-13.9358699874,-8.3592286365,12.301862981,5.9849284572,-8.0100306448,-4.236523411,0.308464344,-21.2853282577,9.4832966936,6.9515001325,10.3145647491,-5.0678667909,0.9239336068,13.7446839938,-6.3642811925,-6.750844993,6.3423495542,16.8301466633,-4.7303511144,-14.5548973887,8.0822251114,2.1795480984,-4.430157496,-8.9067401268,0.422324511,1.2323534066,-0.9130553211,-4.1850466946,9.2171275391,-8.1279571424,4.5268143852,4.5095227608,-11.4973756987,14.3746694309,-2.224927382,-1.1445905984,11.9627069241,1.6885011574,-1.1516871539,-6.3983294155,1.9878807518,-0.0567868039,-1.0579674323,-6.1423128593,9.5067810512,5.2850575028,-1.3304451522,-4.8854926451,37.2980408141,18.8942468365,-0.8428716383,5.8152662838,0.8199841632,3.5996747238,3.2479492084,2.668289496,0.1612876771,-16.4305224523,2.2790552138,3.3428823138,6.4843774697,-19.9799234959,0.8303057127,-5.5380222865,8.3639949963,0.7531788774,5.2348053544,-0.2763348992,6.6470663632,-3.5722370269,-4.3523261943,-1.9641173783,3.0845156785,13.0466418083,2.1674773573,1.433825698,2.6642915926,6.3240654117,4.406743015,-1.4309156243,-2.3420799272,-12.958719664,-0.9386912888,1.3633695382,-13.0325998737,5.9970666905,13.9303026612,-8.4135253923,0.6454661529,-6.9631636597,5.006291609,1.0794035962,2.6989502518,0.1250572417,-3.5502189869,2.0314851356,1.4349417348,4.0633281923,-1.4216611124,-0.6532443582,7.2224872273,-4.3917475477,-3.554700846,0.4203443866,0.9586291399,9.1919773213,-0.5273349686,-1.1957925912,4.4661927065,14.9388474039,-8.5345480629,11.9063755063,-12.0604213045,2.2235042448,-2.2262073993,-3.3831652499,-5.5029930648,7.0948596186,2.5393406717,2.9822599668,11.080931785,4.5482754664,-2.3436058044,-2.2707252135,6.6861892315,9.0246333716,-2.0119563962,1.1528670979,-1.809330455,0.8610599528,-1.7584636583,-10.3592357202,21.4783148273,-5.4149484798,-2.4193454831,4.6269299706,-2.3116976675,-0.8735109087,-2.1405307314,3.2495963821,-20.561654809,1.4147584728,-1.398566102,7.7741187116,-0.3719956451,0.9947587896,0.7442082289,-5.7865454171,-20.6454842329,5.7818463382,3.4719261796,-2.9752611101,3.8838553716,-0.8042706104,5.7194276369,-0.4053626312,-13.8199561422,0.3203135844,-0.3483899829,2.7672292427,0.7353516456,0.0200242382,0.3853670795,2.1819238606,15.7372032196,-11.7471399106,-4.3816473611,2.369000555,-4.0247529173,0.852250317,-3.4367816639,0.2365285343,24.9454103953,0.0609887256,-1.0012126762,4.9900570246,-2.6850087849,0.9142986323,-3.2770090347,4.5875272281,-6.6852248539,0.7175744175,-1.4551157097,-0.0979841437,14.9334812689,0.5383850693,-0.9955733547,0.8097263976,0.8437084452,2.5906193331,0.0371682145,-4.9295369675,2.6110285021,5.0164860286,1.6177011359,0.337007364,0.105783175,-1.132724031,-0.96128925,0.8880045675
biasActivation=1,1,1,1,1,1
[BASIC:ACTIVATION]
"org.encog.engine.network.activation.ActivationSigmoid"
"org.encog.engine.network.activation.ActivationSigmoid"
"org.encog.engine.network.activation.ActivationSigmoid"
"org.encog.engine.network.activation.ActivationSigmoid"
"org.encog.engine.network.activation.ActivationSigmoid"
"org.encog.engine.network.activation.ActivationLinear"
