encog,BasicNetwork,java,3.4.0,1,1572779267048
[BASIC]
[BASIC:PARAMS]
[BASIC:NETWORK]
beginTraining=0
connectionLimit=0
contextTargetOffset=0,0,0,0,0,0
contextTargetSize=0,0,0,0,0,0
endTraining=5
hasContext=f
inputCount=2
layerCounts=3,8,8,8,8,3
layerFeedCounts=2,7,7,7,7,2
layerContextCount=0,0,0,0,0,0
layerIndex=0,3,11,19,27,35
output=0.0001418831,0.0278482585,1,0.1748464148,0.4577184961,0.9982391872,0.9857100253,0.7144800871,0.9999834568,0.7840435792,1,0.0017094987,0.2338985328,0.8025027968,0.0014722806,0.0000286826,0.0000189378,0.9635828169,1,0.7989386637,0.9738402238,0.4295437525,0.0000338608,0.9044266527,0.7150949168,0.9388175362,1,0.0000025354,0.9999999034,1,0,0.035796526,0.000019031,0.000479168,1,8,30,1
outputCount=2
weightIndex=0,16,72,128,184,205
weights=-19.3210341928,4.8584083114,-11.850201083,-11.1885455632,6.8329141936,8.9075994281,-3.0742963261,3.7730106081,3.8365813597,9.7856868881,-6.2618899716,3.4135186213,8.3900020157,-12.6971016771,2.5018500504,-1.0756766384,6.9733814408,3.3153502525,-0.4471756803,-10.8546559118,-7.9866349997,8.7296742995,-5.9643819566,3.7830424379,-3.3403584656,-1.363572217,-0.8780218732,-8.75127085,3.6846994698,-6.706123495,2.3984589767,-1.4384762187,-1.6918113653,-7.1602814416,8.1509651974,4.8731903591,-4.9725747464,-1.95519382,1.4317772808,0.0900854348,4.5302393241,-3.1875680594,10.5975888897,7.7419888772,-4.8051546767,-4.8497899274,-0.9571966273,-2.6217981627,-5.7143423623,-0.5211864207,-2.3508602534,-0.2257633452,1.35604664,7.3298202515,1.2531036548,1.7281742134,-0.8756974796,-9.4207399288,3.7445616929,6.0709998229,2.5621537587,-5.0447976886,11.3747264607,-0.759914481,-0.7286434145,-1.5457973614,2.2987930258,-1.8018020729,-1.4269289153,-3.0295798702,-0.480647246,0.2732999772,0.6470338067,0.8214674352,5.0734381902,-0.6083376349,-3.1441417379,-6.2549386911,-3.1813040021,0.4371788327,3.1867996407,0.7208685919,6.3235324461,9.7227578427,-11.1859147569,1.219782438,0.0014373694,2.0921712147,-3.2048134056,0.9733989252,-10.2106633217,5.7810062728,8.9164028827,4.4720600606,-4.6090555483,0.4651384624,-3.1199948745,1.6594411467,5.3196717687,5.2434453432,-16.3840239037,2.546187746,2.5166579528,2.7066747839,-5.0211264768,-1.484266614,3.5706914546,0.5575605563,3.6528576771,0.1209341805,-9.7492150224,-0.7734535984,-1.546721433,-2.4944471981,2.1576092399,14.9665440046,-3.071282315,-2.9190689696,-0.630957392,-2.6791843424,-5.4402761988,1.4250236403,-9.1049047171,6.3299489386,0.6010012622,4.1321099661,5.8262899984,1.1768243542,0.5451017664,0.7779299339,0.1951956702,-1.2645772718,-1.5313877681,0.8958211862,-9.5599429783,0.4659293812,-0.7513746936,0.5765290274,1.7994006113,-1.3374321061,1.3823892074,-0.3474931768,2.272504394,1.1905295685,0.6442062008,10.0942675849,-7.4613651302,-5.1839722033,14.081108223,0.0300492683,1.4854518409,-3.4213830922,0.5066755087,-2.4811603391,-5.6098004426,-5.1373251486,23.2677074209,-0.2626783009,-2.684391909,-3.0338711506,-1.079515329,-4.4609022447,4.9626067058,4.531436143,-17.52254948,-0.0583084249,3.7345926987,2.3711630776,-0.3706713203,5.2096741643,-3.0191849662,-0.4010999166,-0.0776314303,-0.6981468838,1.0776282763,-1.2679526968,0.3781180459,0.4784069025,1.7604358793,-0.4381661105,3.064603842,0.2933599097,-14.5792502264,0.3891949971,0.2914707187,-0.4999438175,-0.2186087549,-1.3682945715,0.9123591661,-0.2716763903,-0.6092854651,3.1211523517,0.8238151152,4.1314320215,-8.5755513181,1.8188203052,0.9779093863,-0.1248038724,-7.372610414,-0.9887939643,-0.1003312474,0.0508673589,2.2540548164,-0.7783156525,-2.325948894
biasActivation=1,1,1,1,1,1
[BASIC:ACTIVATION]
"org.encog.engine.network.activation.ActivationSigmoid"
"org.encog.engine.network.activation.ActivationSigmoid"
"org.encog.engine.network.activation.ActivationSigmoid"
"org.encog.engine.network.activation.ActivationSigmoid"
"org.encog.engine.network.activation.ActivationSigmoid"
"org.encog.engine.network.activation.ActivationLinear"
