encog,BasicNetwork,java,3.4.0,1,1572779280773
[BASIC]
[BASIC:PARAMS]
[BASIC:NETWORK]
beginTraining=0
connectionLimit=0
contextTargetOffset=0,0,0,0,0,0
contextTargetSize=0,0,0,0,0,0
endTraining=5
hasContext=f
inputCount=2
layerCounts=3,8,8,8,8,3
layerFeedCounts=2,7,7,7,7,2
layerContextCount=0,0,0,0,0,0
layerIndex=0,3,11,19,27,35
output=0.0455459413,0.0004279811,1,0.0000735528,0.0000631035,0.9999999555,0.0649468259,0.0321971537,0.2257181494,0.271180928,1,0.2488896134,0.4353496816,0.0195147236,0.9798603754,0.2476731284,0.9580611229,0.1365615261,1,0.9999596654,0.9999477609,0.0193016879,0.978347318,0.7969832681,0.0305312086,0.044060421,1,0.9787888895,1,0,0,0.9979785519,0,1,1,8,30,1
outputCount=2
weightIndex=0,16,72,128,184,205
weights=-3.4688871158,11.2041917889,-2.98831099,0.7926972735,-10.8893221427,3.1474021061,-9.1594068469,2.0179936619,10.6907980522,-10.1024096996,-8.6106931954,5.349166931,-1.2488836806,9.4681628478,-4.6107709722,-0.3394434645,-3.8764811804,2.7904951512,-5.0922891799,-5.0412425611,5.8019133029,-6.2418191509,-1.7876562257,0.0588215144,2.5732094231,-0.9179259084,-1.8763412965,-4.4447690649,5.1084675988,-7.0920594535,-0.382679367,0.0620273746,-8.9470041723,2.2315890551,5.0009627636,12.1216321667,-0.7966293834,5.9277711631,-11.2055296522,2.2564743952,5.9835967943,-0.7831090935,6.128344203,-1.8195178478,-0.664100672,-0.9698330034,2.4202500569,-1.38895668,-3.2674188462,5.5396720661,7.8450697939,-1.1259205786,1.9895644714,-1.9202098323,-9.7214849227,-1.3769700574,5.186270716,-2.489482084,-1.8438115396,-1.0443253895,6.7574644909,-3.0857344809,-4.8349248839,1.5625565911,-7.057603551,-2.4471946925,9.0098145084,2.6137164457,-6.8873082011,2.6690118906,11.1652362633,-3.2796079178,-3.3400241168,-2.2144650496,-4.2411181192,11.2431683579,-4.5894857552,-3.1236493042,1.1187324287,-2.7643469298,-6.0941981581,7.9703097754,-1.8184757085,-4.5165559192,1.7377238302,3.085692449,-0.2910548873,0.8515391616,-10.7834861775,7.7721995951,2.706159234,2.8584252163,-0.9063381041,-7.6782651629,-3.1670914418,-2.6580804274,0.9191390632,-7.2262137191,2.1734647828,-0.2962430938,9.5445578297,3.3165303775,1.4651016835,2.6666686045,0.3985815317,1.1674918532,1.0640246668,1.9417958216,-9.020211099,2.6075893422,2.6832682823,2.3937729577,0.2799106782,-3.7898748189,-1.5214828382,-0.8921769135,8.6365904191,2.4344647591,-2.1224602825,0.6766731396,-11.0493017828,6.915293341,0.9897928609,2.7976610899,4.1479487926,1.20097208,-5.1433254318,-3.5823080944,1.1037629124,-2.0642739503,-2.5616146661,-0.0825418983,15.3440888194,-7.4243914418,-2.6863611538,-1.5245272204,15.5530629947,-2.8559428252,0.7648460835,-0.6774885143,2.8347875897,4.0911049878,-2.6803841509,-2.6562690928,-1.7302423294,-0.9504213571,1.3908141641,0.5929341297,-0.0603525056,5.1270077813,0.3925019448,-1.6163804471,4.8149938729,-5.6493382262,1.5972775177,-0.7828841549,8.174720706,7.0491633946,0.9485660364,-4.3595508378,7.2855015966,-4.4864190491,-0.5578188439,-0.0671084123,7.8767541292,-10.1419993358,-4.4101151932,-4.7277201682,-5.768405856,-0.6091704124,4.9662769345,0.4446887515,1.0219191376,-1.0135391014,1.3000662647,0.4773034383,1.31353586,-4.4282741524,2.357160583,0.6464317463,-2.8617096132,-1.7998581394,0.1270416337,2.7943502165,-2.0157190085,0.1419234307,15.6998400032,-0.5652159699,5.6593269748,0.4413567558,4.7335230117,-5.4764690821,0.4712032473,-0.6122047676,-0.99585014,0.3215044738,-1.3934700964,0.2545055705,9.714511317,13.9570006718,-5.4097610366,6.2651852674,-0.654888064,2.5334316679,0.1650583604
biasActivation=1,1,1,1,1,1
[BASIC:ACTIVATION]
"org.encog.engine.network.activation.ActivationSigmoid"
"org.encog.engine.network.activation.ActivationSigmoid"
"org.encog.engine.network.activation.ActivationSigmoid"
"org.encog.engine.network.activation.ActivationSigmoid"
"org.encog.engine.network.activation.ActivationSigmoid"
"org.encog.engine.network.activation.ActivationLinear"
