encog,BasicNetwork,java,3.4.0,1,1572779296398
[BASIC]
[BASIC:PARAMS]
[BASIC:NETWORK]
beginTraining=0
connectionLimit=0
contextTargetOffset=0,0,0,0,0,0
contextTargetSize=0,0,0,0,0,0
endTraining=5
hasContext=f
inputCount=2
layerCounts=3,8,8,8,8,3
layerFeedCounts=2,7,7,7,7,2
layerContextCount=0,0,0,0,0,0
layerIndex=0,3,11,19,27,35
output=0.1521743715,0.0002460842,1,0.4871660872,0.9861833765,1,0.0102752093,0.9999999995,0.0000285641,0.7652824425,1,1,0.9999853279,0.3722040088,0.0000000847,0.9999998443,0.9998837383,0.0038131366,1,0.9759953289,0.0094164154,0.9994070501,0.0002152452,0.009006541,0.9999998726,0.9989679384,1,0.9999999998,0.981266781,0.9999999999,0,0.293834964,1,0.7555517445,1,8,30,1
outputCount=2
weightIndex=0,16,72,128,184,205
weights=-13.8153005479,7.9697916527,7.5353583871,18.5777607493,8.9212787203,0.6735205464,-13.8701858098,-8.8799151221,9.348383273,-7.0262230447,-9.0679010274,15.3482945035,12.4267133199,-14.1699135797,-7.8002376312,-3.4813913652,5.1173327038,5.7235349472,0.0237156403,0.1871654169,3.2000734654,-7.6037598127,8.1844602997,-6.5293633225,4.2542984882,1.207183002,4.2086414095,4.5182904359,1.3327517382,-7.036469136,-9.5552050697,2.9793673218,6.4798293625,9.20054668,-8.3655691974,-4.278765828,10.2649306561,10.976909866,0.4433502761,-2.8721609114,-2.0137300057,-8.5069734438,3.8380924616,1.2836924036,21.0424032668,-9.9664337589,13.1428738463,-6.6029081756,13.4211764945,1.8061660656,3.7441758974,-2.767023298,7.3608701739,-1.7508017714,-3.0413724676,-0.8518466356,-3.5514200328,-19.4109011845,-9.9240030704,8.5071066194,15.974682988,-4.8162390909,1.9393760661,5.0260599341,0.2893790193,-15.9868622822,-0.6550669472,3.7944273696,1.3054109454,12.5609320771,2.2007424325,3.2496547924,6.0111531018,-4.4128287061,6.1143505124,-7.8407497301,-4.5075556556,5.8920831426,6.5175395526,0.8307079517,16.06847576,-3.3369635892,-4.4527319337,-4.6096588849,-23.9441136893,-0.7660339767,-0.7865339948,1.696708092,-3.1141675433,-5.6993844009,4.6586772192,11.4515752953,-1.846269411,-3.8217883222,2.2602802771,-0.5076033426,-6.5293739874,8.5625223613,-0.9602816654,2.9116974321,2.8832083201,1.06537816,-7.7940167304,-2.3386424635,10.9977318317,9.6989941206,0.749554625,-10.0268089127,-10.5237074511,11.5483327212,-4.0634167007,-3.2907981248,-8.7249114491,3.347812819,-1.0441114216,-1.3893198131,1.8763057939,8.4492035425,9.6838074311,0.4473756739,-10.8559823114,6.6466912709,0.8758358935,2.5138102533,7.5447849465,-3.2068974831,4.4038902788,2.831059093,12.3082365505,-15.7473276638,1.0371159733,-1.1028992453,0.3962447905,-7.5833421355,17.2599227826,0.2383331576,-5.7992200169,10.9783684878,1.3401446074,-0.8215276865,0.5368357829,-2.9699926384,-12.2741121908,1.1165057303,1.5987255955,11.6551632891,-2.4026819724,-0.1461161841,0.4285477452,-1.7966084483,2.0211315321,-3.0594439913,-1.0588652508,1.6556586157,3.5930875747,0.1000150119,-1.0341596728,-4.6305457478,-14.043689731,2.9427695265,-6.9205095895,13.7321514506,1.0229065833,1.1728114487,-3.3193403874,5.8555254306,-22.8125334235,0.0778043739,-3.9831622587,6.9770352367,-1.9689651794,0.0607656214,-1.7445408424,5.5073055759,13.6091611392,-0.2954265607,-12.0957343378,11.637413598,0.2788132562,1.1129935246,3.1314112223,1.4714812496,5.6370864221,0.6219681489,-1.3193098114,0.9838940593,3.6269600037,-1.3055088383,0.2305432853,7.4863181508,2.2005113726,0.2112502924,-0.4913647791,-0.4980653681,-1.717274637,-0.4507936571,-0.3631098967,-0.0868635768,4.6339557693,-1.558118304,6.3176242052,0.2767975079,-0.8316823414,0.3705923428,-3.3358669345
biasActivation=1,1,1,1,1,1
[BASIC:ACTIVATION]
"org.encog.engine.network.activation.ActivationSigmoid"
"org.encog.engine.network.activation.ActivationSigmoid"
"org.encog.engine.network.activation.ActivationSigmoid"
"org.encog.engine.network.activation.ActivationSigmoid"
"org.encog.engine.network.activation.ActivationSigmoid"
"org.encog.engine.network.activation.ActivationLinear"
