encog,BasicNetwork,java,3.4.0,1,1572779306709
[BASIC]
[BASIC:PARAMS]
[BASIC:NETWORK]
beginTraining=0
connectionLimit=0
contextTargetOffset=0,0,0,0,0,0
contextTargetSize=0,0,0,0,0,0
endTraining=5
hasContext=f
inputCount=2
layerCounts=3,8,8,8,8,3
layerFeedCounts=2,7,7,7,7,2
layerContextCount=0,0,0,0,0,0
layerIndex=0,3,11,19,27,35
output=0.2272759522,0.1923064866,1,0.9999999409,0.5081123167,0.4378330968,0.9518203605,0.1258773223,0.0804625142,0.0959142622,1,0.0012092901,0.7648984175,0.9901627856,0.3380518865,0.6712407962,0.0313045777,0.9992572324,1,0.9645363586,0.9999906354,0.9030185118,0.9841918437,0.9340481131,0.0000850919,0.9948976171,1,0,0,0.999779775,0.0180458256,1,1,0.8789461971,1,8,30,1
outputCount=2
weightIndex=0,16,72,128,184,205
weights=4.350093277,11.0838255388,2.5038962512,-12.0442186434,-10.6338807029,1.036133833,-10.0199513683,1.378216258,-4.8667991797,-6.6241187753,-9.3318861717,6.6141905647,-3.3190012316,7.6301676812,11.5856771171,3.2804031554,-8.2302994435,0.4066643395,8.4639546749,0.9376448071,5.4202352524,1.0558943881,1.0597672655,2.9146066722,-5.018775906,1.384476203,-1.189149865,-8.8602199192,-3.6146301826,1.2722007981,-1.5809705706,7.1184614248,2.1081899843,5.909501775,-6.0317179549,-3.0258749216,-5.9423313982,-8.5575196642,-0.192443473,6.6715317325,7.9341136297,-1.1623575505,-1.5293297131,6.8010515076,4.5188945683,-6.5808897706,4.0118910485,-3.7580578709,4.2476578437,-2.7881503845,0.5563733981,8.6796316098,3.1245133748,-5.4842724887,-0.9940766887,-4.2277435266,-2.6341443578,-3.8220321299,-0.9691647461,-2.9223265537,5.0400966787,7.3626592401,0.973110871,-2.1478902771,1.7773472018,0.9491237778,-3.7635188581,-13.0166888418,-1.7617740892,-8.7778985107,2.9150064021,3.6997322408,2.7947505923,-11.183355408,0.0124793497,9.202243952,-5.935612651,6.4750441117,-2.0692356303,0.3053322721,1.3219125791,1.0692737589,-0.2631082603,-5.2963881863,-0.5338281251,1.5992247239,3.9934926271,0.8110513166,-0.7133743488,0.8766916839,5.0775328118,-3.3319934357,5.5472979015,-2.5590265969,0.3100504134,-2.3723903617,0.0404303105,-5.5070920995,5.4896932465,0.6230291638,13.4328466346,8.4590654443,-11.379944623,-2.0001836663,0.6085682153,-0.356489807,7.0515234832,-2.7549712793,2.9317196826,0.892959642,-3.4367137231,-2.4921982534,2.7769424491,-11.7023347567,1.7003104918,-4.8723534223,-1.2105993263,-4.1307818585,7.9130023992,2.1099782396,2.5205802413,-2.7989199718,3.0282800863,-1.0130684915,1.125576687,1.8199258587,6.5675276279,-1.7509677116,-0.2181397841,-0.2503450348,-3.3047300881,-2.5474488939,2.7155228077,1.7807903755,1.88406573,0.5008070733,1.3709741313,-0.5664880858,8.1186329139,-15.5465326252,5.7006740918,0.9846713404,-8.1377058471,4.2095337887,-0.5297211339,0.3901746738,-5.9972642597,-9.0343693456,4.5645429315,-2.6107044348,2.2059495083,4.4974496746,-0.2360317897,1.2199090987,9.513323662,2.7805552745,-4.0293226967,2.4460825017,-1.9775938136,-2.108672434,-1.1846519091,0.2409789873,-7.7019583463,-15.2033701453,3.6099062953,2.3625703868,2.9746020782,2.0382301418,1.9491599836,1.6788374669,-8.7562928965,3.6547010487,-1.49220512,-1.5629166043,0.3486341888,2.0654096395,-0.1240979768,-0.5343040532,-6.5041026691,-0.2885682586,1.1840870812,-1.0212269096,12.7637414731,0.3993077191,2.5543503714,-2.9044035029,0.8589814728,-1.9802690477,-1.7910745831,0.490623427,-2.5451517261,0.4990466135,13.8104558288,1.1136157445,-0.1711437833,-7.7712427092,-1.6021068331,4.5448678135,-2.6560871188,-1.1338852854,2.1896043968,-0.8467831748,-1.8217156424,0.0899471963,13.8577978372
biasActivation=1,1,1,1,1,1
[BASIC:ACTIVATION]
"org.encog.engine.network.activation.ActivationSigmoid"
"org.encog.engine.network.activation.ActivationSigmoid"
"org.encog.engine.network.activation.ActivationSigmoid"
"org.encog.engine.network.activation.ActivationSigmoid"
"org.encog.engine.network.activation.ActivationSigmoid"
"org.encog.engine.network.activation.ActivationLinear"
