encog,BasicNetwork,java,3.4.0,1,1572779319268
[BASIC]
[BASIC:PARAMS]
[BASIC:NETWORK]
beginTraining=0
connectionLimit=0
contextTargetOffset=0,0,0,0,0,0
contextTargetSize=0,0,0,0,0,0
endTraining=5
hasContext=f
inputCount=2
layerCounts=3,8,8,8,8,3
layerFeedCounts=2,7,7,7,7,2
layerContextCount=0,0,0,0,0,0
layerIndex=0,3,11,19,27,35
output=0.4074022289,0.4455164072,1,0.0004217683,0.2973421854,0.9957671838,0.0000014317,0.9092313084,0.1023459681,0.9995396531,1,0.405116909,0.9994701876,0.9544879904,0.4728297831,0.0000099492,0.9383030702,0.580935678,1,0.4799268058,0.0017987247,0.6604812918,0.0029427797,0.6735304561,0.0000398306,0.5816420865,1,0.8999707089,0.9999279161,0.6547360732,0.0000001075,0,0.9289831359,0.9999996094,1,8,30,1
outputCount=2
weightIndex=0,16,72,128,184,205
weights=-2.835366203,-10.7105724062,2.7746246815,-1.061915095,4.5736526505,11.5566053952,-11.0447253875,5.7466681221,3.3179004245,-3.1778463795,-10.2742744592,6.9649652892,6.039647118,-2.5701074064,11.0886228202,-5.3564336957,0.1821784006,-1.909410259,-4.6261376825,-3.4576882773,1.7726502303,0.1371114135,0.0027257611,-0.0157997851,-1.4867660258,3.3228272025,-8.5620779864,6.5719341636,2.535469349,3.3707853208,-7.1787680583,2.493814375,1.0814530465,1.8129947309,4.7959171565,8.6464995614,-0.1547339611,-1.4874018258,-8.4186096729,0.8308349597,2.7061249434,-7.7240129522,-4.3581145857,-3.054674395,1.7005549939,-0.8939392627,3.5286188657,-2.4400750612,4.8758271686,-1.5949370219,2.6448944998,-7.7557657076,0.5282392698,3.8206841782,4.3152489639,-3.0261129718,-10.0362839435,0.4278437909,1.1900584378,-3.0868141605,-9.8770312319,4.4667070044,-3.6167528977,-0.2994592435,2.8841928759,13.0714705998,-4.1445156676,3.1792031796,-9.4254111791,-4.2901840592,-1.1129297629,0.574885131,4.1386796951,2.7475742099,1.530522116,6.5393305178,1.3221927475,-3.4188306532,-7.1269492268,-0.150586992,-3.7978637398,1.9810078074,3.926456067,-7.1259155351,5.5883726558,-4.5718415707,2.8487228626,1.3685159777,-1.0720387687,0.6644257943,2.9317395023,2.3638812247,7.3141931883,2.3011288335,-12.6002242173,4.015585544,-5.7358029364,-4.1995511703,2.5616352679,-5.5377824857,1.349978059,-1.1073460635,-2.573027677,1.5632896445,-3.2479328677,6.0873446514,-2.8263680549,8.2087086089,-4.4910794763,4.7753766395,-5.9834655685,-1.6226605213,1.4086582241,-2.386662188,-3.3647027911,3.7281569216,0.3895001428,0.3601814962,6.218699827,0.3820189403,1.4544459107,4.9996133861,4.6582261461,11.9499433158,1.3006550788,-8.2924225214,-4.6091954849,-1.6870405982,6.7064704334,-5.2800558066,0.9752008056,0.6335152577,5.060200864,-1.5297252231,0.7992596675,-0.8529573409,-1.95040691,6.8260794009,0.3896902889,0.9195044439,6.710439867,-1.9010845275,-8.4030240846,-1.4752034017,1.8612524903,-11.6087738531,4.1084127282,0.4051018379,-3.8330733601,0.522110271,4.2431036863,3.1802443467,-16.8145223685,1.4432473732,-5.7645704882,0.7632094749,-2.4672583009,1.65698144,5.6446917348,4.4542555387,-3.4906166546,5.976210257,-1.3171850698,-0.924442112,1.4369182107,-3.3186294007,4.3477023542,-2.5124714004,1.2922944005,-1.2584187993,2.1859985025,-0.658709316,0.3498609782,-0.6156985453,-11.6743097384,0.7794917092,11.0184387316,4.0258935424,2.9850544731,-0.7098226243,-2.5523162627,-2.8237895089,-15.1882661543,2.2447327988,-0.1226802557,0.3491311578,-7.2955935251,0.6502953852,0.5672060922,-12.6809385045,0.9920816291,0.0295031905,-8.1818256647,-1.1392528536,-0.23004323,-0.0304865092,1.5197167715,-3.034227607,-0.3326026612,-0.3020116177,0.1240578829,1.2655296674,-3.7312196359,1.0678576509,12.5695687775
biasActivation=1,1,1,1,1,1
[BASIC:ACTIVATION]
"org.encog.engine.network.activation.ActivationSigmoid"
"org.encog.engine.network.activation.ActivationSigmoid"
"org.encog.engine.network.activation.ActivationSigmoid"
"org.encog.engine.network.activation.ActivationSigmoid"
"org.encog.engine.network.activation.ActivationSigmoid"
"org.encog.engine.network.activation.ActivationLinear"
