encog,BasicNetwork,java,3.4.0,1,1572779332194
[BASIC]
[BASIC:PARAMS]
[BASIC:NETWORK]
beginTraining=0
connectionLimit=0
contextTargetOffset=0,0,0,0,0,0
contextTargetSize=0,0,0,0,0,0
endTraining=5
hasContext=f
inputCount=2
layerCounts=3,8,8,8,8,3
layerFeedCounts=2,7,7,7,7,2
layerContextCount=0,0,0,0,0,0
layerIndex=0,3,11,19,27,35
output=0.367349255,0.2580669406,1,0.9992009068,0.0000001057,0.8203811289,0.9978561868,0.0000006423,0.9944473212,0.927102391,1,0.000036622,0.000000374,0.9995969819,0.0001555634,0.9999773471,0.4986338108,0.4788368321,1,0.9999997682,0.3268484944,0.9913576848,0.9990791353,0.9999999975,0.4522623731,0.9986686715,1,0.0000006831,0.9976239929,0.9999999942,0.2065469315,1,1,0.1870267719,1,8,30,1
outputCount=2
weightIndex=0,16,72,128,184,205
weights=8.9823078358,-1.5703165024,10.5294267854,-3.26286053,-7.2433855884,-13.0516877615,-14.6404017036,11.6513590926,14.9411864011,-13.0759626507,-12.9129684287,3.6877284545,7.2206460084,-5.2500642422,-3.9264098745,-0.2104610014,-12.1815990852,0.8651698115,7.276804613,-5.0246837401,-3.7959574745,1.8977264285,3.9503843863,0.8166004771,-0.5524489995,7.3130176834,4.3878869033,0.1281411079,-15.2594363958,-0.9849004987,-4.9973946858,-2.3058485847,-10.7310688575,6.5267943023,-5.3300698482,-2.50734542,4.5908115974,8.8995799624,-4.6827597404,0.0615729031,0.1917361997,-3.2506964387,0.9138710019,2.1535845721,5.8851510882,-2.8060721277,0.7542334428,0.3822094646,-1.8914230531,7.4810972397,-4.8235426388,7.1762387493,-7.2945124853,-6.7899571799,2.4200491846,0.0836392226,-11.8573533041,0.042077626,4.2550949312,4.7342545182,-1.9067409714,3.5300335198,1.9830657867,0.13116311,0.5770870869,-6.5257581212,-8.6081400048,0.4724733337,14.2355220929,-3.9381610951,-4.5838292132,1.0709936662,5.8781170888,15.7931572601,-5.2101035622,-2.5517172701,-8.1080750576,6.0942393761,-5.3606438118,-2.8350809415,-8.4274329957,-10.0248819304,-2.6107329426,4.5212003002,1.4410619623,2.839534868,-6.6397764077,-1.1180785431,6.072582688,-8.7378512479,2.7680979805,-3.6410948917,2.2692158756,-7.2190375742,5.9020038748,0.5946018394,-0.618486842,-3.2297340614,-1.4744027348,3.1104504752,-5.2711622867,4.2447738062,-6.1616672771,0.764767752,9.4290571295,12.835493326,-0.4262935633,-5.1566333657,2.9146085747,12.246496367,-6.9132660499,1.0962006583,6.2192377531,-1.7839673147,1.2121070503,-3.7227880511,0.2114434524,1.2949041279,-3.0235646032,-0.9014264431,-2.2528213429,-6.7756856585,-2.9458721959,1.8716403081,2.3316582242,4.5375864619,4.8540048501,-3.7981439566,-2.2752450347,15.2734592465,2.6891653911,-18.6794380242,0.7461013391,1.1071054461,-1.1496067755,-0.4291580095,-1.626808147,-6.8796690834,2.9770299642,-11.6407767962,2.3970783047,1.024632768,-1.0681836974,2.3462550293,0.0106797907,2.4900614832,1.1818170794,-1.2177523794,-0.106874526,2.0155475978,1.0276232507,-0.772900375,1.2043367913,2.4334866491,6.7400152145,0.3201772295,0.2669292928,-2.2677499047,-1.6977959541,0.0737778201,-1.797424857,3.9888646186,13.3092514693,-5.842641394,1.1764482332,1.2269304002,0.2125294392,1.2642212017,2.4490649952,-10.7234410957,3.8067555513,-17.0489279752,5.0794362541,-0.3381519709,4.6630317332,4.6076787193,3.210951521,2.2764803027,10.3356057904,-7.7406145218,-2.2734261872,-0.6516446096,-2.6477214305,-0.9673678052,1.3144235667,-0.8632532916,1.1855578671,-1.5684384327,0.5142674091,3.1594402611,-0.6562283327,0.9523741172,-4.3644874032,-0.5966001886,-0.3571015179,14.1399803107,1.0032221816,0.6384641188,0.8654245577,-0.258708966,2.1632820108,-0.0389371109,0.2798790429,-0.0382787027,-2.5601176683
biasActivation=1,1,1,1,1,1
[BASIC:ACTIVATION]
"org.encog.engine.network.activation.ActivationSigmoid"
"org.encog.engine.network.activation.ActivationSigmoid"
"org.encog.engine.network.activation.ActivationSigmoid"
"org.encog.engine.network.activation.ActivationSigmoid"
"org.encog.engine.network.activation.ActivationSigmoid"
"org.encog.engine.network.activation.ActivationLinear"
