encog,BasicNetwork,java,3.4.0,1,1572767441625
[BASIC]
[BASIC:PARAMS]
[BASIC:NETWORK]
beginTraining=0
connectionLimit=0
contextTargetOffset=0,0,0,0,0,0
contextTargetSize=0,0,0,0,0,0
endTraining=5
hasContext=f
inputCount=2
layerCounts=3,8,8,8,8,3
layerFeedCounts=2,7,7,7,7,2
layerContextCount=0,0,0,0,0,0
layerIndex=0,3,11,19,27,35
output=0.5945870659,0.6128844043,1,0.7331018074,0.3027155104,0.9996998931,0.0922912497,0.0014950395,0.9294351667,0.197058865,1,0.9999646819,0.0057099555,0.0081414696,0.7433326663,0.7802482038,0.9870006743,0.3464479453,1,0.9999085827,0.5658874787,0.4688081879,0.2692268798,0.9998049361,0.1051499254,0.7300425756,1,0.9795904947,0.0197660846,0.0000000001,1,0.1221722503,0.999999984,0.0001719492,1,2,28,1
outputCount=2
weightIndex=0,16,72,128,184,205
weights=-7.8855626559,-12.2678297349,7.5885846869,6.9844734901,7.8436450013,2.7790818063,0.8414754649,-1.1138926144,8.2017933191,-2.0794816968,-3.8362500632,0.614927488,-1.023492195,-2.2729277707,14.3376544715,-1.8567515459,-8.0233123335,1.7357789963,-4.4175150319,5.1289836035,5.8966077688,-1.9406789113,5.0246012246,0.8208300551,5.40650581,4.9816166099,-5.5690099415,3.8461825875,-4.9786012582,-6.1012409721,9.080517558,-2.322265947,9.5309774315,-2.2495782346,1.3626922303,-4.9620268012,0.7141849231,-0.969884076,2.478336854,1.8120382818,3.4809180266,-4.9634519597,0.2403233893,-1.6193694432,-3.6520328149,0.5550041242,-4.770549908,-0.5822047977,-3.5897174366,0.5158094206,1.5961465533,-3.5382586369,1.6042382668,-1.81749463,1.6091312772,-0.3156686355,-0.7138695106,-1.292480504,2.4751367553,0.098008919,1.5017549058,2.8277824642,-1.3129949716,-0.3016153894,-6.6318919392,-9.8361955283,-3.3755677912,8.2801488062,0.7295639824,0.4104805577,-7.5700890228,0.8038762451,-0.706643397,5.0580726236,-7.4264798053,-0.5624469973,12.2206765075,-3.2131109377,0.149277453,-0.261033849,5.2473773277,-11.7988876495,-0.8515829782,3.6894603745,-1.4001298614,1.6634241399,-2.6350747641,-1.1752808117,-5.9294731489,-3.970803593,7.9707756565,0.3450508392,-2.1837651827,1.8968758798,3.6978192345,-1.1719951302,3.4498270411,9.4877025645,-0.194462437,-4.2722812417,-6.759207749,0.9331383135,-1.7399064143,1.4162332415,2.1202371993,1.489327516,1.4435842954,-3.9473768065,2.5316319046,3.0167420449,-3.8373227005,-1.3566853214,0.3944870609,5.9831298767,2.2999499157,-4.8941332956,1.4747774313,0.3514196719,1.1155922316,-1.5369304913,5.299879035,-7.6605266191,-2.2042192235,1.4993557904,1.5871829179,4.4675453076,-7.0725252557,2.1372102731,4.5161446574,-1.0032154239,3.9605940307,2.034049887,3.4417777702,3.4248578827,-3.286521427,-0.9829904893,-13.8341796922,4.583847722,-2.8469279176,2.6058251009,-1.2606374337,5.230593674,-7.5551996329,6.0452130298,5.4368450062,5.3820241967,0.2672044099,-5.2064566557,0.9688632203,-0.0666022455,-2.9980358297,-0.4019865054,-0.8424036648,-2.9056807849,1.1581244933,3.0392593305,4.8542570984,-0.7303286055,5.2205451696,-3.0187879622,-3.0070109531,-9.8962078511,-2.7248027942,7.6850124506,-0.8881395013,2.396134927,0.7277853001,1.7104704292,0.6849573301,8.0562079784,6.7448681955,-0.9400041767,-1.8074968165,-1.3180163891,-0.0261544718,-0.4926353811,-0.0943328683,6.943671106,5.4031293557,5.487749047,-2.6958147071,1.4899724428,-3.2258525292,-5.697816048,-0.163886999,0.1932280666,-1.2114779825,0.8702148605,-0.8243843514,17.4385084577,2.878156486,-0.8130315343,-6.0544176081,-3.3283961302,2.5825790205,-6.3014772865,-2.907260467,-0.1111995959,6.9560911657,-1.3057672811,0.9046671004,-4.7659497522,5.835070888,-0.5684288822,-4.4222727228
biasActivation=1,1,1,1,1,1
[BASIC:ACTIVATION]
"org.encog.engine.network.activation.ActivationSigmoid"
"org.encog.engine.network.activation.ActivationSigmoid"
"org.encog.engine.network.activation.ActivationSigmoid"
"org.encog.engine.network.activation.ActivationSigmoid"
"org.encog.engine.network.activation.ActivationSigmoid"
"org.encog.engine.network.activation.ActivationLinear"
