encog,BasicNetwork,java,3.4.0,1,1572779363567
[BASIC]
[BASIC:PARAMS]
[BASIC:NETWORK]
beginTraining=0
connectionLimit=0
contextTargetOffset=0,0,0,0,0,0
contextTargetSize=0,0,0,0,0,0
endTraining=5
hasContext=f
inputCount=2
layerCounts=3,8,8,8,8,3
layerFeedCounts=2,7,7,7,7,2
layerContextCount=0,0,0,0,0,0
layerIndex=0,3,11,19,27,35
output=0.7173983471,0.5332753579,1,0.0000002073,0.6319422797,0.4921212388,0.9998921723,0.1100680577,0.3905061561,0.4230959203,1,0.6873106916,0.9999486119,0.9999994482,0.0000094201,0.6796842892,0.6581060199,0.0290450004,1,0.0000693209,0.9999999088,0.0140130955,0.0129003838,0.9999666775,0.207156346,0.9999658464,1,0.9310069605,0.9999965706,0,0,0,0.0021547204,0.998464276,1,8,30,1
outputCount=2
weightIndex=0,16,72,128,184,205
weights=-5.8669851981,3.7807653808,-19.1304994321,8.4610220127,-0.4228525869,5.4051989517,-13.3659169862,3.0876281088,3.8003072079,-10.3122582105,11.8206678022,11.6318253991,-10.5586150714,-8.7598187952,-12.3069605346,-1.0077690046,2.1249424361,-2.8091244815,-12.0825899052,0.9271587817,-4.227292089,-1.6994889313,-0.1773678474,2.0387899285,-7.6188561154,-0.179972074,5.225699069,-5.7098632169,-1.2479732626,1.6222954418,2.0916010946,0.4512348486,6.1479717444,0.8955753023,7.7557012609,2.0984551561,-13.566574071,-8.1971290702,0.3061953378,1.6983434018,0.8461476796,1.2067592796,8.0347776959,-3.6785189092,-5.7611330737,2.6855365977,-6.3472116909,1.6446047474,3.0799981611,-3.1612125125,-1.6318892563,3.8651814944,-6.7231998027,1.995582397,-5.3522619037,3.997745172,1.0073430288,5.3214449639,-3.1022036551,-0.0847673861,-17.3049386611,10.1465817794,2.3792911528,1.6587503584,-10.4801106768,-3.9110318285,5.7856512385,-0.9280975751,5.7352482249,6.987075217,-1.5835856444,-3.4321925642,4.0034354654,-10.9899222044,2.4233594925,-0.222217789,2.5307169994,5.1364156822,6.7633299329,1.3883552547,-3.8320487762,8.7652692954,-1.3369409446,-0.1708699627,0.4038005959,-0.5237545835,2.6739785035,-1.837186218,-3.2219319869,7.9536390164,-5.6799489586,3.0428160566,1.7335524829,-10.2086128478,8.076849955,-1.1981952218,4.0769932168,-0.1114051491,0.5376938773,-5.5823759805,-2.3667565476,6.9429600811,-7.5931812543,-2.8757268063,-8.5201758419,-10.3380479698,-4.9993117871,8.0874772926,4.1550211264,-8.3762118841,10.7677163255,-2.1303625626,9.51547001,8.3510580233,-5.1222989477,-13.9621042834,-10.497635317,7.4847908701,-1.3854251764,2.8871856811,9.990386651,4.1779229458,-1.9319569162,-7.2826275835,-1.8057669572,1.9392008258,-5.8712232117,-0.2920157627,-11.6315002542,9.557001166,1.1009609138,0.6507894469,-0.2453750001,7.7549471262,-7.461792851,-0.8710320999,-5.2993794253,5.6324975309,0.5346802328,-0.4799505784,0.730735254,-14.0709016568,8.8460356843,6.7098629606,1.5724930498,-6.1131112365,-0.1123169933,-0.6242019335,0.6899179179,3.5093219987,-0.3825841752,0.769872533,3.9408135279,3.5515124994,-0.6116067375,0.5658138731,1.1084890668,-7.5516743192,-12.2457629237,0.6852895167,11.6342968496,-3.5115900647,-0.973935006,1.089092517,-0.317401758,-13.469286265,6.8003029133,-3.7716247888,-4.5259179461,-5.0981577828,-0.9276676893,0.2532658745,0.1405761175,6.4975069064,9.0630922856,-1.0935250195,16.145591288,-0.8978207595,-1.1340292745,-0.1282258373,1.1322743483,-8.4509229182,-0.7132326937,-3.1188862815,-1.9841831884,-0.1448481904,22.82117235,-0.4840841585,0.5041550811,1.3311494946,-0.9138218724,-1.6649105322,0.6333856966,-0.7741087775,-0.7430932559,0.3872229298,-1.8443742707,-1.5334408601,0.4707858202,-0.5873238398,-0.529414678,14.4430938152,-1.4109704829,0.511907402,2.4077582173
biasActivation=1,1,1,1,1,1
[BASIC:ACTIVATION]
"org.encog.engine.network.activation.ActivationSigmoid"
"org.encog.engine.network.activation.ActivationSigmoid"
"org.encog.engine.network.activation.ActivationSigmoid"
"org.encog.engine.network.activation.ActivationSigmoid"
"org.encog.engine.network.activation.ActivationSigmoid"
"org.encog.engine.network.activation.ActivationLinear"
