encog,BasicNetwork,java,3.4.0,1,1572779382271
[BASIC]
[BASIC:PARAMS]
[BASIC:NETWORK]
beginTraining=0
connectionLimit=0
contextTargetOffset=0,0,0,0,0,0
contextTargetSize=0,0,0,0,0,0
endTraining=5
hasContext=f
inputCount=2
layerCounts=3,8,8,8,8,3
layerFeedCounts=2,7,7,7,7,2
layerContextCount=0,0,0,0,0,0
layerIndex=0,3,11,19,27,35
output=0.6516841167,0.510867914,1,0.99999994,0.0000000777,0.9610991183,0.0163137893,0.9997259597,0.7825418084,0.9997495399,1,0.0521012835,0.9999999986,0.5003761944,0.9999263096,0.4754187814,0.5784002163,0,1,0.9741369817,0.4634477044,0.0000000001,0.6088968974,0.0000162296,0.0001310635,0.9976261609,1,0,1,0.0000000001,0,0.8397033543,0.2523621607,0.9999999993,1,8,30,1
outputCount=2
weightIndex=0,16,72,128,184,205
weights=2.9089623681,4.6805786264,-6.1003889612,-0.3282980333,-25.6297271095,-14.5842269448,24.4860152747,16.1415102177,18.8775683504,15.8200481263,18.0302243785,4.2259638839,-3.4469422076,-18.1843251308,0.1367244108,-18.6925620677,-9.5925346744,-3.2521269065,14.9346328489,5.5641831704,2.9653147976,7.0848013051,2.0718022123,1.8364730092,14.9021289651,-18.0197061804,11.3755222719,-7.8541214853,5.0309913012,10.7756738826,22.5849512205,-5.5907095617,6.7288084497,10.8335405985,0.1339284324,1.5856305995,-0.9121504584,-5.4292848859,2.9734768066,-6.0556348523,2.8082572859,-5.2192811126,4.4356161617,-12.7922442847,17.1476146233,7.3195174545,0.9438960812,-0.8404125801,6.9019820293,0.8024874176,4.1894438496,5.7186075387,-10.1452742223,-6.5837349016,4.4978676649,7.8566754433,-23.3737760645,-15.1608772397,3.732304377,9.2494599504,13.8216062333,-17.9106500178,15.7599659342,10.3313597294,-25.657978734,-1.978009339,-0.7734518504,17.338089288,7.9150832026,-20.0619247645,5.5024335394,2.497831082,0.0057122966,1.4041740642,-12.4497454732,-1.8096569663,-4.0893861583,10.5744739014,-8.5093174168,6.0323087411,17.2585616454,9.1075463822,2.406543149,14.730530967,-8.5477648713,-0.86346007,-6.48152801,-3.1523713455,0.9105148615,-9.7825453491,-1.3622971697,-24.9535797131,-9.1219772857,4.7593783194,11.8029979662,7.0669387498,3.8825913055,14.9332738126,0.4396941123,2.639486207,-10.193379902,-2.7719026503,-2.82630388,0.0255452034,-9.7278331158,18.6428348574,-5.231121952,-10.8977324012,6.9772533559,-5.9929969916,2.8901497601,4.4908374316,-12.3437913536,14.8624578218,-0.2847656875,-9.1809841609,0.95058979,0.8409796691,14.1106196488,-3.0341949324,0.9046250589,-1.0145305554,4.5934607888,2.1298833165,0.7171009914,2.880792915,-33.1202400568,-0.299458266,-0.9855772065,3.5433828823,0.1464017075,0.4241897829,-0.0994285016,25.9003552932,-5.1762937619,-1.1911304523,0.3978809366,-6.5901978793,0.3460020137,0.650851333,0.6891458916,8.7712440442,9.1818516469,-5.5303324584,0.3524040694,-7.8696456255,0.9229444652,0.5600927608,-7.0382505077,35.4762945704,-9.4829303377,-8.7881559142,1.9057213591,-4.4045904704,-0.733614764,0.0181104323,5.6335483221,46.9813906037,-13.426501705,1.6869352409,3.7787197486,2.4099694814,0.1518469048,0.684359932,-0.1311971068,-6.3903614372,-12.3463370295,0.6305650546,-1.6941467701,-2.044197729,0.8295642523,-0.2162601487,0.9622965206,13.3040856702,-11.7768270891,0.7158359955,0.3299378541,4.1277487246,0.1299916222,-0.8769993792,-4.2267322463,-23.351035256,4.1770758514,7.1781644669,2.2755159295,-6.0797028742,-0.8227791208,-0.6839764664,2.5305745844,0.5671516783,-0.9668508556,-0.5460717737,0.5130189215,-0.7677886256,-0.5810070491,-0.4015686082,-0.451664472,0.1418072452,1.0151209638,1.6596419508,0.2125109285,-20.738516948,0.2788228236,1.131712982,-15.1043436036
biasActivation=1,1,1,1,1,1
[BASIC:ACTIVATION]
"org.encog.engine.network.activation.ActivationSigmoid"
"org.encog.engine.network.activation.ActivationSigmoid"
"org.encog.engine.network.activation.ActivationSigmoid"
"org.encog.engine.network.activation.ActivationSigmoid"
"org.encog.engine.network.activation.ActivationSigmoid"
"org.encog.engine.network.activation.ActivationLinear"
