encog,BasicNetwork,java,3.4.0,1,1572779392318
[BASIC]
[BASIC:PARAMS]
[BASIC:NETWORK]
beginTraining=0
connectionLimit=0
contextTargetOffset=0,0,0,0,0,0
contextTargetSize=0,0,0,0,0,0
endTraining=5
hasContext=f
inputCount=2
layerCounts=3,8,8,8,8,3
layerFeedCounts=2,7,7,7,7,2
layerContextCount=0,0,0,0,0,0
layerIndex=0,3,11,19,27,35
output=0.4333572862,0.5526170334,1,0.3177814845,0.8452747673,0.3241943873,0.9999999995,0.805262837,0.0012249648,0.0107592452,1,1,0.4353969484,0.0753101565,0.0924045232,0.0310296922,0.2500057588,0.9997847045,1,0.8819096822,0.0262282503,0.9990099522,0.9951520074,0.9332504646,0.000000266,0.9318249734,1,0.999999869,0,0.0029394859,0.1393154277,0.0000001067,0.9999999996,1,1,8,30,1
outputCount=2
weightIndex=0,16,72,128,184,205
weights=2.6096954838,-14.9487878874,1.2007063019,13.1455509911,-2.2495357067,-3.3838188673,4.4571330901,-0.2288021964,-2.6366301668,7.4340945022,-5.6460080263,2.6672554734,-5.7890103668,14.9503139007,2.3295086486,-1.4532838033,-1.110372168,-2.0567461996,1.678615874,-0.4262269361,0.5624815974,1.2680393715,0.7332696921,0.0872730416,5.3034813077,6.6612777661,3.6508659762,-3.1616841335,-1.9423728792,2.0236430928,-8.8224071793,1.8862927588,1.4955390594,3.4615025095,0.7701837196,4.8182294921,-5.8350845594,-1.8206089922,-2.9419057844,-0.6629617116,13.8320397974,8.4923200377,6.7467800424,6.3401527435,-9.9703481725,-12.3973680364,6.8164124365,-0.558070208,-1.8675207297,-3.0701174019,-0.3163370973,0.0823077343,7.3859910147,8.5816786187,-0.1184993039,2.3837959187,0.7302024364,-7.0630643741,-3.3183828916,9.6111912904,-9.279477764,-4.0392354957,-0.3466671387,-3.3524288287,-2.4004061992,0.2475850578,-0.6767283123,3.4602345368,-1.8068738293,-1.5935712219,-1.008725809,-1.0343633617,3.0908905783,-1.4107377626,21.9962621722,-4.938607273,15.1874296381,2.0869459563,2.1833564305,-4.2899819131,-5.6384548242,-0.5712784537,-6.0647794136,1.3608784635,13.3115425864,-7.5819822728,-4.9195647639,1.5933928314,6.5597811521,5.8628650942,6.1831009418,-7.5137056054,5.478416047,-1.3585325075,-7.094432877,-5.6484149684,-4.0476441852,-13.1074490984,3.802668429,1.5156082199,-1.2261832216,8.3966801142,-2.4659895269,-0.2361405009,17.0693643175,25.7591002932,8.8187752316,-6.9273451768,-2.8701900986,-0.8217520722,-12.8024542861,-6.4785728783,-4.8350440973,14.5714704743,-0.0024751713,0.465211572,-0.9018110043,-4.573707765,4.4576661916,-0.9893249815,-16.1236305108,-1.3482938337,15.076144752,1.9365526864,-1.0166372608,-1.9396089688,4.0894281392,2.8479963264,0.1336185248,-0.6314534856,12.1336997936,-10.5387620074,-13.4145837017,0.6044830433,2.063868591,0.6412165008,-2.1338619723,0.7646573475,4.5268712793,31.250244669,-1.1022319121,-1.7830534385,-3.4771757856,-0.5871966884,3.1358989364,-0.159964156,-18.0632718227,-14.8956579949,4.1068230833,1.7823551694,0.8920178558,3.2347864731,0.6526151543,-0.2941724842,-0.5942684752,0.7781675261,1.5244873622,2.0743286353,1.5352395189,0.9554834944,2.023508338,0.9755572583,0.4705237152,-6.9654608097,-4.8087668795,0.5728792717,-0.0558908386,1.0662433409,-2.5109734484,-0.9449148783,14.7368707708,-13.628733202,-0.9668653939,-3.5501517496,-3.3949727407,-3.8281152846,0.0249054098,-0.3275040752,-2.3618978056,5.9496597379,-2.9623735088,0.1921921966,1.3632742111,0.2127585569,0.9167894249,0.2800347078,0.1124129477,-0.7819336518,-0.7618457022,-0.3251437306,0.9440062228,-0.3311844299,-3.4430936532,1.2170053142,0.1521549956,-16.1216798431,2.8299776327,-1.0309831353,-7.7631393482,0.9998591805,0.4413770857,0.4831993529,-2.0550813164,6.6891079809,-0.8291131481
biasActivation=1,1,1,1,1,1
[BASIC:ACTIVATION]
"org.encog.engine.network.activation.ActivationSigmoid"
"org.encog.engine.network.activation.ActivationSigmoid"
"org.encog.engine.network.activation.ActivationSigmoid"
"org.encog.engine.network.activation.ActivationSigmoid"
"org.encog.engine.network.activation.ActivationSigmoid"
"org.encog.engine.network.activation.ActivationLinear"
