encog,BasicNetwork,java,3.4.0,1,1572779412078
[BASIC]
[BASIC:PARAMS]
[BASIC:NETWORK]
beginTraining=0
connectionLimit=0
contextTargetOffset=0,0,0,0,0,0
contextTargetSize=0,0,0,0,0,0
endTraining=5
hasContext=f
inputCount=2
layerCounts=3,8,8,8,8,3
layerFeedCounts=2,7,7,7,7,2
layerContextCount=0,0,0,0,0,0
layerIndex=0,3,11,19,27,35
output=0.9999989614,0.7972790233,1,1,0.9998695352,0.000002189,0.9999838115,0.9977405675,0.9104018476,0.0000003307,1,0.9985456766,0.9999975962,0.9985232093,0,0.9999993145,0.0161372069,0.4112027986,1,0.9323371986,0.0420082833,0.999138838,0.366829773,0.9999999999,0.0000499278,0.9997326084,1,0,0.9999999962,0,0.1726711977,0,0.0000000098,0.9998805068,1,8,30,1
outputCount=2
weightIndex=0,16,72,128,184,205
weights=-13.5816924127,6.946207414,-2.3857378235,12.8415409919,10.6030367116,9.2287547926,-0.320616547,-11.4082692646,13.2361217527,-20.0077110498,-21.3734909861,-11.3503563609,-5.1943126132,29.1662663407,20.0384849929,-1.8818804053,12.8090806424,2.4772051247,2.8774160213,-20.3081366639,1.0558173982,-1.1728436513,3.2169190292,4.1318623019,5.5900957524,2.119119225,0.9376234814,-17.4915182909,-1.5727401865,11.9807155366,0.2992783434,1.5632977556,5.3600311817,-10.0489476262,-0.1065873526,14.5293906931,-2.5142622242,1.6692865374,-0.98484681,-5.3366728862,36.2096278391,0.4085213162,-12.7919255259,-4.7838743874,-2.2932095248,10.9391520379,-21.081199436,-1.9759339762,-2.6213921243,3.9845049763,-6.5875943815,-2.9588063638,4.8563290695,-10.7470690484,7.609648122,3.4893231999,-6.3538668877,-0.1338898222,5.0676691941,-17.9660204542,5.4639713374,-4.2824264003,-4.0463484251,0.0058905028,-9.8755274097,-5.8561805042,-5.736505454,0.5719397957,2.4847597549,16.4049011428,13.7346074328,-1.8738920667,-1.669944652,0.4330676683,1.677384459,-5.6642720711,3.0004499673,-4.5297341254,9.4699213283,-3.9952110641,-0.9442883194,-1.9428221428,5.9860137784,-2.859264494,1.7428840412,-5.480404494,4.8815492404,2.3455980925,-7.2438757173,-10.7010396312,8.2738608169,7.5620914531,1.1996363036,1.8272476221,0.303491049,1.1757997861,-6.1171819451,20.1271566634,-23.9356315938,-6.4291455624,4.2171049025,-4.3843749474,-7.0730437228,0.9106645949,7.8667255522,4.7587521288,-1.0124705565,-1.0960769325,-3.6267656951,2.4779672799,9.0298319573,2.6715954351,11.3256956748,3.1645015898,7.2366362713,15.5613972021,-6.8762019593,3.5008912127,-18.8157095854,-2.054744086,9.7068255417,38.0724679336,-14.8193323796,-0.1082274059,-8.4061398733,1.1953904235,7.5436661035,4.7023139199,-9.2568846283,-1.8984767542,-1.1757750176,7.1999319281,-2.3309843683,0.2958419468,5.2468218961,-1.9677810773,4.6079009231,-2.715313279,2.1263472612,35.4134092249,0.792329413,0.0880000679,-3.427726574,-3.0992178441,1.3105515825,2.1821014507,-1.607741058,-14.4817847288,-0.5978451172,0.2474405048,5.5411822887,1.8343318805,-18.8958505754,9.7722100482,5.4567914248,-27.0060725725,4.8491736569,0.2693017925,-13.944610428,8.2880636236,7.7081900578,-1.6176901637,-2.0077466629,-0.9957829502,1.4571885213,0.9334148812,27.3765587863,-2.8553809608,-1.0613309994,-2.9781712001,3.47158568,-0.2748358537,6.4485858717,0.1978404354,-3.1755511476,-3.7040844078,-11.4177784922,4.052585768,-4.0316691951,-10.4233287801,4.4215729731,-0.2205872051,1.287114744,4.6867906853,4.9151137648,-4.1534969264,0.7902977624,0.9013367616,0.4196759667,-0.423283375,1.1767774537,-6.4733054607,-0.007179835,2.2235677878,0.2111148052,-25.6887994654,4.6706139769,-10.683002528,1.6445760628,-0.9596249499,-0.338709983,-0.6022449535,-4.2685055362,1.4868921921,-1.4265900685
biasActivation=1,1,1,1,1,1
[BASIC:ACTIVATION]
"org.encog.engine.network.activation.ActivationSigmoid"
"org.encog.engine.network.activation.ActivationSigmoid"
"org.encog.engine.network.activation.ActivationSigmoid"
"org.encog.engine.network.activation.ActivationSigmoid"
"org.encog.engine.network.activation.ActivationSigmoid"
"org.encog.engine.network.activation.ActivationLinear"
