encog,BasicNetwork,java,3.4.0,1,1572779423428
[BASIC]
[BASIC:PARAMS]
[BASIC:NETWORK]
beginTraining=0
connectionLimit=0
contextTargetOffset=0,0,0,0,0,0
contextTargetSize=0,0,0,0,0,0
endTraining=5
hasContext=f
inputCount=2
layerCounts=3,8,8,8,8,3
layerFeedCounts=2,7,7,7,7,2
layerContextCount=0,0,0,0,0,0
layerIndex=0,3,11,19,27,35
output=0.5277748799,0.2187454797,1,0.0012024345,0.1704828234,0.735812839,0.4144490689,0.488046388,0.7656179178,0.0055098891,1,0.3150773587,0.154986517,0.0000004334,0.5825045248,0.024744241,0.0191693963,0.0895567494,1,0.7922101275,0.2062599565,0.5288174777,0.9999969014,0.9987680234,0.0000332093,0.7916535515,1,0,0,0.957590746,0.9999999991,0.9947302111,0.9999999163,0.3859656965,1,8,30,1
outputCount=2
weightIndex=0,16,72,128,184,205
weights=5.5916033213,-1.8915084563,6.6012781438,-5.8500243003,10.8573335916,-10.1350317408,-7.6555195008,0.4970526047,-10.732066599,19.4028433623,-3.4853408202,1.2503040436,1.0097771077,-8.2754592689,-1.2341700872,3.3282541048,-7.0033594571,5.6095426762,-0.5123981189,-10.7915127576,3.3008419945,-4.0491343137,8.1074281659,0.1709655725,-2.3385695471,-9.0175962335,4.9701400923,7.7262542479,-5.2431882333,-2.4155188192,11.2780246496,-4.7823338102,3.5841302917,4.1679133314,-1.0236420527,-2.5988821633,0.5491430287,-5.9742315787,-2.1063523725,1.0525027413,3.9473543868,2.2899485283,2.866912273,-0.5105471068,-0.9328147522,-2.1726715208,2.6255030656,-1.817242382,-0.6844762724,2.4576052997,-6.463087297,-1.4148926768,-2.6919779652,-2.1268156969,5.9021131069,0.1899345772,-3.1349725864,-4.2603402045,7.2936724688,-11.5103705759,0.1276680577,-7.3945997034,6.6278927232,9.0816430188,-7.201934503,0.3267709279,4.429031989,-8.3831326424,-2.5400746594,0.3722675565,7.6954224042,1.2725855944,3.6070154736,-4.2657121432,-0.4250417053,2.6499973707,-10.7171516755,5.3103915427,4.9915454811,1.5728213623,-5.0186045626,6.2339068108,-3.6922020372,-0.1556505088,2.437782476,10.1428541394,0.2199188205,0.4929050125,-0.9220011148,4.4850276302,-6.45263128,0.769887755,-13.5460116043,-2.0317424307,2.8528800053,-0.9330158477,1.3017861843,-13.3694239013,6.9123305439,-4.0699853535,-5.6992141108,4.9906613543,7.3704020301,2.3311855128,-4.4266108572,-5.4116945307,2.1468152209,-3.03655249,1.0007634056,0.8874760933,-0.2747633355,2.0681419338,3.3861880159,-1.458604895,-0.7345853016,-6.3101253224,-3.7684212256,-0.4289192774,1.9514717081,2.600665312,1.4885074957,11.9088183806,-0.4382455853,8.4428591254,-2.0565220422,-12.2660397469,-8.5734369826,-5.3240755494,-0.2778400332,0.5198459165,4.6272609244,-0.2583656104,-4.9212627543,0.3342344592,2.5884191195,0.7276960173,-1.4605177419,-0.8143837755,14.6388212191,3.3948800232,-11.3925802241,-2.8088579199,-17.0723420331,1.9702413407,-1.6476736886,-0.4853202224,-5.8183762427,4.8210498719,-0.5335953825,-3.2414545602,-1.6389576955,5.2707903637,-0.3634749206,-0.3375253133,-1.2871075195,-2.1654039636,2.1908102637,15.6564949204,2.0735202916,-2.553590024,-1.0470146992,-0.1634618415,2.7508891134,-3.5051706942,13.3350090977,-4.7506331478,5.5761383123,-3.09745434,-7.446462581,0.4670637685,-2.7148001861,-2.2083255943,-11.0178108458,6.8316924662,1.4716857111,-1.9446173233,-1.6369920338,-0.5485202585,-2.1204534132,-3.5712550089,1.5281286178,4.0075425491,9.4971665904,-2.2564953135,1.8335023891,-7.2190182836,-0.1705757578,-0.922419479,-0.9933320254,-0.750071901,-1.6259548374,-0.1747839387,21.3682107563,0.0080482488,0.7094311181,-0.5006486717,-0.98462854,0.4576310593,-0.6114222047,-1.4171547823,0.7000087539,6.6332876674,-1.1054487237,-0.2296048542,15.2674331165
biasActivation=1,1,1,1,1,1
[BASIC:ACTIVATION]
"org.encog.engine.network.activation.ActivationSigmoid"
"org.encog.engine.network.activation.ActivationSigmoid"
"org.encog.engine.network.activation.ActivationSigmoid"
"org.encog.engine.network.activation.ActivationSigmoid"
"org.encog.engine.network.activation.ActivationSigmoid"
"org.encog.engine.network.activation.ActivationLinear"
