encog,BasicNetwork,java,3.4.0,1,1572779432146
[BASIC]
[BASIC:PARAMS]
[BASIC:NETWORK]
beginTraining=0
connectionLimit=0
contextTargetOffset=0,0,0,0,0,0
contextTargetSize=0,0,0,0,0,0
endTraining=5
hasContext=f
inputCount=2
layerCounts=3,8,8,8,8,3
layerFeedCounts=2,7,7,7,7,2
layerContextCount=0,0,0,0,0,0
layerIndex=0,3,11,19,27,35
output=0.3749895255,0.2181693262,1,0.6296093288,0.0007439833,0.0020895109,0.120224374,0.5238149562,0.9645625043,0.1510353269,1,0.9998824978,0.7164090757,0.9753402279,0.0000002892,0.1497925158,0.0000056929,0.1956544093,1,0.9999969866,0.7574890073,0.0130887144,0.9962614646,0.6359673726,0.9971244512,0.9634211505,1,0.4992025077,0,1,0,0.9865677725,0,0,1,8,30,1
outputCount=2
weightIndex=0,16,72,128,184,205
weights=6.682928417,9.1054361589,-2.1228343338,0.6821074676,-11.2384905284,3.0890651524,-11.1532155187,-0.2110263836,10.3375300178,-5.3405698232,11.4023083165,-12.4933816555,-5.122398375,-3.3194754194,11.2319519768,-2.1142061345,-2.6276534949,-8.5297949399,5.8674650679,0.0867713196,-5.3724380714,-4.9987825395,9.7415013785,2.4447454793,-5.0383384482,-5.6612547836,5.7318051108,9.1314514439,-4.2899045619,0.6394779099,-0.1684641482,-3.0241370125,0.7334233691,-4.398693129,-0.2743750349,-4.1196729545,14.6682535127,0.2393825174,-4.9776012442,-4.7065032102,-4.6283209052,0.3377420951,1.6580707609,-5.0715701421,3.5134631672,7.4052564748,0.5946257157,0.1356530062,4.7366136687,-1.8463932508,-2.5284424272,1.1989237705,-3.2268638937,6.7965128764,-6.0373637753,0.8126972126,0.5778742698,1.0795851301,2.0232573461,-2.3534133339,-0.1922200008,-6.9234553224,1.4805353984,-0.2815311244,-1.0226210327,-1.2702329142,-0.1047173726,7.4553712997,-8.924705009,4.5559222026,-5.7575691771,2.771458234,-7.4513489162,3.2803477841,-8.5370065046,-1.0109989171,7.8065799351,2.4859515634,6.8789653364,1.0635192102,-4.5189556904,3.4069392593,3.0230907421,4.2379592943,-5.8679455963,7.8810280674,-4.6355150587,-1.0573329158,4.0120119922,-0.8244574126,-2.5973666539,-1.7303015884,-3.4964340292,-0.3978789169,3.9720062984,0.8415974957,-2.0089730435,-7.7315870737,3.9618236423,0.1643863918,-7.9286088278,6.2347610002,-8.4113280628,-0.4771848351,-4.5431633444,8.1485778216,-5.5366605102,-6.3355840004,6.1851521844,-4.4586829377,7.7000300166,-3.887236801,2.8821730974,-9.230783312,7.4989337981,-5.3274740996,0.6701463598,2.137955197,-4.7661043662,-0.7230560809,-3.3016864641,1.9198261434,-3.8880576807,7.6196569503,-1.692114849,-7.2488659557,-0.4374546897,1.6190736903,-0.6369432241,0.4047237123,-0.9757409724,-1.7890951735,15.7910159868,-0.1219877951,0.2132154473,-1.5727791675,-6.1764667197,-2.5899469463,6.3012206633,-6.0685987098,-9.3532985686,0.0079297155,0.5734045797,7.1487119317,11.1850952456,1.1991188054,-0.1405563055,6.0879969857,-10.0414311541,-0.3913047638,-0.5356053759,0.1406512898,10.5849299674,-2.7063674601,2.6451240321,-2.0082160598,-1.828098739,-0.8880337403,-0.6702559692,-0.5402885087,-13.6693491735,-0.1998409287,2.2244326625,-4.3467565921,-0.8225803426,0.3412305447,-0.8439639067,5.9687757415,9.3797995775,0.2117344555,2.9246283348,-7.7223747232,-1.7627814565,0.4971995692,-0.9045049381,-0.0193123927,-9.7710396185,-2.5151418489,-2.7000960527,-6.2164692102,6.0474954376,1.2655991224,-0.409812518,4.8825798867,1.0114697298,0.2469282245,-15.5027945461,-0.4112288739,-4.0712047789,0.0025070011,-1.2539619895,6.4111107278,0.3345824898,9.9369477554,-4.6906172366,1.5814366193,-0.1033169279,0.2051816013,-1.032337449,-1.5072750941,-0.7127753771,0.3904621241,-0.8292814697,-0.8723359467,-0.8016372398
biasActivation=1,1,1,1,1,1
[BASIC:ACTIVATION]
"org.encog.engine.network.activation.ActivationSigmoid"
"org.encog.engine.network.activation.ActivationSigmoid"
"org.encog.engine.network.activation.ActivationSigmoid"
"org.encog.engine.network.activation.ActivationSigmoid"
"org.encog.engine.network.activation.ActivationSigmoid"
"org.encog.engine.network.activation.ActivationLinear"
