encog,BasicNetwork,java,3.4.0,1,1572779464346
[BASIC]
[BASIC:PARAMS]
[BASIC:NETWORK]
beginTraining=0
connectionLimit=0
contextTargetOffset=0,0,0,0,0,0
contextTargetSize=0,0,0,0,0,0
endTraining=5
hasContext=f
inputCount=2
layerCounts=3,8,8,8,8,3
layerFeedCounts=2,7,7,7,7,2
layerContextCount=0,0,0,0,0,0
layerIndex=0,3,11,19,27,35
output=0.0845063873,0.0833417227,1,0.4554708142,0.4672398952,0.5924100846,0.0789431999,0.0330190488,0.9999999475,0.8241780941,1,0.3484910557,0.9194739133,0.0411673332,0.6793258262,0.0663154205,0.0099628951,0.4504837609,1,0.8478603336,0.0693666991,0.0013422036,0.1021485391,0.1405677256,0.5416747696,0.0817258031,1,1,0.0376677957,0,0.9999999905,0.0000200807,0,0.0000007397,1,8,30,1
outputCount=2
weightIndex=0,16,72,128,184,205
weights=-14.0431682818,3.7080160118,-10.8702253347,-5.6197618758,6.8334757532,18.2007053676,-4.0997979622,-5.8830185035,-3.6997736926,-7.4564127938,-7.2329869669,7.6184489536,0.9815242061,1.5960504667,9.560339813,-3.0531253268,-5.9335533005,-0.5464828823,2.8315599489,11.0175664894,-6.4977969661,6.9976596776,-4.3465052724,-2.8901908935,2.8801146241,2.1178402605,-6.4146556287,-4.1974136934,1.5610694962,-4.5589643625,2.7186771043,-1.2495580678,-1.1547292656,-4.0419047481,-0.0830158049,3.94797912,6.1494799043,-9.0651513928,-1.4481687323,2.1491160075,3.7700135693,-2.6562186617,1.1793395721,2.0501352657,2.1432769257,-1.6353028108,-4.5915222972,-0.826979168,2.2533525063,-2.037419785,-2.2563471725,-7.3473827643,1.4011357095,7.4628939888,4.2193262334,0.7271347629,2.5384720705,7.1863838069,-1.9271242162,15.8174349636,-2.8077007713,-10.0933681153,-1.8376807025,-0.2817268257,-1.0850901195,5.2461117762,-1.2914880824,-8.1141011493,7.8784328583,-6.9568707184,-0.6676733054,2.5123068869,-3.6021699013,-3.1662066832,2.2045746488,-1.2144157852,0.5036984489,4.6330106442,3.3145980946,-0.0820973796,4.1485978748,1.065828199,-2.4116497866,-8.0444050016,2.8051982319,-2.3499071826,0.2614107874,0.5260181538,-1.4149152557,1.5754074376,1.4261802061,4.5139862995,4.3700802212,-2.8103115908,-2.3263264126,-1.4226095959,12.0636573295,4.3876134742,1.701149223,3.1289151077,3.6174637584,-18.4623725771,-3.5173489141,-0.3243119617,-9.0233671801,-0.3114436523,-1.1831324581,-3.7806117354,2.4120329272,0.3728532163,2.5435867758,4.6663188452,-8.893254707,-4.2343048184,0.7090764312,2.3495290347,11.4111645645,-1.7731533201,-6.7121485418,2.899116939,-2.9880557337,-3.9216243805,3.3970666547,0.7659351659,-1.6118150768,0.6964838816,4.1615683258,2.0331629799,4.3533213728,-10.9963788037,0.7794158272,2.4889612836,-2.1276985485,5.191221195,12.4644415681,-4.7101228137,-4.4205407164,-4.111370263,-0.9876658559,0.0314021368,-0.7405440646,6.9871545618,2.3217390816,1.9475595772,-0.7474455555,0.2100995988,0.0675206793,-4.5341715967,2.2117181288,0.7792298601,2.1946022672,-1.3384423747,-1.1820019901,0.0249643074,-0.1868057143,0.4740158523,1.1969545772,1.1459494626,8.846520388,-1.4665614123,-2.7834598596,-4.5436089559,-0.939042686,-0.9858694275,7.2339840584,-4.1684936749,-2.6579919794,2.1297510951,-4.1544000986,17.5322247046,0.1162280596,8.1877186827,-4.9091782513,-2.9630992646,-3.578143064,-4.5265308148,3.3705495098,3.6030196216,-0.0663511859,-1.7654335584,-7.8570150111,-0.2972676272,5.4792808759,-4.1598063109,0.4194117705,1.2850498389,-8.6274070917,0.2720239297,-0.2674778622,2.6075902124,-0.8571117425,-1.0937743781,0.2341476353,-1.5846502804,0.8773859718,4.8296965164,4.7769487026,-1.3910458825,-7.2999466739,0.8391293309,-0.8734535671,-4.3311946565,2.5972585759,-1.2516795611,2.6553430537
biasActivation=1,1,1,1,1,1
[BASIC:ACTIVATION]
"org.encog.engine.network.activation.ActivationSigmoid"
"org.encog.engine.network.activation.ActivationSigmoid"
"org.encog.engine.network.activation.ActivationSigmoid"
"org.encog.engine.network.activation.ActivationSigmoid"
"org.encog.engine.network.activation.ActivationSigmoid"
"org.encog.engine.network.activation.ActivationLinear"
