encog,BasicNetwork,java,3.4.0,1,1572779474358
[BASIC]
[BASIC:PARAMS]
[BASIC:NETWORK]
beginTraining=0
connectionLimit=0
contextTargetOffset=0,0,0,0,0,0
contextTargetSize=0,0,0,0,0,0
endTraining=5
hasContext=f
inputCount=2
layerCounts=3,8,8,8,8,3
layerFeedCounts=2,7,7,7,7,2
layerContextCount=0,0,0,0,0,0
layerIndex=0,3,11,19,27,35
output=0.458336564,0.3695688297,1,0.9909515905,1,0.8293853843,0.0616134093,0.9995206559,0.8128619159,0.0000015398,1,0.9999478425,0.1470280447,0.2572077393,0.3018249664,0.9991240202,0.173569481,0.9989564203,1,0.2236919189,0.6263330077,0.1002474614,0.3767041913,0.0011630599,0.1627717683,0.0000004683,1,1,0.0118650127,1,0.7083825237,1,0,1,1,8,30,1
outputCount=2
weightIndex=0,16,72,128,184,205
weights=4.3118146696,-0.652218544,-12.1536344632,9.4275425266,14.9811515739,-9.7691999875,-1.218693792,-1.3213963314,-10.2054435315,9.7365142035,-12.1824359889,-3.3749591247,5.1729978889,8.1098286534,-5.470655209,-1.6082842698,3.337600786,0.7611077479,3.9864263962,-4.7077470956,-1.8834056073,-10.8015999362,7.8178965308,-2.4108323681,16.1181167784,1.6144722245,-5.2112396565,2.0384257442,4.9507837795,-3.6419170893,8.8809779989,-1.5894850721,0.4974988542,-7.0285184324,-1.6798124888,10.0922051518,-0.4284620446,10.2739323391,0.3454167578,-2.1970353415,-1.2872195876,0.3678322207,-0.0609314571,4.288025794,-5.1920826677,0.1802532915,-6.4864654984,8.867171514,-1.1648069776,-5.5230735329,-8.3132263591,-6.7590486698,1.8250208536,-2.7526424014,8.0054244825,4.4549634811,-7.8246019555,0.6645583335,10.5143613742,6.2332523554,5.3105621554,-6.8549964738,3.6659478332,-3.1687408368,-5.1286680195,-2.5095432181,1.2255281021,-1.0308875724,-2.650870112,1.7560515462,-4.2648542676,-1.2863847936,2.3352227236,14.7958891592,-7.2064530224,1.4367832112,-10.1508700865,-4.4151816306,-0.283234193,0.983326291,8.7989725281,-4.8154952913,-1.3355020795,6.5623416115,-0.7083417304,1.6121525644,-2.190266164,-3.3100276709,-3.6543107646,-2.9808766745,-0.4581130377,2.7396609147,-0.6475084605,-0.1181668463,4.0651229716,0.6577972461,1.5485423916,5.9132880638,0.20447262,1.5148061128,1.3593015219,-6.3153578766,-10.493574197,-4.4534522241,-1.1075748496,5.5237007842,-8.1805741488,5.2836085926,-6.8613676541,-0.5216546241,-3.4898054098,2.7499873572,-0.0789282176,-15.5119580153,4.5081810323,4.4603227443,11.6054907328,4.866240302,-10.3546350486,5.2350335146,-5.2265930661,11.2086774972,-4.8972873801,-2.2070965358,-0.8009120652,-4.6090812786,0.3653051674,3.086359097,-1.2802530239,7.4014025561,-0.948306738,-4.6377771311,0.0021796666,-6.1737533689,4.5682752818,-0.3886723637,7.1090591766,-14.5332395704,5.0214835993,-23.1509273253,0.8773902084,-0.5304180305,-0.790042858,4.8707764547,-2.690419074,-4.4818950838,-1.7156423268,12.9448065669,-2.3273999684,-1.7298003286,-2.7110980404,-1.8666156182,1.0202363442,9.7840022603,1.0237101456,-7.7336590184,1.4785117973,0.7463110718,-0.0748303406,1.4111126565,0.1457319088,2.4997560507,-0.9833322725,-12.0490760689,-1.0380617965,0.1195158231,3.3383945262,0.2874257382,-2.2160001893,7.5051226282,-0.791595432,2.1181911118,0.9874546634,-3.4564822908,-0.1157508469,-1.0913938222,-0.2219067803,19.8450236034,-1.4978524276,-11.0888676902,-1.7027474039,-2.5820225168,-1.8808785473,-1.6511670326,-0.1918294086,3.0034118978,0.7351519407,0.2433557309,-0.2876053924,2.2590905705,0.888550099,0.6770209147,0.8496704703,0.3900884415,0.1559235321,-6.9108721905,-0.6782836452,2.3143955771,-0.8620544645,2.9990929652,-5.4217543266,1.4641076712,-0.8126833118,4.4697737003,0.141970796
biasActivation=1,1,1,1,1,1
[BASIC:ACTIVATION]
"org.encog.engine.network.activation.ActivationSigmoid"
"org.encog.engine.network.activation.ActivationSigmoid"
"org.encog.engine.network.activation.ActivationSigmoid"
"org.encog.engine.network.activation.ActivationSigmoid"
"org.encog.engine.network.activation.ActivationSigmoid"
"org.encog.engine.network.activation.ActivationLinear"
