encog,BasicNetwork,java,3.4.0,1,1572779487522
[BASIC]
[BASIC:PARAMS]
[BASIC:NETWORK]
beginTraining=0
connectionLimit=0
contextTargetOffset=0,0,0,0,0,0
contextTargetSize=0,0,0,0,0,0
endTraining=5
hasContext=f
inputCount=2
layerCounts=3,8,8,8,8,3
layerFeedCounts=2,7,7,7,7,2
layerContextCount=0,0,0,0,0,0
layerIndex=0,3,11,19,27,35
output=0.1071230877,0.0007817367,1,0.386266529,0.6116222668,0.9998988361,1,0.0001549209,0.9999865249,0.9999580758,1,0.9999999153,0.0000001363,0.5822729626,0.9999999999,0,0.0000239305,1,1,0.8601731707,0.0000000004,0.9999264382,0.9999999921,0.999202841,0.5335029562,0.9093005533,1,0.7009163387,0.0000000021,0.9898862187,0,0,0,0.0000000037,1,8,30,1
outputCount=2
weightIndex=0,16,72,128,184,205
weights=-5.2627241424,27.4285444274,-10.0635262175,-9.5527721789,-7.8518868838,3.6385754336,-0.8820791855,-0.0035519871,24.0192112584,-35.717232425,-17.9421141242,22.0408490382,-25.609799625,9.5341625172,-15.1369249213,6.9201005534,3.1453643915,20.8387115271,10.0387289382,0.8508423511,-1.8136536994,1.4788207416,-12.5778786494,2.2733203777,-6.7289894283,0.5417835141,3.2451920359,6.8512835554,2.9619229888,2.7997478543,0.2304206691,-1.7882335432,1.9887597371,-3.7617201449,-4.5747695267,5.7958972869,-6.5668032504,-3.3454838047,3.7625879478,0.3152680645,-2.9472577381,-1.7266421706,-2.5930583579,8.0042840791,-25.6391331181,0.9602562271,27.283024891,1.0397126698,-1.7238300735,0.0710035336,20.285845672,-12.5000141614,-9.3215033623,18.0251622617,-0.874402234,-5.4865255662,4.1660587217,1.0315707586,6.3692265193,2.0175371154,2.5398176338,-1.0665553455,-1.2106818053,2.5331342279,-2.6146794071,-0.9773907888,-26.919829683,3.6875754286,-2.3178760985,0.6010099949,21.4288692146,3.2525149552,2.9528860403,-1.3417765704,-2.1419943296,11.5827028724,-1.277754038,8.5846213781,-1.8456043755,2.6786310087,12.6607031087,2.2196543455,-8.4342128967,0.229317901,-14.6225272523,3.9011529512,-5.2655652212,-1.1767836773,18.5669411409,4.1936894723,-4.1317572443,-5.1977368053,-20.5516945326,13.3741170147,1.9483023967,5.3191047348,4.2229550243,-5.2563930475,6.2709504846,11.9313302903,3.4677343508,-8.1285560354,4.7052510099,-2.6080909519,-10.3000999965,23.2261588711,-4.2331543974,-3.1552677736,-9.5567630739,-0.0922637231,-2.3141158618,-8.4145087505,-1.7491197065,10.2278618614,1.2080117986,-11.4509905684,13.2176115272,-11.2789543047,-7.7269105896,0.9436447459,3.5811554769,-14.9530930373,17.8337274561,-2.9391462062,8.7937547757,-9.1460314715,6.046730107,7.6247046487,2.5208865351,-0.152915083,14.7841001717,-0.1196970702,-0.7840040536,-1.1579882331,0.5432757833,-14.5847785703,-29.9623329983,-0.5814881232,-2.5851032348,2.2376420593,-0.1166758299,-2.2336044706,-0.3660046185,1.9742576506,23.398924189,0.9229824899,1.155740758,-0.7948133828,0.4235429663,-3.9875457935,-0.5030822223,-8.0274291364,8.8353770094,0.4612436575,13.3939778653,-1.1063967911,-0.1427882649,1.6532363256,-0.3780219465,-0.8012156672,32.4383617932,-0.3332270392,-18.9082181188,8.2818026194,0.6089721271,-4.5535109983,0.6521692102,3.1140656808,-26.1595583598,0.4790288541,20.0159176292,1.3882315477,-0.0271445429,-0.9136919124,-0.5431583099,-1.3436062189,4.742231937,0.807596693,-0.2290750247,1.3971562737,-0.0129138343,-6.8282692069,-0.0549822533,-0.792025213,-0.1329953072,0.3333720915,-8.0855350915,-0.9814693141,-0.4356944761,0.9210571355,-0.8515708428,0.3092703058,2.1181485934,0.9303715086,-3.6357716343,0.3743604827,-1.3142018753,-0.754429948,-0.2531845654,1.3239497227,-1.4465488992,-4.3872117736,-1.1228547455,-0.3138563538,-1.0120569967
biasActivation=1,1,1,1,1,1
[BASIC:ACTIVATION]
"org.encog.engine.network.activation.ActivationSigmoid"
"org.encog.engine.network.activation.ActivationSigmoid"
"org.encog.engine.network.activation.ActivationSigmoid"
"org.encog.engine.network.activation.ActivationSigmoid"
"org.encog.engine.network.activation.ActivationSigmoid"
"org.encog.engine.network.activation.ActivationLinear"
