encog,BasicNetwork,java,3.4.0,1,1572767452341
[BASIC]
[BASIC:PARAMS]
[BASIC:NETWORK]
beginTraining=0
connectionLimit=0
contextTargetOffset=0,0,0,0,0,0
contextTargetSize=0,0,0,0,0,0
endTraining=5
hasContext=f
inputCount=2
layerCounts=3,8,8,8,8,3
layerFeedCounts=2,7,7,7,7,2
layerContextCount=0,0,0,0,0,0
layerIndex=0,3,11,19,27,35
output=0.2461536805,0.1232858762,1,0.9962494765,0.9952829062,0.0089988037,0.9999999898,0.9999714111,0.0000000567,0.9995790767,1,0.9799047114,0.9654610493,0.9803324938,0.9991082136,0.8573031918,0.1009706817,0.9999953565,1,0.8947539164,0.0013777619,0.0014630603,0.7200586273,0.484751754,0.9495271166,0.8494676638,1,1,1,0.7923307324,0,0.0280432006,0.9999919478,1,1,8,30,1
outputCount=2
weightIndex=0,16,72,128,184,205
weights=1.4911082199,9.8900661755,10.6663188164,-7.9700746787,-10.3888471903,-2.7205982024,6.6192037075,-0.8019387604,6.6992525473,-0.2952979943,-12.8944401216,0.8372294734,-8.0920283368,13.8504463663,-1.3389618231,0.3671025911,-3.767375391,1.6358296339,3.9022004207,7.3851260959,-1.6316491785,-6.5838267709,-0.8543690567,-0.5915960273,1.7909894983,-1.8788771538,-0.2497348507,0.346977144,1.7123168915,-7.1233910402,2.7393321083,1.8209327902,4.2305834897,-11.9874352339,-0.3999460341,8.3240108966,0.9476585552,-2.8236413031,-6.2838118351,0.5581583841,-5.3587796543,4.5449484126,6.7969052625,6.0491223991,1.0172252519,-6.3719553078,7.0326441821,-0.7025803066,-6.2766491399,6.345849248,6.6069651522,2.8444151412,2.7184724174,-4.6033179393,7.7810097761,-8.4793190248,-0.1821824763,3.5513924179,-14.7519598119,0.9090952049,-5.0604501559,6.923808884,-0.8314399514,-1.9106516786,-4.6533399641,2.3590464568,6.6346079073,0.4262324377,3.5489568251,-4.7323891672,0.6208273043,-0.060596691,-2.7959652249,0.4521804404,-1.4860219501,5.6445147651,3.8570882947,3.548726077,-1.4037394735,-1.7210702959,0.8361833335,-3.0625646132,-1.0606794405,-9.0395304336,-2.5817435586,-3.3087223017,5.6724372652,8.6717771852,6.5287358813,6.6444752308,2.7152240779,-3.0427135631,-12.8601360947,1.4579130438,15.0076300241,-7.6537337961,6.3364910087,-0.3595804237,3.0446209322,4.8670356501,-0.9967818253,-5.0510531356,3.8154005598,-0.1184742148,-2.0717979456,-0.7923024217,1.8351033274,1.2461537528,-0.9622991937,-4.226031599,3.3067859895,4.4181218356,-1.8149754385,12.5691612854,0.294052859,3.5924406411,1.5460542803,-8.3626791238,4.2190878642,0.4401148847,1.858501155,-7.9236858521,-0.4413850641,-0.1282382244,1.2824183424,-2.5652659856,9.2529125901,4.6751287583,-4.5392553632,5.1113546831,-1.3036855225,-1.2428243807,-7.4939921542,-2.5760898779,-0.4688239055,5.8561468155,-1.6454692255,-2.4236819118,3.6043699425,2.0585537746,5.1117286988,-4.216787182,0.2293919181,-1.528606034,-2.6565173942,-0.0755217709,-2.4869954737,3.3932577721,-1.5344084097,-1.0662226303,0.2307069317,-0.9446618329,1.6030786321,-3.0213707017,4.5618012579,6.590591329,-3.2972100308,-2.5216118763,2.8160481475,-1.4534030782,-1.8151515869,-6.179402571,8.2930121064,6.4230490246,4.0145823144,3.1770420382,3.5221159716,-5.4489802663,9.0488257676,2.7370007375,-7.3325330188,-2.1179915372,-3.4715386301,-9.2679973314,4.2686493985,2.0551189707,-9.0237181221,6.281785972,12.2153373369,-6.3085835078,-12.8718868716,-10.727827599,-1.6172592895,7.4997463377,-2.751489519,3.9890026742,-10.1312419481,1.2734112948,0.9953069411,-0.442885193,0.7904603228,0.1396475844,-9.1740779726,2.6266788829,-2.0026253446,-5.7023039035,1.6482755721,-0.217301595,-10.2127218864,-2.4807688337,0.7897126678,7.8843233992,-1.8452199212,1.2113538469,3.0061782276
biasActivation=1,1,1,1,1,1
[BASIC:ACTIVATION]
"org.encog.engine.network.activation.ActivationSigmoid"
"org.encog.engine.network.activation.ActivationSigmoid"
"org.encog.engine.network.activation.ActivationSigmoid"
"org.encog.engine.network.activation.ActivationSigmoid"
"org.encog.engine.network.activation.ActivationSigmoid"
"org.encog.engine.network.activation.ActivationLinear"
