encog,BasicNetwork,java,3.4.0,1,1572779498396
[BASIC]
[BASIC:PARAMS]
[BASIC:NETWORK]
beginTraining=0
connectionLimit=0
contextTargetOffset=0,0,0,0,0,0
contextTargetSize=0,0,0,0,0,0
endTraining=5
hasContext=f
inputCount=2
layerCounts=3,8,8,8,8,3
layerFeedCounts=2,7,7,7,7,2
layerContextCount=0,0,0,0,0,0
layerIndex=0,3,11,19,27,35
output=0.2926849476,0.3406591284,1,0.6997369904,0.8424460435,0.4850524067,0.7887980302,0.9997678332,0.9998510335,0.6287331612,1,0.0000540602,0.4660167851,0.0916716499,0.5117736407,0.0000022099,0.7729096661,0.0158662775,1,0.0000062053,0.3432934895,0.4348160175,0.9996560109,0.9999862057,0.0001306293,0.0071566914,1,0,1,0,0.9603527302,0.0002189972,0.9085833136,0,1,8,30,1
outputCount=2
weightIndex=0,16,72,128,184,205
weights=8.0169737069,-4.1327802971,-8.5149598069,-6.1090364464,-8.4956625623,-2.1389449571,14.3769854278,7.5315185803,-10.9010196958,14.9678461778,7.8617820439,-10.0731085246,-0.2452683667,4.4467716402,-3.5843277626,-3.4571545915,1.4399151638,9.6231750455,4.6781708099,-8.5135916051,-6.9235438267,6.374199329,-3.6096436194,-4.5798104246,0.6874760345,4.443243454,-3.1689856733,-7.606133088,-4.6090506091,-2.5185927948,6.6798822121,5.6296730453,-5.0601600023,13.7160651295,-6.9410613649,-8.6503134988,-1.9409668632,1.6476789385,-2.2929190255,-2.6252728375,3.1708072927,-2.6152799206,2.8953597341,7.5191410684,3.7532042267,-6.8869484207,-2.034433094,3.7780273406,-2.925452129,2.2249362216,-0.7794498806,10.3099068673,-6.8362155994,0.4725988568,2.9451143031,1.7142487726,2.222906815,0.0971304899,-3.9675760443,8.4626097,-4.2419194377,-1.4612188384,-0.4389495791,5.935393212,-3.1849021225,3.1766377448,-1.0665849335,0.9782562353,0.3548592747,-2.9753385553,0.1745843539,0.9406185474,-3.8374921779,1.7866401736,-3.3741905265,-0.1481833061,-8.2537496382,-5.0863507743,3.8736302308,-0.5968149744,7.5491252065,-1.4562797136,-4.4704778215,4.4141798855,-2.0555245008,-1.0909873072,-19.0764464858,0.0870785552,5.2880108587,4.9903116985,-3.6738627364,-5.6856609054,7.7684738336,4.8267526621,-1.82670731,-4.4813316366,-7.7008311577,-3.57197107,9.3516921795,-3.4543290766,1.2028002625,6.9043096113,8.6302764049,-0.6051890567,4.7744661848,0.2920503564,0.9094204467,-0.4979181932,-10.7252958766,3.0148629291,6.1293939468,-2.3396416336,2.8531878044,-3.6892783414,-6.9586341942,5.396232282,-3.7895104253,0.0762689559,-9.5957579204,3.980773463,6.6832247282,-0.4221457978,1.5414947612,-1.660352067,-1.1437024957,0.9304715474,-0.1135589819,-1.8487952156,-0.7548291861,-4.1588743805,-2.5784107791,-8.65072333,3.6603389416,2.298124665,2.9432081106,-1.6123147836,-0.6033905562,2.039954363,-0.0967981614,-5.0106885308,10.7211725937,-0.0169409398,0.1197153095,2.1364669251,1.1469567606,4.252904666,-0.4108893232,2.4635157072,-8.5971114131,-9.0124252736,7.5957638184,1.3094449431,0.0721208842,2.2035509869,-0.1946539939,0.2845984282,0.0892255819,3.3081297223,4.656708128,2.4919596653,-0.0947170507,-0.0864012694,-0.2591737229,9.4250747272,-11.3053347154,2.0796026347,-1.3620729502,0.339226805,-0.419019211,3.2876109519,1.7175588345,-13.1483721703,1.0476650905,-5.1265619267,-4.1005249,5.0541269015,0.8893841065,-5.7436022223,-3.1975292688,14.3066926445,9.0187601474,-7.9587139826,3.6046762316,-5.6992145601,-3.0419970265,-1.6662361643,-0.2757619799,-1.6994770288,5.9635363372,-1.2847182515,2.3064916746,-4.9531238357,-1.0245592329,0.1023281466,0.2445533587,-4.9679473782,2.5544569627,-0.6768431223,-8.5565946931,-0.1954611445,0.0908012559,1.1361100405,5.4733380845,-4.1976382823,-5.4494780686
biasActivation=1,1,1,1,1,1
[BASIC:ACTIVATION]
"org.encog.engine.network.activation.ActivationSigmoid"
"org.encog.engine.network.activation.ActivationSigmoid"
"org.encog.engine.network.activation.ActivationSigmoid"
"org.encog.engine.network.activation.ActivationSigmoid"
"org.encog.engine.network.activation.ActivationSigmoid"
"org.encog.engine.network.activation.ActivationLinear"
