encog,BasicNetwork,java,3.4.0,1,1572779517557
[BASIC]
[BASIC:PARAMS]
[BASIC:NETWORK]
beginTraining=0
connectionLimit=0
contextTargetOffset=0,0,0,0,0,0
contextTargetSize=0,0,0,0,0,0
endTraining=5
hasContext=f
inputCount=2
layerCounts=3,8,8,8,8,3
layerFeedCounts=2,7,7,7,7,2
layerContextCount=0,0,0,0,0,0
layerIndex=0,3,11,19,27,35
output=0.2424324224,0.2121327995,1,0.9447068491,0.9949547964,0.630426224,0.0535052257,0.9999999871,0.9986255318,0.8441079638,1,0.8314956532,0.7605774999,0.1171891361,0.0000097166,0.2779074824,0.9991923594,0.9999967743,1,0.1882032845,0.9978793697,0.6204830415,0.0008778696,0.3478650943,0.9979577095,0.9999998886,1,0.0980684482,0,0.9944251933,0.0065442188,0.9999490189,1,0,1,8,30,1
outputCount=2
weightIndex=0,16,72,128,184,205
weights=-1.5351166848,-2.0496959827,10.6268386121,-2.5721141256,9.0913685631,-16.5734756868,8.4821917596,-3.9121739307,11.7299903164,-8.5135518254,15.4983092795,-17.875080255,-8.4094914879,-2.9367383255,-15.298745268,11.5189355479,0.9843981612,1.324597617,-0.5501573691,0.7448053307,3.06345557,-0.4965960179,1.1959824261,-0.4744319327,11.3228114519,-7.4676050422,-1.538880284,-1.1175568901,-16.4694063553,0.1463429836,3.1163550409,3.0438355542,-7.4762939955,0.8192700897,7.0396579493,-3.1828995213,-7.8872372093,8.644231719,-1.5661508049,0.4233105103,-10.6195643404,7.5890653075,-4.5008193616,2.3737405638,-11.1329110845,0.4746312121,3.196539519,0.1356294168,3.9636541687,-5.3410001664,3.4197243172,-10.1739746759,-16.7057390489,8.2707926265,11.3802964116,3.5315635999,1.4868847203,-1.3715548677,-3.0663701769,-5.7881670756,-4.4144007955,9.1778436051,-3.5590962854,2.3699986519,-7.0196646769,-3.629583877,-9.8111194221,3.5532905119,12.6557296869,9.5510517819,-1.3428053438,-0.2814196342,-4.1656731372,-11.0871837449,8.645533422,-1.8298750323,-11.3884799263,12.0047224532,-2.3462008339,2.408779231,-3.8665953481,-3.8293414995,2.6733659742,-2.4897000867,4.9415477391,-4.8592360051,1.89824551,5.2802572117,2.7592446526,5.3720839233,-9.2466420994,-2.0277424923,-6.1256566428,2.408464893,-6.5505919311,4.1177994963,-9.6568739184,-1.3562370257,-0.0268421164,0.8735072035,8.1763700066,-0.6207623146,-11.1326556153,0.5529117324,-12.8657711162,0.3567101019,-7.4875260549,-2.7167590904,15.6891522376,8.7559851884,-4.8209736201,-3.6160086447,9.4342865611,-1.178343213,3.4601347737,6.5330063204,-4.7382805256,5.1717495605,2.6008377025,-1.7455662989,3.4434952713,3.2598019574,3.9772355602,-0.6895602199,-8.0661368461,0.2778991472,9.183104574,-0.3783272825,6.8362047945,-3.2403987122,7.5213142591,-11.3149467071,-12.0538594389,0.6552300707,-2.8627057946,1.8605346753,-0.1963314,0.7714384006,-0.5567870603,0.6555465498,4.4831456817,0.8674055086,-4.9252199207,1.3722433847,12.492969255,0.5204509033,4.6115173357,-9.7262233732,0.5604823068,-2.7556530859,1.155643941,-3.0605262479,6.2659270861,-1.0220846646,-7.8726994971,-1.579837247,0.3652929683,0.0204073195,-0.6801559617,-0.1981561625,-9.3783036903,-3.0195715341,-2.4958277399,20.51036956,3.2955927557,-0.0585696605,-10.6371077927,-0.5978864627,-4.2623724735,0.5175533343,-5.0727471814,9.3596024284,21.2313228023,-4.8184730397,-0.2520234224,-4.8189078511,-3.0288662346,0.1809415698,6.5626425829,-10.9869451753,2.1002963987,4.2608451261,-3.5105301642,3.4919077219,-0.1987841194,-0.1720072954,4.5316188706,0.9662331271,-5.1303924509,-0.5796482715,1.5118537407,0.2459580511,-14.2896642265,0.0337290146,-0.490950248,9.4360678094,-4.6407255603,0.4271516869,34.1952588695,0.9637678062,0.8915054882,0.0322163214,4.7672523187,-2.1162950716,-3.3520288108
biasActivation=1,1,1,1,1,1
[BASIC:ACTIVATION]
"org.encog.engine.network.activation.ActivationSigmoid"
"org.encog.engine.network.activation.ActivationSigmoid"
"org.encog.engine.network.activation.ActivationSigmoid"
"org.encog.engine.network.activation.ActivationSigmoid"
"org.encog.engine.network.activation.ActivationSigmoid"
"org.encog.engine.network.activation.ActivationLinear"
