encog,BasicNetwork,java,3.4.0,1,1572779538040
[BASIC]
[BASIC:PARAMS]
[BASIC:NETWORK]
beginTraining=0
connectionLimit=0
contextTargetOffset=0,0,0,0,0,0
contextTargetSize=0,0,0,0,0,0
endTraining=5
hasContext=f
inputCount=2
layerCounts=3,8,8,8,8,3
layerFeedCounts=2,7,7,7,7,2
layerContextCount=0,0,0,0,0,0
layerIndex=0,3,11,19,27,35
output=0.1477272876,0.000017029,1,0.0000333447,0.0000001323,0.9999998779,0.0000871965,0.8808090834,0.4897852955,0,1,0.9999410989,0.9998936809,0.1869260943,0.7964942268,0.9999998418,0.9993541513,0.0294767756,1,0.4046423122,0.9995797297,0.9999212229,0.0021908564,0.7858264513,0.0901124333,0.1012933225,1,0,0.008340635,0,1,0.9075489508,0.9994205668,0,1,8,30,1
outputCount=2
weightIndex=0,16,72,128,184,205
weights=-7.4952461317,0.4682090499,4.5214402043,15.8976493269,9.2480094227,-12.3018626362,10.0578174351,-8.3955739213,21.7330377915,-8.5024165228,-8.3095147675,-9.069772999,-10.3384201238,-7.6411081146,-17.0718248387,10.1776813567,-0.6590010033,-2.0562483461,5.2087850693,-7.3887249399,2.5617659254,-4.9784334402,14.8468838309,-0.7063545133,1.0331458554,-13.8414720511,7.8437498197,-1.7122242164,-10.1438838539,5.4786752754,8.4366176518,1.2866009872,2.1364105711,1.8722896628,-5.7340782798,3.116390382,6.6106512699,2.2498067592,-7.5290560206,1.862236653,-2.2202310904,-7.7580423265,-1.6381169912,-9.0991077238,9.7743387647,-2.7214571237,3.4729683971,1.0266420817,4.1361090536,-15.2568237644,2.9088133182,1.829992117,4.5929446143,9.4430543504,-6.7401349246,-2.7130826888,-5.2976865615,8.8612769687,-0.204255456,-5.0639753283,2.6666186183,-4.1286467862,-13.6644043026,2.3299276484,-7.1260689776,2.3687172758,5.0763209115,-4.4583888951,-20.411171779,-6.583663332,5.7257591585,5.9614293081,-13.6758931546,5.292281597,4.7040216044,-7.3372475014,1.4467131552,11.0851230073,1.1384985661,3.0447079779,10.16397082,4.7861262044,-1.1261914528,-6.3613368498,4.4472539275,-2.3466478448,-12.2980364262,-0.6454876436,7.5207487481,-3.4513388706,-1.0608898386,9.1955873901,1.2342141688,2.688492983,3.7245964604,-1.6121949586,9.4812656527,-2.0093743255,4.916395417,1.2444032064,-5.7784200911,7.8410889751,-5.949226008,-0.9453277144,8.3176884757,-1.1607514202,9.6651426562,-16.9253944734,1.7230788557,6.0966167914,-3.4318639119,2.2709122974,3.6607891079,6.6360912719,2.3543698776,-12.7457952991,-7.9434484818,3.5558996881,-0.3677098261,2.8624142115,-6.8865435677,0.3519568652,-4.557986166,3.874390141,2.2649537213,3.8779021949,1.3387387719,1.2247711377,1.6710856474,5.5168484961,-0.6108773804,-3.2603693538,12.4739802811,-3.6610918823,2.5020947431,-4.8335807424,1.1351900508,-9.85940198,-1.4672228442,2.6230809984,3.2994842706,0.5699240033,1.2890081063,1.6693075604,-2.1060309064,-7.2879995952,4.0110390054,4.9885164767,-5.4655582508,3.9471725018,-3.7850878398,5.5364558111,-0.2455593779,14.1536051036,0.5430991411,-0.7298797869,-2.7066346186,-1.3003115674,-7.7408451896,-1.7534782364,1.4077829336,9.3933257706,-0.7909733629,-2.291420796,7.7428759946,-1.4581375719,-11.017631051,-2.0567225056,-1.214482715,-3.7342897084,0.6547980368,2.8812287599,-12.4630235993,3.0801526773,3.3531547785,3.0700907559,-0.939601946,16.7003004643,0.5429229738,-1.4416343895,2.9386325677,-1.1013606249,1.602024419,-2.4468233789,0.8673154125,-3.0896911273,-1.0191952812,1.4132463172,-0.2621876158,-8.2185823753,0.7993961276,-5.2549739233,0.3182285657,0.4590597703,0.8100312242,0.3492715495,-1.8265202988,-0.115104343,20.3493608786,-0.0381021259,0.2496281036,0.2688544648,1.2777774201,-1.5313643772,0.7474854964
biasActivation=1,1,1,1,1,1
[BASIC:ACTIVATION]
"org.encog.engine.network.activation.ActivationSigmoid"
"org.encog.engine.network.activation.ActivationSigmoid"
"org.encog.engine.network.activation.ActivationSigmoid"
"org.encog.engine.network.activation.ActivationSigmoid"
"org.encog.engine.network.activation.ActivationSigmoid"
"org.encog.engine.network.activation.ActivationLinear"
