encog,BasicNetwork,java,3.4.0,1,1572779550710
[BASIC]
[BASIC:PARAMS]
[BASIC:NETWORK]
beginTraining=0
connectionLimit=0
contextTargetOffset=0,0,0,0,0,0
contextTargetSize=0,0,0,0,0,0
endTraining=5
hasContext=f
inputCount=2
layerCounts=3,8,8,8,8,3
layerFeedCounts=2,7,7,7,7,2
layerContextCount=0,0,0,0,0,0
layerIndex=0,3,11,19,27,35
output=0.999999392,0.9811316441,1,0.0549646742,0.9999998334,0.8547488309,0.1847178788,0.967392685,0.6308624003,0.0144005456,1,0.9160185343,0.0539403112,0.0000219917,0.9897897978,0.9855414624,0.8904922031,0.2650043003,1,0.0000806318,0.0032233475,0.9746812309,0.9265282794,0.276237723,0.1923258006,0.9999983258,1,1,1,0.0040524592,0.0000000055,0.9955780658,1,0.9949404406,1,8,30,1
outputCount=2
weightIndex=0,16,72,128,184,205
weights=-0.0389966542,7.6031913687,11.2579087456,-10.5095050324,-2.5226759964,7.3852421663,-4.8757626443,-3.1178280744,3.7876971606,-2.8857556171,-11.1504050585,2.05370531,13.9778119614,-4.2072187521,-9.9214252433,5.0552426223,0.6877094955,0.7056905425,-0.7043485334,-3.3026586543,-0.8933550309,-1.3514004294,0.0712887442,1.8213600486,2.0600404309,-3.3793685307,-3.1256167194,-0.3423884297,2.9851661459,13.2336399765,1.5234950891,-0.8884924348,8.9012521173,5.3709251008,5.7188678493,-5.420642311,10.2419268923,-4.6872758538,2.1895517769,-7.8060090265,0.6355746129,3.1278671888,1.2805413369,-3.6254060638,-2.6939344434,5.7305334762,-4.3777653514,0.0648563406,-4.2004416913,-1.4572422773,1.9090856756,-3.3334635678,0.5572392357,13.7056558045,-2.9145374819,-1.3658563996,-5.3639089413,-4.771982756,6.9890990213,0.581281087,-0.4279754071,10.3823148329,-0.5374034078,-3.5499079368,4.4188078443,5.8664472769,4.7622399394,-7.5732689837,3.8246361189,-5.5931227878,-9.1452565536,2.540534896,-1.3731893636,0.7804619593,-2.7828638047,13.6076592802,2.0306085899,-9.8028371839,-3.5572840567,-2.6267546098,0.6288619222,5.5498758779,0.8121117643,-1.0703304706,9.8348549535,0.3192552361,-5.819347862,0.3589530575,1.4712342377,11.913723396,-1.2373384212,-8.1797744714,-2.6721191461,4.4747217499,-1.9869549612,-0.1140562085,-10.3291506391,-12.2317736909,7.1203381284,-6.7039444094,1.9114276252,6.7600589527,0.3350914286,1.7224663915,-0.0310557307,-1.0988984196,3.5427291333,3.2991856797,-2.3984950906,0.9855885914,0.6836859894,-2.4950538033,0.1561141674,8.8123098277,-3.7437242497,-1.3335148609,-10.743964121,0.9505090496,8.8887288905,0.8482046225,-0.7088337294,-2.2727805025,-4.5951513838,-2.8781549705,-0.9858287102,-3.4439111367,5.9792695107,1.0881808448,-0.9640674802,-0.7818513232,6.6898965467,0.5182964034,-9.3842981941,0.4217740926,1.1467769766,0.0733244532,0.5669688925,3.6044660011,-10.5476302485,3.7254101608,-11.1472943967,5.8795133798,-6.4511461353,1.7741972044,0.2670567964,-0.2143739353,0.706738208,-5.6747550694,8.3296685311,-3.9477326572,-0.6804494316,-0.0730783376,-2.9786526702,-3.0809232888,-14.805446476,0.2682402054,11.9774994767,-2.2403064441,0.8416333021,-1.867485913,-0.7761372452,-2.035406174,1.5768233112,11.9575817294,10.3029606986,-5.2620617207,-2.8834242286,-0.2845524316,1.0382883122,1.2814631057,8.9854883103,0.127666645,-4.0919334157,-1.1089127511,0.4500292366,0.9438669302,4.3117349015,1.0549431923,-9.9707993392,4.4050944419,0.3098870501,1.8343131542,2.5507049495,3.2932724489,0.8163572609,0.6186569453,0.2503620389,-0.9204555002,3.559967568,-0.8678126689,1.7897573614,-0.2053766967,-13.6611286819,0.3195282068,-0.7714656424,1.5667038235,-0.5167419335,0.4109086251,-2.7765769403,-6.339628894,4.0460124808,-0.6578718684,-8.4119128416,2.3950915036,0.7239611027
biasActivation=1,1,1,1,1,1
[BASIC:ACTIVATION]
"org.encog.engine.network.activation.ActivationSigmoid"
"org.encog.engine.network.activation.ActivationSigmoid"
"org.encog.engine.network.activation.ActivationSigmoid"
"org.encog.engine.network.activation.ActivationSigmoid"
"org.encog.engine.network.activation.ActivationSigmoid"
"org.encog.engine.network.activation.ActivationLinear"
