encog,BasicNetwork,java,3.4.0,1,1572779565017
[BASIC]
[BASIC:PARAMS]
[BASIC:NETWORK]
beginTraining=0
connectionLimit=0
contextTargetOffset=0,0,0,0,0,0
contextTargetSize=0,0,0,0,0,0
endTraining=5
hasContext=f
inputCount=2
layerCounts=3,8,8,8,8,3
layerFeedCounts=2,7,7,7,7,2
layerContextCount=0,0,0,0,0,0
layerIndex=0,3,11,19,27,35
output=0.8245547103,0.6857163549,1,0.7182779122,0.9999512851,0.0000000118,0.1965256812,0.9999757038,0.999999996,0.3853305287,1,1,0.9739690636,0.7337057494,0.9950527588,0.4089617295,0.0291188156,0.0049276094,1,0.9821711505,0.092022308,0.0201081263,0.9988243336,0.8706052642,0.9999854448,0.0039657913,1,0.1971066821,1,1,0,0.9960176009,0.9999999899,0.9999997466,1,8,30,1
outputCount=2
weightIndex=0,16,72,128,184,205
weights=-5.3390913122,6.4533797115,16.3822146413,11.3569650876,-12.2922616927,13.1695406778,6.0642738992,-6.5168606843,16.8260374266,-15.9119956112,-6.1797113333,-13.3869577716,3.9444920396,2.2652340541,7.0091894422,-1.6739862684,-2.0849048885,5.9049234124,-5.0950851672,1.9979723073,-2.0857826506,15.4048431374,-3.0392524728,-0.5607561922,5.0132148498,7.6044931596,6.311016472,-4.9977588966,2.5768594424,8.6565786817,-7.2505274735,-3.4178518695,-3.3785635051,-19.0831299934,-1.4140576529,3.0214870291,-1.5679016653,1.6787479806,4.8203239871,2.3122775289,-4.2590478955,0.6630991896,-0.7782534216,4.1943059754,3.5456245361,-1.5020900096,3.1568037467,-2.8193301866,1.6470395402,-1.9846290404,-6.3439695093,18.5778415424,-5.3579042895,-6.947535529,3.8253229828,-0.5455980493,11.8480163603,10.1848339013,9.6612780444,6.8873878923,-11.4739116063,-3.6493573707,-6.7549899995,-11.5371240625,0.1709922355,2.3708681948,9.778454707,-6.6620791562,-4.0999369027,-12.8496172649,3.5938999823,-1.4593423162,14.1809202967,0.1811640999,-5.7527523614,21.414765283,2.4124589147,-0.1605025565,-8.8133495541,-5.7443887935,-1.735457005,7.1322988797,12.3503873696,-3.1831231915,2.1689851357,8.1613245596,-7.2609974172,-2.4194232487,10.1988428792,7.3688741577,-9.0104139989,-1.4977182565,-4.5912036294,-0.5732555751,-6.26146556,-3.4092589646,-5.8510282378,-22.6932110455,9.0922158493,-5.8259550549,-4.6272834624,8.7050998003,9.8746187665,14.0596402752,-3.4489173077,8.9391451609,-0.3894296214,0.7284954856,-2.1345465168,7.2558418109,-8.2716833251,-3.8878261941,-4.5142057894,15.5994828052,9.0323484957,-5.7230735938,1.8204878781,-5.0802691637,-0.3284060226,8.5226955776,-0.2862678206,-4.2814410201,-1.9131915929,-1.4138512732,-3.4271797828,-3.2473706422,12.9760477539,2.9974341492,-14.5942008183,1.8430681034,-12.803202966,-6.3319431018,11.2092915204,1.0971017158,3.0536430914,2.5303013708,9.8136018279,-3.5441208486,-2.5590126258,1.3272838507,11.2651837044,-2.7114341062,-3.6450246803,-2.9842452169,7.6408468355,-1.2317948139,5.4998498618,5.6165277923,-11.9946476245,2.83826333,-0.2747081466,-0.2771102935,-14.2963635682,-2.4854549273,13.0467535515,-2.3793166196,4.6986626615,-1.4634667009,-1.467141779,-2.7479886554,-0.5283217794,-1.4663587627,-2.6328349025,1.3995673257,10.8419279029,-2.0140504427,-0.9739677823,-1.7010826671,11.6708213644,-2.4206268155,-2.6969597781,-0.9332616382,20.2726281208,0.0501306955,-2.8042208073,-3.483066291,-6.2463201093,1.3372888036,12.8597371198,-1.5958832293,-17.4039079044,-1.8231198607,0.4684384218,0.1973694396,1.0829834308,0.1710717031,-15.2004952737,0.750490409,0.8863987944,0.4214162972,-1.0790487258,1.3659759062,-2.2020565151,0.9597632943,-8.2000221663,-0.3136506834,-0.8798340185,0.3171113823,3.0472111809,-0.4317575838,0.7132473982,0.4630925991,1.048678258,0.2476733546,-0.6312412594
biasActivation=1,1,1,1,1,1
[BASIC:ACTIVATION]
"org.encog.engine.network.activation.ActivationSigmoid"
"org.encog.engine.network.activation.ActivationSigmoid"
"org.encog.engine.network.activation.ActivationSigmoid"
"org.encog.engine.network.activation.ActivationSigmoid"
"org.encog.engine.network.activation.ActivationSigmoid"
"org.encog.engine.network.activation.ActivationLinear"
