encog,BasicNetwork,java,3.4.0,1,1572779577398
[BASIC]
[BASIC:PARAMS]
[BASIC:NETWORK]
beginTraining=0
connectionLimit=0
contextTargetOffset=0,0,0,0,0,0
contextTargetSize=0,0,0,0,0,0
endTraining=5
hasContext=f
inputCount=2
layerCounts=3,8,8,8,8,3
layerFeedCounts=2,7,7,7,7,2
layerContextCount=0,0,0,0,0,0
layerIndex=0,3,11,19,27,35
output=0.6964277817,0.6666690856,1,0.182020472,0.6585052501,0.0003565001,0.373188981,0.534553604,0.9989820133,0.9947818249,1,0.9985154927,0.4184782106,0.4294968743,0.0000832202,0.7628803,0.0018902755,0.7313582527,1,0.9415078989,0.7158554981,0.0028127731,0.9999993401,0.975445169,0.8114894968,0.0778897767,1,0,0.0041423787,0.0000000007,0.999999981,0,0.9999999994,0.0000003345,1,8,30,1
outputCount=2
weightIndex=0,16,72,128,184,205
weights=-10.2296090558,-10.9324993265,4.2246236906,10.056166494,12.4594324836,8.3673353825,-10.6461775579,1.7086662882,1.755580949,11.8432940568,-8.920230596,16.650376081,1.8585711931,-10.066380547,-2.174266549,-2.4102737195,-6.4599335098,8.3830705404,0.6090239197,-2.183461221,6.1341188681,1.3147923444,-0.3834033707,-3.2235775179,10.0843853232,-1.0291878292,-6.9316015714,-1.6112561784,-2.1287610827,-1.5662786687,-12.2853150745,4.6070703472,-4.6926867939,2.6308318061,-2.6257665716,-2.8432084327,0.0868503655,6.9457551536,-4.8417501024,0.2356185061,1.1730932205,5.7509840793,-1.4489875912,-0.7747250649,-7.7541931588,-3.1769892815,2.7285709814,0.4517903685,3.2170741315,-0.1814741078,-4.8996324362,-5.6295130875,7.4871791295,-4.3556502238,-6.3934953069,-1.9207275436,9.5188265065,-1.9203070987,-0.9548613833,1.4429648945,-0.4619157544,-2.5519948546,2.0944811219,-2.5767948892,-4.6457044994,2.0687398815,-2.6818949532,0.135332838,-3.536099163,8.2048369566,15.263447066,1.6943783016,9.3291331488,2.0329301731,-1.253763265,3.0432686428,-6.7247178226,2.7041482174,-5.9968347284,-1.9349924068,5.500034245,0.8104616116,2.2160554927,-2.601030286,7.2518450429,-5.0020273266,3.68408203,-6.7943642989,-11.891541465,3.0972667441,0.1592406861,1.4833636702,0.9417092641,2.5060438491,4.1117141858,3.9385954935,-4.6336991132,-1.3918497951,-1.6570993831,-11.2677624817,4.4380148231,2.5932409728,7.0646538797,0.2538145183,-4.7983859195,-1.0965677595,-3.2327026435,7.6630901905,2.6752622703,-4.5656325968,5.1932196059,-0.4918613819,-6.5825280722,9.3556251863,-0.6536930361,-3.0340122221,0.3064950207,-6.1867678163,3.9723025875,0.6790610046,10.0298432406,-1.6985957088,4.3389560726,-10.2065216337,1.1398727432,-0.2020521286,-6.3083747433,2.5120452881,-0.6932827299,-18.2521739951,-2.8654336934,-3.1925645588,-1.5073690375,3.6079922131,3.2930322429,2.4387696209,1.250573788,2.1262175971,-1.9239931193,0.7273925504,0.6579691571,-1.0974998678,-10.3926288481,1.2852986194,1.0258369867,4.6059444348,-0.7292294032,-4.3275938685,-0.6806366261,-0.7571345804,6.518797151,-0.8051210406,-0.0383032642,-13.6576793484,-4.3307150997,1.1439440902,-3.5009002604,6.8447501825,1.5748603343,6.2990348168,0.7343724332,0.1564912218,-5.4079818536,0.7361849225,5.4397509094,0.7701557787,-2.7472107786,2.174997323,-0.1051229763,-7.3305122525,5.2135145969,1.3618317854,-1.1898204601,0.3531183691,4.0170956286,-0.2248679986,0.5922763319,12.87388821,-11.0592450486,-0.4400531684,2.541336203,-1.5569109527,2.4366391802,-0.5277352734,-0.7938160931,-1.6558021616,-0.5544480036,1.9891551041,-0.1485145528,-16.9401383501,1.7576101323,-1.2570650035,2.544830807,-3.2144676971,1.5494843297,-2.9912021045,1.878089656,-3.9302274143,-0.4473068423,1.432199922,0.317769987,0.2534780447,5.6766363055,-1.7993771696,-6.3424946723
biasActivation=1,1,1,1,1,1
[BASIC:ACTIVATION]
"org.encog.engine.network.activation.ActivationSigmoid"
"org.encog.engine.network.activation.ActivationSigmoid"
"org.encog.engine.network.activation.ActivationSigmoid"
"org.encog.engine.network.activation.ActivationSigmoid"
"org.encog.engine.network.activation.ActivationSigmoid"
"org.encog.engine.network.activation.ActivationLinear"
