encog,BasicNetwork,java,3.4.0,1,1572779587767
[BASIC]
[BASIC:PARAMS]
[BASIC:NETWORK]
beginTraining=0
connectionLimit=0
contextTargetOffset=0,0,0,0,0,0
contextTargetSize=0,0,0,0,0,0
endTraining=5
hasContext=f
inputCount=2
layerCounts=3,8,8,8,8,3
layerFeedCounts=2,7,7,7,7,2
layerContextCount=0,0,0,0,0,0
layerIndex=0,3,11,19,27,35
output=0.160014711,0.0004355231,1,0.9999527911,0.0149721686,0.9611986797,0.5534850089,0.1440744006,0.3032596842,0.9999958895,1,0.0186715989,0.4368742429,0.9978216312,0.4178216382,0.0035329975,0.1308506464,0.9997367438,1,0.4572695663,0.9573062683,0.9608754575,0.0001210897,0.9605402633,0.9999986889,0.0238751026,1,0.9938261561,0.0000002033,1,0.0000001462,0,0.0946257281,0.0010886364,1,8,30,1
outputCount=2
weightIndex=0,16,72,128,184,205
weights=1.3510546114,2.0852791,-3.1297411607,12.5784381927,6.2010105848,-9.9585533764,-8.3714004912,3.5039824421,5.9467530972,5.1828655673,-4.9889214138,-4.6658021357,8.1171748163,10.7637548949,-5.7319225366,-5.08659307,-2.9463870303,3.3140461975,7.2107443356,-1.3905962788,-1.1864565989,-2.8176413684,1.071378176,1.2558430222,1.7299963129,-0.9605623776,-2.980877306,-5.9326024558,0.3346022743,2.8792055722,2.0352073132,-0.7585797411,0.9520691529,0.6532199245,-3.324425439,0.138461135,-0.6423507001,-5.476030054,4.5499638548,2.3359522461,-11.4491317854,2.761150251,-5.8470194985,6.3832612401,4.7574036428,0.2338842531,0.778884427,1.5633865478,-1.5297365013,-10.0257822002,-3.6754097737,1.8916120991,2.5963268249,5.3439248061,1.6252346747,3.1705262726,0.4382982969,-7.603540036,2.791385826,-2.2383436267,9.1475635951,-9.9049558602,4.9678996488,-3.0711332373,-3.0105201716,5.907518394,9.2965595739,3.9902358623,2.7479888493,-8.6835843494,-0.0300706186,0.0904157171,-2.1537427124,-4.1944687167,1.783204909,3.8759830048,1.2580514324,1.283702064,8.8670700095,-3.3793901953,5.7189232161,7.1707472432,-8.8503480617,1.3762004746,0.353107064,-2.4376217212,-11.8884968507,1.152651238,8.100012746,4.0147222773,-9.7250142955,-4.7821451795,1.0177556858,2.7298235394,-7.5236110513,4.3971084171,-0.7971926034,-2.2037013645,-3.3393412054,-3.1976013846,2.4978382338,1.7777701563,0.0698077417,1.1727963376,2.9775905038,-6.5042539872,-3.3716138125,2.1047869294,3.3860413774,-4.5837958668,6.3529106432,3.6420627122,-6.0146191008,2.6576039595,7.5092517792,-3.0185128753,1.9154723894,-12.0957392601,1.4993042264,1.3176517063,0.8729695478,4.5715158723,7.4114701811,-0.6695908345,-2.3642855523,1.1264205063,-4.6684181244,-2.3987909927,4.5182017044,5.4377664232,-2.5711472858,-0.5800871367,-4.8963278591,7.5828459028,-6.1042569639,-2.8013874457,7.5771819063,1.8737645732,-3.2140688915,0.6103433095,-1.7976820336,-4.8155838553,-0.7884151987,-0.7497254615,0.2153892808,2.6172891046,3.3168530506,-1.0728821426,2.3934879058,-13.9679069311,7.4909555231,0.9837503582,-5.6974545673,-4.3398608947,-0.6553828051,0.6184185828,4.3161933435,0.1421994008,6.7620631863,-2.7220121383,0.395471024,-3.5856539467,0.2767267131,0.1929148621,-0.0188637256,1.6937396068,-4.6277646185,2.3672262213,13.4670059295,-1.2675136475,-0.0793182344,-0.6415474551,-0.6608478667,-3.4874954113,-1.8606967972,0.5721347586,-9.4045130555,-2.8500218397,2.8161346539,0.7761908555,2.0072684701,-6.4036475427,-0.95790366,3.4265551272,-2.0694636828,0.4027491075,9.5544768915,1.5050297752,-0.56834266,-10.3985824976,-1.7420785794,5.0548740203,-0.6213409945,-1.5587456803,-0.1023938141,-0.1965916676,1.1648942762,-4.0925567197,-0.8736071072,-0.5196293676,-0.378353694,13.2492267492,0.5886951358,-0.4054970974,0.633611732
biasActivation=1,1,1,1,1,1
[BASIC:ACTIVATION]
"org.encog.engine.network.activation.ActivationSigmoid"
"org.encog.engine.network.activation.ActivationSigmoid"
"org.encog.engine.network.activation.ActivationSigmoid"
"org.encog.engine.network.activation.ActivationSigmoid"
"org.encog.engine.network.activation.ActivationSigmoid"
"org.encog.engine.network.activation.ActivationLinear"
