encog,BasicNetwork,java,3.4.0,1,1572779606943
[BASIC]
[BASIC:PARAMS]
[BASIC:NETWORK]
beginTraining=0
connectionLimit=0
contextTargetOffset=0,0,0,0,0,0
contextTargetSize=0,0,0,0,0,0
endTraining=5
hasContext=f
inputCount=2
layerCounts=3,8,8,8,8,3
layerFeedCounts=2,7,7,7,7,2
layerContextCount=0,0,0,0,0,0
layerIndex=0,3,11,19,27,35
output=0.9997607232,0.4736848423,1,0.1144783635,0.9985544281,0.0001751395,0.0000069345,0.992430919,0.9999995025,0.0045236027,1,0.9797008598,0.999937702,0.9998073075,0.5108855935,0.3082143779,0.0000090097,0.026518517,1,0.8786421698,0.9864676894,0.0011145163,0.8079583914,0.0002389124,0.0000719237,0.9999997218,1,0,0.9907505202,0,0.9978294213,0.9980531465,0,0,1,8,30,1
outputCount=2
weightIndex=0,16,72,128,184,205
weights=-18.8520979061,-7.468782957,-11.9315773786,11.0654766317,16.0417908723,5.725212307,9.9881789803,-3.734954319,8.5557880231,15.6427227632,-1.5615687547,-11.1606372901,-7.9946654783,-14.04856897,-11.0854084487,5.3282913824,-0.0837900413,-0.0994633901,2.0089309385,1.8134958355,-10.3357779364,6.567559363,7.5902113786,-1.8149823652,0.2451995895,-1.4509003613,0.636451724,15.3083784892,-4.0456304544,3.359725449,-0.7642253222,0.5583895745,2.2636796561,-10.1712660547,1.8349108692,-2.428744623,0.9514184876,5.4271892018,-5.2059864465,-1.4458303439,-0.2821628357,0.4278700176,-13.6888329965,2.2117776384,8.637069821,3.2110933906,9.9831996081,-2.4010109884,-5.2641988598,-0.62161471,1.1935076226,8.6480079148,5.5819508742,5.1548075432,-6.6325174114,3.4989821535,1.3244500991,3.7750519978,13.2035785115,0.9616596242,-13.3441741874,-7.4333812722,-1.8102519083,-0.090094954,8.0836794659,0.6778642789,-2.5150467826,-9.7233731367,-10.183938856,-8.809475995,12.5607254775,-3.7034051143,10.9225461517,-3.6577238905,6.0925422936,1.4981748953,0.0617696934,-0.4796552034,-2.2289460779,-1.1004024854,2.7036792712,4.9738027363,-0.4809420802,-1.3891288063,-8.2772271139,-1.4736781123,2.281437119,1.2449971574,3.5169158813,-3.508907528,-1.6099297597,-9.5612187995,1.256456064,-9.0040619307,14.9922469918,1.6605015895,18.519968164,-4.1773313847,1.2740607003,-12.491168113,0.409415043,-2.4615066475,-3.8274159702,1.8103449488,-0.1024475114,1.5543449541,0.7502690853,10.0979131628,1.7338495866,4.5208192143,-13.05935691,2.6473071091,-7.2589717606,-9.5457772407,7.7556917287,6.3397523953,-4.8931978906,-4.266588665,0.3652709709,-1.3172551381,-4.1292159602,9.2677856404,6.2930004391,-19.3883933288,-3.8927260314,-3.0723688578,0.3774958553,6.164353307,-8.7010166237,7.3013647597,0.074549487,-17.6273058018,5.3626081386,0.0264324462,0.0816346486,6.9826797582,-7.063509796,2.29552804,-0.5002717635,1.9619890054,3.9111080758,0.2685204173,-0.6130457852,-3.8464693041,3.5133134575,-8.9645694339,-0.0948867395,6.5658218455,-2.1303888744,-0.8653958961,0.007628847,-2.3418966669,-6.0765591837,-17.6371976054,0.0581594425,14.8721740032,2.353077027,-0.5843087705,-1.2444540441,1.7224724939,-3.9966386003,-2.6288896947,0.523915251,-10.7097448187,0.6677259221,-0.2244815517,-0.1911167834,4.2854716175,-6.9472617926,-6.8954777079,0.434754269,-8.1029652765,3.295979242,0.1672430125,-0.088781845,2.0876805617,0.3135811577,19.78371332,0.0650250465,2.9605107779,-6.4583814482,-0.1655722737,-0.8648995278,-1.0142544862,4.1792202443,-3.6686304132,-2.1361926623,-0.7214165712,0.4548176963,-3.1993028782,-0.6476257496,-2.2773561651,-0.1235670067,-2.2008863061,0.1779056915,18.4005082179,-5.0418217959,1.5862644743,-1.0137678274,-1.6348327447,-1.2631001052,0.2723543588,-2.0157704671,-2.0615786257,0.4765472513
biasActivation=1,1,1,1,1,1
[BASIC:ACTIVATION]
"org.encog.engine.network.activation.ActivationSigmoid"
"org.encog.engine.network.activation.ActivationSigmoid"
"org.encog.engine.network.activation.ActivationSigmoid"
"org.encog.engine.network.activation.ActivationSigmoid"
"org.encog.engine.network.activation.ActivationSigmoid"
"org.encog.engine.network.activation.ActivationLinear"
