encog,BasicNetwork,java,3.4.0,1,1572779620350
[BASIC]
[BASIC:PARAMS]
[BASIC:NETWORK]
beginTraining=0
connectionLimit=0
contextTargetOffset=0,0,0,0,0,0
contextTargetSize=0,0,0,0,0,0
endTraining=5
hasContext=f
inputCount=2
layerCounts=3,8,8,8,8,3
layerFeedCounts=2,7,7,7,7,2
layerContextCount=0,0,0,0,0,0
layerIndex=0,3,11,19,27,35
output=0.4444512555,0.370372176,1,0.9959465337,0.9133744059,0.9979851011,0.5797758607,0.2591160363,0.4235796218,0.7398463418,1,0.9358861989,0.3932460492,0.0000368108,0.9998912419,0.1207476804,0.0000628183,0.0000000009,1,0.3477642804,0.0040208125,0.7175108204,0.0697440123,0.0000001955,0.9983452234,0.9999979529,1,1,0.9604590931,1,0,0,0,1,1,8,30,1
outputCount=2
weightIndex=0,16,72,128,184,205
weights=-3.421683991,-0.8354033307,-1.2901109123,12.6341814844,-2.1137323551,14.9889520022,-11.8132878672,0.8489575335,7.8477783787,-12.9725045637,11.7333558079,-1.8281612547,18.3307007937,-6.9763465788,-9.8322772432,-1.6679909863,4.4694734036,-11.1191302597,3.3820254466,3.9338256192,-2.4705202783,-8.7289873263,-1.4085835223,2.0590924023,-4.8295744469,18.6197621813,-10.1771928645,-3.1504265678,-3.4394306642,-5.0048123064,-3.763789759,3.119410956,11.3251084586,-3.9109448383,-0.0411408837,-3.5142186936,-8.9680157016,1.3247766134,10.5561596717,1.740742087,4.6825617036,-11.6362098227,-2.2992770147,1.3458124975,1.6295930219,0.270227438,16.7997705757,-1.0269660436,7.2738688925,1.856945045,-6.6887834647,-4.9613387141,4.2841160366,9.5291409431,1.2921435761,-4.1451681846,14.6658746026,-13.6059890254,6.5299556301,-3.3699752025,2.2168941445,-10.1064420124,4.5598705013,-5.5808655601,3.0963712238,-2.6628207513,-1.9718180464,-0.8353948879,1.3022812936,1.3488808419,4.7053788415,-0.1274928534,6.8171007895,-18.4588508918,-2.5351844178,0.5333954546,-3.1860023967,4.1683850807,-2.1823249548,0.1869645557,-20.6844046315,10.0865223178,2.2764421063,-4.7215860939,14.4446436408,4.8493633066,1.6118502309,-1.0382047163,3.2636053992,7.4467626641,2.429249671,2.9236462641,-7.8855400578,-7.614705218,-7.9035804028,2.1841620587,6.2800872645,0.7281721498,3.0786243885,1.130390699,-2.9802026378,2.3243652057,1.2673205608,1.0637369773,-1.0040424907,-1.0106695122,2.76396797,3.863213178,0.9385020927,-2.0010921595,-3.4789923379,1.5920179188,-7.5039502999,23.8696995069,3.6112121226,1.612875833,1.1608637945,-2.8611390651,-5.0219221229,-1.9868263818,-1.7678504286,5.0543623108,-7.6453959572,-4.1526317086,20.795511722,-0.5650910181,-8.9153617408,-5.0250053183,5.1938923308,-19.8734037658,0.263954347,-16.6430916446,-2.6551139686,-0.6418214213,6.4092002306,6.5916633148,6.1771997323,-21.5669143739,1.9392411816,-19.0937943321,2.8983358002,-0.4106892202,3.2128121673,3.8726435734,-0.6778965609,-2.3846635719,5.7348294912,-0.9968958706,-1.1154087607,0.7414874864,-0.5457419983,-1.2886713396,-0.8390400497,-1.4452071705,0.3779531306,5.9696983153,0.4827287295,0.1719321297,0.1509406897,-0.8924196351,5.1875599766,-25.0729130981,-2.5348289862,-3.3340916238,1.4644259445,-0.6215858553,2.0561096283,3.9247093797,-1.1504778644,9.9193437383,0.6393545099,-1.9593043687,0.0221902237,0.8496343101,-0.7798771216,-1.8336903208,-1.1091897785,16.1467266583,0.7381465647,-5.3679398245,-0.0033750856,0.7964687285,-0.4709998151,-1.5671364813,1.8703166565,0.8585895425,-0.5816379652,-1.8676891705,0.0853141601,15.5721642006,-4.8863590179,8.6225098659,-1.486830388,5.5829908995,-2.6074837103,-8.2021053848,0.863099005,-4.2197263385,-0.0865157588,-0.7578815524,-0.8252675077,-0.3610464437,-1.2765011966,3.0023501526,0.0767129607
biasActivation=1,1,1,1,1,1
[BASIC:ACTIVATION]
"org.encog.engine.network.activation.ActivationSigmoid"
"org.encog.engine.network.activation.ActivationSigmoid"
"org.encog.engine.network.activation.ActivationSigmoid"
"org.encog.engine.network.activation.ActivationSigmoid"
"org.encog.engine.network.activation.ActivationSigmoid"
"org.encog.engine.network.activation.ActivationLinear"
