encog,BasicNetwork,java,3.4.0,1,1572779632866
[BASIC]
[BASIC:PARAMS]
[BASIC:NETWORK]
beginTraining=0
connectionLimit=0
contextTargetOffset=0,0,0,0,0,0
contextTargetSize=0,0,0,0,0,0
endTraining=5
hasContext=f
inputCount=2
layerCounts=3,8,8,8,8,3
layerFeedCounts=2,7,7,7,7,2
layerContextCount=0,0,0,0,0,0
layerIndex=0,3,11,19,27,35
output=0.5373026504,0.5270357409,1,0.4286425513,0.8486156715,0.9999958644,0.9999999775,0.0938984699,0.8599090525,0.0005974264,1,0.9860435128,0.9999973815,0.0204543909,0.0000000001,0.3202211118,0.9680059099,0.0006165149,1,0.8625922095,0.0074889828,0.0076528189,0.9999915328,0.006711176,0.9998484071,0.6817266211,1,1,1,0.0000000017,0.0025176976,0.0291461526,1,0,1,8,30,1
outputCount=2
weightIndex=0,16,72,128,184,205
weights=-1.9870160796,-13.0038791922,17.7543279362,-17.730402843,-14.0801888349,9.77025917,8.3767482854,4.9282210024,17.047085849,6.6011474406,-2.8960149442,-2.8125874984,7.3754309498,-4.9650312968,-12.7510392018,-3.5075531098,0.1130284254,5.4193443935,12.0636741278,-4.1502801046,-9.771536223,-5.3977810677,-3.406191337,2.2913082202,-6.2907077698,1.3715239919,-13.8595123162,-0.2741723401,2.004540077,5.0814724985,11.3995296357,1.2708442027,-1.4081214777,3.1245028679,1.0736496713,-8.4386937021,2.2418545185,7.1083115353,-8.2690260599,3.0442045395,9.7188619489,3.6586940521,-0.9010961433,-26.4085235477,-0.3072412938,1.8432336197,-4.2007986649,2.7014006237,5.8522587223,-8.5187611358,-1.5184598205,-6.4257192505,8.2632212177,-1.1454041079,7.9895545492,-1.0299466393,6.1954643772,-1.6358181376,-0.124114459,1.8533629077,-3.6586025952,1.7611037736,9.1630134862,-3.1949563284,3.9772265534,-6.1439612954,3.0534764118,-11.9622638917,6.9302497282,-10.7477263261,-10.0819123019,2.9283538294,0.8792449681,-4.4165361962,3.3419880185,7.5182816399,0.1733884121,-8.2889349993,0.8351771714,3.7057602502,13.5749452516,-2.0683786694,-1.9326625492,3.6666717168,-14.8812158762,1.1691633188,-6.6064648556,0.9416020014,-3.3327091513,11.8817803135,2.6226641431,-5.4479024148,2.5644152749,-0.5620935045,5.5556513551,1.1020434126,-12.7874705657,-6.123089861,0.5367232444,-11.4072686574,8.5078525145,-2.8224888659,8.9080465647,-4.216681196,-3.2343114552,-0.8475205741,2.2359871173,-0.1199414981,9.986194522,-1.3044181185,5.2472550659,-0.1936802373,6.2886104528,2.3693229228,2.3050221079,1.9367185587,-10.0578285593,-4.0837665495,-2.016931871,1.5387381969,2.3377994434,8.0098959495,-1.5412879104,-7.001110372,-1.9739443715,-4.5360645579,3.3557968751,-0.1936303014,2.6273510615,-1.7141961396,0.8647057362,8.1553797982,-12.4155399368,0.6232141084,0.784267603,0.6419523847,-5.3708083174,5.9994689141,-0.1971955314,12.994169917,1.0893597627,-2.1998316274,2.6983309788,-3.3801001444,-1.6164931916,1.3741051575,0.8597401418,2.2707927469,3.8762901525,-2.2866005028,-2.2597637376,-2.4547065394,4.978466283,-0.3243975858,-0.1521454411,-3.2880105975,-11.7652428645,3.8716627406,-1.1216968389,3.504757737,0.1535204777,-2.2977965366,0.6669183013,-13.2401627923,15.3808967883,-1.461131193,-0.0403893226,-1.8067992738,2.1700878035,2.0842601048,0.5813798582,-11.5300844536,-0.6524001334,2.6648368979,-0.4847047218,1.9230195161,-2.4770942411,10.1869442185,-0.1237881005,1.2523497954,8.4602860228,-3.6237336024,0.0767636267,-3.5741361674,-0.7200753041,4.5771518088,-0.7053490294,-1.6932928264,2.2739385587,1.0573843511,-0.6584512053,-0.4692433695,-0.8549259308,2.3690665682,-0.1336209686,-20.9257930534,0.8931110387,-0.2995687317,-1.6636793784,1.3386895155,1.0448107684,-0.8658742539,1.9654699372,-4.1440461132,0.7199210546
biasActivation=1,1,1,1,1,1
[BASIC:ACTIVATION]
"org.encog.engine.network.activation.ActivationSigmoid"
"org.encog.engine.network.activation.ActivationSigmoid"
"org.encog.engine.network.activation.ActivationSigmoid"
"org.encog.engine.network.activation.ActivationSigmoid"
"org.encog.engine.network.activation.ActivationSigmoid"
"org.encog.engine.network.activation.ActivationLinear"
