encog,BasicNetwork,java,3.4.0,1,1572767463084
[BASIC]
[BASIC:PARAMS]
[BASIC:NETWORK]
beginTraining=0
connectionLimit=0
contextTargetOffset=0,0,0,0,0,0
contextTargetSize=0,0,0,0,0,0
endTraining=5
hasContext=f
inputCount=2
layerCounts=3,8,8,8,8,3
layerFeedCounts=2,7,7,7,7,2
layerContextCount=0,0,0,0,0,0
layerIndex=0,3,11,19,27,35
output=0.32352922,0.0555533863,1,0.0099851796,0.9999833017,0.8116451859,0.8182127347,0.0000848339,0.7669008877,0.4255968353,1,0.3982780087,0.9983039254,0.9968210522,0.0079345116,0.999999997,0.0221882741,0.9487172859,1,0.000301531,0.9983323806,0.0032914966,0.0020852614,0.402243327,0.4664090336,0.7911905478,1,0,0,0,0.1693748739,0.9927988767,0,0.0000000045,1,8,30,1
outputCount=2
weightIndex=0,16,72,128,184,205
weights=1.1163339173,5.7864151389,-12.6746618133,4.2193779017,10.6935798731,11.1834872429,3.4505490352,-9.7461618396,11.5792021469,-14.6826654125,-8.7021486737,11.8899744334,-6.1956083627,-2.441806199,9.9681725494,6.6987999665,-3.0631002249,-0.3133550391,-3.4764398089,-0.4437771508,6.9689648937,-5.304664181,-7.5572925626,0.7235511653,-9.9004510047,-4.3191256296,3.3295122846,2.7174537035,14.8036129463,-2.198855623,-1.5993692338,2.677157386,-4.7409470271,4.4488441924,-3.3450525471,6.3181680436,3.0511515672,-6.2786332895,-0.6574475798,-0.096168307,-0.2961850649,4.7161915676,-10.7021992198,-0.8814092914,1.7358844094,-8.0987882287,8.5639987593,-2.0917722101,-2.3224817174,-0.7139286311,2.9450502049,-14.9804210952,-15.314209799,7.39345096,3.1994956116,1.5608999554,2.5444966356,4.2618524679,-0.1866001557,7.1039247413,0.3284017145,-4.0657752713,-4.2655459122,-0.1388985131,-6.619563956,-4.2386509668,0.927807662,-5.1707333991,2.4392759422,3.3414743034,-2.9116814132,5.933163664,-6.0865152259,-5.5037624249,2.1029261948,-6.2611318702,7.9526029168,-4.9504056779,3.8486408287,1.1549328124,0.8068816291,0.0431914053,-10.7383318448,-1.8701911623,-2.4536438974,2.9128610028,5.1243291916,1.9476799815,-5.2558302924,8.1489564585,5.9271572779,-5.9505433778,6.7305689691,-1.478716876,-7.0234270346,1.1463674635,4.0526519572,-1.8183654991,4.1510572447,9.1246277113,-5.92401879,3.3963408983,5.0051717281,-6.2083781994,6.3586504197,14.4514396432,-4.9414976262,-2.4906234673,-0.9809555634,1.3650927361,8.5593815567,-1.7825502491,0.0232240651,2.8500417754,4.9761584881,1.4769596614,0.6229333524,-15.6570659098,-6.8011702251,5.7825397572,3.9656016185,2.7272999749,-0.9210370035,4.3871077006,-2.74641775,-11.5026209208,2.6469558661,4.563100863,2.3880461817,-0.1750239246,-5.4307566139,0.1402544483,-9.5644430611,-0.6803371862,-0.4954743244,1.3654767147,3.0699313214,0.1525621306,-2.7278779381,-12.7129757182,5.2893305204,0.8810804563,-0.6442570228,3.2967064232,-1.6626308058,0.2472513398,-7.8448677999,10.2403874644,-9.5289886297,-0.5188274704,-0.5863548738,2.012788872,0.0537183308,0.7936860387,1.374537604,2.3229094059,-13.5898757837,-0.6857378632,-0.2697609178,6.9277973091,2.6812491677,0.5460474256,-1.4386219104,1.0586246008,8.0124357879,0.0581526986,-0.0684155536,-8.5301682315,0.52214611,0.7925012436,-0.3112953887,-16.623919006,4.3321154841,-0.7172256443,0.697286199,-1.6198117652,3.8922367213,-0.4590159464,-3.423211284,-10.4424313826,-5.0381197995,0.1809220304,-0.8105177993,8.1026418897,0.9938155818,-1.1145799978,-0.1884657328,-0.6890037642,-0.8295812053,-0.5008616144,2.8752795917,-9.1417714205,-0.4990304312,-0.7151046237,-0.2260101199,10.911076454,-1.6640998762,0.1295788223,14.351725417,-0.841737132,-0.8569171605,0.9151653587,-1.2094669965,-0.3429278098,0.7509083632
biasActivation=1,1,1,1,1,1
[BASIC:ACTIVATION]
"org.encog.engine.network.activation.ActivationSigmoid"
"org.encog.engine.network.activation.ActivationSigmoid"
"org.encog.engine.network.activation.ActivationSigmoid"
"org.encog.engine.network.activation.ActivationSigmoid"
"org.encog.engine.network.activation.ActivationSigmoid"
"org.encog.engine.network.activation.ActivationLinear"
