encog,BasicNetwork,java,3.4.0,1,1572779665850
[BASIC]
[BASIC:PARAMS]
[BASIC:NETWORK]
beginTraining=0
connectionLimit=0
contextTargetOffset=0,0,0,0,0,0
contextTargetSize=0,0,0,0,0,0
endTraining=5
hasContext=f
inputCount=2
layerCounts=3,8,8,8,8,3
layerFeedCounts=2,7,7,7,7,2
layerContextCount=0,0,0,0,0,0
layerIndex=0,3,11,19,27,35
output=0.300699616,0.1102967878,1,0.9999981532,0.0842101898,0.0356169678,0.9999998266,0.3975237386,0.9998323111,0.442116221,1,0.0001339861,0.1561859936,0.0001136393,0.000053118,0.2028774518,0.9976565705,0.0010630713,1,0.5248355235,0.9953298221,0.9997360623,0.000508769,0.015383466,0.9999967688,0.4485040485,1,0.9585074972,0.9986874925,0,0.5027100691,1,0.9977163208,1,1,8,30,1
outputCount=2
weightIndex=0,16,72,128,184,205
weights=9.8507403627,-12.0569501571,13.1871175029,-10.373609146,2.7295536448,7.2774365937,-9.2737920794,-4.0366351821,15.3686800174,12.7972610926,-6.5785272835,2.6708302738,-13.724526776,-14.5223077822,-8.9252945631,2.9511680827,1.995211321,-5.7711235058,-0.7154364792,8.4655651259,-1.2889048846,9.7918309056,-0.5974712241,4.5960069559,-8.4004103468,0.8306245018,-13.2580633611,-8.9739261917,2.0785558143,-11.1015529385,-3.898779958,8.1448958038,-2.8256737724,5.2512054351,-8.635616525,-14.7926507951,-1.384123766,-7.3970754511,-1.9892617961,3.5459777173,1.0953745819,-3.7561462049,7.216910768,3.3953531669,-1.6957076208,17.7562422946,3.0474799131,-1.220491718,9.5201861846,3.4253703832,-8.2171716725,5.3557724463,-9.5490688569,-1.1434764841,6.8016630257,2.1194421754,7.042638511,-4.2861970822,3.1310210388,6.7469972505,6.8085360075,10.7723843092,-9.5525567856,-2.7572645674,-5.1724741785,6.242630052,-0.0932735806,3.1692509312,-1.4306313839,7.1777667576,0.9694811661,-8.0787878959,-3.2358084216,-6.7735986843,-0.8447251952,-3.5439939199,4.9898542664,-1.9056507815,-0.212301065,2.2929978957,-5.2294555163,0.0231355871,-0.2994188769,-7.4229114936,10.4665582425,-0.3864859932,6.3619748104,-1.2900903119,-5.1290050111,-20.5088200074,5.3686356034,2.4609183267,3.3397351805,6.3399229454,0.0629319735,2.2345816486,4.8149220368,5.7886784348,-9.3183102238,2.6188055236,-16.2052619664,-10.2669717475,4.4430260919,-0.2935924913,7.5140374062,7.7114868905,-6.0401844406,-1.064613152,-4.151826472,-8.1709589202,4.3007811561,-0.6424968585,14.0681016543,-8.9509782686,4.3629988207,-2.4297205864,-18.8204575337,1.1808838763,4.3878473378,0.3595951561,-7.8564584726,-12.939369001,3.5129537895,1.1596257012,2.7977705623,3.1682823492,6.9232779557,0.3277126094,-11.8316391897,9.5645467302,0.4251190126,12.6107811294,0.7137370827,-6.2261848898,0.8199694819,0.226838654,-3.8508420463,14.3507937159,0.5902094021,17.7466772048,-5.6608297327,0.0363180553,-3.8658773969,-4.7099815277,0.4479148002,6.8154679563,-0.0308957445,-11.838658621,-0.5166279055,11.1403637335,-2.1673802564,-1.4758203197,-1.1762308934,-1.5321179512,0.5774071517,-2.1556900609,0.6248563856,-6.9504094866,1.4676290182,1.0002642469,-0.3414339654,-15.5622868564,1.1379790965,-14.0262760213,6.054075155,5.284041918,3.7710239769,3.664245482,-0.2210115436,6.345345026,0.8923859011,-10.2338957858,2.1716755532,6.2194136518,1.0796793166,2.2056014387,2.9576281733,-12.0528865548,0.4808997809,11.89138419,0.2184015189,-1.2539045521,3.0838197452,0.9663426878,-3.2672661499,0.9714091315,0.1357198807,-0.9037173644,0.6428789335,-5.4221265961,-0.9207452961,-0.532672918,-0.4939768964,-1.8906568459,-0.2247470407,21.8785063723,0.1523228593,0.8791656171,-0.1195284978,-0.7591334926,0.3008969802,3.1258396897,0.7249913615,3.9928385114,-0.1924537382
biasActivation=1,1,1,1,1,1
[BASIC:ACTIVATION]
"org.encog.engine.network.activation.ActivationSigmoid"
"org.encog.engine.network.activation.ActivationSigmoid"
"org.encog.engine.network.activation.ActivationSigmoid"
"org.encog.engine.network.activation.ActivationSigmoid"
"org.encog.engine.network.activation.ActivationSigmoid"
"org.encog.engine.network.activation.ActivationLinear"
