encog,BasicNetwork,java,3.4.0,1,1572779678988
[BASIC]
[BASIC:PARAMS]
[BASIC:NETWORK]
beginTraining=0
connectionLimit=0
contextTargetOffset=0,0,0,0,0,0
contextTargetSize=0,0,0,0,0,0
endTraining=5
hasContext=f
inputCount=2
layerCounts=3,8,8,8,8,3
layerFeedCounts=2,7,7,7,7,2
layerContextCount=0,0,0,0,0,0
layerIndex=0,3,11,19,27,35
output=0.0589052172,0.0625592034,1,0.7976746339,0.0000000095,0.0000008517,0.9999912893,0.0000307094,0.9924712022,0.6864164167,1,0.0000009019,0.0000000006,0.9999993922,0.2243399056,0.9873812624,0.9999999998,0.9994231038,1,0.000000007,0.9999999998,0.0024208422,0.000000835,0.9994676336,0.0000145975,0.9770335941,1,0.0006996532,0.0000044251,1,0.811988872,1,1,0,1,8,30,1
outputCount=2
weightIndex=0,16,72,128,184,205
weights=-20.3816472623,1.8672210568,-13.1740655017,2.5456070099,16.960517255,11.0975802364,13.2392935406,-9.1609828886,12.9097314292,-12.4212741915,18.1819193329,6.6156665774,-4.5160706281,-17.4031920806,11.4925596269,-10.2368057983,-2.8787905021,-18.8684869533,-5.075573865,2.2629142957,-8.959631919,11.1107356015,-1.9604414118,5.6348825874,15.2611742415,3.1082002422,-3.7837316324,-2.889113286,-2.404499562,-2.9859253616,-9.6700530502,0.9888106658,18.2686179712,2.2420204236,-10.3413008534,-6.8457511073,-11.1787830304,5.249562448,8.0230756206,-4.3292434107,-5.5404679495,-6.9205313354,14.9947278063,3.330570381,3.3485218358,-3.152042964,-0.2234500585,-4.0218489313,5.4719203181,-6.1965121228,4.5938148297,5.6273522365,-6.6175535795,-5.6827870848,-5.475872008,1.4423822488,6.2728902617,-8.4995204746,-3.6192144101,22.573381386,-6.5236870419,6.8495525814,8.0378389,-5.0048292087,14.1967154402,-6.7629506477,-3.998942906,12.4430886411,2.8614852452,-2.7606483909,9.719150823,-7.7874075339,3.2392406078,-6.3231040029,14.0822057749,1.9790158972,-10.5893391485,3.8105502642,6.1031734877,-3.0090974255,1.2019082829,-16.7158035145,-1.0662487495,5.8577449168,-0.5234714037,6.4185751939,-3.2402160959,-0.777192893,-1.5513169927,14.2173523035,0.8039375885,-7.2052005541,0.6057483849,-2.5338382823,-2.2973157541,1.7332323003,11.4885593506,5.2079153289,-10.3130408989,-1.9882627211,12.8192503366,-1.925411495,-21.310448326,1.5851266599,0.0929454947,3.5715075694,-0.8926879021,-10.0990365499,1.0605480383,0.4413866323,-0.6285723317,0.3446817509,-3.7260237539,3.5242997653,-0.519670878,2.6287738285,8.4963827322,-11.8013881061,8.3148891001,2.317674857,5.1063449275,7.1973794419,-7.336104529,-4.2987316885,11.3216719409,-0.5738804958,-14.8695795359,3.4900973114,22.8626543401,1.5298228854,-0.1180153038,-20.9342990166,-1.6080047952,-0.2115973689,-0.0673055274,0.1485974877,-12.6563806008,2.3127516472,0.4109094497,13.3557958168,3.8687078792,4.2506265212,1.1213174174,3.1987181857,12.5565712349,11.1481377189,-0.1151165318,-14.1949574951,1.6744029931,2.7966477746,-0.2890525515,1.1401626952,0.0124728309,0.9884509699,1.081522135,-12.7501993595,-3.0646985228,-2.2212903806,-0.150111178,0.5615970958,-7.7975559076,-0.4164628965,0.1059328888,7.1668259761,0.1120490241,0.0098835869,1.1131764734,1.4958549712,10.1401075977,-2.3572871318,-1.2480592677,-2.9828279628,-4.3504368136,-1.2965547458,-1.5719084254,-1.8246584038,-4.2817090742,-2.7465441569,2.7337282349,-7.0121324739,4.2721969063,-0.0734952114,-1.4693019951,2.5148399757,2.2002834358,-0.3913382574,-13.1263456319,7.9307218284,-2.6218701789,2.8821195234,2.0712855445,0.4426653573,0.1390464566,0.5768130233,0.2416715159,-10.4016641794,-0.0933082353,0.8528235749,-0.156182197,-10.4942519033,3.5766113694,1.7597649095,2.0241302603,-4.5082043049,-0.0278470246
biasActivation=1,1,1,1,1,1
[BASIC:ACTIVATION]
"org.encog.engine.network.activation.ActivationSigmoid"
"org.encog.engine.network.activation.ActivationSigmoid"
"org.encog.engine.network.activation.ActivationSigmoid"
"org.encog.engine.network.activation.ActivationSigmoid"
"org.encog.engine.network.activation.ActivationSigmoid"
"org.encog.engine.network.activation.ActivationLinear"
