encog,BasicNetwork,java,3.4.0,1,1572779690053
[BASIC]
[BASIC:PARAMS]
[BASIC:NETWORK]
beginTraining=0
connectionLimit=0
contextTargetOffset=0,0,0,0,0,0
contextTargetSize=0,0,0,0,0,0
endTraining=5
hasContext=f
inputCount=2
layerCounts=3,8,8,8,8,3
layerFeedCounts=2,7,7,7,7,2
layerContextCount=0,0,0,0,0,0
layerIndex=0,3,11,19,27,35
output=0.4725276321,0.1844648476,1,0.0432686444,0.7232592565,0.0000155416,0.9824576701,0.0000138121,0.7102983304,0.0050501067,1,0.037147229,0.9988947964,0.3875991185,0.2879850546,0.1672061491,0.9999996727,0.9704745088,1,0.0001283537,0.5590465977,0.9998031635,0.9996973349,0.0711643088,0.5207232749,0.9999973056,1,0.8688062585,1,0,0,0,0.0264315778,0.999999828,1,8,30,1
outputCount=2
weightIndex=0,16,72,128,184,205
weights=9.4946883094,-7.2380048998,-9.0280188212,6.3065455094,-14.0328316669,-1.3293006379,1.2522563954,-0.5435723838,-1.3450957799,-2.2908343676,-7.7685856951,-5.3027823831,0.4772636075,13.199819198,11.2324736874,-3.9939793351,3.30500553,-2.490115758,-9.9532082112,-0.3204758372,2.7411673724,-2.156444602,5.07478845,-0.0082045278,-2.3747208138,9.6654917025,3.6713809138,3.6281312654,0.1200069271,-4.7194386344,-5.1940282805,-1.3337367979,-0.6957933947,-2.7084609386,3.9405959701,-5.57566859,0.2570497529,-4.208347378,-5.2989090731,1.0455000978,-1.9072954631,3.8379565459,3.5954075287,0.1783411489,2.5124161492,-3.8609813236,2.8870300188,-0.5432604183,2.6294251437,2.7057155405,-0.7370731201,-5.9151943879,8.085339316,-6.6500229455,-5.4477106381,-1.4162107517,2.0733420684,4.7394635434,-17.8251940396,-2.4297192329,3.7727350717,7.0510845705,1.0599168189,-5.0161876827,4.0632739962,-1.8759334595,4.7023698573,4.2289948153,0.3111055514,-0.5355793342,-6.2665413536,-0.0358048805,-0.4612089264,4.6471229044,-2.1202011379,-4.4582873249,-2.1913752755,-0.8309952788,-0.7862097605,2.0986853081,-11.8042692941,4.7330532419,1.7006939775,1.7860102065,-6.5379062741,-7.7385504829,-0.6809883629,5.8522042623,7.5235422187,-8.0476952448,1.577525896,9.4957035041,7.5057047117,-9.1017996474,-5.2901215004,2.466098486,2.8763316442,1.9573017111,0.7790045097,-0.4473099611,-9.3476895552,-4.4084733261,-1.7884006989,2.4177534502,-6.8383936303,-1.4268568492,0.8891718305,-4.7465349757,3.6144649942,6.0275130468,-2.7812598316,2.4344652005,-10.2519781487,3.2209705893,2.6872084001,2.9666250507,-4.7342581088,1.7647814246,5.6464844498,1.2521094151,-0.8328412875,3.1308106817,-3.6195773567,-1.5569482021,-6.7090613636,-0.6638882303,8.6039259763,-0.8630441891,-16.1218841927,-1.9878077409,10.6652747666,0.0385125841,0.2370678427,3.9078745778,9.1052595235,-2.1745402865,5.0999402211,-1.3181237182,1.9351483192,-0.4896527207,0.560813069,6.3722425993,-1.8004047405,-1.2434666363,2.5940803812,-0.1422026981,1.4687396938,-0.8430727645,0.501106843,-5.2550358548,6.1107272346,0.4495624856,4.1349851813,3.3440928171,-1.0380446692,-0.3260171424,-0.3959756385,-7.3931457302,-0.8382066785,2.1996062111,-13.7186484305,-0.7132219946,0.3323086465,-0.891322515,0.6718391906,0.8242376283,9.9873293973,0.0540155839,-3.3489849194,-3.9063663218,3.4698276771,0.9352971238,0.3247146404,5.5869135285,11.068048289,-4.3167913314,9.3954454419,0.0718192518,0.8584260472,0.4851186746,0.8723060797,-1.6697681598,5.5519861543,-0.9181427399,-0.6876347866,0.1756082244,2.1232765399,1.0867858809,0.801400245,0.1472796493,1.4748568242,-0.9657941473,-8.6831758257,-1.0442790134,-0.7490883966,-0.3604858039,-1.6020020031,-2.1350152426,0.6563540201,1.1241861431,-0.4202082289,0.0063490403,-3.1648952662,0.7118954691,19.5377803126
biasActivation=1,1,1,1,1,1
[BASIC:ACTIVATION]
"org.encog.engine.network.activation.ActivationSigmoid"
"org.encog.engine.network.activation.ActivationSigmoid"
"org.encog.engine.network.activation.ActivationSigmoid"
"org.encog.engine.network.activation.ActivationSigmoid"
"org.encog.engine.network.activation.ActivationSigmoid"
"org.encog.engine.network.activation.ActivationLinear"
