encog,BasicNetwork,java,3.4.0,1,1572779743003
[BASIC]
[BASIC:PARAMS]
[BASIC:NETWORK]
beginTraining=0
connectionLimit=0
contextTargetOffset=0,0,0,0,0,0
contextTargetSize=0,0,0,0,0,0
endTraining=5
hasContext=f
inputCount=2
layerCounts=3,8,8,8,8,3
layerFeedCounts=2,7,7,7,7,2
layerContextCount=0,0,0,0,0,0
layerIndex=0,3,11,19,27,35
output=0.473214318,0.1596638785,1,0.452044329,0.0013635396,0.9248861397,0.9999580316,0.0000000861,0.0016833845,0.411313174,1,0.9975131059,0.000026404,0.3426600709,0.000017451,0.0000046291,0.094341067,0.9688992865,1,0.5476305003,0.0134668655,0.0670622301,0.9777422544,0.9996596806,0.9787417059,0.0853692658,1,1,1,0.0321487005,0.0000055178,0.9999999971,0.9705879712,0.9996729668,1,8,30,1
outputCount=2
weightIndex=0,16,72,128,184,205
weights=11.6071241139,-9.2611277113,9.3330570376,-14.2738165066,4.5231620568,-6.5071135876,-7.4108417971,3.3587806904,-1.2869451478,10.2488608888,-4.1679637443,3.5579647395,-9.0326229103,-6.7922875225,2.8944158512,-1.9749496628,-2.1631445836,-0.1885195877,-5.0296180925,19.0659081181,-11.4436173802,6.4479032253,0.6868669517,2.4147184835,-8.0567889969,3.7330615268,1.3332306011,10.8487843303,-3.5447802507,-4.2809825191,-2.2954854357,3.6112960794,-0.7901050892,-5.6996792968,5.2294849438,3.5463658518,4.818430216,-12.4853148223,2.6916375001,0.0768886086,6.3083523419,-11.8293221,-2.2852367639,6.4379356268,-1.3836532772,0.9608052357,4.6321400826,-0.0095666822,-5.1955867343,0.371313162,-3.6391356799,12.8224989428,3.3647316957,-0.4396458073,-4.8323141981,-5.1150769793,-3.6420100901,6.3566523667,0.1341641315,-0.5014392449,5.9077807383,-8.9118104474,2.6703776958,-4.5450477801,-0.9373344603,0.7191036857,-2.9735831232,10.1733887512,-0.0097629133,-3.7725345573,3.3711831296,-1.3152362919,-2.8931390018,-1.9358927634,-1.0157509025,1.2845389218,5.6596501421,3.9323825394,-4.9871031249,-2.6639227043,3.1666263238,3.3545489048,-1.2026067822,-11.9513053219,0.0281534857,-0.5558761634,8.077250449,-0.7289720511,0.843112176,-3.7534301759,2.8641509407,-5.1070976501,3.9921625399,-2.0451113033,-1.6111167873,1.8870910988,7.4424273828,3.2076663426,-1.199699489,-6.460136213,-9.5764473099,0.294281549,3.7296602183,0.2885735921,2.4773863287,-6.4929909511,-5.7796191782,-4.7921478895,1.6296167609,-9.7247238688,-5.1716978168,-0.1488914006,8.8812124414,-0.6059968394,-1.3928902213,9.7301771211,-2.0319079011,-9.8544007283,9.1936291184,-5.6461271035,1.8055440075,0.0832307809,2.5834880651,-1.2487843601,3.9659228666,0.9727976405,-5.8297371809,-0.922237577,0.3246208937,2.1316559398,-11.3212511827,4.3582825179,1.1333165891,-4.42519586,1.9813372208,-0.7201998735,-0.9810973692,0.9943261724,-11.2672055742,3.6957880549,-0.3384209191,-2.649642325,-0.6276488149,-0.4074123913,-1.4049709271,6.4711052621,1.0317283301,-0.9198146387,-0.7162553947,-2.1915272321,-3.4377607373,-1.4520536499,0.1488341138,0.1146091334,-10.9354393644,-13.7990851193,-0.7847659818,5.3645389557,0.3707994873,-0.9219201399,1.0862863697,1.6593505172,5.7611817403,-11.0120181878,-0.2705076158,-0.7603011034,5.7160874095,0.3487235751,1.0901727483,2.4107407321,-9.2545591405,-1.7831558016,0.6822186024,-0.1015794355,-1.2900942084,1.3321845325,-2.1016597512,-0.7118400974,-18.2236752407,2.6922583691,-1.2681857068,-3.8708406861,5.9220004513,0.1329315571,3.543840522,1.177833341,-0.4397126669,-2.4109002247,5.5888703311,-0.0622413,-0.1774749703,-0.2177790432,4.5484646295,3.0335317917,-0.8454840092,-11.0112559776,0.8540772168,0.4253990798,0.0587297602,-2.1664370129,0.5982506619,2.880474555,-1.1607078793,0.2264609937,10.5169551085
biasActivation=1,1,1,1,1,1
[BASIC:ACTIVATION]
"org.encog.engine.network.activation.ActivationSigmoid"
"org.encog.engine.network.activation.ActivationSigmoid"
"org.encog.engine.network.activation.ActivationSigmoid"
"org.encog.engine.network.activation.ActivationSigmoid"
"org.encog.engine.network.activation.ActivationSigmoid"
"org.encog.engine.network.activation.ActivationLinear"
