encog,BasicNetwork,java,3.4.0,1,1572779753444
[BASIC]
[BASIC:PARAMS]
[BASIC:NETWORK]
beginTraining=0
connectionLimit=0
contextTargetOffset=0,0,0,0,0,0
contextTargetSize=0,0,0,0,0,0
endTraining=5
hasContext=f
inputCount=2
layerCounts=3,8,8,8,8,3
layerFeedCounts=2,7,7,7,7,2
layerContextCount=0,0,0,0,0,0
layerIndex=0,3,11,19,27,35
output=0.5128203314,0.4939309415,1,0.9999757067,0.0005162329,0.9123295357,0.1526553474,0.9737081198,0.000066939,0.9648625333,1,0.9546686682,0.0002571178,0.999980131,0.9999833301,0.7930411082,0.2138424441,0.0000074406,1,0.6658378263,0.0126849291,0.6560773383,0.9430397598,0.8330311967,0.9999286594,0.9999999985,1,1,0.0000011169,0,0.9999519989,0.6398647416,0,0.9957172364,1,8,30,1
outputCount=2
weightIndex=0,16,72,128,184,205
weights=7.9460106198,-7.1566006098,0.3300398657,-2.247647752,-2.4539135725,10.3561498911,-2.8804677449,-2.6808624671,-3.1724432658,6.3449956742,-8.2867985354,2.2143658517,-1.7435137106,-3.403157236,12.1043367296,0.3859498072,0.7832768161,-0.6723067536,4.5231245359,1.9636765589,0.8968768885,4.763531538,-11.5146994785,1.6611902877,1.1450431294,-7.0000410882,6.1303646505,-13.6055119306,0.7142410117,1.6653220921,5.8141333394,-2.107313207,1.6145310919,-2.5160885273,0.607416236,2.8784739695,0.2756319007,-2.2667231941,10.6479798236,-2.4180542999,-2.3692501925,0.5631695649,-0.2758671324,-4.17608341,4.2732805222,4.296354061,6.2184738368,0.6919785554,0.5879774182,0.0088378058,0.6633023913,1.0738033053,1.6473668509,-0.8089840775,2.7713930674,0.1799958025,-8.6338905089,-0.600566399,8.3955406457,-5.4908140824,-7.5100117313,3.7164842397,-2.3397516941,0.887368736,4.841117985,3.0311282715,4.8507688265,-2.2929542289,-3.7469516379,0.820956393,-3.8336295437,-1.0715219253,4.3030968281,-5.2326470732,-6.1808932723,2.7289576115,1.9586141613,3.7127430803,-4.1845388244,0.570679394,-7.6235194195,2.3790349702,1.0365994661,0.1329571549,-2.5951350697,2.2872584878,-6.7436551461,2.5930458223,9.6699859807,-2.7025566095,-0.6642211829,-1.2866676758,1.916965105,-0.5218844914,9.3108041697,-4.3147220185,3.7795714441,-7.0949797039,-0.6939820639,5.078256022,3.5485513631,5.5150675697,-8.4743483012,4.2452360932,-1.5583996783,4.3155437884,1.2142089913,5.1169152594,0.7172152688,0.7416467463,-5.0116921094,0.3768199942,0.8803943381,6.7810117843,-1.8421524086,2.5031022843,-3.3723200884,0.5123812621,1.4073189128,-2.236480538,-2.2591766075,3.0547301718,-4.9804951265,-12.4151834029,2.5066108776,-4.8286179578,8.1774525273,-0.804716238,8.739951768,-0.4908138275,0.9550100764,1.0701095157,-8.0417344497,-3.308306548,0.4286043822,-4.4017360932,-7.0462660164,0.5746501937,0.7148347667,2.9214382569,9.509628605,-5.011523815,-10.1236429688,3.7658024915,-2.3544506831,-0.5706449881,-0.8475945214,-3.2907074389,-7.600015743,-3.7951995138,5.1739849124,6.0020188172,5.3349845004,-0.0932462835,-0.4706467382,-1.36624326,-13.4912634874,-1.0279770266,9.3019000717,-1.7915301652,0.605864799,-0.5835207301,-0.1279720617,1.0991581317,-3.3421326724,1.5115384429,3.9177674656,-1.8601811492,6.8070069265,-0.6232161519,-0.8911041518,4.2053755332,-2.6555351698,0.3571458647,-0.1576643312,0.3919667958,-3.0144937049,0.1711317301,-0.2189775967,8.888268814,-9.1959746878,2.1295629229,19.5647570327,0.8216944029,-1.9903739797,1.571124637,1.0771798516,-0.9315238847,-0.2038896834,-0.1360333086,-2.073354653,-0.4630635384,-0.5041929338,-0.272713883,0.4928690133,-2.6601209775,1.5217374329,0.2343179489,-18.6286607975,1.3818459077,-3.7401940392,0.7304022754,-1.4887536966,0.5968320553,-0.5460672677
biasActivation=1,1,1,1,1,1
[BASIC:ACTIVATION]
"org.encog.engine.network.activation.ActivationSigmoid"
"org.encog.engine.network.activation.ActivationSigmoid"
"org.encog.engine.network.activation.ActivationSigmoid"
"org.encog.engine.network.activation.ActivationSigmoid"
"org.encog.engine.network.activation.ActivationSigmoid"
"org.encog.engine.network.activation.ActivationLinear"
