encog,BasicNetwork,java,3.4.0,1,1572779764317
[BASIC]
[BASIC:PARAMS]
[BASIC:NETWORK]
beginTraining=0
connectionLimit=0
contextTargetOffset=0,0,0,0,0,0
contextTargetSize=0,0,0,0,0,0
endTraining=5
hasContext=f
inputCount=2
layerCounts=3,8,8,8,8,3
layerFeedCounts=2,7,7,7,7,2
layerContextCount=0,0,0,0,0,0
layerIndex=0,3,11,19,27,35
output=0.75000026,0.6684791538,1,0.9994785413,1,0.7496685423,0.2518892341,0.2798846387,0.9737565985,0.9960130824,1,0.8484393665,0.0393622163,0.4019685655,0.96594144,0.8516115343,0.0025607152,0.5791093214,1,0.3373391266,0.999855345,0.9675723617,0.3218864229,0.193727648,0.0000021062,0.2823067294,1,0,0,1,0.0051846673,0,0.9442195706,0.0001087889,1,8,30,1
outputCount=2
weightIndex=0,16,72,128,184,205
weights=-18.8295356628,-4.5282401898,3.9265907881,-5.8378369424,11.8250676065,11.6204838514,8.7158325862,-0.3328434967,7.5123251886,-7.4419508875,-8.5224219053,-9.4322432431,1.3142777273,9.1777720485,0.1085131261,-0.0131130121,18.2564739602,8.1451351681,-7.4374803659,5.9068162577,9.0247967414,15.8093091759,-7.8880429453,-14.125833166,11.2229885995,9.9174573847,4.9593061643,10.3767902279,-2.2647219384,-15.7618017597,0.3177428129,6.25813967,0.5264335321,1.5339135887,-3.0714955063,2.5579618437,-4.474203481,-6.6888162099,-1.4399137199,4.0149023215,-3.2255066934,-7.2441558731,8.8441268681,-9.8962615327,4.0157902356,-3.6896837584,1.1463545469,3.8630697476,6.8025099462,2.3911513633,5.6972115881,-3.5220882852,7.3597829435,-0.056000193,-4.6277942405,-9.2861749573,-1.0142746499,-2.3711778535,3.0581678404,-5.2460191361,4.2224852611,3.015483793,12.367326862,-2.3599811288,4.9094228002,0.0967110329,-4.3144035968,3.4379392472,1.7391888846,20.789294723,-7.811251847,2.7542142867,1.5873652517,-5.4637773782,5.0884566144,6.3537151688,-0.8910548068,20.6226270894,-4.2971549964,1.0669891229,2.4427106386,-0.2926083524,-2.8482311015,-3.3619115697,-3.5794423207,-8.1073102221,7.4902386942,-1.309314279,1.5877342886,8.9998626006,-5.2059325543,4.043759693,3.5219462867,2.3672828413,-2.2363701122,-6.2469109624,6.5987123681,-2.8644179744,4.882433239,13.3122380745,-7.4225437097,-4.3875425742,-0.4146207984,-3.4711031668,-1.9880139072,4.8834813667,-6.201425765,-10.3883390556,13.7055954158,-2.9026868316,0.2243296658,4.1608738492,-4.5902323438,-2.8337974488,-4.9399985064,-12.1746954655,8.3792083458,-5.0077499118,5.191110386,4.0268638516,2.0539621541,5.1590432223,-6.561742506,-3.1835740709,9.4051668028,-2.429135913,0.5364786777,-0.1318379042,0.8799110332,-0.2319163596,3.3482709367,7.3211229848,-0.309533931,-2.2365837936,-5.6701032677,-1.9489601115,-0.9510760511,0.5924605501,5.9815292315,-7.8852583348,0.764362196,-2.5815015305,-8.3713597417,5.3387823095,0.9586535851,-0.4998966598,-2.5858768695,6.2748946593,0.5006823982,5.0574169654,-2.8880562603,1.1741248617,1.0413315441,0.8867878026,1.38568277,18.3568561984,0.7534115014,-1.9714850488,-15.8626278751,-0.3627325509,-1.4454193971,-0.6707435366,5.9187506537,-1.7026489292,-0.6030844917,-1.3013028427,11.6201250467,-6.1084398099,-0.6891607767,0.2659753397,-7.0886887235,20.4516753933,-0.194426098,-0.6183222795,1.7332869417,-5.5043448815,-0.6629010157,-0.9332384457,2.4493495605,-4.1544984424,-0.1242460841,-7.1247929797,-5.0299144228,3.3670581936,-0.7383165008,-2.2246587123,-0.8882153545,-1.0876779434,-0.6426631323,0.8600243838,-2.0977871738,8.8308991296,0.6305741919,1.9305435133,-0.160613115,-15.8828060996,-1.1324902416,-0.7688436643,-0.9595380445,-1.458207171,0.552861454,-2.0912505979,0.8829053097,-0.6765401149,4.1069687731
biasActivation=1,1,1,1,1,1
[BASIC:ACTIVATION]
"org.encog.engine.network.activation.ActivationSigmoid"
"org.encog.engine.network.activation.ActivationSigmoid"
"org.encog.engine.network.activation.ActivationSigmoid"
"org.encog.engine.network.activation.ActivationSigmoid"
"org.encog.engine.network.activation.ActivationSigmoid"
"org.encog.engine.network.activation.ActivationLinear"
