encog,BasicNetwork,java,3.4.0,1,1572779777522
[BASIC]
[BASIC:PARAMS]
[BASIC:NETWORK]
beginTraining=0
connectionLimit=0
contextTargetOffset=0,0,0,0,0,0
contextTargetSize=0,0,0,0,0,0
endTraining=5
hasContext=f
inputCount=2
layerCounts=3,8,8,8,8,3
layerFeedCounts=2,7,7,7,7,2
layerContextCount=0,0,0,0,0,0
layerIndex=0,3,11,19,27,35
output=0.6900398663,0.8142828815,1,0.8976822714,0.9969084927,0.9341397402,0.5973586486,0.8089891691,0.7627824473,0.0000462139,1,0.9577938932,0.007264697,0.3015511103,0.0000612256,0.0020394358,0.5639511477,0.255058237,1,0.9999976723,0.1210286265,0.3795114664,0.5388377763,0.9922404887,0.9852449571,0.7282905912,1,1,0.0040613902,1,1,0.0173427754,1,0,1,8,30,1
outputCount=2
weightIndex=0,16,72,128,184,205
weights=-15.8465418004,-8.2963178791,15.4656727665,-8.7343095163,15.1751884833,8.6521198747,-12.6573448868,-4.8091124877,5.1860509654,27.7825198221,-11.8633273638,3.7247148892,-0.7780799465,-23.3130277535,10.0437309309,-3.6051954488,0.2676393028,1.5654444179,1.9447497528,-5.9317264497,-7.1812629668,1.448368668,4.1460107511,-0.5416984545,0.2869665204,1.1671700683,-14.9882785361,-8.7590599215,-7.0048138782,9.5316516933,4.1270046957,3.5992080271,-8.3373272842,-2.6832984295,2.93224618,-14.8484597976,-4.7539457912,9.9524778865,4.2953616761,3.0751290074,3.1935391885,2.2469565286,-9.8415133816,-2.4975165252,-0.7045339832,5.6834461978,-6.7624617818,-1.1916597001,-1.6237767904,6.8060479275,-0.3476962828,7.534796772,-11.505695471,-2.1214959833,1.7008611597,3.8397084645,-8.6493507148,13.5795098448,0.8993486724,-25.9524931058,-17.3051936257,2.5975390791,8.9309681455,5.3765195314,-7.4011274192,7.0680289871,-1.7009646124,-4.5439411263,9.7521015347,1.6230913884,-2.4612378473,-2.7390446328,-10.4594593205,-4.1931657443,-3.9832385189,-3.8770335494,8.3936781332,5.7956384567,6.1512361597,-0.8287856919,-7.2411044284,-3.7478241545,5.5081094839,-1.4698483339,-3.4001790521,5.4082967087,-4.6876804848,2.9381550678,-4.6471185364,-1.2744133572,-11.5991883995,12.657870763,2.5316781522,2.8251511916,-7.615556494,1.7937504085,-13.20525159,-8.9150843595,4.896547254,-11.6718793603,-4.1386767381,9.418860521,2.7436535079,1.8427720076,-11.5035948199,3.7940030898,8.2889250186,2.222200933,-1.9184576871,15.7000501995,-22.579743587,3.3879875144,-4.9764688586,1.8793012054,2.2694806097,8.5395237558,5.1948740075,2.3224498621,-6.2380104378,-3.3561525567,0.7561098191,5.4707697593,0.9311109452,-0.4528080926,-5.1727099596,-0.4073796059,3.1864013617,0.6138957005,2.7811632095,-5.7901306326,1.682809923,3.901510293,-19.7028197579,1.7132493131,-0.129751321,3.257101364,-1.4011759326,3.9978891693,-1.0254268675,2.549624198,4.2077796344,-0.7767191057,0.6934490999,-1.418239087,0.1114542764,5.3928345501,0.8261125953,-1.5983131072,17.0629479164,0.7796675625,-0.3881351018,-0.9283649201,4.2789457348,2.7534842988,3.6211164639,-16.8167492716,-12.9375305689,4.0651342501,1.1929128518,5.2204072134,1.1611739285,-10.0145709637,1.1368565866,0.9548700198,-17.1222534288,0.8367630109,-0.9101055508,1.0990030839,3.6724357958,-35.0057010813,3.3002889639,-11.7815859246,5.9985866449,4.5656077062,-1.1077670183,4.4826985065,0.0623049987,-19.5880781231,0.6557641399,-1.5788110324,14.9306977608,0.8502771489,-1.7933190426,0.817046822,0.9357941999,0.9041547006,-0.6164454841,1.8692410075,-0.1368710341,-16.3499573335,0.8817726475,0.7276393594,0.6817586538,-0.9483674742,1.8743214349,0.7857510187,0.1710270656,-0.3089396374,3.8628882566,3.8343860904,-0.0708248439,0.0356493513,-0.8635831936,-1.9091586853,-1.0732541282
biasActivation=1,1,1,1,1,1
[BASIC:ACTIVATION]
"org.encog.engine.network.activation.ActivationSigmoid"
"org.encog.engine.network.activation.ActivationSigmoid"
"org.encog.engine.network.activation.ActivationSigmoid"
"org.encog.engine.network.activation.ActivationSigmoid"
"org.encog.engine.network.activation.ActivationSigmoid"
"org.encog.engine.network.activation.ActivationLinear"
