encog,BasicNetwork,java,3.4.0,1,1572779788754
[BASIC]
[BASIC:PARAMS]
[BASIC:NETWORK]
beginTraining=0
connectionLimit=0
contextTargetOffset=0,0,0,0,0,0
contextTargetSize=0,0,0,0,0,0
endTraining=5
hasContext=f
inputCount=2
layerCounts=3,8,8,8,8,3
layerFeedCounts=2,7,7,7,7,2
layerContextCount=0,0,0,0,0,0
layerIndex=0,3,11,19,27,35
output=0.0825670628,0.000837112,1,0.8703640648,0.9633884815,0.0564761415,0.0008038858,0.0000007719,0.9997273481,0.9999999846,1,0.0012328191,0.2852045833,0.0000000557,0.9981553735,0.0000035598,0.4797347935,0.9822892312,1,0.0157009121,0.3281042815,0.305723988,0.7782208409,0.99999218,0.993274255,0.9999990462,1,1,0.8196005125,0.9936062609,0,0,0.9999999999,0.977870803,1,8,30,1
outputCount=2
weightIndex=0,16,72,128,184,205
weights=12.2410322178,10.0417248429,9.8472835722,6.651439005,1.9230249858,5.3966526753,-19.2365994384,-9.4562724318,-2.1795969339,-5.0890769359,11.1354387018,-11.3862072456,13.0821120044,3.2450297265,-2.7134664857,-1.4353362698,-17.4031727905,7.4318259419,3.0224581062,-4.053576572,-0.0635832898,8.839502888,-1.0570111652,0.6498185967,-7.1560136645,10.9658388689,1.8889269867,2.7028917375,-5.8785863712,-5.5310023611,-5.8625925986,5.8656991604,-1.5597101459,0.2216891402,-5.5466416297,-5.2734670898,7.7144961874,-8.9187489854,5.4401868551,1.3214023035,5.3194388796,2.0567471262,-0.2505698859,-5.1870157341,0.1608900903,0.6966346093,-0.0517226839,-2.8243469591,3.0390881388,-2.8607168027,10.7620394999,-2.6250333344,7.1065790991,-1.6626770342,-9.9760546447,-0.0450687156,-5.1315549975,-0.6354043972,-3.4873185883,6.8181392973,-2.9044363338,-2.1209441149,-0.4529481488,3.0514534974,-7.884830243,6.3135797773,-4.0135184479,9.7181005863,-3.3920625853,3.0779426337,-0.5370142094,5.5516670025,7.0590820759,0.6789119583,-1.942490612,3.0523666147,-11.955751856,0.0385570861,4.5805326881,-1.4755232076,-1.3661003439,2.5399313264,5.1789165787,2.1899324477,3.5113474228,-0.8558902221,-6.7808262051,-0.8986395389,4.2051193751,0.4644342039,-4.8463436563,-7.5555955658,-1.0167585857,0.6675845073,-10.4804803371,1.2747621409,-10.8877661272,2.6098243661,4.1863239139,1.3848096102,1.7926486975,-2.4943891808,5.9980819558,-2.0623602583,8.8955336374,-1.6687446089,5.7084335339,-5.2522828426,-5.8543467217,-0.2960384261,-3.9284371095,0.2810560167,-13.3819528284,-3.5406405047,-3.3021865847,-2.6457290963,5.5105771077,1.083731986,-4.3964269709,2.1686677728,-5.8301210026,2.3119180269,-3.063225189,1.0791952869,-9.8699528825,4.3576329159,4.1482721282,4.838633048,-3.4634405352,6.2951194001,6.3548255134,-13.1815607509,-1.170772974,4.1792728428,-21.9447419841,5.131401657,2.4727233004,1.2776995364,-3.2460209175,-3.9289466644,0.6520626843,2.2726809063,-3.0339665171,-0.3172850789,0.8889826789,-1.8248609099,11.3406384063,2.9239899204,0.3990125782,-1.83030536,-6.3949726637,-3.3978795499,-1.7952993479,1.4048569033,5.8415096266,-5.862827758,0.446258134,-0.8446823235,-1.3081456428,-1.7810746415,-5.8633692037,1.1117034313,-3.8887891315,-4.6632566508,-0.7049391857,5.5917529584,14.1791522387,1.1178341829,0.8858756506,1.5121789498,-0.3017532918,0.6997791928,-1.191042101,0.8787659666,0.8789377972,1.4313762048,-1.9154111005,2.7563362653,-2.3671435872,-2.073045978,0.8311661766,-1.4614618512,15.7625976019,1.9188331885,-0.6073306894,1.3257834742,-1.2583340307,0.0485057871,0.0438444882,-0.1897376687,-0.029275872,0.3377010311,-4.8508021873,3.6851748086,-2.5653056671,2.104296321,-0.599394268,-1.4192883568,0.250324714,0.5918858074,0.7898115711,-5.3663696916,-1.6281447948,0.2972385171,7.8964825323
biasActivation=1,1,1,1,1,1
[BASIC:ACTIVATION]
"org.encog.engine.network.activation.ActivationSigmoid"
"org.encog.engine.network.activation.ActivationSigmoid"
"org.encog.engine.network.activation.ActivationSigmoid"
"org.encog.engine.network.activation.ActivationSigmoid"
"org.encog.engine.network.activation.ActivationSigmoid"
"org.encog.engine.network.activation.ActivationLinear"
