encog,BasicNetwork,java,3.4.0,1,1572779797335
[BASIC]
[BASIC:PARAMS]
[BASIC:NETWORK]
beginTraining=0
connectionLimit=0
contextTargetOffset=0,0,0,0,0,0
contextTargetSize=0,0,0,0,0,0
endTraining=5
hasContext=f
inputCount=2
layerCounts=3,8,8,8,8,3
layerFeedCounts=2,7,7,7,7,2
layerContextCount=0,0,0,0,0,0
layerIndex=0,3,11,19,27,35
output=0.5850980647,0.6000051712,1,0.9999961839,0.0000084574,0.9982183121,0.8369827047,0.8835799832,0.9747406394,0.9999999784,1,0.9999999996,0.0462101473,0.7902473731,0.8038482909,0.0019624817,0.0071789443,0.9518638147,1,0.9544197548,0.0000218845,0.9999924192,0.9994313507,0.4589306998,0.0727574499,0.0811737578,1,0.0000000061,0.0000000002,0.9999751127,1,0.7065861765,0.9999857411,0.0000005615,1,8,30,1
outputCount=2
weightIndex=0,16,72,128,184,205
weights=6.0416934972,-4.2017995732,-1.892636287,2.1538528343,9.8749362529,-8.8393361542,-3.9790821882,-1.7415247332,4.7736760714,-8.0703327202,3.6569623452,-14.6851601336,-3.7192712749,0.2576689463,6.7951119838,0.5126767418,9.7391485229,-2.3822420291,1.4591426901,-0.6707340989,-1.4239154918,-1.3042152189,1.9602285519,0.3795751811,2.8000171698,9.1057995706,0.1485136376,-10.6976499145,-11.256732793,4.952092681,-3.3728481848,-3.2223012533,3.7829870722,0.803268016,0.3252275931,2.3275357449,2.2275295125,-0.8365372642,-0.2143434114,0.5859684502,-4.4941345202,13.8043838393,10.2479100608,0.8363258304,3.6363884118,-2.462742046,-0.7084275432,-2.5936139957,-8.2988220193,-7.7469588707,-8.3604253334,8.5234829009,2.9868311857,7.6090361114,11.780558526,-0.8351693731,5.9836786934,-2.5837029792,4.6134625636,-7.6978611577,-5.0788355034,-1.14607368,0.5800014496,-0.203062582,11.9970660972,-0.9136297252,2.0135062754,3.8993739364,-1.0738823605,-1.3268283324,3.0695577081,-1.9398313051,7.8564075926,-1.5361762467,-0.44892022,14.5063610219,2.4919751269,-4.9412472101,-6.711962289,-0.1924328453,-9.2548293024,9.7468263628,6.5384210227,-8.6919732807,7.7505305464,9.616056504,-0.9048621286,3.7710486963,8.1892533662,0.114708228,4.1634656964,-7.0981585765,-12.5593715995,-9.5271830266,9.8172552003,2.1012687811,-1.2737403157,-17.014195415,-6.1780398304,3.7711476522,6.1715840913,-0.835647688,-3.359898841,2.5367730471,-5.0451687871,1.4684950021,1.9884658256,-1.1793016177,-2.4857618464,3.8990596508,6.4031855422,-1.8888880105,1.729870806,0.0017769449,-2.9983089283,-2.2745559613,-6.4682325782,0.2925269069,8.7170917615,0.9307156154,2.0531293078,0.113897854,-2.523167212,6.905472791,-3.0802206188,-0.4632804191,0.3504763663,-1.9346943687,0.6814441431,0.3596729787,3.0469316636,1.1119565486,7.1676085199,-7.9072485368,-0.7581883038,1.7254198951,0.7895453397,0.0393176592,5.771541188,6.490734029,-3.4419188749,-21.0114993607,-0.8774030433,0.4513704599,0.1317865579,0.5505052564,14.0816760965,-1.9765750895,-0.4210564924,2.095783007,0.7455037537,-2.1131080665,0.4977418746,-0.6357916433,9.0029963371,-5.2156179629,14.706898231,1.9655498643,-0.8155227184,-8.6726888401,-0.7621323637,-0.4595660195,-1.8716401413,-6.6144445416,1.433195412,13.5040767185,0.8932550828,-6.1951707748,0.8535002913,-0.4025282386,8.0206342704,-1.0699711597,-12.3158669884,-0.1482946346,0.3807417365,-0.6450337084,-0.0813188454,0.8685650787,-1.2994120407,6.6898739732,-4.928654035,-11.4852653842,-0.4831759391,7.1506214101,-0.9023267138,-0.4105757899,0.617169381,-0.9440582874,-0.4668690112,-0.926520982,-2.3637815421,0.9086065954,2.2531808453,0.3932365734,1.882829341,-5.9634481219,-1.1915116066,-0.119577686,13.9982846232,-1.4615413872,0.4213891367,10.2087720366,-0.9948228575,-0.2265784913,0.3633324644
biasActivation=1,1,1,1,1,1
[BASIC:ACTIVATION]
"org.encog.engine.network.activation.ActivationSigmoid"
"org.encog.engine.network.activation.ActivationSigmoid"
"org.encog.engine.network.activation.ActivationSigmoid"
"org.encog.engine.network.activation.ActivationSigmoid"
"org.encog.engine.network.activation.ActivationSigmoid"
"org.encog.engine.network.activation.ActivationLinear"
