encog,BasicNetwork,java,3.4.0,1,1572779818741
[BASIC]
[BASIC:PARAMS]
[BASIC:NETWORK]
beginTraining=0
connectionLimit=0
contextTargetOffset=0,0,0,0,0,0
contextTargetSize=0,0,0,0,0,0
endTraining=5
hasContext=f
inputCount=2
layerCounts=3,8,8,8,8,3
layerFeedCounts=2,7,7,7,7,2
layerContextCount=0,0,0,0,0,0
layerIndex=0,3,11,19,27,35
output=0.6285710308,0.5543478707,1,0.2042302098,0.0000000002,0.3501525282,0.8153513485,0,0.9997265924,0,1,0.0000000006,0.0000000005,0.9517861607,0.8714866069,0.9999999993,0.0624745212,0.9454321851,1,0.5348673645,0.7710098018,0.0421579408,0.884892795,0.0000000626,1,0.0001744754,1,0.0002708551,1,0.0000000264,0.9999999999,0.1462113297,0.9989734306,1,1,8,30,1
outputCount=2
weightIndex=0,16,72,128,184,205
weights=-0.6223048164,9.2521050991,-23.0172693298,-3.674270648,-9.0094649384,1.3250223989,10.2913891732,10.3839012815,23.5128890481,16.4612367432,-5.7864326755,23.085600938,13.2485513752,-12.1054850786,13.1746008933,-9.2783549989,12.2267319387,-2.9226025127,-9.1825204346,4.3579995478,9.583210468,-17.2957426549,2.1099018238,-6.915640785,2.6966973713,-0.1530418803,1.7462550727,1.3191312715,-27.5488357689,3.9957562963,1.1896047641,0.8303490936,1.3911525478,0.7451552378,0.285693027,8.9775044323,-10.5017051499,-5.636863773,-6.2942134142,8.0905550796,-17.5427352573,10.6410561616,-9.3628536988,-1.6151258748,4.947785892,21.0775605866,15.980753599,-9.5691557543,-3.0865922853,15.2009078047,-6.5260222087,-5.669839729,-0.699112351,-18.1645502291,-7.3666762132,-3.8248138927,2.3022185854,1.6206603077,-2.0096769341,4.1888276663,5.4857995122,-1.8852135191,-1.3242799369,2.3505439279,4.6024367521,-0.1104561856,-0.6618438458,-2.1101380779,-20.2031636265,1.3595527083,-1.8011946962,-1.608964452,13.0651475117,-17.6623094474,9.7794851661,11.0876097791,1.0624377085,-28.5304786242,-3.2740056311,3.7475462244,-19.1694277761,5.2068182512,-2.6471606388,-9.5058503792,15.4127867123,-1.3925128804,0.1560491516,-5.3057225494,26.4327610828,-23.6713420869,3.6877218166,4.6091238525,-5.0260631566,1.1318101113,-1.3464228011,1.7298876759,3.5316288943,-0.3969404524,6.2729329225,-0.5041818664,-4.207489258,-1.3989896793,-2.7333198398,1.9124191184,-7.7746609305,2.3573235419,-5.9606445287,0.0022548481,3.6227053901,24.3960023935,1.2190601304,-0.79220263,-9.9653227238,-7.9604226584,3.3270438862,3.9116076406,9.3530419228,-12.6160933586,-4.5204878552,17.7744714257,18.0728596677,-10.1134098246,-2.950737315,-2.2474876365,-8.8563044748,4.3388637402,-1.2086882115,-1.2423164654,8.9643568472,-3.8399188921,0.3950303928,1.858500139,42.6412944251,1.170271377,-1.9977511196,-3.2872723505,24.5244277387,3.0948634372,-0.5803485398,0.3349499645,-41.5364806903,-1.6712112786,3.2169496583,2.3032160114,3.2637026446,5.9793030652,-0.7574331022,-0.5116901251,9.0870088879,-6.4255797011,-1.9346795,-1.5667175039,-25.897369921,-2.3970445634,-0.0237150858,0.2704950411,-6.4274314371,1.212179016,2.2920754751,1.6099197392,13.5953426957,10.7883260056,0.5549678394,-13.3323477201,5.357002485,-11.1076243361,-1.1862022991,-2.5464125115,4.6758643049,0.6071214723,-0.667759794,0.3648378022,-30.49048933,4.5198290717,11.9837955203,12.0884618104,2.5397889784,-3.8375938784,-0.6034757666,-0.8347104264,7.1459407013,-2.755348575,-1.0567800753,-1.2174532433,-0.5709399333,-0.3610617431,7.1857160141,-12.7221284838,4.7186103468,-2.0415627613,-0.5201284849,-0.4103992383,-0.9769007851,-10.2807709548,3.4057754179,2.7368620215,2.6077787709,0.2093209861,-28.9064904165,-1.3754108973,0.5045621738,2.7469275825,0.8858176559,0.6084344622,0.0451346455
biasActivation=1,1,1,1,1,1
[BASIC:ACTIVATION]
"org.encog.engine.network.activation.ActivationSigmoid"
"org.encog.engine.network.activation.ActivationSigmoid"
"org.encog.engine.network.activation.ActivationSigmoid"
"org.encog.engine.network.activation.ActivationSigmoid"
"org.encog.engine.network.activation.ActivationSigmoid"
"org.encog.engine.network.activation.ActivationLinear"
