encog,BasicNetwork,java,3.4.0,1,1572767515787
[BASIC]
[BASIC:PARAMS]
[BASIC:NETWORK]
beginTraining=0
connectionLimit=0
contextTargetOffset=0,0,0,0,0,0
contextTargetSize=0,0,0,0,0,0
endTraining=5
hasContext=f
inputCount=2
layerCounts=3,8,8,8,8,3
layerFeedCounts=2,7,7,7,7,2
layerContextCount=0,0,0,0,0,0
layerIndex=0,3,11,19,27,35
output=0.4090835803,0.0869552093,1,0.1243002463,0.9999938643,0.8913673898,0.9983822484,0.0116132576,0.0055484583,0.3864461011,1,0.99999629,0.999870609,0.0001458209,0.5392359727,0.9999535633,0.0969826306,0.0239963045,1,0.0001730139,0.9999276247,0.3742433828,0.0131360789,0.0000062677,0.691670498,0.8539355585,1,0.000025263,1,0.0482506203,0.0000000065,1,0.9996827408,0,1,8,30,1
outputCount=2
weightIndex=0,16,72,128,184,205
weights=-10.17729672,-11.4109176333,12.6731147453,2.0758343197,7.1260763257,-9.1001390648,-4.7723574992,0.7512493956,0.2680369751,-5.5518309298,2.1595108767,-0.8710487086,-4.7958685034,6.6090177827,7.7134832979,-0.8500097392,-9.4667568511,5.2394272547,-6.4379079855,-7.3311329361,4.6471680207,-5.6810595386,4.1059628425,2.0352824288,7.5741427254,4.4222063395,-0.076445372,-15.5582051403,2.8045568087,-2.4460419758,-5.6134063504,5.9626864651,0.6843006252,-2.7238142243,4.9055437302,10.8536840539,-3.4158994812,8.1059178219,0.0914394269,0.9179499429,2.4456576123,0.8731830011,1.6216381254,1.8030649168,0.1678652659,1.6426302649,-0.0598343155,1.8081381489,0.0329544744,-1.3385182304,1.4953513874,-12.4764685818,1.2452096044,-1.2136617949,3.2603439047,2.3833227092,-5.5664840039,6.1457035622,12.2184509313,-6.0943929083,-3.5421099529,2.6786711036,1.3738432557,0.7666116414,-2.332716468,3.0973081807,0.3086249577,2.1191827993,1.0082650927,3.0143777949,-1.1515981913,-3.6421863758,-3.3771488797,7.8694901021,-3.842506811,7.4824029629,-11.1565986595,-3.4985819357,6.7173627544,2.6596152762,-2.606525559,2.9312956726,5.2402363819,-3.884629219,0.2022828054,3.8478655497,0.7870155313,0.7782978479,5.2300837821,-3.5085381058,-11.1975400446,7.9760279689,-2.1231069446,4.4493747976,-0.5132385194,-3.8789898094,-0.5369155157,3.9511404153,-12.15600028,6.7777299238,-0.5100220644,6.4017181559,-8.261643507,3.2938103206,-3.0773814274,2.8085618585,0.2290318055,-4.7457949232,-0.0793530288,8.4052292895,3.7325262039,-1.8548096913,-4.6512627124,-1.4609039778,7.9368153702,1.6918754065,8.3035387887,2.0317905447,-1.9374613826,-3.5130466102,1.9804363986,-1.1149455974,-0.6911497924,4.6016499047,3.0896225669,4.9984257969,-4.6410500115,-1.8869590672,-0.2022804611,1.517896567,3.6821201525,1.1237304917,-0.0317354223,-10.4831194095,-0.8758668727,0.1540073314,-2.0454298051,-0.020795093,-2.4755979358,0.4273249989,2.0891375743,6.1511145946,2.6674602606,1.4355676937,-7.3882392899,-1.5138634777,17.5231446888,-6.7636297197,-1.6613312048,3.9526801189,-0.6763408409,-2.1356024843,5.5634221146,1.4453137928,-6.413528095,-9.7101791919,1.1828847363,-8.8448914698,4.9857504056,2.2040334416,10.5336385155,-2.7367131337,1.5506856253,-1.9093311044,-3.8777838967,-0.7784205207,1.704948277,-4.6625090139,-6.392630687,4.5646919873,-9.3399164083,6.4356766287,1.524637169,-6.962524311,3.2078425097,2.1297451061,-5.9497438876,-1.6117588035,5.3231388592,1.2407148353,0.7060662367,2.1326368043,0.4479243623,0.2828457371,1.9256140238,-0.6876837395,-5.3605461408,-0.1026878078,1.1724767932,-0.2357619726,0.791642167,-0.2094881805,-3.0303849811,0.674438442,-0.8394433699,0.9360337586,0.6236003193,0.9237009015,0.8759163584,-4.1098817443,0.7147211276,19.4928943415,0.9227374333,-4.1565611112,-0.2805111983
biasActivation=1,1,1,1,1,1
[BASIC:ACTIVATION]
"org.encog.engine.network.activation.ActivationSigmoid"
"org.encog.engine.network.activation.ActivationSigmoid"
"org.encog.engine.network.activation.ActivationSigmoid"
"org.encog.engine.network.activation.ActivationSigmoid"
"org.encog.engine.network.activation.ActivationSigmoid"
"org.encog.engine.network.activation.ActivationLinear"
