encog,BasicNetwork,java,3.4.0,1,1572779833606
[BASIC]
[BASIC:PARAMS]
[BASIC:NETWORK]
beginTraining=0
connectionLimit=0
contextTargetOffset=0,0,0,0,0,0
contextTargetSize=0,0,0,0,0,0
endTraining=5
hasContext=f
inputCount=2
layerCounts=3,8,8,8,8,3
layerFeedCounts=2,7,7,7,7,2
layerContextCount=0,0,0,0,0,0
layerIndex=0,3,11,19,27,35
output=0.813333374,0.7397257661,1,0.0000220178,0.8531628091,0.3003222098,0.0911923507,0.9999960885,0.9999745808,0.1716469427,1,0.0000000013,0.7326896003,0.7802714147,0.7700564564,0.9999877367,0.7403233785,0.9999886973,1,0.9959347494,0.9995243323,0.8755900287,0.0026997019,0.0063248563,0.0263295121,0.0038520121,1,0.9721641795,0.0000000004,0.42523231,0,1,0,0,1,8,30,1
outputCount=2
weightIndex=0,16,72,128,184,205
weights=8.2279973985,-7.3346687198,-0.7816103371,-3.4877677459,13.6193336788,1.4046110621,7.1647169643,-7.971562635,2.7806559256,-8.8748293342,8.6714691814,16.5351228453,-4.9480705869,7.682560345,-17.6083055724,4.7921432923,-4.4272224166,1.9628462325,-12.772858773,2.7312819585,-5.5748587423,0.6336954458,0.783649627,0.0232687516,11.1218025498,-0.9639021079,1.2736515431,-5.8821621458,-1.2419950658,2.1963120861,1.8815689606,3.7361210076,0.1679217278,-2.1868779582,4.24341051,6.371595798,3.1524205379,-4.7948701464,-6.511161048,-0.5525016236,12.009556426,-7.6452106835,-0.224319953,3.0882092331,1.1972978288,1.366379947,-2.2567903906,1.1472576058,-10.7300040254,-4.7117471426,6.4076871691,4.2289914484,9.6621324848,1.3961431808,-3.1188383046,0.0707309931,-12.9938767439,8.7821729391,0.9962759185,-10.5574618924,7.2904576134,2.8424883186,-1.1643081326,3.2674169504,13.3575706887,-0.5299571094,-11.5350886735,10.3291423553,1.8438736972,-7.611285882,6.7940443833,-3.1422343069,-3.5650740149,-10.3573193845,-7.2076064396,13.5237494259,-0.2723899533,2.164311216,-6.3472771506,-0.3364613131,6.4779454425,-3.4184440896,-4.8450511254,2.1025017472,4.1750674099,-5.3433067369,-2.4940051683,2.334007916,-3.7691834408,-1.5127562426,9.2743674118,-4.7252731606,1.5862105691,-3.6626122245,6.9884211529,-1.5151578595,6.9289961948,-10.5925046314,6.0350873602,-8.1486022573,9.9495575396,-3.7468828937,-4.3774406959,-0.3144094404,-3.0465325738,-1.5481777899,13.185979359,3.2866379063,-16.5478921122,0.925172962,1.7765973399,4.4095476379,3.1534149971,1.9721299047,-8.7897239973,3.0797294691,2.8385859404,-5.4510643625,-0.9648893912,3.7530299127,7.0292037544,3.6637088465,-5.6156192451,8.1488564352,2.1875297487,-6.6957981807,-6.2428988397,5.809349977,-3.6859980834,-4.6171772645,4.306009661,-0.0748647076,2.545107139,-5.7131995585,3.2944260432,4.7084400808,8.7896082713,0.6831119893,-5.5658093738,0.1145599746,1.9373653525,-6.5034829139,1.3494931162,-0.4652303735,5.5549598691,-10.4604843129,-14.5969182044,-0.4991557684,0.6975731271,8.8780201985,-1.0753496026,2.0604907673,-8.9727281717,4.1736087954,18.3094960691,-0.0637187948,-1.6031470706,3.274257974,-2.0587986778,-3.3715878857,-12.7111915325,1.8113684745,4.0602812117,-0.5405418696,2.5703999283,-4.7907649377,1.1706175644,3.003479385,-2.9848858123,0.0952899592,-7.3100838295,-0.6386446176,0.6750586984,-1.2253136333,2.5977284189,1.7248417066,-12.8906010015,-1.233534151,-11.0678647059,0.1935619682,5.7043430565,-2.4136908748,1.1517123201,5.9785509763,-1.2592729951,0.4034647771,1.5234416508,1.541641721,-1.0597773595,-2.1156992052,1.1827238834,0.2195627923,-16.3500051476,-0.8648999493,-0.7393195183,-0.2232442684,-0.6740525258,4.7821714916,1.023073278,1.7949800936,-1.9805746836,6.1073047903,1.0975669038,-1.7222877598,-0.7630191679
biasActivation=1,1,1,1,1,1
[BASIC:ACTIVATION]
"org.encog.engine.network.activation.ActivationSigmoid"
"org.encog.engine.network.activation.ActivationSigmoid"
"org.encog.engine.network.activation.ActivationSigmoid"
"org.encog.engine.network.activation.ActivationSigmoid"
"org.encog.engine.network.activation.ActivationSigmoid"
"org.encog.engine.network.activation.ActivationLinear"
