encog,BasicNetwork,java,3.4.0,1,1572779843984
[BASIC]
[BASIC:PARAMS]
[BASIC:NETWORK]
beginTraining=0
connectionLimit=0
contextTargetOffset=0,0,0,0,0,0
contextTargetSize=0,0,0,0,0,0
endTraining=5
hasContext=f
inputCount=2
layerCounts=3,8,8,8,8,3
layerFeedCounts=2,7,7,7,7,2
layerContextCount=0,0,0,0,0,0
layerIndex=0,3,11,19,27,35
output=0.4804439991,0.5298028478,1,0.7100707357,0.6372728676,0.9999997925,0.1402847379,0.5632915523,0.8971149777,0.0001141971,1,0.0000001051,0.0085382647,0.9972863088,0.5689857846,0.4449046462,0.99628197,0.0026953657,1,0.4961492158,0.999749693,0.9677417379,0.9989213166,0.1591023198,0.0001252004,0.038254552,1,0.9245064742,0,0,0.9998520689,0,0,0.0165848922,1,8,30,1
outputCount=2
weightIndex=0,16,72,128,184,205
weights=-5.0700438598,3.0631112845,3.454842918,-7.9569641936,4.7543973125,-6.3974810426,8.8419423034,2.2913410649,1.0424578175,13.572774562,-12.7051400363,-2.7423192052,-3.7695213705,2.5023831103,-1.6941866351,3.6980236952,0.9259900565,-0.7582995517,-0.8128705869,4.5153638032,2.638346329,-3.1109123718,2.294527237,1.063037748,-0.5157132298,-1.8175557358,1.994253689,-3.3589050857,7.2323254929,-9.2253170818,-1.8446603835,6.4796871437,-6.9577928554,-3.2177248285,6.819683537,0.5784528169,-1.7668045044,9.2211512887,-7.7285226821,-0.0946104677,4.3194132582,-1.5152732539,2.4241631132,5.4617722401,0.5851031083,-9.4438490044,-0.9729462966,1.825798704,0.4803058757,2.5129232313,-3.0854838738,6.8367127825,8.2110821,-4.9427860561,1.0410015474,0.6886480995,7.8090271089,-0.9222785773,-1.1566929587,-2.4928880679,-2.2748641292,4.7298214729,3.3763330904,1.0361790332,3.0522686249,5.3421458627,-6.8258781259,4.0585750467,-2.5739857812,-0.6829629899,-0.5475872328,-2.7979223665,1.2779115612,-7.0555765502,-4.4519257656,-7.6408011726,3.2896411302,0.833970118,7.4086844427,1.4857246462,0.1725708325,-2.2467026762,-2.0238071555,1.3773433306,-4.2709197446,5.5216317182,1.0981143572,-1.3746240417,2.5938677089,5.2060793744,0.9175695785,-1.9244058612,-0.2642180658,-8.0351318822,-2.263564189,0.5790014351,-0.2762039449,-0.7154439067,0.4586729841,-0.3870828388,-4.4336341276,10.7428205689,-1.3007710551,1.8266227668,-5.2351773288,0.9312596965,-1.1335606797,3.2264600948,2.1814294599,7.9289861482,-1.3106312442,-0.9787887685,6.9550618354,2.2194166257,-2.5757243944,-1.2627172069,1.6594178803,-15.3348793225,7.296677466,3.1339895014,-5.8585036204,-2.0821892163,-3.9957018236,-0.2918842243,3.5335895845,1.0498549836,3.6427015873,2.5315307501,-7.0567142593,-0.202101428,-5.5304555992,2.3139591312,2.0602979362,-4.32529118,1.7976396781,4.165144093,4.0017610543,0.9438335348,4.6926236676,1.550436201,1.353165841,2.6642441769,-9.1571452648,3.1945815488,0.2057443487,-2.5519852412,2.1183887088,4.7040718816,-0.8524418458,3.4773402903,-2.41990608,-1.4522630507,1.7690693058,1.6238738221,-1.1389781961,2.2606296472,4.4718654088,4.4621609656,-6.7581826821,3.047207304,-3.2395550342,-1.4559445929,-6.299363754,0.68884695,4.82261769,0.0706003278,1.0782930888,0.6234387077,-15.7198450834,1.1345612164,4.1974315056,5.8355431573,0.393418332,0.0416922218,-5.7095396481,-0.1923589692,1.3380794835,-2.1691517637,3.6855173512,-3.6392526753,2.6154935529,-2.3447414835,6.3858270616,-0.9287443325,-2.0865136873,0.2357064729,12.1261284653,0.7416078304,-3.7275436244,-0.6969316814,4.6860117759,-2.5580941371,-0.4212630445,-0.8517980179,0.5043929067,0.5012128582,2.838436822,-5.1183438282,0.10648234,1.2959415566,-1.8057395118,3.3138048361,2.0463561712,-0.1255119168,-16.6880310106
biasActivation=1,1,1,1,1,1
[BASIC:ACTIVATION]
"org.encog.engine.network.activation.ActivationSigmoid"
"org.encog.engine.network.activation.ActivationSigmoid"
"org.encog.engine.network.activation.ActivationSigmoid"
"org.encog.engine.network.activation.ActivationSigmoid"
"org.encog.engine.network.activation.ActivationSigmoid"
"org.encog.engine.network.activation.ActivationLinear"
