encog,BasicNetwork,java,3.4.0,1,1572779859662
[BASIC]
[BASIC:PARAMS]
[BASIC:NETWORK]
beginTraining=0
connectionLimit=0
contextTargetOffset=0,0,0,0,0,0
contextTargetSize=0,0,0,0,0,0
endTraining=5
hasContext=f
inputCount=2
layerCounts=3,8,8,8,8,3
layerFeedCounts=2,7,7,7,7,2
layerContextCount=0,0,0,0,0,0
layerIndex=0,3,11,19,27,35
output=0.7796611645,0.6071431213,1,0.9897042457,0.0534075284,0.8978722869,0.9626973219,0.1050506917,0.9999981297,0.2572271083,1,0.9999997866,0.9999998316,0.1103285431,0.9999966247,0.5232498778,0.9999550985,0.002682459,1,0.999778091,0.4450114857,0.9971315837,0.6068712872,0.0808401078,0.0000047067,0.0003979478,1,0,0.9722051933,0.3565775084,0,1,0.0000000057,1,1,8,30,1
outputCount=2
weightIndex=0,16,72,128,184,205
weights=10.0438958249,-7.31071236,14.4001746935,-9.5595345335,11.9043380838,-8.1018196426,-11.3061159555,-2.2534408022,6.7076529371,-26.8327324692,4.2236966488,-12.6320802412,-8.8422967982,5.2775964803,-0.7505119284,-0.5573190424,0.8206158123,-3.888390219,-0.616546741,8.6629259975,-1.0561393527,-3.7442147341,-4.0510761272,3.3461126746,3.5937110517,-7.6934547937,4.1916700245,6.8996221974,-17.8626643415,-3.7977986053,-10.4843527225,7.0351553699,-7.2509704898,7.0434738394,-2.1815858765,4.981892859,1.8962842454,-6.8496970863,1.9372903092,3.4920774788,-2.7754999787,13.0697622679,3.0094780965,-2.3801587372,-11.0768787367,0.1980770949,3.3576234453,0.5934331776,-9.2594346932,-3.4852665848,-0.8540189965,-12.8517000257,15.0108190453,13.7227920441,-8.0187989314,1.9931789652,-0.9996788265,9.9673936504,1.2959711632,-11.1492416427,3.5994924193,5.6118721995,2.1786397664,7.727018488,1.063022251,-3.5481151108,-3.0686419125,1.0007912286,9.003178662,-1.1386722032,2.477271827,-2.8165037591,4.4111691217,6.6339156532,12.2173366956,3.8571009839,-9.624235665,0.5828025973,2.5820676614,-5.7484667888,10.7959611786,-8.447566496,6.4192857954,2.910012203,-7.1405038825,-8.8569520731,5.2164815436,0.971118672,2.0592996293,-5.8861056832,-1.2127693393,-3.3898559046,-2.4494080345,-0.3179473098,0.2522023941,1.9375607788,3.3861945978,-4.8333162162,12.4144564187,-5.706892453,1.0786561963,-14.1948655951,1.4269393127,2.3612542187,-5.7442300049,8.5598696153,11.7415459532,-11.6681393625,-2.650888414,-0.236834992,-12.7250847022,-2.380662777,7.0267376709,-8.54868892,3.7953646493,-0.7136890603,1.1359415101,-8.8845369442,3.4251360026,3.3455691872,3.19861885,-15.4149617475,-1.0581235836,2.8697171034,8.3787176302,9.2856922033,-10.0698647465,-3.6162426648,0.644470961,23.3369502572,-5.1654945886,3.4989320774,-3.5058943946,0.7995925238,-4.705515329,-4.2219743085,0.6564246322,5.3864419005,12.8558727562,-2.1223472488,-2.5273190638,-0.9117843725,-3.5681771779,-3.946192944,-0.8192658544,14.6141304898,3.010555364,8.558094186,-3.3730303535,-0.3199604122,-2.1892439723,-3.8680328869,-0.6562469438,5.6205966886,6.2146790481,4.1192708862,-2.2136322315,1.8073059322,-2.7486058245,-2.2839703654,0.5382387196,-17.532440328,15.7092604371,0.193546929,2.9923735996,-0.3659457851,3.5439089015,2.4762912283,0.9140340641,-18.2047624972,6.8770768873,-0.5951655459,1.5551268507,-1.2322940597,0.5199324606,0.9049655718,0.1351459326,6.1084092869,-21.1164483512,1.0595225815,-2.5981920434,-0.2082571711,-2.5764324621,-1.0631438643,-1.0495453437,-1.6661776205,-0.7469872538,-1.0854536493,0.1026978772,9.1574105728,-1.3296071864,-0.2214708047,16.6907316906,1.4794235866,-8.5419806107,0.0600386979,0.7730535279,2.6465619047,0.1436816531,-1.4719985409,-0.2097313332,-0.9134952985,1.2396923673,0.7832278728,0.9714359461
biasActivation=1,1,1,1,1,1
[BASIC:ACTIVATION]
"org.encog.engine.network.activation.ActivationSigmoid"
"org.encog.engine.network.activation.ActivationSigmoid"
"org.encog.engine.network.activation.ActivationSigmoid"
"org.encog.engine.network.activation.ActivationSigmoid"
"org.encog.engine.network.activation.ActivationSigmoid"
"org.encog.engine.network.activation.ActivationLinear"
