encog,BasicNetwork,java,3.4.0,1,1572779938172
[BASIC]
[BASIC:PARAMS]
[BASIC:NETWORK]
beginTraining=0
connectionLimit=0
contextTargetOffset=0,0,0,0,0,0
contextTargetSize=0,0,0,0,0,0
endTraining=5
hasContext=f
inputCount=2
layerCounts=3,8,8,8,8,3
layerFeedCounts=2,7,7,7,7,2
layerContextCount=0,0,0,0,0,0
layerIndex=0,3,11,19,27,35
output=0.5909016439,0.6666587155,1,0.000107578,0.5049730314,0.2844458673,0,0.4263309607,0.0012766004,0.2534728624,1,0.038720171,0.5088174483,0.9999765858,0.000003255,0.1791794018,0.0000225353,0.9998825353,1,0.7814089938,0.0000008988,0.7484801451,0.0000007956,0.0003149273,0.9981321887,0.1986194857,1,0.0041804865,0.8216153972,0.622860664,0,0.0000000001,0,1,1,8,30,1
outputCount=2
weightIndex=0,16,72,128,184,205
weights=6.6043433325,15.4761332479,-8.1628137918,-16.9045939937,6.249585245,-2.6999826596,11.5820617986,-10.7228510201,-7.646906932,9.8802447169,-15.1331039676,5.2664351465,-17.5656372978,15.8618555899,-10.7884942539,10.2123420887,3.0891402177,-1.3643223274,-11.3889539343,1.8926976251,-1.6793903415,-0.3055361833,1.8067659981,1.3204384227,6.8925599181,19.4200303961,-1.108780237,-1.6437799297,20.9832556387,2.0941714265,-9.919681076,-2.8607775234,-4.3873135904,-8.3529062867,-1.700268885,-4.6741314254,15.267468892,-8.5262297915,3.4240948687,-0.9614044675,1.6118510484,4.0149359862,-13.6235635421,9.3748312988,-1.8844085035,4.7071787821,-8.8929217383,-3.7343972746,-2.8888891977,14.3453345874,-15.5576133612,-1.2000431069,3.8037208243,0.4736042918,0.0351501199,7.3564129607,0.0253677372,-4.5246876642,-8.2740345635,-2.6702908721,2.3876827346,-0.7688456991,0.54006914,2.9450181164,6.5905663067,-9.8180892105,15.9268089135,3.0719169852,-6.9180274619,-5.2389913143,-5.0670693819,-5.9600336934,3.1194404822,2.3190102695,1.8175636628,1.611461393,-3.7995357563,-6.1328998216,3.7310355105,-1.6282924566,12.5919176707,-5.2023168358,-19.8037749431,13.6186606494,-11.7317718853,6.9466106139,-4.7968736262,-0.9586265124,0.723160919,22.6976119667,9.0527485574,-12.9771786227,-8.2079999411,1.2454338018,-16.5355154923,5.3649983584,0.440314483,6.0028842416,-4.0420270212,1.3295372246,-2.7588306524,-8.5758378954,3.6097771654,-2.1102903587,8.507376962,-0.0721346637,-1.7033894029,8.4674756339,2.5201432568,0.7871283797,-19.8445698372,-3.7396449961,0.8749174994,3.5460499265,-3.0827199075,3.8138471266,-0.4836937876,-9.3826484319,5.2750947195,-0.7591876537,-2.2458270604,2.1661532671,5.1382331948,-5.6090095419,1.6424220287,4.9363508746,-1.2926540409,2.2874000821,1.3538938966,-13.4519687949,0.3207170641,-7.5532998092,0.4628982188,-0.8027416866,7.1981355747,4.9226833916,4.8959196527,-5.0243244806,15.012175541,-2.3430481869,0.8675378938,-7.5548044311,-6.9326115803,-12.2324720005,2.9262094171,8.7523761371,10.6916476803,8.1514722815,0.2611629854,-2.1306877983,-5.7193222916,-7.0528817121,-0.3282626274,-22.6768786397,-9.3407795729,0.3691420997,-0.1432101015,7.7629665168,3.2894546034,7.1174409201,-3.8352820997,8.5094372783,-20.7136017815,1.1942858509,0.8991124623,2.4673984192,-2.2093875148,0.0727700367,0.9363133123,10.8157674159,-6.3025705573,2.4088451792,-0.3788269324,0.9446789401,0.4282818311,0.8881445797,0.8949584236,-7.1397771111,14.6672460537,-6.5685335093,0.8430815333,-4.9305019432,0.1469383738,-4.8151245651,0.838338925,-0.4012173779,-0.1433284625,1.9926533164,0.397509035,-26.3391670926,-1.2167207465,-0.2362882639,17.3241220179,1.7819201068,-2.6118348671,1.417495416,-0.9791285642,-0.5477249457,0.8981409681,1.2625753332,-3.2858559238,1.1095424536,-0.9151462816,2.2776165484,-1.0425846198
biasActivation=1,1,1,1,1,1
[BASIC:ACTIVATION]
"org.encog.engine.network.activation.ActivationSigmoid"
"org.encog.engine.network.activation.ActivationSigmoid"
"org.encog.engine.network.activation.ActivationSigmoid"
"org.encog.engine.network.activation.ActivationSigmoid"
"org.encog.engine.network.activation.ActivationSigmoid"
"org.encog.engine.network.activation.ActivationLinear"
