encog,BasicNetwork,java,3.4.0,1,1572779948693
[BASIC]
[BASIC:PARAMS]
[BASIC:NETWORK]
beginTraining=0
connectionLimit=0
contextTargetOffset=0,0,0,0,0,0
contextTargetSize=0,0,0,0,0,0
endTraining=5
hasContext=f
inputCount=2
layerCounts=3,8,8,8,8,3
layerFeedCounts=2,7,7,7,7,2
layerContextCount=0,0,0,0,0,0
layerIndex=0,3,11,19,27,35
output=0.6543547619,0.6978723326,1,0.5421477278,0.6878166685,0.044777111,0.0000061288,0.313295862,0.0040038386,0.0035747528,1,0.0021168473,0.9541857866,0.7295003897,0.0172012234,0.0017854383,0.9999946223,0.9999477508,1,0.9352840969,0.049839184,0.6867135986,0.9998576463,0.483967929,0.9901837546,0.0294029314,1,0.1780031559,1,0.0000000139,0.9999999994,0,0.0005766899,0.9565159573,1,8,30,1
outputCount=2
weightIndex=0,16,72,128,184,205
weights=-3.6115815159,-2.8479365644,7.7174876575,-8.2087082127,12.0384841023,-2.0684079069,-12.9429108173,0.4925312126,-0.962123467,11.2537832666,-3.7876352807,8.2133176246,-2.7468148582,4.0170791572,-5.8117164007,-5.3469336799,0.9051619463,-1.4297217807,0.1575269465,-2.3730891533,2.617952184,0.2622256273,0.4237849105,0.7665389455,7.8989080006,4.3217134858,-8.3839795278,-3.7260947367,-0.495003724,3.8529381724,-1.4240442954,0.4016393089,6.8975279801,2.970398638,-4.3314346349,-0.3712795814,1.7686271806,-6.9144401215,3.1706327979,0.997786959,-4.8090262197,-1.2612516232,-7.9055337361,1.4527476044,10.5146082543,0.1791916113,-2.6556671231,-2.5891975888,-2.5938443869,3.5139944575,0.9992178811,-13.0672997134,8.4180058456,1.3080141778,-7.8794680675,1.9195947613,-2.333146401,-2.1984010683,-3.26493203,0.1939036133,3.6375448007,1.1231276494,-0.9286922409,-1.2364065712,-1.6346591852,-7.9478631859,-7.7795981356,10.6621405518,-1.4399207964,-4.1505092861,7.0458838286,4.5562804886,-12.8357973612,7.6956303905,2.4069304917,-6.8732909142,7.0570338398,2.1075034107,4.1770568702,5.0602940529,1.1571024606,3.9018820578,-5.3420548915,0.4385361227,-0.6497383012,4.7250404801,10.807456836,0.3075891787,-8.3888024795,-4.877538162,19.475736642,-4.1200998747,7.1457597743,-3.6106683778,2.8375939768,-0.1401714825,2.2452779697,-1.3190008313,5.494275981,-1.1032498775,-6.1646020171,-4.8464497955,4.6054695176,-1.1026287228,0.4353409708,6.0470584412,-5.9500942962,0.1987745584,-9.7084995429,2.6547822975,-3.9862123783,-0.9605014115,7.8061629948,3.9672677974,-0.7025974897,0.1535865779,-2.9993704665,5.244179376,2.1882387739,1.1580170118,3.7279115744,-2.9267260299,11.9262199913,-0.0305770376,1.0017319332,-0.211350582,-4.3451479873,-1.7884513558,-14.964800021,-0.4246210949,-9.5958632986,-6.427921578,-1.0705450191,-2.1055434996,6.5528340561,5.9204917002,-5.236508669,0.8873236271,0.7817682054,-0.4269643078,-2.9231422679,5.8927226233,-1.2029410376,-1.3288399843,21.3929695264,0.5932095597,-2.5517895567,3.3406448158,3.1210274234,8.4406363812,-1.4706897812,-5.555200288,2.9550354116,2.3766871313,-0.4891345148,-0.9608183961,-1.1343697702,-9.6311594496,3.0120028983,4.0397041497,13.2158438153,1.5794692542,-0.4690336668,-5.496307119,1.4226706583,-10.8446000105,1.1865658453,0.3715104927,-12.0593555563,3.7297450753,-4.8954304587,-0.3754601359,-1.2470829575,-1.9086809021,1.3920905493,2.0757142021,3.4456877922,1.3053137586,11.6100785603,-3.3151930424,2.1747139736,-9.431518778,-1.3048563215,-0.846726266,1.7451000855,0.2195870094,-22.0783462431,-2.7112186412,5.8134602682,0.1037093337,0.9432010814,-0.8372620074,-0.517460527,-10.4028218389,3.4834873261,-0.0774911688,0.8542312355,-3.3550956875,-1.047527233,0.249612101,-0.5651040654,7.4985961705,0.2523485056,0.0610879707,-0.7605237305
biasActivation=1,1,1,1,1,1
[BASIC:ACTIVATION]
"org.encog.engine.network.activation.ActivationSigmoid"
"org.encog.engine.network.activation.ActivationSigmoid"
"org.encog.engine.network.activation.ActivationSigmoid"
"org.encog.engine.network.activation.ActivationSigmoid"
"org.encog.engine.network.activation.ActivationSigmoid"
"org.encog.engine.network.activation.ActivationLinear"
