encog,BasicNetwork,java,3.4.0,1,1572779959262
[BASIC]
[BASIC:PARAMS]
[BASIC:NETWORK]
beginTraining=0
connectionLimit=0
contextTargetOffset=0,0,0,0,0,0
contextTargetSize=0,0,0,0,0,0
endTraining=5
hasContext=f
inputCount=2
layerCounts=3,8,8,8,8,3
layerFeedCounts=2,7,7,7,7,2
layerContextCount=0,0,0,0,0,0
layerIndex=0,3,11,19,27,35
output=0.3333341824,0.0500005894,1,0.9999911364,0,0.5088888101,0.9999807935,0.9822336161,0.775903234,0.9914093036,1,0.9961785711,0.9896857434,0.6553427188,0.0212095573,0.0005167823,0.9999968628,0.9998132459,1,0.0015931462,0.0006773251,0.7074136216,0.0258091889,0.9052768656,0.0000070554,0.9941006388,1,1,1,0.9019858093,0.0475673289,0.0000000001,0.9999244179,1,1,8,30,1
outputCount=2
weightIndex=0,16,72,128,184,205
weights=11.4247859076,-1.1889942138,8.7037431207,-9.088888882,-9.5065815858,-18.4248126074,20.1218892327,-3.7738236624,-7.0208949717,12.9963534522,6.8407278395,8.302601601,3.8790506101,1.4079736137,-3.9027281086,-8.7405900496,-2.0488928264,0.5784009808,-7.4372898345,-1.888449948,-6.5248270862,9.2352290811,7.0351784665,1.7505082224,-19.481484222,1.5014709792,1.1054900301,-1.1317019573,3.6100465601,-3.9465315982,-3.0273238055,-0.1590060088,-1.999876207,5.1309905721,10.4526704626,2.6127238002,2.2599227895,-8.0980094451,-2.7835331795,0.9240578914,5.9472037493,3.8906965482,-4.257436019,-4.0279539752,-2.7920478842,0.1013819992,4.8159754699,-0.954303874,-3.2924335612,13.3053864175,4.4290009764,-3.3533586736,-3.8826128299,-4.7597720996,-0.5968191781,-3.3486973704,-4.1117082589,5.0063671318,6.901643095,4.3994127609,-10.267743158,-7.4305929197,5.964692666,-2.7607387394,-1.822957911,9.9293546562,-6.5909775284,-3.2289694039,2.6688657475,-4.3073946378,6.0920043549,-0.6595320708,-4.4169311379,4.0852555591,0.6356115959,-3.2365240841,-0.8302848845,9.5593361493,4.1140583631,1.8632458679,2.7030400277,-2.2058865231,4.4633715465,1.47933817,1.2257873226,-12.7756839324,-2.8203693211,3.0595619765,4.9791684765,4.1927401009,-4.3361306904,1.4681347029,-3.1765507416,2.9528650953,10.0548492398,-3.458513031,3.4311900096,1.1855780817,-1.4454156275,7.4957585652,-1.6136236832,0.8290030462,-0.0985835772,-1.4503154884,2.9472777472,9.3591558496,1.8991523068,1.4578619108,-3.9894859068,-0.0068513914,-4.3504391197,-1.0231553998,-1.3475921391,-0.0399094459,9.5534299228,-5.5251394698,-1.8428101581,-2.440601847,11.065794119,-3.2735107389,-7.1799495893,-14.5123899151,9.1332073764,-2.5089347379,-3.2053088097,12.7066946824,4.0637063612,1.0724665766,-0.4665976206,0.3904174546,-7.8987392919,9.2077045833,0.194249202,0.2009237398,0.0883201899,0.0330661792,-7.9440592184,-2.7874313606,-9.6826713261,0.7552206716,0.2701069807,10.4070226955,4.7460622437,-3.019781081,9.2001854657,-2.0408482968,1.4478109725,2.8017931116,0.1352580245,-7.0190691984,2.0049427723,-2.7020644265,0.4097146526,0.0844065304,-7.960090976,7.0578860986,0.5424215142,0.6966840132,1.1394301976,0.883104971,-6.465580234,2.3545523369,2.1054264869,-0.9967906292,0.4092498811,-1.7020462114,3.1640134647,3.0545644171,-11.2023488634,0.4978750817,-9.7948251926,10.6254282104,-0.7415061667,5.7170338657,0.3634824214,1.0920545119,-8.2301471668,-0.4685333568,12.4514268961,9.6595290909,0.9160050859,2.5941556243,-0.7360284192,0.2772554011,-3.369943555,2.7303480059,10.8548039052,1.1835957397,0.6501529559,-0.3732314351,-1.36849892,0.2358960506,6.0905963575,0.5634916809,-0.1911904702,-1.7690926015,-1.092670788,-0.5126609407,0.8686066505,-0.9010671676,0.4657436832,2.7264419578,1.3785899539,2.4104875545,-14.3915750353
biasActivation=1,1,1,1,1,1
[BASIC:ACTIVATION]
"org.encog.engine.network.activation.ActivationSigmoid"
"org.encog.engine.network.activation.ActivationSigmoid"
"org.encog.engine.network.activation.ActivationSigmoid"
"org.encog.engine.network.activation.ActivationSigmoid"
"org.encog.engine.network.activation.ActivationSigmoid"
"org.encog.engine.network.activation.ActivationLinear"
