encog,BasicNetwork,java,3.4.0,1,1572779971474
[BASIC]
[BASIC:PARAMS]
[BASIC:NETWORK]
beginTraining=0
connectionLimit=0
contextTargetOffset=0,0,0,0,0,0
contextTargetSize=0,0,0,0,0,0
endTraining=5
hasContext=f
inputCount=2
layerCounts=3,8,8,8,8,3
layerFeedCounts=2,7,7,7,7,2
layerContextCount=0,0,0,0,0,0
layerIndex=0,3,11,19,27,35
output=0.6176488212,0.6071428068,1,0.1193327075,0.495425982,0.999982855,0.0000000019,0.9213918688,0.0034011686,0.1121163888,1,0.0896880239,0.9999513183,0.0000013379,0.0177992248,0.9999903297,0.0571424159,0.8885329098,1,0.0078210681,0.7328957307,0.0000105732,0.9999989452,0.9990386142,0.4602549606,0.9891621899,1,1,0,0.0000000053,1,0.8714002782,0,0.0000000047,1,8,30,1
outputCount=2
weightIndex=0,16,72,128,184,205
weights=-6.710212001,-7.1675898709,-2.9022079952,8.9429919725,16.5762454992,3.8631229566,-6.386709851,-6.8368053272,2.8935247761,13.2960144225,15.9081116122,9.614461391,-5.2495255267,6.9068531784,-15.1085809526,-15.8977058749,-3.8161533408,8.8109624047,1.2823358334,7.1279245987,-15.7264668243,1.3871449163,1.0306947375,4.137335817,-3.255232322,16.9856992191,-6.6337225727,-10.4468434426,-4.563989314,1.2641660915,-9.8905178305,-3.2455007024,-1.569120869,1.7856233144,0.3816016029,-3.5583342359,4.0137373231,3.750751061,8.8565605713,-2.7050516773,11.7088053317,-15.5938472284,-1.3905399841,-3.4653287069,1.695255877,-2.2110958337,-7.6018946828,-0.314137748,-0.813495298,3.4670932148,3.6115659354,6.6266419464,-3.5352324677,5.2142351117,-0.1637507952,2.3322349772,-0.8395133519,-0.368259014,0.4822700261,4.6202019894,-0.7550369097,1.4481398978,-1.9741310237,-2.8925707405,-6.9296238779,3.9327007491,13.317599856,-8.9724162166,-9.3006797116,-3.8946012648,6.1126551944,-1.1287825488,-11.4045254465,-14.6815784291,-4.4436788926,1.086523628,0.1039487169,9.2661210318,3.0426109819,0.0670734033,14.5374127747,17.9045049031,3.376650327,0.8028604454,5.3567117652,-14.8691408757,-4.6488295827,1.9819109056,-4.8775050215,-1.2524848384,11.3815197397,-11.7761967891,-4.7633859601,3.2513897877,-2.3180590018,4.7629956981,5.3044159045,-4.6668167888,4.2955917102,-3.4360142569,0.3311638366,-7.9982731285,6.3519974905,-0.1286280428,-15.0407212993,-4.9062957976,-3.7836437252,4.5001918279,2.7404589568,7.0844392414,4.0360464712,0.7689597256,8.0844722721,10.303558497,-15.8700357621,-3.258256004,-2.1657144881,-5.5823952105,1.9455555406,-4.351123938,0.5529493132,5.0607080904,-6.2668401896,3.776719554,-1.2312136262,-3.5729824975,0.3676523642,-2.9032579675,2.6820177466,1.8026141257,2.6612926529,4.6044465971,-19.8975771946,4.0355136955,-0.136137594,5.2092076056,4.3745450465,0.4791047021,-5.008746207,4.3205269112,-15.7299262119,3.0248310401,-0.4382482059,6.0213544863,3.3471334443,-0.0058403835,15.2159327776,1.7596215436,-21.0529428767,1.4355500628,-0.85226498,1.7816053223,-1.4758166999,-5.6275788064,-5.5029776266,0.1890531582,17.6065292211,2.0575713893,0.4958775198,-0.2933906009,1.9830868378,-1.5960495478,-6.2578208123,2.4707562735,-0.5088316041,0.585945109,-0.8453872583,2.9357258779,-5.9918898959,-0.9406529508,-2.1149389387,-4.4886786039,17.6823431835,-0.9203981942,-0.563795237,-5.0871465372,-2.408651941,-1.0096093794,-8.0973596322,-1.0574820949,10.3862894103,-1.3647450117,-0.1327731853,-1.070664049,-0.5678141518,2.8826404396,-0.2510495923,1.0057126661,-1.2136027755,-1.736736961,1.1248718259,-1.0439532774,3.2631519975,0.552004712,1.5619501897,0.0588995964,-2.1611466331,-0.2338934204,26.2193724618,1.1606993229,-4.4262397683,0.1036040778,-0.6737115394,-0.4540010359,-0.1648810001
biasActivation=1,1,1,1,1,1
[BASIC:ACTIVATION]
"org.encog.engine.network.activation.ActivationSigmoid"
"org.encog.engine.network.activation.ActivationSigmoid"
"org.encog.engine.network.activation.ActivationSigmoid"
"org.encog.engine.network.activation.ActivationSigmoid"
"org.encog.engine.network.activation.ActivationSigmoid"
"org.encog.engine.network.activation.ActivationLinear"
