encog,BasicNetwork,java,3.4.0,1,1572780024953
[BASIC]
[BASIC:PARAMS]
[BASIC:NETWORK]
beginTraining=0
connectionLimit=0
contextTargetOffset=0,0,0,0,0,0
contextTargetSize=0,0,0,0,0,0
endTraining=5
hasContext=f
inputCount=2
layerCounts=3,8,8,8,8,3
layerFeedCounts=2,7,7,7,7,2
layerContextCount=0,0,0,0,0,0
layerIndex=0,3,11,19,27,35
output=0.0000992351,0.0003888636,1,0.0081136078,0.0100287718,0.7944247674,0.0062594971,0.0126965639,0.3151765125,0.9998084096,1,0.0000576594,0.0138023704,0.7535324218,0.9948604663,0.0086316831,0.9340609527,0.1455589113,1,0.1981470172,0.0579020955,0.1311622557,0.0157304384,0.9500935293,0.8914591159,0.0002320412,1,0,0.0001206349,0,1,0.9488866721,1,0,1,8,30,1
outputCount=2
weightIndex=0,16,72,128,184,205
weights=-12.699476331,2.6432900231,4.1969447382,-12.0084465638,9.3992607768,8.607717305,-11.4366790931,-3.7981802401,2.8789860219,11.0063521923,-0.9238090321,14.3866358901,-1.8928112968,0.375226886,-2.5516374118,-4.8848705296,-14.0472178772,-4.5152278414,-2.2899870415,3.6360206427,5.3880670723,-6.3594846858,-0.8662656215,-0.6149579434,-3.8152810445,2.5530005764,-4.3027225342,-5.3887811432,6.1190557916,0.9264498891,-4.9793205603,3.7826971073,-2.8611234074,-3.1087298456,1.1053215883,-0.7565373386,-0.6433822546,0.8047819581,2.022430473,0.2740877666,11.235098472,-1.5108372775,-5.4065268384,7.958715358,-1.4262018923,-8.2239327275,-5.0296146209,-0.4649187489,7.258192437,-3.682606992,1.4680850226,-3.9895852892,7.3328631449,-5.7631575838,4.0302167125,3.2928067476,-3.5972463996,8.5159441352,3.0315473104,1.6082318229,-2.3514179821,-7.8515313406,-0.3107442124,2.6216405974,-2.9224804296,4.9497898998,0.8926576424,-4.0894565389,4.2051419076,12.8507625793,-5.0018325987,0.5759693472,-3.178922029,6.2546235855,4.3957682071,1.0530605086,-1.9840556637,-9.4913066143,3.0646829086,0.2591544545,8.1895885366,10.3712624752,-8.4882494226,0.8818068665,1.6745279109,-1.6184618018,1.9365149635,-5.5414250208,6.7424569158,-1.4915225052,-1.8523935709,3.7421495309,0.3084404564,-0.6876390186,3.3407743265,0.3711841998,3.546547086,2.0176767699,-5.3066792926,2.8512898054,7.5039236459,3.7699913884,-0.1829051239,-5.3929213645,-4.4423920577,6.2309993287,9.2253465326,-0.586115998,-2.3558406323,-4.8289291135,4.5626279819,1.1170179054,11.9885339607,-8.9199361654,-7.3015229677,-4.4557754719,-4.3290274808,8.7019287008,-5.1273799965,-1.8236657233,-5.003204986,-3.7513615629,3.5148143058,1.1044140332,1.2996027504,-6.4494928491,3.5908428985,3.4742130918,-5.3894121221,15.4982840163,-6.885715509,-6.3800486626,8.8548665123,-1.3458870507,0.6120693865,-2.0761147482,0.1788165312,-5.5050804979,-5.2978327503,-1.5118522236,-11.584762352,5.3205298246,0.9394922174,4.3952574725,1.0816018057,-3.3202625576,2.1266023017,6.7506776827,-10.9896439826,0.7844385285,0.8660940424,1.0024897926,-0.4559736102,5.4741083207,-2.4855940992,-1.3860758393,-3.6007142989,-0.3909475562,-0.2885576845,1.0567306202,1.3466374517,-6.19088795,0.98000697,-1.399256946,8.0911401684,-1.8100346507,0.3840719712,-1.5211268706,-2.4456851189,5.9447491683,11.1994924675,-3.9100902304,14.1305201797,-3.8340797708,0.619015412,-3.5590767491,1.4419940063,7.3886426294,2.3419476638,-2.2689178953,-0.0654030486,-2.3440664329,-0.3737490896,-3.6942103581,0.767871113,-7.031714815,-0.7327239867,3.80685486,-0.4060797819,-27.2950671136,1.3562733454,-1.7726329792,4.0282651294,-0.7127554772,1.258203518,0.5906654596,-1.0297038865,0.1418376485,6.9037457276,0.8833600719,0.8912966613,-0.4661078715,-0.8330827211,-0.987601363,0.9063137583
biasActivation=1,1,1,1,1,1
[BASIC:ACTIVATION]
"org.encog.engine.network.activation.ActivationSigmoid"
"org.encog.engine.network.activation.ActivationSigmoid"
"org.encog.engine.network.activation.ActivationSigmoid"
"org.encog.engine.network.activation.ActivationSigmoid"
"org.encog.engine.network.activation.ActivationSigmoid"
"org.encog.engine.network.activation.ActivationLinear"
