encog,BasicNetwork,java,3.4.0,1,1572780039424
[BASIC]
[BASIC:PARAMS]
[BASIC:NETWORK]
beginTraining=0
connectionLimit=0
contextTargetOffset=0,0,0,0,0,0
contextTargetSize=0,0,0,0,0,0
endTraining=5
hasContext=f
inputCount=2
layerCounts=3,8,8,8,8,3
layerFeedCounts=2,7,7,7,7,2
layerContextCount=0,0,0,0,0,0
layerIndex=0,3,11,19,27,35
output=0.0754827501,0.0004281017,1,0.4947886527,0.3695365417,0.9899603332,0.166067414,0.3557176165,0.9905613783,0.8953105185,1,0.9997576272,0.1776837919,0.0244004108,0.9798227042,0.1099383033,0.9885151975,0.6285825112,1,0.0000003282,0.2012878229,0.3637960568,0.2763319097,0.9060925602,0.9814933215,0.4131226267,1,0,1,0.054733738,0,0.9947832133,0,0.2061336646,1,8,30,1
outputCount=2
weightIndex=0,16,72,128,184,205
weights=-2.0891063123,6.8013538055,-12.5801527889,-1.5521816367,8.6830831565,-6.4806599988,14.1528709933,-0.6138795955,-3.0121415504,-0.9423361621,-5.6965801056,13.4488971358,-3.5964912182,6.6672286169,-9.1953492666,0.3965733882,-0.8367841722,1.0241306177,0.5153936384,2.5718770753,-0.4916055007,0.6756191002,-1.0795808697,-1.8340033839,5.7402141336,5.5177792272,-4.952320062,-3.3274435498,0.3000094824,-0.386560168,-3.1233443936,-1.5598872544,1.5807006977,-4.6408411148,9.6689474597,0.7082178223,0.3322062337,5.2085003604,-1.2480528562,-1.4951483285,0.8923705763,5.2555921766,-3.3181846587,0.5764637593,8.4053902874,2.3017521526,-12.0796618662,0.4700590592,1.2264637528,1.9003303439,1.7406112386,-1.1951036339,-8.8722553146,1.2368073206,-0.8924893163,-0.7155052186,-0.699277593,-9.13049131,5.956113092,4.2610846325,1.6835688603,0.8827365589,-0.9670350022,2.2046452988,5.0540415143,2.9670354384,1.2701053725,-2.5833405058,-13.5503072856,6.7281558742,-7.0549445489,-1.6601858957,-2.6920584326,0.2862268665,1.5947775048,0.9670968251,3.7289417802,9.0381829819,-2.7544813676,-3.691979346,2.7431180747,7.3870824794,-15.2144265217,4.8922313364,-1.8271831475,-1.665674914,2.5342315302,3.4075160888,-2.9065585839,-1.7832192623,10.4689265254,-5.2245999064,-0.6145475692,-10.0089661285,2.6563713818,3.5888217469,-6.8776198329,2.146314432,0.7480608314,-1.685322521,3.0147706363,0.1947039213,-4.0156503804,2.3805499363,5.9348873968,-3.0402437949,-9.3466040372,-1.5168679197,-9.0029656406,9.9941632975,-3.2972970763,2.0505110415,-2.5289396164,3.0250614699,-2.3941028924,-5.2977799917,5.3763587838,-0.6220477469,4.3274929256,0.1324547928,3.7476440312,-5.9887560758,3.7907713895,11.2471805312,0.5357406234,-1.5981751476,1.1688904671,-2.1551470104,1.4993772398,-3.6328984439,-1.4493138241,3.6805950817,-12.8328925931,-2.106962241,-1.2421044941,1.804432679,1.7827044603,-1.2723966768,3.6793533791,3.1382583801,-2.7777000097,-6.2067248411,-3.1643394463,3.1082333266,1.6942743057,-7.8665037147,-8.2910501524,0.6723779295,11.4070385617,2.1619577174,14.4625472509,-6.5673702071,3.997213838,3.3160316208,-2.7950379186,1.7329155078,-6.5847970798,3.9774020109,-11.5664022276,4.8088915939,-2.5086011898,-3.3144547984,-4.2372711374,-2.1784815126,10.5859234135,6.3139499524,4.9488656813,-5.7376183908,4.5746470221,-2.325854078,2.4906365419,-0.2254975554,6.3341626656,2.4577295235,-7.8157296629,1.47044208,0.6641171209,0.0909019857,2.5519883222,-5.3948107837,-1.9671731179,-5.0744030649,6.7068494082,-0.0072499248,3.1293644515,-3.7878507211,-1.9334246923,-1.2911420113,7.5455600315,-0.0049460204,0.4410245399,-0.0721356454,-4.2131133024,13.1338590954,-4.3774330232,0.203143919,-0.3530625717,0.4764151208,-6.2173098516,2.3594228178,-2.0519859108,-1.3250331868,0.0047889256,-0.1553812357,3.2747353776
biasActivation=1,1,1,1,1,1
[BASIC:ACTIVATION]
"org.encog.engine.network.activation.ActivationSigmoid"
"org.encog.engine.network.activation.ActivationSigmoid"
"org.encog.engine.network.activation.ActivationSigmoid"
"org.encog.engine.network.activation.ActivationSigmoid"
"org.encog.engine.network.activation.ActivationSigmoid"
"org.encog.engine.network.activation.ActivationLinear"
