encog,BasicNetwork,java,3.4.0,1,1572780096028
[BASIC]
[BASIC:PARAMS]
[BASIC:NETWORK]
beginTraining=0
connectionLimit=0
contextTargetOffset=0,0,0,0,0,0
contextTargetSize=0,0,0,0,0,0
endTraining=5
hasContext=f
inputCount=2
layerCounts=3,8,8,8,8,3
layerFeedCounts=2,7,7,7,7,2
layerContextCount=0,0,0,0,0,0
layerIndex=0,3,11,19,27,35
output=0.968255973,0.9999926175,1,0.9999947544,0.5633160207,0.0000000658,0.0000069998,0.0077787021,0.0000000512,0.9999999812,1,1,0.9999993429,0.9676857099,0.0000000043,0.9999997908,0.9990323819,0.9999520547,1,0.000234051,0.1215305335,0.0112651384,0.9999998942,0.9999948849,0.0457882187,0.9988834093,1,0.9999999999,0,1,0.0237015131,1,0,0.1570810477,1,7,26,1
outputCount=2
weightIndex=0,16,72,128,184,205
weights=12.8670350023,14.5731926507,-6.466129141,-3.2274908145,-15.1373873956,14.2753496982,-14.5021587809,-3.038558472,9.5186380579,-17.6672166754,10.0861174875,-18.5762157695,0.0179121294,-9.5471318593,13.861620275,-1.6116016288,4.9364122778,9.2158901436,2.1364555755,-2.0369963063,-0.4249588691,-3.4483505362,0.8450154679,-1.0365996537,-8.9007872251,3.8722923937,-8.4341621632,-10.8206540036,5.3980286363,15.1523388596,-10.6275416001,3.5360740054,0.4321100417,0.1568604609,-10.3141943117,17.2199408011,-6.8341448437,7.4465209463,-10.2933857388,2.543023794,1.0722877727,-2.007728356,-3.9638237495,-2.5002914156,0.9257759213,-4.0226199954,-7.8461735178,3.8403059034,0.0642931631,2.4713069608,-4.9848877841,11.0072847458,-7.4534310691,5.6907739201,-2.9195201952,2.1271917654,12.1652094135,0.8176378302,-15.3235119334,6.13226269,11.0541516602,-18.8805359772,-5.0217485928,-2.1122498773,-11.427438623,1.6731424751,3.3118587078,-11.6021870396,16.4424566064,-0.3469468158,0.3215135717,7.9206775991,-7.5717568116,-17.4591315269,3.8644429212,14.4148108907,15.8891239557,-1.676406192,8.1363225263,2.3048908456,-1.0764238225,2.8968614026,-1.9225922413,4.4956046988,4.8744586155,1.5963509948,5.2081159951,-0.7401494253,-6.7417620162,-13.6373233831,-3.738570618,5.1791307762,-1.0675368214,1.7405568207,0.7625047675,0.1474931965,12.5733774604,-0.0876351042,9.3913241811,-5.487687109,-8.5638493642,4.8390819761,-5.9059746445,0.3711738482,-8.0701409819,-5.2624382239,-9.4005244122,2.6764161617,-0.4487495016,1.0092142736,9.6501118746,4.2140345534,0.6095702758,0.591194962,13.9744291437,-4.6748025888,7.3609954735,-6.696466034,3.3516971814,0.9827989847,-16.8717204738,1.9167882792,1.8506484605,12.8906722845,-8.0324973862,0.8835072672,5.4556477253,-0.652670826,-3.274021936,-0.7978702955,-2.3606394634,10.1498700967,-3.4051464936,-1.1391803199,18.3606192816,-2.4446022383,-1.4200218411,0.7296847795,-1.1200068978,0.005551883,-1.1680031111,0.4325665221,17.986161336,-1.095400419,-2.4655720385,-0.9210370595,-1.6928304576,-4.813310693,-1.3617606097,2.7828466706,16.4027258036,-1.4170248516,4.8503225624,0.4557367448,3.773603294,-17.8205690737,4.9606313345,-0.9582839921,-5.7684566539,3.8057281146,4.259077285,0.1211030427,3.9070693041,-13.4195832753,3.9807367524,-3.0550796691,-16.4796933774,2.9431402306,-0.4462527083,-0.8789635862,-1.3413879813,3.5140663002,-0.6677107015,-2.7064943023,-1.0066647699,-0.506668156,1.5839585176,0.246683708,1.2381008192,-8.420433368,1.9859364826,-2.6387710528,0.6653679857,2.0834225583,1.1620066495,0.5825887556,-0.0675768733,-1.3908260737,-0.6643035949,0.4953560367,0.403625397,1.0543895275,0.6832250964,1.586180049,-0.563654048,-0.1664845722,1.1241072082,0.7239400248,-0.8367697649,1.0158204738,-4.72278645,-0.0097582189,2.110130947,0.1907263984,-21.4099119002
biasActivation=1,1,1,1,1,1
[BASIC:ACTIVATION]
"org.encog.engine.network.activation.ActivationSigmoid"
"org.encog.engine.network.activation.ActivationSigmoid"
"org.encog.engine.network.activation.ActivationSigmoid"
"org.encog.engine.network.activation.ActivationSigmoid"
"org.encog.engine.network.activation.ActivationSigmoid"
"org.encog.engine.network.activation.ActivationLinear"
