encog,BasicNetwork,java,3.4.0,1,1572767548068
[BASIC]
[BASIC:PARAMS]
[BASIC:NETWORK]
beginTraining=0
connectionLimit=0
contextTargetOffset=0,0,0,0,0,0
contextTargetSize=0,0,0,0,0,0
endTraining=5
hasContext=f
inputCount=2
layerCounts=3,8,8,8,8,3
layerFeedCounts=2,7,7,7,7,2
layerContextCount=0,0,0,0,0,0
layerIndex=0,3,11,19,27,35
output=0.4026844324,0.4370829147,1,0.236709575,0.0000271587,0.139209455,0.0017168368,0.0013167438,0.0000048863,0.0000532455,1,0.0868765797,0.9998112238,0.8045819862,0.9816452998,0.0000006659,0.9999960722,0.0007004603,1,0.0012173799,0.9741491618,0.8211110161,0.0022868418,0.999999967,0.0315750318,0.7843069945,1,0,0.999999563,1,0.1067599109,1,0.0058674119,0.9999999601,1,8,30,1
outputCount=2
weightIndex=0,16,72,128,184,205
weights=10.0639830727,-2.8009652355,-9.8632295778,7.974322547,-7.2661383625,-5.656086307,-6.2285442194,-1.4071663134,-14.8832938683,9.7415833481,2.7102618597,2.7286946069,-2.0061631931,10.398342289,5.0495869606,2.8900872919,5.8527669982,5.6861457952,-5.1658511893,-1.2356321279,-5.8329899161,-2.9039641344,5.8897143859,0.9047889916,1.1088432725,5.3146111078,4.5018805384,-9.5043616008,-2.2419418172,-7.2893328734,-0.4012497089,-2.9263580121,-2.3146311137,-2.8693698373,-10.5863785775,4.7771853274,-0.5445737377,2.6528287822,1.7445399524,2.4221118664,-0.0100554801,-4.3619004716,-0.7781508699,-4.4063129523,-4.2796339729,-0.7736900418,6.002078615,3.7174054293,0.4114860201,-3.7970341929,0.0239080341,-3.2536251603,4.0743253006,1.8567310885,2.5158192055,-1.5545257643,2.0346805914,6.6247946812,5.6466332082,-6.059701998,2.0191502059,-15.0169103168,3.5628812564,-2.6097282743,-1.8466309943,-3.9199336784,-5.4580214335,-1.2433646788,4.4024641944,2.0608537582,3.3633211406,-2.2121563805,3.401796876,3.0879222039,-1.1278953394,2.2318962489,-6.1839468141,0.7243421689,2.0730687642,0.0915557741,5.5043513038,6.287927388,3.5564336763,2.8548619042,-3.3374654599,-12.4964815034,3.1587379069,0.7705457243,9.0443012904,2.2498989098,3.5824618019,5.0953595044,-3.9054384952,-8.2278506934,1.9714608389,-1.1218141846,-4.2046646067,-3.632631459,-0.1977878143,2.0333965673,5.3981722093,2.4799917013,4.5834226788,-1.3903446912,-1.838893359,-2.917989713,-4.5046651169,6.112565097,-6.5299147062,4.8102939815,0.2233985085,-1.4896715497,-7.8479374897,1.4520204667,0.7432744842,-4.4022911356,8.5107470735,9.6137514352,3.1664523044,-0.8555246603,0.1423407821,-1.6968689821,-10.1257357813,2.2277441362,2.1957615832,4.2968708727,-2.6628158357,2.45604647,-3.1782852152,2.4743173671,-4.9506004945,12.1838548029,-2.6048000694,1.4543435549,2.7886751112,-5.7267074103,-1.8478662177,-2.6612004363,0.1355636761,1.2722602861,-0.3824266177,-9.9176415977,6.5658813601,-0.1062329809,-3.2843616916,-10.0712286542,2.4068604133,4.1425237779,2.085599879,-7.2404152755,4.8166122927,1.8862717985,1.0100147984,3.2767426343,-1.3213256662,2.2838685128,-0.5097238064,0.6189214082,-5.3859909129,-2.3854521894,-1.3176816033,1.941937047,2.0714206967,-7.5277032836,1.6842360954,1.3228859468,12.0197955781,0.3044077038,2.738510661,-2.8136918913,-0.7180910319,-9.325968002,0.0105146041,14.5836411325,0.3090859047,0.6989481484,-0.7370659168,0.4686599892,0.7986660747,-7.1161832963,1.6229120437,-4.681875725,-2.7709385875,1.9588385549,1.0776036721,-4.9217936357,-0.4635429022,-0.1239138302,0.6661595538,-4.3502238935,0.8157253686,0.897639915,0.5808032144,-0.0543006897,-0.4543444878,11.9404672397,-0.6881212653,2.7163958571,0.5332969477,2.0117663877,-0.2442367708,-13.8994849259,-2.2314675936,1.1204385146,1.2752676344
biasActivation=1,1,1,1,1,1
[BASIC:ACTIVATION]
"org.encog.engine.network.activation.ActivationSigmoid"
"org.encog.engine.network.activation.ActivationSigmoid"
"org.encog.engine.network.activation.ActivationSigmoid"
"org.encog.engine.network.activation.ActivationSigmoid"
"org.encog.engine.network.activation.ActivationSigmoid"
"org.encog.engine.network.activation.ActivationLinear"
