encog,BasicNetwork,java,3.4.0,1,1572780153596
[BASIC]
[BASIC:PARAMS]
[BASIC:NETWORK]
beginTraining=0
connectionLimit=0
contextTargetOffset=0,0,0,0,0,0
contextTargetSize=0,0,0,0,0,0
endTraining=5
hasContext=f
inputCount=2
layerCounts=3,8,8,8,8,3
layerFeedCounts=2,7,7,7,7,2
layerContextCount=0,0,0,0,0,0
layerIndex=0,3,11,19,27,35
output=0.6011675083,0.4740118637,1,0.9845118629,0.5828057944,0.9999117433,0.9999966665,0.99999999,0.0000053254,0.935768049,1,0.6918526484,0.9925737972,0.9742111133,0.9689650293,0.7303224784,0.0003401951,0.4178037509,1,0.9715477957,0.1526306128,0.2620536194,0.3357140269,0.1198850484,0.0010516867,0.0096641907,1,0.0004471906,0,0.0025938822,0.0000000266,0,0.0001388939,0,1,8,30,1
outputCount=2
weightIndex=0,16,72,128,184,205
weights=7.7536482325,-19.7913730874,-14.7505693445,4.3920625398,11.1901595279,5.8487615953,6.5972152912,-2.6951338836,-15.2502835877,2.9374266402,2.5894443332,-2.4666457975,0.484735698,-8.664457155,18.520328307,-4.7399097294,3.5071539632,-2.5755770079,2.1110216427,-2.5212062403,5.536522953,-10.2219244768,2.7472987798,-0.5193334604,-8.6842157473,-1.7753805274,5.8126646641,6.6955071795,-1.7556870543,-2.1772931423,3.83036679,-4.3631619736,14.0535232032,-0.801228993,-11.3016383328,5.2225852278,3.1484418258,-12.825499437,0.3153732229,3.9303850869,-9.6481443304,6.8512295925,10.0053526028,-1.2011226774,2.4344511897,-1.1553146394,2.6974100198,0.9982101345,-16.7006179698,11.1506301743,7.1263526275,-3.0421701452,7.0868304179,-0.0081814484,15.4631414133,3.2802277882,0.0197253629,-4.4799778725,-5.237653197,2.8795163883,-8.9959261182,5.3690214859,-1.338011274,1.7296047193,-7.8472899263,9.5029450257,-12.439543023,10.9268467262,3.4419698081,-7.5277650217,-6.0164461589,0.2091764174,-0.1044039768,10.1453295857,-2.083646697,9.059802691,-8.792134142,-0.1103187745,-2.2971559844,-2.0573735876,2.6129672776,-7.0499293747,1.7439748626,1.8006147657,2.8982545246,-8.417553711,-1.291830236,2.0450723178,5.7264822661,-6.4345342055,-2.0641251978,0.3550058995,2.9223700796,-0.7263719579,-1.2710356898,-0.8653299572,2.3610425888,2.8374215372,-1.2888861438,3.739769109,1.6251260957,-1.4747736228,-6.6111498728,-0.3329508192,-0.3391523435,-6.6945956371,4.3468238169,-4.507900185,10.3534693556,3.0682159215,1.4109478566,1.4637380167,-22.3816177949,11.8303844677,9.3753131345,3.5177778612,-13.8144628471,-15.6531512651,1.3410569753,9.9753288688,3.4704508157,-9.2648706649,0.1866181421,-11.2185166051,10.5386076972,5.5131361953,0.0897843573,0.1578204313,2.6623108357,-1.0794395587,-2.0001894063,0.2183638937,-0.2420489569,-31.740487707,-1.9553593504,3.5390710791,-11.9518838079,-0.1073342325,1.4800237445,-0.7171823717,1.1372693236,16.2640874196,-3.7427411023,-1.7148692067,3.9059077417,-0.0474442277,2.8609889113,-0.0292329255,0.8649483215,2.0518197388,0.405655486,-1.0447747676,-13.6784058805,2.3673037401,2.9755624726,-0.5600999527,0.6454254516,11.6634197025,1.2564618608,-0.6856744201,16.86255405,0.9202093519,-5.6706422924,-0.7276070004,0.2011685744,3.4373522087,1.751849766,-1.9868283767,19.0157290155,1.8225012062,-9.2455702839,0.1362136795,0.6794801957,-3.006500284,1.0453292148,-6.8404119491,0.302356402,-1.6019619563,-4.7791361216,0.2070926795,-0.3222794938,6.4498699883,2.4096481279,-4.6182512624,3.0849909199,-0.4071558785,-20.1773294496,1.1027377568,-6.2303245938,-0.0479943495,7.4997959538,-2.1887077405,-0.2891377767,-1.0282631401,-0.3017422259,-0.1624230229,-0.8333756121,-0.7293216973,-0.1837610116,2.368341017,-0.3462996502,-17.4393996442,5.7254810137,-7.6674809869,1.2474619025
biasActivation=1,1,1,1,1,1
[BASIC:ACTIVATION]
"org.encog.engine.network.activation.ActivationSigmoid"
"org.encog.engine.network.activation.ActivationSigmoid"
"org.encog.engine.network.activation.ActivationSigmoid"
"org.encog.engine.network.activation.ActivationSigmoid"
"org.encog.engine.network.activation.ActivationSigmoid"
"org.encog.engine.network.activation.ActivationLinear"
