encog,BasicNetwork,java,3.4.0,1,1572780170169
[BASIC]
[BASIC:PARAMS]
[BASIC:NETWORK]
beginTraining=0
connectionLimit=0
contextTargetOffset=0,0,0,0,0,0
contextTargetSize=0,0,0,0,0,0
endTraining=5
hasContext=f
inputCount=2
layerCounts=3,8,8,8,8,3
layerFeedCounts=2,7,7,7,7,2
layerContextCount=0,0,0,0,0,0
layerIndex=0,3,11,19,27,35
output=0.5445058727,0.3880545079,1,0.0029928092,0,0.5752573219,0.1551421617,0.4681910115,0.9999997136,0.9997649361,1,0.7406540482,1,0.5274590979,0.0172926497,0.999932739,0.9999999955,0.3620144976,1,0.9999959769,0.0005887214,0.9983133187,0.0748460952,0.8085060975,0.9948562139,0.9999989826,1,0.8627681316,0.9121728552,0.0000001002,0.0000000512,0.5663923248,1,1,1,8,30,1
outputCount=2
weightIndex=0,16,72,128,184,205
weights=-16.491194153,2.8732589991,26.3466800164,12.8785217196,28.1955079009,-27.5687728194,-2.0100345951,-0.5488277186,-3.1876006181,7.9997905979,11.4546153532,-9.4614982041,-6.7442260468,-0.1543761512,-0.8713036006,-1.3843706758,0.4982394563,-0.9788086688,-14.4118108033,-6.4419302557,5.1555689453,1.1008498548,-8.3059872643,-0.734905363,-2.2317427274,-30.4296111957,-2.8059255528,2.4235746367,6.1298601994,1.1200837869,-1.366011204,-2.1923159464,9.1035664571,10.522735188,-12.5129966617,-6.7185376951,0.226812491,-14.6826605652,9.6822597817,0.7050254997,-2.3581684427,5.9503842673,6.519410231,-10.5899611981,4.3843395721,-10.0119959056,1.7610185111,-4.1637805677,8.1934942244,10.9630802952,5.5262894409,3.6172887316,-22.3472866148,15.3940383467,-13.8278942898,-8.1788336948,-4.4911199263,28.3713451978,-4.0735650699,-10.2311960014,1.1512714449,-5.6166268343,-3.2505935666,-2.0114993331,1.5426119581,0.8834981289,1.3220674662,0.833018762,0.7943488445,1.4972998894,1.0309245053,2.952831673,4.3105812118,-3.4921636581,-11.8395451082,4.5371591149,4.94863651,-8.3789737679,16.4520572779,-3.8963194922,6.2914054623,-11.2332335367,17.3777370187,2.3799413794,-1.9889452373,-14.3452886131,19.7856965789,2.1284850458,0.1217946618,6.5186530505,-8.173244509,5.4011203,3.0223700401,10.8461709143,-10.0048755353,4.5104014768,-0.3467181392,2.6225956712,1.1208588731,5.3221127875,5.0106940781,1.4772882668,-13.5274434798,2.7943988271,2.8769600546,-12.4008967449,-7.335143541,-3.2157975422,1.0064241796,5.5787810601,5.1250249061,2.811871045,5.6914783006,0.8524224667,9.6226830804,-3.7999184849,-9.9220436436,12.2436968991,5.3499782952,-5.3110977666,-3.844809132,11.4256809326,7.4074282113,0.3387221727,6.3414189253,1.8952741645,-12.0706417413,0.9091778612,0.5255369559,0.2086345995,-2.7675002976,-0.8234573765,-0.4490867874,-0.2392528005,12.5165768298,-0.2432442621,-25.5278445176,3.5404888824,8.6515656866,2.9222630606,3.0464241133,2.2752964817,4.4622152971,2.8951202644,16.0325588882,-2.6337184657,-7.4087809168,0.5129327256,-3.1810996636,-2.8203214193,2.925378805,-3.3499763289,-3.3164218958,0.4919444892,2.2495606625,3.1377845616,-0.1582085368,0.6436904473,-0.9503810584,0.2943368738,-11.0882924862,2.7799613798,0.0183881374,5.7756337255,0.8632088993,1.6681156351,3.9247619806,2.389359527,-9.2746921138,5.3788768388,6.3946060272,-11.0726139543,5.5952734313,4.540973584,-3.2462135956,3.8963721588,19.4476711079,-1.5075815006,-11.4737556965,-12.5232356763,-1.3841988214,-1.1317861676,0.124118948,0.1862255126,-2.0381554091,-0.2030746872,24.2359579023,0.1928352128,0.1296729208,-3.0924104383,1.2133999851,-0.7707971148,-2.6998430758,1.54172437,-1.3213123712,10.5178466378,0.3440332655,-0.0341762811,-1.4598308502,-0.2617493733,2.298871594,0.2301152139,-0.7738382822,1.8420255324,0.4674032503
biasActivation=1,1,1,1,1,1
[BASIC:ACTIVATION]
"org.encog.engine.network.activation.ActivationSigmoid"
"org.encog.engine.network.activation.ActivationSigmoid"
"org.encog.engine.network.activation.ActivationSigmoid"
"org.encog.engine.network.activation.ActivationSigmoid"
"org.encog.engine.network.activation.ActivationSigmoid"
"org.encog.engine.network.activation.ActivationLinear"
