encog,BasicNetwork,java,3.4.0,1,1572780184615
[BASIC]
[BASIC:PARAMS]
[BASIC:NETWORK]
beginTraining=0
connectionLimit=0
contextTargetOffset=0,0,0,0,0,0
contextTargetSize=0,0,0,0,0,0
endTraining=5
hasContext=f
inputCount=2
layerCounts=3,8,8,8,8,3
layerFeedCounts=2,7,7,7,7,2
layerContextCount=0,0,0,0,0,0
layerIndex=0,3,11,19,27,35
output=0.4857198664,0.3472231451,1,0.0000015419,0.6287325225,0.897169573,0.0000000002,0.000004317,0.0000000049,0.8135011659,1,0.9023281918,0.9999994468,0.9862396759,0.9704433528,0.9999997969,0.9724415146,0.0000000028,1,0.846237304,0.995535601,0.999986952,0.5930290428,0.8673385923,0.0000004413,0.0005919483,1,0,0.9975825364,1,0.0991220115,0,1,1,1,8,30,1
outputCount=2
weightIndex=0,16,72,128,184,205
weights=-6.2418820004,-2.9887904657,5.4868678656,-3.7335560105,6.226918302,11.9137902095,-2.6027830574,-0.9832874672,-12.4628520753,27.0831664957,-23.2659251112,-19.1263524555,1.4087789318,-5.080739317,12.3430345371,-6.8269150189,-4.5343248648,-4.0745418669,2.0079524542,-3.7337751421,-11.4618170271,8.2843301101,4.3987800614,-0.1675929632,5.5107583086,7.5960740479,-14.1049814384,5.8824056976,-5.2129375495,-3.2420236161,-2.9319163746,4.5261664018,-0.7783857613,-4.3064756414,-4.4726087667,12.1514875366,6.1153836346,-5.4359160396,1.002690079,-1.0355417823,10.2187911471,0.3620993403,-6.1498132903,-25.807210445,-0.857985928,0.1361420583,0.5823274417,-0.0273272071,-5.1224534955,5.388311341,5.1903821731,-3.6079787028,-14.51362306,-4.1290607453,1.7321699271,3.7921510716,3.5235053387,2.2457461445,-11.4694491407,-4.2313775293,4.5910030049,-16.4871194317,-0.9281512109,2.3047012358,8.564004824,0.1553327903,-10.5346363233,17.9915260912,-0.9402676421,-14.9034827377,8.25694387,1.9529988469,0.537592101,-0.699051788,9.9317259744,1.7622324493,-6.6530976779,1.7563265557,0.396564201,-2.7420327631,1.2168047963,1.5109169403,9.4950254515,0.0154454284,0.8396180349,0.0415923171,-2.4314277487,1.642737578,8.3765012507,-6.3255597759,1.4842075965,6.3586681747,4.2234043805,-14.2017754648,1.4847085235,-5.4381352073,4.3440695041,3.6353137469,-6.5045697215,0.8861899737,9.9149572704,0.2702913593,0.2607375335,-6.4245846423,4.0062611777,11.5493689938,-1.9639421864,-1.134318261,2.6791866501,-15.3384876172,-4.1806609926,0.8369913734,-2.5173480336,10.329135859,1.2454402378,-1.472195732,-0.3427450369,-18.8795852684,9.2795500999,-4.6698270622,-0.7001616737,-3.6543178733,-17.4352583913,-0.5482907358,1.1537917404,-0.3044940785,6.9947286599,1.2893966312,1.3407940997,6.043653967,-2.6058071521,-8.1086113649,-0.414355916,-2.2058071654,3.1990779668,-1.9073760913,13.9879571165,21.2967615873,-5.7116627504,-3.0959716546,0.4743678819,-5.6518234866,0.6317974909,-4.799563468,2.68222302,12.074214512,-3.3286652654,15.1630505115,-0.1358950969,-1.8698421645,4.1626781397,-1.2653221722,-2.0278267196,8.1248119851,-0.4181791425,16.4751972998,-0.2108883617,-3.8788275036,-2.0792407327,-2.9854763167,-0.9252972533,-10.0835671076,4.5404151973,-13.3433208512,-0.095252385,3.5363485045,2.3591253995,2.8235475116,1.9283180296,-3.3259439434,-3.6971847819,22.168027881,-0.4183922701,-1.970201762,-5.5157102808,-2.3298315318,-1.4588563636,-9.3513715524,4.9306164634,3.4351735462,0.0929871393,-0.9350315893,-2.1330583421,-0.3057621064,5.2337342146,-7.8620873591,0.3999900935,-1.5168357753,0.3010745219,9.125066548,-0.9279813739,6.072963909,1.6990510339,1.631949056,0.1551462248,-19.9169974914,-0.5686826389,-0.8910015539,-0.607816027,0.8950071192,1.558648338,-0.5984125189,-1.9886961483,6.5788609005,-0.5741617122
biasActivation=1,1,1,1,1,1
[BASIC:ACTIVATION]
"org.encog.engine.network.activation.ActivationSigmoid"
"org.encog.engine.network.activation.ActivationSigmoid"
"org.encog.engine.network.activation.ActivationSigmoid"
"org.encog.engine.network.activation.ActivationSigmoid"
"org.encog.engine.network.activation.ActivationSigmoid"
"org.encog.engine.network.activation.ActivationLinear"
