encog,BasicNetwork,java,3.4.0,1,1572780193597
[BASIC]
[BASIC:PARAMS]
[BASIC:NETWORK]
beginTraining=0
connectionLimit=0
contextTargetOffset=0,0,0,0,0,0
contextTargetSize=0,0,0,0,0,0
endTraining=5
hasContext=f
inputCount=2
layerCounts=3,8,8,8,8,3
layerFeedCounts=2,7,7,7,7,2
layerContextCount=0,0,0,0,0,0
layerIndex=0,3,11,19,27,35
output=0.3809524992,0.2045466604,1,0.0002178342,0.9998024063,0.1642301955,0.9605000672,0.0002788865,0.0181281281,0.0032944654,1,0.0005385567,0.2733668328,0.9999975804,0.9972387393,0.9999999831,0.2789191719,0.0000002145,1,0.9994889076,0.9930785613,0.8684245875,0.9726517899,0.0000015037,0.0490884505,0.9874488691,1,0.0004187706,0.9696511517,0.000000018,0,1,0.0000000964,1,1,8,30,1
outputCount=2
weightIndex=0,16,72,128,184,205
weights=-13.1142862,-9.5088490611,7.0788289446,0.9697836264,17.6109738697,-3.7626681833,2.73071288,6.9845873267,-10.7984782469,-3.0605598949,0.7281360088,8.4322389423,-5.3384874963,8.2442952884,21.1548660795,-6.7322154193,-0.3425392743,-8.2523700931,-0.0549749307,-6.5865150797,-4.1808360087,9.0102466869,-3.8215677406,2.1155594325,2.1188358074,-7.0509715905,0.3706683677,4.0473256401,4.3026791516,6.6193077078,-10.4735244296,-0.1002854367,-0.5612166435,-0.0557560742,9.0909727225,-2.2549476086,-6.5442547554,7.0057995058,-8.9455186931,-3.8635648877,-2.236262127,4.3481230775,-2.4642196493,11.4790625478,2.198566404,-8.8698445665,3.8524455121,-6.7040228675,5.1991461332,-10.7841463851,1.544305733,1.6530916143,-11.0380563621,6.7129766764,-3.6184981406,0.7336513662,2.0823854623,0.260851511,0.4255278169,-8.7291593842,-0.919333452,13.1208378427,-3.8516766892,1.4747844599,-14.4821106525,-10.5284945565,2.5442187629,-8.8190653246,-2.7034722092,2.9935975766,2.6100718736,5.2927300013,0.8979211964,0.3175591181,-9.5301364611,-2.5470565473,-6.0535476047,-2.8395896782,1.9653014644,0.2134668126,-6.157581174,4.4820919119,8.3012363681,4.4913123019,10.4370604511,9.3047647551,-16.1252491036,4.6143636258,-2.602461365,1.4874642685,1.6709552579,6.2481075832,-5.3566647614,-5.6225640118,4.4493735778,2.4100277897,2.7184246287,-3.055690445,8.7376491358,-1.6806855826,-8.0982725213,10.0025692846,4.5428137017,-4.7232539701,9.3579284451,0.0121654631,7.4075258241,-0.0530619519,-13.7485823608,6.3960358263,3.1759848222,-1.3029208128,-2.1782072008,5.9283086241,-14.705449133,3.6068231797,6.4019601509,-4.4631276372,0.0312552683,4.7905945234,-2.6121292383,-3.707796242,9.397597654,-3.9390058364,-2.3460130973,13.8613359932,-10.0849306004,-4.1137951636,-7.0534849612,18.5609917941,-0.1104936054,-0.0939537089,-3.2316359542,-2.5225285513,-3.149270789,-4.0353772955,0.1518477183,-0.0523716655,-0.8562334304,0.0727154401,2.0515225816,-0.2733963104,1.8445072237,1.1208750161,-3.5371671843,16.1535460863,0.6519589708,-4.8538045824,-4.6867457488,-1.6711386195,-4.9263102316,-4.1616665909,0.6054769491,-2.3126628481,-0.2194595705,1.0183874343,3.6647862395,-6.3276839953,1.0721316216,1.0766804538,15.1684778235,-16.0370432966,-0.3183401377,-5.4213730996,-1.9598170539,2.9395164767,2.6280361881,1.4681947171,7.6274440551,13.4520302313,0.2062970317,-0.2515867155,-6.3522339261,-4.3299378921,-5.0350241792,-4.6235095034,-22.4511796959,2.3372276052,-0.0129966743,-0.142972006,0.7891589804,-0.4872416583,0.0655176505,1.2537438168,0.7577106925,-0.5060404448,1.341759278,-2.4185459015,-0.2266589085,29.6123122683,-0.822622112,-0.3921658523,0.5146355199,3.3246333516,-3.6025875073,-4.5763375231,-0.2896524611,4.7070653573,0.0818607796,0.7825742791,-0.6906037291,-1.696933376,0.7090266601,0.6387723194,1.0260141527
biasActivation=1,1,1,1,1,1
[BASIC:ACTIVATION]
"org.encog.engine.network.activation.ActivationSigmoid"
"org.encog.engine.network.activation.ActivationSigmoid"
"org.encog.engine.network.activation.ActivationSigmoid"
"org.encog.engine.network.activation.ActivationSigmoid"
"org.encog.engine.network.activation.ActivationSigmoid"
"org.encog.engine.network.activation.ActivationLinear"
