encog,BasicNetwork,java,3.4.0,1,1572780212846
[BASIC]
[BASIC:PARAMS]
[BASIC:NETWORK]
beginTraining=0
connectionLimit=0
contextTargetOffset=0,0,0,0,0,0
contextTargetSize=0,0,0,0,0,0
endTraining=5
hasContext=f
inputCount=2
layerCounts=3,8,8,8,8,3
layerFeedCounts=2,7,7,7,7,2
layerContextCount=0,0,0,0,0,0
layerIndex=0,3,11,19,27,35
output=0.6115418774,0.5784744727,1,0.0002427132,0.0326188414,0.0054892559,0.296078586,0.9850690483,0.7205808705,0.5772130892,1,0.6003449726,0.0003247313,0.0000000283,0.9999877913,0.5589244699,0.0000029556,0.0241307342,1,0.643754641,0.0000510339,0.9620133309,0.6512208124,0.5418862831,0.0000000886,0.0082315141,1,1,0.0313795144,0.9999999908,0,0,0,1,1,8,30,1
outputCount=2
weightIndex=0,16,72,128,184,205
weights=-14.3948752523,15.89672339,-1.5943697182,-27.7964112597,-1.3724203294,-16.5794268937,16.9240634608,11.7073889349,-14.0606273507,2.9593934932,15.3479189296,1.8675168557,5.5994473293,5.8930084423,5.1185666303,-13.1305206727,1.6212286463,11.9483619191,-0.1926451282,-10.2165787147,1.6883404371,-1.6242651039,-4.8655390428,0.0896490495,-17.5447263132,-5.3289735914,-0.797746001,-2.501920388,16.6853049564,0.3674676922,-10.1107467082,0.5649595074,5.6896226743,1.3730921308,7.2034351022,-14.6323641915,0.6279873033,-12.3584397616,15.2945047346,5.2965163165,7.8784669245,-12.6814953932,-18.0679839127,-3.2619487898,-8.9460642002,-0.7213335963,18.824217885,2.21612186,-1.3513175858,-12.3601749858,0.995828944,0.6002495417,2.0260865506,-0.5133736327,0.9629204711,3.2486397855,-2.4915992605,-9.0108425839,13.7822162758,-10.1058906633,15.1925060346,-7.4435016158,4.6626675908,3.9479018509,2.7639810762,2.698072026,-9.9629589153,5.7739294553,-9.9011551701,1.0003295637,11.552242357,-1.8675029056,-3.688160151,0.3230633413,-5.0403489454,-2.3068108289,15.349300251,-0.361858179,4.9729269406,0.7737725807,-5.9114428241,0.2563292875,-16.4316124211,2.7344628939,15.4555991248,0.6589135313,0.192839783,1.423244326,5.9491976842,-4.8177324187,-21.4433284406,-6.493754605,7.6810582337,-14.919673052,14.8101817145,-0.6360927047,4.7833221918,1.2332044929,13.7359111465,-4.6255244702,5.0959521175,7.2363632078,-7.7903133133,-4.6651911887,6.4476548545,2.7263878559,-0.7338082652,9.3078299114,-19.1741699017,1.2609813483,-5.6878498611,1.167471283,-9.5003282109,2.6524935464,-15.1787466341,-1.8582609694,4.924570713,1.1601458621,6.5654783036,6.4736280097,3.5523892214,-6.0267603176,-7.0894494858,-4.7984768994,7.8872643771,22.5552014746,-21.3455180893,-0.1396853025,1.2749794752,-18.2563339676,0.5744865193,0.2921678081,0.6594001514,1.3221673207,-2.8070686693,2.1221755313,-2.9999720301,16.716250381,-0.596238248,0.3289088993,0.1835417934,-0.2242327743,-5.4083149478,-1.4029922152,5.6737889134,-21.8997588367,0.8884645532,-0.6912405094,-0.2322306025,0.3082520009,-1.7901527608,-0.8531038769,4.0450733928,-2.8122986973,0.0767091439,0.2277168486,-0.6344959014,-0.5672892719,-8.3010765004,4.8919522846,2.967114845,25.7159540366,-0.7248881779,0.6895320969,-1.2108366114,-0.3293838613,-3.4503159414,0.5690738442,-5.0010729471,39.0567792129,-2.6733769013,0.2371589324,0.5575359248,-0.9459615662,-4.0227388359,-5.7677978218,0.6063907381,11.3931800986,-2.8320006442,0.9896491323,-0.9725572242,0.7627640788,0.8230881957,-3.7465105026,-7.7443139708,5.251578342,0.9751029858,2.0815909813,0.1586449751,-24.8417947112,-0.3160494384,0.6805642507,0.6185263862,-0.6969495573,-0.7397072934,-0.2625419225,-1.4664339828,-1.7766928998,-0.1723339294,0.830735306,-2.6929721107,-0.2334869103,-5.8367847872,5.0178014897,-2.0635041853
biasActivation=1,1,1,1,1,1
[BASIC:ACTIVATION]
"org.encog.engine.network.activation.ActivationSigmoid"
"org.encog.engine.network.activation.ActivationSigmoid"
"org.encog.engine.network.activation.ActivationSigmoid"
"org.encog.engine.network.activation.ActivationSigmoid"
"org.encog.engine.network.activation.ActivationSigmoid"
"org.encog.engine.network.activation.ActivationLinear"
