encog,BasicNetwork,java,3.4.0,1,1572780227077
[BASIC]
[BASIC:PARAMS]
[BASIC:NETWORK]
beginTraining=0
connectionLimit=0
contextTargetOffset=0,0,0,0,0,0
contextTargetSize=0,0,0,0,0,0
endTraining=5
hasContext=f
inputCount=2
layerCounts=3,8,8,8,8,3
layerFeedCounts=2,7,7,7,7,2
layerContextCount=0,0,0,0,0,0
layerIndex=0,3,11,19,27,35
output=0.8148164083,0.7305655523,1,0.0002333016,0.0000001537,0.9998374373,0.0658421389,0.8069775696,0.9999919065,0.0026812942,1,0.0910229388,0.9999991061,0.9999896443,0.0003428845,0.8052050534,0.7839231494,0.3294482316,1,0.0000000226,0.0096224577,0.0000001646,0.9999872207,0.7814081903,0.6000924055,0.6138645741,1,0.9517491177,0.9999999997,1,0,0.9999999993,0,0.9997230174,1,8,30,1
outputCount=2
weightIndex=0,16,72,128,184,205
weights=5.7683138022,-7.7618277941,8.2987761538,15.4657521534,-2.2447215095,-8.090719876,-10.561570455,2.0949582324,4.5981426971,13.1721306308,-5.3260068789,-16.6193191958,14.3139767831,1.1725212227,5.474770008,-5.3224377445,-3.7063977482,2.2017040256,-12.2053842464,-6.4331058034,2.3022394552,3.428552691,6.4077172475,-4.6723240503,6.449638165,-5.4211312632,-16.332968434,-5.0813498694,1.0046510906,1.015528959,-0.7224367587,4.1130566946,-4.3034732732,-0.5273791516,1.430790316,-4.2056671791,-13.4261488857,17.2635180169,19.557984799,-0.951767574,3.1666608221,3.7268281784,-1.2780319334,-3.3381652025,1.2007993049,-5.0670921511,-3.0722711753,-1.3708102403,1.6073081541,12.847678571,12.8848844513,-2.0483895621,-10.5172070201,-14.6924311692,-5.2365901614,-2.7360976613,5.1539633166,5.5561148858,4.7729217094,-4.9819201964,5.6444866568,-8.8424478308,-7.6689534726,5.8413923251,7.4206064514,6.47928708,-3.0889524727,8.1251985243,-3.7056943223,-4.079401455,-1.0503463087,-3.459547234,0.3401259237,0.3098951879,-1.8603338055,-6.7137310338,-0.3480460888,1.0524425211,11.5498614259,-3.0401921912,-9.2407382516,-5.9460296024,-9.757838833,6.2356873335,0.1459946087,1.91569698,-0.1321372619,6.5666895899,-2.7638421346,-3.7506221503,-12.1375510371,15.8176791845,-0.8629429724,-8.3715226971,-5.7300696009,4.912061728,6.4068675017,0.9780135432,3.6434421027,-5.2230397812,1.0033365861,-3.5230209563,2.1527761789,-2.7556028339,-9.8120244628,2.7525230363,6.9578766057,-1.0418106436,-1.3650802099,3.9253966484,5.4961942929,-2.2283749386,14.0265593163,3.2102442657,-14.9178968723,20.0851938939,-1.4113097272,-10.322460879,-14.5005725748,-2.6285214965,7.0985177566,-2.9513721133,-5.6011922726,-3.3214531929,1.490416832,11.16561224,-7.7203838654,-0.4866235915,5.3920152484,-0.8695507455,-1.0448371561,-0.0124938952,-0.5988794035,1.000006982,-19.8573629879,-0.3720072958,-8.672602454,1.9510927308,2.1523153179,-2.6608978839,1.7695558669,-0.0585590669,-2.7568174745,0.5032451827,-25.8391750364,4.4255161793,5.060554528,1.331079192,3.8973181661,1.1077928117,-9.9520641444,5.5383267229,11.8202154082,-4.5948766274,-5.6015681248,2.4491903468,-5.1639614465,0.3063267446,20.7326645039,-5.3487218603,-0.7355430159,-0.0488962658,-0.2541440531,0.1473417499,0.3094543361,0.0463122111,1.6104007815,0.3575752271,10.8223848814,-2.3969040713,-2.3557433965,3.0872356805,-1.3816011794,-0.4944325933,-1.4764023953,-2.2841030132,-12.8121421581,-1.4145177477,-0.4853478985,-0.5940833779,-1.7229906845,1.3769469891,16.1485594012,0.1363009806,-1.9995902889,-0.1056373298,22.1477295576,1.2403551941,0.4222332852,-0.6051891351,1.2393993756,0.9074137917,-0.6321254076,4.6715842937,-9.0072995058,0.2339441867,1.0993773865,0.3806050202,0.7981355473,-0.9931808002,-1.572147334,0.5152097703,-1.1571814286,0.4083557539,5.1980576543
biasActivation=1,1,1,1,1,1
[BASIC:ACTIVATION]
"org.encog.engine.network.activation.ActivationSigmoid"
"org.encog.engine.network.activation.ActivationSigmoid"
"org.encog.engine.network.activation.ActivationSigmoid"
"org.encog.engine.network.activation.ActivationSigmoid"
"org.encog.engine.network.activation.ActivationSigmoid"
"org.encog.engine.network.activation.ActivationLinear"
