encog,BasicNetwork,java,3.4.0,1,1572780240365
[BASIC]
[BASIC:PARAMS]
[BASIC:NETWORK]
beginTraining=0
connectionLimit=0
contextTargetOffset=0,0,0,0,0,0
contextTargetSize=0,0,0,0,0,0
endTraining=5
hasContext=f
inputCount=2
layerCounts=3,8,8,8,8,3
layerFeedCounts=2,7,7,7,7,2
layerContextCount=0,0,0,0,0,0
layerIndex=0,3,11,19,27,35
output=0.6231875226,0.3484859896,1,0.9964845016,0.0000000009,0.099015164,0.9984068551,0.9999995206,0.0000047372,0.4044928433,1,0.8116688825,0.3519806482,0.0000372845,0.0040486811,0.0167165505,0.9997914156,0.9816285456,1,0.7394952219,0.0160136195,0.0000010636,0.0003690943,1,0.0644242265,0.1952706303,1,0.0090448937,0,0,0,0,0.9786342977,0.0000000096,1,8,30,1
outputCount=2
weightIndex=0,16,72,128,184,205
weights=-6.882719658,10.4604348038,-8.1279273528,20.6532164279,-8.4693426392,-3.0264716741,-11.7367701421,0.7628909153,5.4856644744,-9.3193681585,-13.5107574278,-13.0163419209,10.9013231091,23.0589319119,10.9241934823,-7.0788908286,-1.8133587599,-8.8874777039,2.9798234827,0.9268804363,6.536881979,-1.2140583471,13.6447468687,-2.0462864531,-8.4532693461,18.2782587862,-11.3212416665,-1.3460827594,-0.9770931466,-19.142396375,-2.1122854307,0.8855501884,-0.0726085591,-19.6292659983,6.8330304782,-1.8882354877,-9.2729480354,4.2871886726,6.6451035572,-5.8870755102,-3.996375057,1.1653006805,2.7855133881,-1.8962283819,0.1697285697,5.5234462497,4.0182257035,-0.1879422561,-1.2057495655,0.591334788,7.9712401375,-9.5498410549,-1.317872757,-1.2107558688,13.7118829627,3.1322418117,7.4691567514,5.2840371308,-5.6579817018,-2.0528314747,0.768738806,-9.1430169765,-3.0270295408,-8.0742309068,-15.1683588244,1.7779301906,-3.069609095,-0.8284850158,7.783147463,13.9655449047,-6.6090337746,3.697454118,5.3626553919,15.6134118427,-8.4470917026,-0.0208380908,-12.5417984462,6.6749097309,0.8686323771,9.1873763579,-5.4081964505,-11.86950068,9.9770050329,3.2941112839,5.1726732993,-7.312340067,-9.3777397157,0.7074539887,-5.5293906803,4.9995420347,4.6357218933,-5.4326693509,-7.1911787956,6.8742207209,7.6269353193,-0.927001465,-9.4612438495,5.3984497316,-4.4883076181,-3.4897636352,-0.4621148091,-3.2139256263,6.5857939835,0.7892388476,-7.1853953696,9.4717549914,3.9472947059,-3.0224599344,2.4288286727,-8.000549293,-5.2396823974,0.1982582948,2.9018945103,11.5418367857,-12.6896880207,-5.1966666068,-1.4963025429,0.9885842837,6.8505802395,6.2410224553,6.3832043422,0.8784130342,-2.7310484454,-5.1400761816,-0.9502855457,-3.7111097745,0.5723093491,0.3235150161,-0.7920046169,-1.4598004301,-1.2298733537,0.8673968895,-1.6548038827,10.9347003759,0.3618376307,-9.6505626106,-10.4800458938,2.7054134059,1.2780238586,0.2184925255,1.218110768,-17.1500321724,-1.5952476341,12.7602281314,13.0354178756,-1.6337296403,-0.8626460508,0.9044241794,4.9691699965,-3.1192255133,-0.1676728303,-10.8191317718,13.7147844329,-0.5621959669,0.0503223708,0.8876438605,1.239215913,-6.6565324506,1.3214763607,-1.5138270043,-10.9125472198,-1.7596686043,-0.1631341083,-0.6037516834,3.6161628271,19.6187809489,1.2037041125,5.699691224,12.2831946983,0.2699094369,0.761778571,-0.0466184984,0.1285215124,-8.9244437964,-0.3355544959,5.9469942089,-10.551773304,1.2401848283,-0.0508505976,0.0789093724,6.258803567,-5.9984042343,-0.6903574898,4.5495641998,0.1510547682,-0.4158095293,6.5693788702,-0.5544260285,-2.5835045065,-0.2595719877,-0.4626005211,-2.2710456128,-1.0934269347,-0.8268611197,-0.9851960425,0.3916703537,0.7750417359,-2.4398921405,0.2209082543,-1.2441548264,0.161887186,8.920994117,-2.8275958566,0.130580484,0.2387535584
biasActivation=1,1,1,1,1,1
[BASIC:ACTIVATION]
"org.encog.engine.network.activation.ActivationSigmoid"
"org.encog.engine.network.activation.ActivationSigmoid"
"org.encog.engine.network.activation.ActivationSigmoid"
"org.encog.engine.network.activation.ActivationSigmoid"
"org.encog.engine.network.activation.ActivationSigmoid"
"org.encog.engine.network.activation.ActivationLinear"
