encog,BasicNetwork,java,3.4.0,1,1572780250846
[BASIC]
[BASIC:PARAMS]
[BASIC:NETWORK]
beginTraining=0
connectionLimit=0
contextTargetOffset=0,0,0,0,0,0
contextTargetSize=0,0,0,0,0,0
endTraining=5
hasContext=f
inputCount=2
layerCounts=3,8,8,8,8,3
layerFeedCounts=2,7,7,7,7,2
layerContextCount=0,0,0,0,0,0
layerIndex=0,3,11,19,27,35
output=0.383450331,0.2323092595,1,0.9997471024,0.0265657745,0.3134567516,0.9997725993,0.1059832255,0.9733758253,0.9999898526,1,0.9738245375,0.9999995185,0.2726484184,0.0040719793,0.0000464716,0.1143655164,0.9994352649,1,0.5810534314,0.6830440773,0.9976379572,0.0000002772,0.9999999472,0.0000002737,0.0000000518,1,1,1,0.3510655759,0.000001803,1,0.9999997345,0.0000005298,1,8,30,1
outputCount=2
weightIndex=0,16,72,128,184,205
weights=-1.1251366307,-2.2439141184,-4.2635073238,-15.6208241924,-8.2325782932,8.9098249932,10.2684003557,-0.4051574344,-1.8308303807,-5.9104843898,7.8656621209,-3.5420694225,11.0891792269,11.4660828261,-8.4896611393,-1.9787142768,1.1304124249,2.9213182706,2.5598756221,2.5873028053,-3.5021794668,0.6217628039,4.7539165702,-1.2705262755,-0.9708199106,-2.3803763341,-1.9282301776,-3.7400995877,1.2452945731,3.603675554,-0.4074997884,0.2606109829,-4.0854913022,3.8906141991,-3.0541049139,3.8200244824,6.3208572585,-5.0371058934,2.9476492675,-2.2491338084,-0.3317928214,14.3830473912,-8.3633173908,-7.2580112909,1.9317890582,-3.1991877896,-4.6029920515,1.6046164903,-1.3777523105,-12.2879124056,1.747306892,-10.3727449014,-1.738665541,-0.0227829933,6.0222566771,5.0468196202,-0.6122998096,5.3926800333,6.6089226166,-0.2393781882,-20.705630465,1.017393864,-5.3623411998,2.2455285661,7.8308247939,7.8092451488,-12.0121725762,5.0470774641,-0.3217454552,1.1747648635,0.613128061,-1.4293832285,-1.4605712753,-1.5779719673,0.6314177812,6.0860082909,4.7845840533,-5.2619470946,-9.4629945051,0.1283931706,-5.3344213996,5.5698288443,-1.710666945,-5.3026514419,17.2778025342,-7.6755710855,0.8783192289,-1.7297192424,13.4596369054,2.027507677,-8.9004552657,-4.8665523452,6.30495977,-2.2158937595,-8.07393389,-7.6123972204,-2.1869571884,7.1515530126,-5.7176940932,-1.5900988998,-0.8620908463,2.2254403701,12.6736177581,-2.5473540996,-12.7204584361,-6.0903211088,6.9485899559,6.4610571391,-8.8489715738,1.6651457294,16.9409070066,3.4913908948,1.6456580926,1.037631567,-0.9386610988,2.0336230083,-2.594979508,8.8321148789,2.2032289919,-0.180447876,5.7208016562,7.2970851615,-2.700263062,-2.6400294849,5.6660635179,-0.5997532624,-1.7521336212,-3.8019105896,3.9249809014,3.4263451837,-2.5951176198,-0.8621123969,5.0111482566,-15.7185143345,-0.3528981968,4.5941933498,5.1586492455,-2.6776308133,-18.0850641354,-0.601412635,4.6656172693,-3.3679436636,-12.6308901144,3.3381549735,-3.3451401281,3.318410587,7.1437974273,0.6525946502,0.5056622055,1.1829218885,-1.1164484539,1.8760674041,-2.5582687853,-2.4763828024,-4.9381096181,0.3579703006,-1.9700267911,-5.713198119,7.6276733407,-0.6471665076,-0.054964067,2.2480714347,-16.7415830563,-0.0819374963,1.2422015572,20.0258676116,-1.0693654559,-0.8269560134,-2.8236661909,-4.0128337111,-5.9742479626,-0.0318385973,-1.3974096429,-1.7810845403,13.4658982523,-2.9989414218,3.8550145474,-2.5675009402,4.475395586,0.2571657221,-2.2847410349,-16.3328736355,-1.8253260581,-1.0166898597,-0.6819589913,4.5068468335,-0.1638838756,-2.878479793,7.0045323762,-1.2500968063,1.2577047172,0.1807039986,-16.097116333,-1.3598084872,-0.0944278775,0.4852596307,0.5231334121,2.1568501136,-0.6917474926,-5.6194116084,1.7653544062,7.136454415,0.6316449737,-0.7573961102,3.2179614144
biasActivation=1,1,1,1,1,1
[BASIC:ACTIVATION]
"org.encog.engine.network.activation.ActivationSigmoid"
"org.encog.engine.network.activation.ActivationSigmoid"
"org.encog.engine.network.activation.ActivationSigmoid"
"org.encog.engine.network.activation.ActivationSigmoid"
"org.encog.engine.network.activation.ActivationSigmoid"
"org.encog.engine.network.activation.ActivationLinear"
