encog,BasicNetwork,java,3.4.0,1,1572780266983
[BASIC]
[BASIC:PARAMS]
[BASIC:NETWORK]
beginTraining=0
connectionLimit=0
contextTargetOffset=0,0,0,0,0,0
contextTargetSize=0,0,0,0,0,0
endTraining=5
hasContext=f
inputCount=2
layerCounts=3,8,8,8,8,3
layerFeedCounts=2,7,7,7,7,2
layerContextCount=0,0,0,0,0,0
layerIndex=0,3,11,19,27,35
output=0.6231927383,0.4179098556,1,0.0677848783,0.0392718202,0.0000713127,0.9999883589,0.0000000001,0.8988201959,0.002565713,1,0.9994898391,0.1519007088,0.6439722207,0.9999971164,0.9793262841,0.9996683799,0.0000000302,1,0.0924855645,0.7717173879,0.2074188417,0.9996338688,0.404284617,0.0000003061,0.0000000123,1,0,0.5787692398,0.9997204045,0.9999172472,0,0.0000000001,0.000003992,1,8,30,1
outputCount=2
weightIndex=0,16,72,128,184,205
weights=-9.5989328441,2.4124824676,8.270193325,7.0255246727,-7.5629749034,-6.2979091053,-4.5302041819,-0.2946796132,-2.052265894,11.435260852,-4.7938019409,-9.2258566946,-12.5985933761,12.4398418951,15.6435610492,-2.6365573445,-7.7188365226,-6.0205789724,5.8900987944,1.6010182975,-2.7416616495,7.8315454135,3.7924514499,-4.5298363773,-5.8796964922,-9.4193998356,-4.5949451406,3.414147146,2.2478453851,0.3433095486,-14.1244630013,1.1106364949,-6.0799511615,0.6291552925,-0.5452266484,-12.501051379,1.575308682,2.885079572,6.6897846145,4.8581780229,9.4778928629,-13.4162240615,-4.0912949725,-1.7857313439,0.6372704864,9.808893381,-1.9947187386,-2.0834928479,2.6503644363,8.2390944037,6.0736741362,-10.6806939788,-12.0955191475,-2.4090112427,18.706268443,-5.8219591498,2.7149984329,-9.0484326155,13.7499953564,-1.2522618087,1.7706306754,-11.0325079131,6.0503899136,2.5375009412,-1.3521670338,-4.1778612783,2.5943635836,-5.7588269816,-6.3312691038,4.0599717873,1.2513159511,2.2530125311,-1.8940778402,-2.0033588224,-2.3239061294,9.088334495,2.4230053908,0.2742922524,-7.5560210793,-0.2810930611,-9.9590378703,2.2462208602,12.4630590794,-4.2561936534,-2.9469571687,-13.6003396235,1.1222096247,0.3288245517,-5.1921054992,1.8461334528,12.1694718393,4.3306062671,-6.1923953944,-6.7500242342,1.1220005333,-4.7015578447,-2.1634192076,-2.7325936605,-2.2744737654,20.2633201918,1.5879863307,-3.4673781032,-6.8067036417,-5.3607752962,-6.5946264447,-1.1900160846,-0.3315309707,6.0838946929,-1.7162269026,7.3226654574,-0.2448616553,0.067206074,0.4123862059,5.8340143764,11.1407557597,-2.5538321755,-1.9142627069,-6.961263816,-2.0447523026,4.4868424428,-0.638523855,-8.6124228861,-0.2186491531,-5.0886132474,-2.8890199253,-3.5103099357,13.8399394137,-4.3113320427,0.852404135,-12.9676734154,3.0446595868,0.9227182859,0.1156598107,-0.8158772441,0.0829683295,1.2551830105,-0.5993209268,-7.492955305,3.5439776684,1.7117042927,0.3406981086,-4.4005447308,0.5833728848,0.3001743011,-0.3193286854,-22.5309784227,-9.4607498692,9.8227578748,-0.2184272418,8.7754186561,-0.0141473966,11.3358422111,0.8314962673,17.885367119,16.7725243205,-9.1821866104,0.0187264284,-3.9156485617,-0.6442199114,-10.0257532755,-0.9423938231,-7.3793271693,12.9247842367,-4.3739685126,0.609958489,-2.2025182066,-0.4670525657,-4.664278411,0.9241042886,10.5985950232,-21.846297138,1.072654543,0.5153677391,-1.4705611336,0.7832660765,-0.36591357,0.8771068023,6.0424893826,-17.3554920585,-3.4399728112,0.6918894545,3.7416935193,-0.5047814611,-0.9177044679,-1.0236729029,-1.3433480759,-0.6120673191,-1.1108203638,-0.2047034094,15.3453882331,-1.8351159981,0.465135629,8.9087462177,0.2148113901,0.364676688,-3.2592221756,-0.6876749231,-0.8772745825,0.2709956128,0.7689935732,-0.8717874015,-3.3467137279,-0.9553396278,-0.1652953276,0.1703530475
biasActivation=1,1,1,1,1,1
[BASIC:ACTIVATION]
"org.encog.engine.network.activation.ActivationSigmoid"
"org.encog.engine.network.activation.ActivationSigmoid"
"org.encog.engine.network.activation.ActivationSigmoid"
"org.encog.engine.network.activation.ActivationSigmoid"
"org.encog.engine.network.activation.ActivationSigmoid"
"org.encog.engine.network.activation.ActivationLinear"
