encog,BasicNetwork,java,3.4.0,1,1572767558906
[BASIC]
[BASIC:PARAMS]
[BASIC:NETWORK]
beginTraining=0
connectionLimit=0
contextTargetOffset=0,0,0,0,0,0
contextTargetSize=0,0,0,0,0,0
endTraining=5
hasContext=f
inputCount=2
layerCounts=3,8,8,8,8,3
layerFeedCounts=2,7,7,7,7,2
layerContextCount=0,0,0,0,0,0
layerIndex=0,3,11,19,27,35
output=0.4759019863,0.0310532129,1,0.1455705066,0.0010923692,0.902008092,0.9999808544,0.000001444,0.9592031327,0.5191989227,1,0.9999603008,0.0101667441,0.9960791203,0.9997757538,0.8259946945,0.3330578875,0.1662667392,1,0.1824340932,0.8066013983,0.0023009678,0.9999999847,0.0016202889,0.7705682171,0.0546501234,1,0.9997657041,0,1,0.0021392281,0.9999999967,0.0143820645,1,1,8,30,1
outputCount=2
weightIndex=0,16,72,128,184,205
weights=-11.2707818578,9.8447210791,1.9902709505,10.3854654075,10.4052115714,-5.6289014292,-4.93857307,-2.683687836,16.9117133429,-11.2977638941,8.418323318,-2.350108214,5.8112752943,-8.500360384,-3.1870927641,-1.3250462542,6.0155571129,1.4990605281,-10.2971722289,2.8039372435,-3.5497706639,8.7309755787,-15.1197663003,2.1912431754,5.6541788533,7.8171279382,-3.9771985327,0.8365113981,-7.6542871663,-7.8501843408,-5.3680319626,0.403029645,3.7797919985,-4.0019820364,-0.114187107,-6.9648375375,2.9309453789,7.1275314685,4.6213303344,-0.0054005689,-2.5961209584,-2.7635389933,3.4896185498,13.0627588618,-4.9346582524,2.2261891955,-3.9021204477,0.935111204,-11.5734195466,4.3529673268,0.2228400768,-2.5426159106,-5.3358565022,2.8402683058,6.9538652854,2.7059146865,-0.800745256,2.6031490978,-1.3528459453,8.323588786,-1.7102021819,4.1323041101,-2.8682669134,-2.5292163262,0.683921739,1.3934769908,-0.9530154057,-0.6258731879,-0.5845441883,4.7576754612,1.7425613058,-0.4376975866,-3.7306909814,-4.4025674347,-1.1122240409,19.2938696447,-0.0422704295,-4.8017496416,-3.1064453745,-1.055535824,-3.1223907871,-2.301982869,-3.4445970124,-4.5196998705,5.2667181189,3.888822438,9.320374189,-1.1388718215,-0.4686620952,2.559735766,-10.2353498701,4.6233248945,-6.5295355308,-1.5702118417,-5.0833474276,0.4568911702,-1.9532450611,0.1625771662,-5.3715771214,-4.3121868489,0.059468676,5.2774577135,-9.8763079272,9.4252957757,-6.4178827747,3.7046622551,-5.904845694,2.1036443181,4.0027929461,-1.759040547,6.9390897974,-1.3801470535,-1.0940712173,9.3689315995,-0.7455986155,-5.8845052502,-5.0376629777,0.705396433,-1.6244766323,-2.6121793765,11.4430041748,-2.6584053922,3.6981644958,10.2803441327,-4.1861044254,-3.5813377029,-3.4062872992,-8.891892347,-11.0411171386,-4.8118769061,3.4202251124,-11.9623702644,6.7696157171,4.9970537107,-1.8214253639,1.1238945521,3.3382754817,0.0151573219,0.6501500313,-10.0837598049,-1.0179729206,5.7359171964,-5.3106511576,3.7081341007,-14.3761452906,-5.5173806215,1.1184863275,0.4622743781,-2.0693171151,0.0286650804,9.8937904514,-0.6437056678,20.0158053568,4.4750662751,2.6904025498,-5.0037095983,0.2041095003,-0.5710401539,-3.1241831071,-1.7661682781,1.8213619631,-1.0855378995,3.9658142608,-1.7453699609,-6.7957502613,-0.1589704969,-6.2949368738,0.8864284977,6.7618782015,0.7654541663,-2.2152151465,4.9616126091,4.0111231189,0.9962087463,-7.0372079498,-0.3324130458,4.8165004047,-2.297609726,2.9302667828,-10.0492513489,1.1899045633,4.8188575354,-12.2665214152,0.4325670505,-2.6105003281,0.3592313897,18.4657521821,0.259471255,-0.9402340832,1.5367416057,-1.0239329077,5.1426026225,-0.1656931746,1.6490660314,-0.1993166886,-13.35819629,-10.0243057704,3.1540453275,5.088176943,6.2143192218,-1.8013726513,0.0993388811,-4.833720541,4.5101737588,-1.3245477535
biasActivation=1,1,1,1,1,1
[BASIC:ACTIVATION]
"org.encog.engine.network.activation.ActivationSigmoid"
"org.encog.engine.network.activation.ActivationSigmoid"
"org.encog.engine.network.activation.ActivationSigmoid"
"org.encog.engine.network.activation.ActivationSigmoid"
"org.encog.engine.network.activation.ActivationSigmoid"
"org.encog.engine.network.activation.ActivationLinear"
