encog,BasicNetwork,java,3.4.0,1,1572780276397
[BASIC]
[BASIC:PARAMS]
[BASIC:NETWORK]
beginTraining=0
connectionLimit=0
contextTargetOffset=0,0,0,0,0,0
contextTargetSize=0,0,0,0,0,0
endTraining=5
hasContext=f
inputCount=2
layerCounts=3,8,8,8,8,3
layerFeedCounts=2,7,7,7,7,2
layerContextCount=0,0,0,0,0,0
layerIndex=0,3,11,19,27,35
output=0.4925524784,0.3188297412,1,0.0000000839,0.2086633679,0.9999487988,0.2424783229,0.5560709864,0.0000000001,0.0163899319,1,0.7447700967,0.9935209416,0.9999411724,0.6025104355,0.0183901032,0.8662636898,0.7390179606,1,0.5683022528,0.0011687509,0.9981090197,0.8516685342,0.2393866572,0.9987446133,0.7474723671,1,0.6948647233,0.999999593,0.000000419,1,0.9921228395,0.00000012,0.0000802116,1,8,30,1
outputCount=2
weightIndex=0,16,72,128,184,205
weights=9.8523503708,-5.0756921234,3.6669660192,5.5185709622,-4.8290132303,-6.8148280302,-10.239297656,-1.1224986592,9.5115426639,-9.3136573965,0.7360342007,-7.6705499681,8.9237685264,9.9004979078,4.8916825677,-2.7342142681,-2.2962165244,-3.8643973973,-6.3459641335,6.6742982762,15.3570121888,1.913727234,-6.3105816147,-5.6960350698,3.4723679568,-9.3933333303,5.6400232981,-0.1796625253,-5.8526300804,0.9727217544,-0.1487319488,-0.7431740714,-1.9837184967,8.1150916992,1.533305226,1.6241877015,1.2893531615,-1.8265482188,0.9512979037,1.6383259801,5.0074231971,2.6470718902,-4.149160862,2.4621161975,-4.9008813373,-8.349663178,0.9240205586,1.8072957798,5.3033921888,4.9146698667,-2.5228348247,-8.4662683084,-9.4080419784,2.0145978521,-1.8438211012,-1.1932438364,-0.8382699793,0.9544493505,-9.0107789176,-4.472936841,11.33602033,-9.574284214,-1.8561140172,-1.910488504,-1.6201482241,2.7071156947,-2.4617683922,0.6998096544,-11.4504106744,-4.5625448596,1.552836998,-0.5221527915,3.4943675511,-3.3438167022,-0.793775249,4.5027218806,8.4243593051,-1.272315437,-3.6208418345,-1.9930721229,9.077561947,-5.9896257354,5.8737143185,-5.9327184714,-1.481432273,-2.8689986697,2.0058197797,0.7917210589,2.0895563815,-0.6385812787,-3.5716718121,4.681346634,-7.0040241487,7.6647461854,3.6340812556,-0.5627804563,4.2194543865,3.4383416932,1.6516166017,4.415384409,-5.369131883,-2.1041608733,-1.7332509003,-2.7125700643,6.6744584577,-0.0688551074,2.3130974521,-6.6994166011,-4.2802952852,-10.6409140924,3.6954473949,4.5165046576,-4.3409062116,6.1001012615,-1.9292712948,10.8297229455,-1.5654787958,-3.981159529,5.1564803838,-2.4729848075,0.7909761355,0.1262321709,0.021664558,0.3194349828,0.6774026796,1.1893380182,0.2358830191,-1.2287888745,-10.7943853808,2.0627612572,0.2039651672,1.3222438223,2.6868814364,-9.0713778712,3.0055749867,1.7246045806,-6.2941825782,-0.246398123,0.504977829,-3.7036277285,1.0353474099,10.6161342631,1.7501777123,0.5456472499,-3.1055496879,0.2728554381,-0.8374944469,7.5750468789,0.2410256326,-0.7077118381,0.4003056784,0.339643149,11.1810678946,-2.7502165819,0.1265790734,-5.2418395575,4.2109424731,-5.7522107872,9.1174175755,-2.2080295141,-6.2551836978,0.2663728731,-0.2484774482,3.1300643471,-0.19372049,2.3306306029,8.7370957749,-0.0144821723,10.951296984,-2.9290991588,0.900264098,5.7654868894,-0.8887365041,7.4273153805,-3.6831852911,-2.8849734944,-2.1953839228,-1.1945313318,0.8539402184,3.3702702556,1.4170350669,5.6804485186,-4.6115251593,-0.9705719061,0.4757283555,0.1866057333,-8.5810368684,0.960390571,0.2017332752,0.9793564192,-0.9054510632,-0.2600172265,0.3588249713,-1.4866199088,1.2955583258,6.4332750421,-2.8496129155,0.8878535511,0.9971762234,1.0307998732,-0.8116510833,0.1675406024,2.2768642886,-0.7150907578,-6.192953595
biasActivation=1,1,1,1,1,1
[BASIC:ACTIVATION]
"org.encog.engine.network.activation.ActivationSigmoid"
"org.encog.engine.network.activation.ActivationSigmoid"
"org.encog.engine.network.activation.ActivationSigmoid"
"org.encog.engine.network.activation.ActivationSigmoid"
"org.encog.engine.network.activation.ActivationSigmoid"
"org.encog.engine.network.activation.ActivationLinear"
