encog,BasicNetwork,java,3.4.0,1,1572780309132
[BASIC]
[BASIC:PARAMS]
[BASIC:NETWORK]
beginTraining=0
connectionLimit=0
contextTargetOffset=0,0,0,0,0,0
contextTargetSize=0,0,0,0,0,0
endTraining=5
hasContext=f
inputCount=2
layerCounts=3,8,8,8,8,3
layerFeedCounts=2,7,7,7,7,2
layerContextCount=0,0,0,0,0,0
layerIndex=0,3,11,19,27,35
output=0.4305804127,0.3485077572,1,0.9974162594,0.2891420635,0.5864411661,0.7178237644,0.9652112771,0.9999002048,0.0000314435,1,0.7501236035,0.9777079572,0.7434410598,0.3033177351,0.0003149378,0.1176946416,0.9999404546,1,0.1969725965,0.0100568987,0.6118049519,0.7465112566,0.0131264894,0.2014906954,0.9911716296,1,0.9254719546,0,0.0009870114,0.9999982495,0.9999892202,0.1006426142,0,1,8,30,1
outputCount=2
weightIndex=0,16,72,128,184,205
weights=-6.9128932279,-7.1625397963,8.5135264656,-1.0661090784,-8.2102380371,10.0720462341,7.0241599928,2.3124885915,-3.6740445351,1.5621849572,0.627223987,11.1839938652,2.9303796577,-6.5523057543,-8.2418536652,-2.085237643,3.5432809034,2.8486949066,-7.0393997195,-2.3113624151,-5.1081793127,0.9402002823,3.9866599834,2.3518252951,2.7107589564,-1.064537804,-1.7713370942,-2.4123921328,-2.3726175702,9.592560045,1.2164326697,-2.1881515416,-2.4957442635,-0.7145279793,4.785411148,2.0215501398,1.3897713469,-1.6574604478,-1.686337559,0.6300194558,4.0493369952,1.0255618896,6.6133701992,-0.1862141824,2.4251346035,-0.9615447394,-9.5306254248,1.6757829133,5.1987491842,-0.0986648056,-2.1702684059,-4.8768827234,0.7465235927,-0.0359456132,3.0124849815,-0.3957838061,1.3234021551,1.9319644972,-3.2071320936,0.5525266861,-4.9057268284,-10.3357772799,8.6222124624,1.1437126638,-1.1290020976,0.5521300456,-7.0181542029,2.4736283589,0.9614913262,0.0654893349,-7.4879930412,1.886609012,-2.9221447102,-4.8411813699,6.08626,-1.6716293299,5.1949302005,-3.9944483645,0.1530479297,-0.1672163611,-1.6118874151,1.0025398001,1.7626851865,0.3584357501,0.5188711869,1.4077371972,0.9304089889,1.5297486861,-2.1232767041,-0.736109532,-2.2231512304,-0.1869908643,-3.2799560017,7.3039824014,0.7945043319,0.7731667466,-1.6752243724,7.2644354049,-0.0108079562,3.5030537062,3.2657839019,0.207904501,-2.1146520316,-1.1718656188,-6.8480992432,2.9011265646,-2.8941480857,-4.9983546686,8.0382550933,2.4392455691,-4.8218240606,2.9411291438,2.8790263928,3.0746493289,2.2338912547,-5.7375876915,3.9448494115,9.6370388236,0.2377627524,-1.9252067685,-5.1156211877,-2.3177233023,7.8712753172,-1.5595819409,-1.5111942134,2.4421386099,6.832888349,-0.1365780567,0.2844669353,3.6693205087,-11.6803345263,-6.8466364049,1.4745788425,3.2108492067,-0.6371128092,3.3918514428,-8.5530242734,0.7824341128,-7.2145237677,3.1793053219,0.0144650643,6.5683717476,-0.7063472044,-0.5215064913,-7.614638216,0.4111910645,3.9350847092,6.306356573,1.1855947094,-0.997280105,-0.3285035917,0.1065971657,-4.2391062768,1.0182824465,-5.4695750785,3.7106119182,-1.5660041654,6.6836961917,-0.6706137241,2.1913809877,-0.4223424522,-0.5781676712,1.5071136092,-3.1957996379,-1.1616926306,9.8955327494,-0.464724857,-0.5689691704,3.8580078905,0.0153749556,-8.9754272473,5.5444899905,-7.5976336644,8.969649114,-0.2155621453,-3.788280128,-5.287666183,2.9253714744,-2.0815054893,7.5742464194,-0.9232707162,-1.535330991,-0.4330697939,3.1201058141,-0.7296260061,0.0471585514,6.9413798333,2.9736577935,-4.9353848699,0.0027616176,0.7096065733,-0.3654809585,-1.6322653079,-1.4035895236,0.8802629753,-1.923584379,-0.2471256269,0.4618769471,-0.4414811407,0.3329042531,-0.5721109914,12.3099909916,-0.6913587528,-0.8807467672,-0.456892153
biasActivation=1,1,1,1,1,1
[BASIC:ACTIVATION]
"org.encog.engine.network.activation.ActivationSigmoid"
"org.encog.engine.network.activation.ActivationSigmoid"
"org.encog.engine.network.activation.ActivationSigmoid"
"org.encog.engine.network.activation.ActivationSigmoid"
"org.encog.engine.network.activation.ActivationSigmoid"
"org.encog.engine.network.activation.ActivationLinear"
