encog,BasicNetwork,java,3.4.0,1,1572780324326
[BASIC]
[BASIC:PARAMS]
[BASIC:NETWORK]
beginTraining=0
connectionLimit=0
contextTargetOffset=0,0,0,0,0,0
contextTargetSize=0,0,0,0,0,0
endTraining=5
hasContext=f
inputCount=2
layerCounts=3,8,8,8,8,3
layerFeedCounts=2,7,7,7,7,2
layerContextCount=0,0,0,0,0,0
layerIndex=0,3,11,19,27,35
output=0.369253182,0.4840245473,1,0.5715070447,0.9967803779,0.0000000071,0.2768676676,0.0000175983,0.8384718268,0.8066983159,1,0.0591213239,0.0107726095,0.9821492052,0.1717074557,0.0000000353,0.7809179822,0.999999987,1,0.7348820651,0,0.7637791054,0.9999913838,0.9999808892,0.9987551442,0.0004651291,1,1,0.9936601859,0.0000000389,0.0000000001,0.0036870477,1,0.996112501,1,8,30,1
outputCount=2
weightIndex=0,16,72,128,184,205
weights=-6.1036261036,1.3981391915,-0.91601237,-12.0837180755,-1.6601470972,5.2409987048,-6.3155151908,5.6051113731,-0.7340747211,-20.6155518154,25.3132803636,5.241699903,-11.9546497226,-17.0410987983,19.4569215424,18.0463512108,1.7936212673,3.187917386,-4.0613262772,-7.6896895717,-4.7214074153,3.4129799802,3.9175189785,-1.1259517347,2.5985745703,0.2198910368,-11.6552956185,-12.8521498595,-2.303020902,10.7508968288,9.3574493254,1.4802980063,6.6578168233,7.2899503634,2.6989435946,-4.04597453,2.040510244,-2.5194137876,-13.604458974,-5.6151592921,-4.224787933,-2.8703950956,-1.8376563035,9.735520455,1.7040738326,-5.5800124752,3.0058140112,0.8055534028,0.615088866,2.8166094763,2.2713254838,-3.4350674419,9.3372061452,-2.8121540916,-7.8673911987,-2.5918964371,8.7186714597,-6.1244383619,3.8608174527,15.5282941338,-1.5413402289,10.3139856557,-10.7093767063,-2.6058047246,-8.0300210607,-5.920407161,-11.8767834412,-9.3188683093,8.5829463862,12.5417743484,-0.4964824116,5.9344989453,-6.4522902484,3.7397156937,-0.0006972999,-10.7124194065,7.4649846985,-0.1223518995,-2.7275924707,5.3459357762,-4.6118736698,-11.0579358915,4.3661613431,4.4396685913,-1.1031994617,-6.9827107099,-4.284126372,-0.8259580732,-2.9846140528,-1.650971947,6.0359471601,11.1138863752,-2.7381401562,-1.9835284828,-4.0632898498,-4.8018493382,15.4824642692,3.497746429,-10.9746789528,-13.0092657711,2.2323180339,8.0750831945,-3.2839630025,-1.8557541651,-8.4918352046,5.6290543684,3.6008813467,4.7073493137,-3.752297194,-11.9376570217,-0.0954603922,-2.702115,9.1683289127,0.6106049477,-11.6495789005,3.4445579404,-4.8390438905,4.800014148,3.2179137248,0.0299760071,3.8613002604,-15.0654773578,-0.7651659405,-5.0088496269,13.2576469552,2.8459633379,-0.9754852971,4.8150263425,-4.3792518249,11.0532068702,0.7422757369,0.5112029422,-3.8794546567,-1.1823739094,-2.3341982408,-2.0625428396,-2.6279547198,-8.9349489474,-0.4573108393,0.1629530693,20.1987130277,-6.3276085353,-5.4318968541,-3.6273475882,8.080251284,-17.4489772883,-0.4117718134,0.3070704915,-17.0732086003,1.2435578446,5.0425837549,4.2280251791,9.4549046643,-10.2504271782,-0.6153439085,0.9975691692,-21.3693250468,-2.0467942509,8.0729787096,6.4763789584,-3.4606657425,9.5491216113,0.0622765628,0.5566494906,0.7635483245,4.0605469233,1.0059925983,-0.2281212567,-2.2592038522,12.2349687922,0.3438257578,-0.7328754431,1.0991134341,-1.847446736,-0.897386335,-0.4734155685,0.3591303157,-4.5083676676,0.2668761387,0.5536070782,4.0831334714,-4.617009569,-0.2075896913,1.2566624147,-0.7267032295,3.3524034686,-0.7461999641,1.2389675663,0.6130627811,-23.249078129,-0.8874859606,-0.3305230352,-0.0456944237,-0.9099659177,-0.554066749,0.8654838247,1.5517078328,-0.313712418,-8.6015254855,-1.6872622825,2.5093946123,0.2653234455,-0.0207787527,0.2040169484,-0.4081842545
biasActivation=1,1,1,1,1,1
[BASIC:ACTIVATION]
"org.encog.engine.network.activation.ActivationSigmoid"
"org.encog.engine.network.activation.ActivationSigmoid"
"org.encog.engine.network.activation.ActivationSigmoid"
"org.encog.engine.network.activation.ActivationSigmoid"
"org.encog.engine.network.activation.ActivationSigmoid"
"org.encog.engine.network.activation.ActivationLinear"
