encog,BasicNetwork,java,3.4.0,1,1572780334063
[BASIC]
[BASIC:PARAMS]
[BASIC:NETWORK]
beginTraining=0
connectionLimit=0
contextTargetOffset=0,0,0,0,0,0
contextTargetSize=0,0,0,0,0,0
endTraining=5
hasContext=f
inputCount=2
layerCounts=3,8,8,8,8,3
layerFeedCounts=2,7,7,7,7,2
layerContextCount=0,0,0,0,0,0
layerIndex=0,3,11,19,27,35
output=0.2241576781,0.1299984098,1,0.1737573536,0.0000004391,0.5889372512,0.000000242,0.0000080955,0.5931678633,0.9722225503,1,0.000666549,0.9993012488,0.000001239,0.0015563916,0.816800523,0.9999999389,0.8542585874,1,0.0466290059,0.979298847,0.5593554393,0.9999446677,0.0000089972,0.9968300126,0.9998621005,1,0,0,1,1,0.9750414958,0,0.0987838821,1,8,30,1
outputCount=2
weightIndex=0,16,72,128,184,205
weights=8.7328272638,-2.6326232276,-18.0940889967,-12.0030828164,11.5870039424,9.4907859969,4.2375315703,-1.8522522413,-13.3899702721,10.2660340468,6.673334378,0.4357399355,-2.037060646,-1.6309287032,-4.1723573935,1.5193440906,-2.3309322426,7.1414378011,6.8234172752,-8.0898735639,-6.951098601,-0.128060755,-6.9350139885,3.048476813,4.7195063242,-3.446668934,10.8289300599,-2.1480308204,1.9352514273,-8.3282121891,-0.4259422254,-4.0828307075,-3.3038442342,3.7383914292,-8.1433046369,11.386332694,-0.9609441648,6.1639275524,-6.0721227344,-3.5835792753,9.8572914418,-3.7086116956,-4.5279690137,1.3929490458,1.1923759162,-3.9824681705,-4.3095428872,-4.846915841,-2.8836510176,1.9349457706,-2.5819623407,14.9920914987,-3.0765921899,-3.4664683936,-5.27744669,-3.1914675762,16.8677838931,-6.1277178452,-0.6407963163,-6.7316710386,-5.2237852822,4.450604476,8.6918063585,-1.109116301,-6.5355522159,4.5147906678,-2.4610600948,-0.2053512444,-6.6522381871,6.560506196,-4.6651336142,1.906679467,-0.1707440081,-10.1389643644,8.4286339031,-2.9434428983,-15.2374237063,-0.1705868438,4.0810849487,-3.0573536093,-0.855920211,3.6622404875,-3.8420480057,1.4287473218,3.2275146408,5.589665351,-5.4013338407,4.268015662,4.4701979478,-4.9791822232,2.5721576569,0.1833583457,-6.6556751734,-10.2589684571,0.2449861589,-0.5740947606,5.0273606279,-1.4371769452,-8.1603896127,6.9948029811,6.6977223081,-0.2659003384,-5.1938763379,-2.2625230562,-1.7253077729,-8.5728683811,2.39638762,0.5184577646,-10.0507795533,0.7440704066,4.505374321,2.8654329743,-1.0844355783,8.5932893479,-4.5005663774,-2.1285244139,-5.0680382161,7.3663160793,3.8549509139,1.6944982951,1.5277655935,-1.870757807,-9.4298120699,-3.2874871594,-11.0237936539,4.1279700802,3.5206228217,4.4561921267,2.2123706772,0.2745880494,1.2258119458,-4.3231010711,-0.5637054288,-0.2250640256,0.7512996032,0.5549276911,-3.5169341804,0.6842559274,-2.5874050505,-0.6091681736,8.9409254551,-0.8824177932,4.5847644391,-2.1174534799,3.8276107902,-0.8948167354,5.6006389141,4.4086971191,-12.5273870064,-1.1432308708,-16.7866954509,4.1021876298,-7.810038421,0.9499759012,5.7834081241,1.2500790451,-3.0143452349,-2.7251467676,-3.6398927742,6.0672850479,0.8966679072,-0.3802801677,2.5830903955,-3.4281654506,-15.1068609989,0.2197444866,15.7130311319,2.4041138869,-2.079938289,1.4400555139,-1.2287916028,0.2754916535,8.3917346634,-0.5009773925,3.8753245158,-1.8609565346,1.2622296785,0.6273362272,0.1588555474,-0.9072829531,9.2834036082,0.3841854544,-0.7670604755,0.6613445068,13.572952155,-4.6147266547,3.3767549992,2.6754157749,-3.8855691141,1.3874393496,0.8485088206,0.7377484018,0.7110228571,-1.6868374479,6.6085509286,0.3413633834,-0.323566734,0.2455697428,-1.1132929956,0.8352388473,-2.2514629633,0.8318681863,1.9139247927,0.2036271314,-23.6310229231
biasActivation=1,1,1,1,1,1
[BASIC:ACTIVATION]
"org.encog.engine.network.activation.ActivationSigmoid"
"org.encog.engine.network.activation.ActivationSigmoid"
"org.encog.engine.network.activation.ActivationSigmoid"
"org.encog.engine.network.activation.ActivationSigmoid"
"org.encog.engine.network.activation.ActivationSigmoid"
"org.encog.engine.network.activation.ActivationLinear"
