encog,BasicNetwork,java,3.4.0,1,1572780366592
[BASIC]
[BASIC:PARAMS]
[BASIC:NETWORK]
beginTraining=0
connectionLimit=0
contextTargetOffset=0,0,0,0,0,0
contextTargetSize=0,0,0,0,0,0
endTraining=5
hasContext=f
inputCount=2
layerCounts=3,8,8,8,8,3
layerFeedCounts=2,7,7,7,7,2
layerContextCount=0,0,0,0,0,0
layerIndex=0,3,11,19,27,35
output=0.2320238791,0.3037408402,1,0.9999759145,0.0000047103,0.9999740299,0.3230044299,0.7881074728,0.0000024018,0.886372551,1,0.8174918755,0.9999999561,0.9999723167,0.9999994647,0.8601148655,0.7201871874,0.9999584833,1,0.4181181929,0.0002648942,0.0000008007,0.9043737831,0.9999878757,0.9987675121,0.0000782481,1,0,0.9999998715,1,0,0.9157398642,0.9811736997,1,1,8,30,1
outputCount=2
weightIndex=0,16,72,128,184,205
weights=2.2759678714,5.9848211203,-2.9926228776,13.9566104687,-6.0987830898,-3.1544670748,-0.3915000408,0.1651575547,7.5319697492,-11.6150877262,-8.4576433218,-4.8785871294,7.4928026549,7.5462270973,-5.004334083,0.2025006732,7.8129443102,-1.8643011303,-3.3231917113,4.5367330258,0.9583906265,9.9155827587,1.0462849468,-4.1141160957,-3.0773024227,-3.3793099383,3.7327968668,-4.2998455486,2.0187625608,-4.7020122443,-6.6580377362,2.5041072657,4.0570105077,11.7295679649,-0.2071828556,-4.8205490334,-5.1794321331,-0.808739173,10.959009533,-5.381083477,-7.0225137947,-9.5269213586,-5.4500298777,7.87986838,3.8749012541,8.0937317562,6.0186569246,-3.0824840668,-12.7660353123,4.6850146618,0.201667482,3.1477600261,2.0921679648,-0.0943065929,-0.8287035454,2.8123334949,-4.6174235347,-5.6227634542,-5.0533990158,1.8599731232,3.3402877688,-1.7643405891,-5.075182658,3.1240794851,1.0419578962,1.6880774245,3.9680395462,0.030130816,-0.6303413231,0.0277924966,-0.9702550038,-2.9913528556,-8.2649578652,8.4865890717,8.4854124214,10.9949062891,4.172575091,-8.1687800222,-5.5502810355,-1.0039624195,1.3071752713,-20.2735482296,-3.143123666,5.3665855903,3.473728311,4.9850870783,8.3000436219,3.0930953345,-1.3355321503,-0.9070869466,-5.333512641,7.4561801844,5.7089181927,-1.7359783458,3.9669834902,0.3348153492,8.5389636818,1.767354173,-4.3924620766,8.6912247395,2.4520344605,0.9908049537,-4.5824136726,-0.4317487095,-4.121468442,4.2401920866,0.9929917614,2.2788490906,-0.6859034292,0.1825382615,1.7767340588,1.9808926956,-3.3947194753,5.1247424027,0.9208490043,10.398690609,-2.6797777004,-0.9421289238,-2.2992518722,-3.419984254,-0.0266783165,-12.8055317742,-0.7717791122,3.1527555623,0.678619227,7.005902975,3.886436251,-0.4235325257,-1.1585398244,-7.5653102151,2.1014838686,-0.9905887709,-6.508000029,13.955977132,-3.453243556,0.8529630823,0.9921585997,-3.7629128369,-1.9213797113,1.2145485898,-22.1191577092,14.7104575547,3.784612998,-0.5143555861,1.1465606338,5.9083482229,0.4764266249,1.6064142563,-11.9839566985,-9.1887090388,-2.317722402,1.8851286335,-0.3245645634,8.2218402329,-2.7104331623,0.5780809569,2.1260954555,0.5463269946,-2.3602266589,-3.387375663,0.2123632379,-2.441311873,-1.5193850341,0.1110597373,11.079827702,5.0051010673,0.2626927718,-0.0388207089,1.0641021033,9.672573042,-0.2173939633,2.2981044333,-5.4909702835,3.5588068437,-0.0771936651,-1.144004222,-0.8949871257,4.616393318,0.6751031709,0.3621965094,-16.2909332141,-2.3714697955,1.0862267701,1.4118099953,-0.5607074976,-2.5500421909,-0.9459784999,-2.1564102699,0.7893935416,9.436477158,-2.1358187405,3.9671327102,-1.0802294327,1.7216758113,-4.5344853794,-0.9782978535,-1.2755541309,0.2181393379,6.0460763753,-0.3790526719,0.3137821507,-2.4275484836,-0.9257892315,1.2791986495,1.5766520244
biasActivation=1,1,1,1,1,1
[BASIC:ACTIVATION]
"org.encog.engine.network.activation.ActivationSigmoid"
"org.encog.engine.network.activation.ActivationSigmoid"
"org.encog.engine.network.activation.ActivationSigmoid"
"org.encog.engine.network.activation.ActivationSigmoid"
"org.encog.engine.network.activation.ActivationSigmoid"
"org.encog.engine.network.activation.ActivationLinear"
