encog,BasicNetwork,java,3.4.0,1,1572780399334
[BASIC]
[BASIC:PARAMS]
[BASIC:NETWORK]
beginTraining=0
connectionLimit=0
contextTargetOffset=0,0,0,0,0,0
contextTargetSize=0,0,0,0,0,0
endTraining=5
hasContext=f
inputCount=2
layerCounts=3,8,8,8,8,3
layerFeedCounts=2,7,7,7,7,2
layerContextCount=0,0,0,0,0,0
layerIndex=0,3,11,19,27,35
output=0.5117362536,0.6681343369,1,0.0589101508,0.0566685058,0.0059260924,0.3543575275,0.8610540768,0.9999586499,0.0000424815,1,0.0000004268,0.769069129,0.9417353099,0.4376750446,0.8256321611,0.9923039128,0.4212608572,1,0.0000354798,1,0.2827019174,0.6148848832,0.0006440631,0.0073123623,0.6121934253,1,1,0,0.9927320421,0,0.0000011908,0.0000039175,0.9666321673,1,8,29,1
outputCount=2
weightIndex=0,16,72,128,184,205
weights=-8.7519618866,5.078596924,8.1964141408,-5.4611969978,-11.7363173572,8.3944207899,1.1526862755,3.8728613515,6.6980007561,20.786546258,-7.8364690571,-0.6860914808,2.2280827047,-2.4791135188,-22.6591749591,-0.0217285271,-4.0982746158,7.0854612594,-9.5040853999,0.5314983499,-0.8507627375,-4.2901560107,3.4694771033,3.9954770484,-1.1190173791,7.553009763,0.9630143353,-13.8397817934,3.0243279607,-5.2785539758,-4.9260283864,1.345527474,0.013080303,0.7958161023,-5.9031476739,5.5345355383,-4.8127237822,-2.8416091567,11.4551497583,-0.6299363908,-3.2555129922,-1.436594882,0.8856081787,2.7762429501,0.7670919367,1.5576896418,-10.3941856931,0.6554281547,-4.4991680897,2.3535509049,4.2384716017,-0.7728024138,-9.645502567,-1.91908373,1.3074756538,5.677912142,-4.0413865172,-4.5548981175,16.3750194798,-1.6900785183,5.3962167784,-0.8782108126,-14.024138639,1.2391817692,-0.2633464587,4.4576780856,-9.3274374505,-1.3318920273,-17.7270564286,3.6140530098,9.9955371724,2.7113111941,5.8640877953,-7.0994510505,1.5762036287,-8.3403063765,-1.2343964756,2.2066365021,-1.3610217396,-2.0670694964,-4.4596297469,-1.9146965277,0.9510773851,5.1364479374,6.4686443599,4.7051610527,-0.9557870511,0.2372761096,2.1097111804,11.6654599774,-2.2273058619,-9.1607573501,-7.0031201708,3.8338418601,-1.3002071669,-1.847877692,7.0728356619,-5.7196912902,4.6802048779,1.0587861424,6.6790752041,-12.5087185242,2.0673812151,2.3162320417,8.5049485128,7.5049051919,0.4289599226,-0.3068634976,-13.0960311771,4.9928988038,-5.7464342484,-2.392952697,-8.7431477505,2.2447189479,-0.5146236816,-1.0212695816,-10.2519340859,-9.2977180926,2.3926200183,1.998201903,-3.8622975326,-4.8570025115,-3.8898314378,16.5411958283,4.1605383173,-2.3505298911,-2.3117842623,-3.1019611016,5.1536611424,-0.8127058762,-16.8375660083,-1.2117447682,-0.6651903344,-0.5648229167,-4.3825950947,5.5513802853,-0.7298528914,0.7915247654,13.6631873532,-2.0198674708,0.8772980766,0.4068128701,13.7035656117,-1.0140490751,3.4134474389,0.7765604531,0.6157774655,-0.3650038054,0.0188433793,0.54564169,-7.7822973764,2.5667689171,0.4931056373,1.9033632081,-13.3725905047,2.2897637408,-1.3805675339,0.7176975691,14.4377194154,-0.7057789606,2.3167439638,-4.6992533936,-20.8547854186,3.8374256543,0.0881044045,0.9400338616,7.9794559,3.3261976567,3.6585060174,-1.4410612999,-11.8808491666,-3.0363303624,-1.4843357374,-0.6550545973,0.9374442009,2.3189845837,-2.8820150681,0.1200195622,5.0557786173,0.5559385506,0.5134132159,-0.1775150626,1.2268380043,-2.8663777676,0.8291990836,1.4418511543,-0.1796634051,1.8539002435,-1.9425680266,-2.9501174408,-1.9054724056,0.2560210468,12.73615431,0.7492387391,-4.9348536765,-1.047249923,0.2274507807,-0.5383169547,0.1507067732,-1.3796365616,-0.0545632425,0.1693790989,0.5900720662,0.4579919308,-14.6361168263
biasActivation=1,1,1,1,1,1
[BASIC:ACTIVATION]
"org.encog.engine.network.activation.ActivationSigmoid"
"org.encog.engine.network.activation.ActivationSigmoid"
"org.encog.engine.network.activation.ActivationSigmoid"
"org.encog.engine.network.activation.ActivationSigmoid"
"org.encog.engine.network.activation.ActivationSigmoid"
"org.encog.engine.network.activation.ActivationLinear"
