encog,BasicNetwork,java,3.4.0,1,1572780411903
[BASIC]
[BASIC:PARAMS]
[BASIC:NETWORK]
beginTraining=0
connectionLimit=0
contextTargetOffset=0,0,0,0,0,0
contextTargetSize=0,0,0,0,0,0
endTraining=5
hasContext=f
inputCount=2
layerCounts=3,8,8,8,8,3
layerFeedCounts=2,7,7,7,7,2
layerContextCount=0,0,0,0,0,0
layerIndex=0,3,11,19,27,35
output=0.3799131806,0.404167029,1,0.8630631591,0.0000005617,0.3562109561,0.2786831514,0.6282527939,0.1759388767,0.1484202951,1,0.9998716492,0.9999922542,0.6820893399,0.9996422901,0.140034276,0.2398748825,0.5523832071,1,0.5633926361,0.957181731,0.0000032841,0.9997287449,0.9999993025,0.0000002114,0.000396426,1,0.9993555321,0.9999343602,0.1908680251,0.4380994728,0,0.9360966944,1,1,8,30,1
outputCount=2
weightIndex=0,16,72,128,184,205
weights=-7.2572609177,-8.6651075191,10.3208720421,-10.1921451854,11.2981145721,16.1809444251,-7.4919800906,-3.8954332377,8.7290186885,11.5600346206,-4.0203720603,-7.7744343191,-4.9105303078,2.8057185795,6.8081245955,-2.7421731053,0.0940679311,2.2577954759,-2.1926117564,-2.3956617914,0.9977872487,6.6239623127,5.7300889977,-1.5143553639,-10.7635534049,0.819431154,-3.019249683,-1.7957577999,-7.159322043,2.8601073913,4.9976424551,-3.0391405831,-6.7399239816,1.2955189393,-3.1972518782,5.8718992798,-8.2330830505,7.9532314166,-2.5829059699,1.8346018656,0.6469551436,-3.0027834323,7.6599243455,0.5680221394,3.1072580559,-7.3750455036,-7.3684402925,1.0164815763,-8.8324313027,5.013840473,4.5879421661,2.3949970901,0.9362995185,1.4994359444,-1.3650512089,-0.9180619316,4.7356962604,7.8580735909,-5.4885173207,-3.905136171,3.4554113768,-2.4112436933,-9.2486199883,-1.2865076571,0.1669688355,-2.0012850351,3.9166358013,-2.5482302555,-5.9436165609,4.7782302386,-10.7096360476,5.5650560398,-3.6299006133,-1.3764460231,-7.7450809301,4.7864804202,2.8413290719,-6.6099395307,6.1414627122,4.6942661153,2.8076068289,1.7600626307,2.1777483973,2.2631951094,6.299501338,-6.8128469813,0.0675252159,-0.060238699,-4.8434795545,-2.1124128448,-5.225639202,5.2561215994,-0.3456242899,1.6955201397,4.6332181073,0.6032422174,4.7526742379,3.990086809,0.1100005635,-0.3501735887,1.9898989273,-0.137807728,-7.6002620858,-0.1982357652,-0.8377210029,-6.6437763661,-5.1199745728,1.9485243696,3.1173653689,-4.2725791511,4.6194194554,-0.0509106625,10.8702130074,-6.6932438663,0.7581273979,1.4378280237,-0.0442318233,-3.4515973074,-7.8102568078,-2.2610245783,11.1418862458,-0.0593687089,10.7279621395,-9.0828897881,5.3641930712,-8.6545001655,-7.9129504631,-2.2907853154,-1.1586650451,8.225336553,-7.5968249886,8.6591611297,0.4705916683,-10.6618091521,0.5466264243,0.27833909,2.7613857609,5.2883468875,1.4716156087,-4.0003902918,-0.7659282582,-1.2560711145,-0.7917544826,-1.5013344705,-1.7559068535,2.1037953622,-0.5617656865,1.4041381581,0.3436666049,-19.3009934647,4.6353470661,-0.0509817576,4.4963074384,-5.1128259823,-2.2386408527,2.0249367713,0.3355555783,8.0705737836,2.9501956209,-2.133611435,0.1813324477,8.3180109107,-0.8561007766,-0.7247233986,-0.4546205869,4.498104746,3.0057193851,-1.0583357177,0.6771484123,-7.3123009223,1.7046780657,1.3555271834,-0.0747165744,-11.5665079492,-0.6095437608,1.7832823703,-1.3039896496,-12.4989274366,2.2173773033,2.4595414304,-0.5014393972,-1.0505445484,3.0862884398,2.3650042481,-3.7450654913,1.7995470704,-16.6794472681,-1.5048692366,0.4302732674,8.7620182235,1.3303680085,-0.360441209,-1.2740876129,1.2561868182,-0.0585600306,-8.5415724723,-1.746432642,-0.3134526652,-0.5665837876,1.0225769805,0.3351970791,-15.5521805323,-0.9473693957,4.3720134114,0.297876826
biasActivation=1,1,1,1,1,1
[BASIC:ACTIVATION]
"org.encog.engine.network.activation.ActivationSigmoid"
"org.encog.engine.network.activation.ActivationSigmoid"
"org.encog.engine.network.activation.ActivationSigmoid"
"org.encog.engine.network.activation.ActivationSigmoid"
"org.encog.engine.network.activation.ActivationSigmoid"
"org.encog.engine.network.activation.ActivationLinear"
