encog,BasicNetwork,java,3.4.0,1,1572780424647
[BASIC]
[BASIC:PARAMS]
[BASIC:NETWORK]
beginTraining=0
connectionLimit=0
contextTargetOffset=0,0,0,0,0,0
contextTargetSize=0,0,0,0,0,0
endTraining=5
hasContext=f
inputCount=2
layerCounts=3,8,8,8,8,3
layerFeedCounts=2,7,7,7,7,2
layerContextCount=0,0,0,0,0,0
layerIndex=0,3,11,19,27,35
output=0.5263158695,0.5296432629,1,0.7799786607,0.9999498589,0.0722416837,0.1304863266,0,0.059283514,0.2386918394,1,0.0131805582,0.911545662,0.9861404361,0.9963446323,0.9951771234,0.9999928573,0.9996598894,1,0.9997563297,0.0050543732,0.0227457758,0.9605873018,0.0344780651,0.8480229014,0.0034306368,1,0.9999999997,0.9320660949,0,0.9940818764,0.9999995608,0.9624969745,0.0000003612,1,8,30,1
outputCount=2
weightIndex=0,16,72,128,184,205
weights=-2.3128973242,2.276280561,2.622216463,8.4615290045,-9.853631028,-9.6600556409,5.4257913951,-2.3827522863,7.9901502661,-5.629766932,-7.8770402332,1.7166920961,5.1211687562,-1.1788812076,10.1463161748,-2.4908586327,8.0663797677,-0.506726396,-4.3399198563,-2.5522086479,-0.594717423,-0.6392365542,7.1826071162,2.4946936568,-0.6603464925,0.7692142165,7.8420167598,-2.8290938819,3.1265847,-6.2845099459,6.1935104343,1.2751274895,1.7989769077,3.7822245284,-1.9037067141,1.434600385,-4.2804207818,-0.2062255467,-1.2623495471,0.1517509694,0.683177797,1.2782551736,-1.5269696962,3.653791811,0.6476236726,-5.3573046747,1.2824124697,-1.7746976966,0.7092898662,0.4977892219,-2.1398887733,-12.1078707609,-2.9328155813,-13.1557376059,4.0286055095,0.2869959106,6.7238339199,-5.3855375928,9.5773488332,-3.1377899946,4.1453980343,-4.1341404354,-4.9681313785,0.7130855414,-6.3493062033,7.3900321188,-4.7630748603,0.6260892964,-3.942811896,-4.8243145545,4.3346893208,0.6755920679,-3.0846402914,3.7834258484,0.3579507345,-3.6911844192,-0.5502913698,3.0203365027,11.1213266345,-0.2939101567,-0.2162614131,-0.2296438662,0.6758914923,-1.2486286521,-3.8107886177,5.5652572409,-0.1812748667,-0.8533872883,-0.4993413911,2.7573996434,-11.0410417041,1.0162820917,-0.5313848031,-1.980661782,4.0358816121,5.7091374489,8.9358842059,-3.2239984473,1.0454946061,-0.1822698019,7.9921033269,-4.7234310191,-2.8901937115,0.5817311146,2.3900333315,-0.0421391832,-4.4846452558,6.8629106269,-3.4152008059,-6.6218073852,-0.1970154322,2.1837638748,11.3286028454,-4.9402289474,2.6680058121,1.4596933608,5.2217812694,-4.7193161249,-8.5178829312,2.9369631041,-5.6147882437,0.5602201077,-7.1105493638,5.6459529382,-9.7899794711,9.0785544714,-0.6748500155,0.9758248801,-0.7171558258,-5.0203280187,3.2427223426,12.0222844656,-0.2578970681,3.839990029,-0.569389142,-1.6733325147,4.483302848,-1.6169702085,0.129691215,-5.2523994543,-0.286453577,-2.1501671321,-0.2524990817,-0.6813159749,2.8766645221,-13.9143898143,-2.0454773218,-2.0387581271,3.7530228526,2.4047364731,0.7064257587,2.2912185436,2.8077143104,5.5337743117,-1.4576174594,-0.1354051823,-1.2222116684,-1.2255348239,-0.9865247455,-2.2357120199,5.6423642151,-9.0160651519,1.1881991802,6.918777161,0.1456461668,-8.7980619988,-0.4060239217,0.8734900494,9.0004316148,6.708028224,-3.0875829463,-5.6523570798,0.5906166182,-9.6471741075,-0.1573739026,0.7800858383,-7.4018222463,-5.5668232787,0.7962709242,-4.2928281147,3.115235676,6.2638202816,0.783117461,2.0421766101,-0.717292682,0.8942751159,0.7304610933,-1.0164665643,0.1853466438,5.1902016812,0.2346401179,-7.2240016139,-1.0897524559,-0.2165222759,0.5320204091,-9.1046339241,1.1198194781,0.2118533124,-0.6759474261,1.3833541046,0.2483878734,-15.2733597251,-1.0219480106,-0.1989789127,-0.6887619741
biasActivation=1,1,1,1,1,1
[BASIC:ACTIVATION]
"org.encog.engine.network.activation.ActivationSigmoid"
"org.encog.engine.network.activation.ActivationSigmoid"
"org.encog.engine.network.activation.ActivationSigmoid"
"org.encog.engine.network.activation.ActivationSigmoid"
"org.encog.engine.network.activation.ActivationSigmoid"
"org.encog.engine.network.activation.ActivationLinear"
