encog,BasicNetwork,java,3.4.0,1,1572780439403
[BASIC]
[BASIC:PARAMS]
[BASIC:NETWORK]
beginTraining=0
connectionLimit=0
contextTargetOffset=0,0,0,0,0,0
contextTargetSize=0,0,0,0,0,0
endTraining=5
hasContext=f
inputCount=2
layerCounts=3,8,8,8,8,3
layerFeedCounts=2,7,7,7,7,2
layerContextCount=0,0,0,0,0,0
layerIndex=0,3,11,19,27,35
output=0.7119972022,0.4782521931,1,0.9780448289,0.9999980733,0.0000010124,0.0001965531,0.9931973085,0.9996133191,0.9996986129,1,0.9957775231,0.0001857794,0.9687522027,0.260873812,0.9839296521,0.9849493556,0.0159117254,1,0.9957732953,0.9896002725,0.00971609,0.9995250522,0.8183576513,0.9929780177,0.3976771526,1,1,0.9899159833,0.0000000769,0.0177217004,0.9929312833,0,0.9999999991,1,8,30,1
outputCount=2
weightIndex=0,16,72,128,184,205
weights=9.7392406397,-10.1507034429,-0.4846125082,11.6540082228,-3.4687819621,6.9700819475,-1.8183809268,-0.1762853642,6.4347194851,1.7979481018,12.0620140313,-0.6818656672,-5.0509920108,-10.2475924365,8.063875672,-0.979496859,-1.8311517562,-3.0030083723,-0.8142508048,-6.9624522316,7.6112435925,3.7659362133,-2.5063607016,-2.9326450002,-2.619467074,-2.1178180177,0.8931588885,-1.5784996315,4.7004839495,11.5990569903,-1.3383957759,-0.7130879922,-0.6608247742,-5.2952403513,-1.264773144,5.6218010969,-6.5102724957,-4.4393741842,4.284174201,-2.6754251322,-7.4631393039,12.2326463108,0.3617393524,-0.0252808062,0.6894724546,-2.2577514282,-6.7220204626,0.2034692037,0.4458494635,-0.8162933765,-0.1754898553,-1.2497214635,-1.3950250919,6.2433662011,-3.4019346364,0.3131592551,3.8077998215,-7.2149927308,-3.0320510244,-2.675816806,1.8120764173,5.223513443,-0.100964892,0.7762540367,-1.7356038847,0.0713392607,0.4550780914,-0.4604151476,5.0610920684,5.5197421601,-8.4030598078,-0.7683897616,-1.8503978148,4.88066004,-3.9902243423,-4.3865410984,1.9829358233,5.3796837092,2.2982715753,-0.9796251667,4.8425232359,-4.2825424665,8.5149145122,3.6259566875,-5.162807212,-10.3414795229,1.0583701082,1.191213793,0.9379761873,3.27246498,-0.8149594306,0.5543293246,-1.8197330503,0.7559491172,-1.0263032717,-0.1378427642,-0.7767753625,-3.0324479824,-0.6017107263,0.0053828657,1.6057227587,-1.8642004418,7.3859343981,0.3332748223,-4.6308557896,4.6792870999,1.289643091,0.4442896713,4.0258694969,2.6255407156,-4.9799989478,-0.2826451534,-1.2495560323,3.5729051507,-3.8407601277,2.191794302,-6.3171844819,6.9128429172,-11.3171417918,2.5422438129,-0.3041231449,-8.2253174923,10.1614258293,-0.0842412066,1.1564159725,3.2501528654,0.1369134008,0.0752871474,-1.4253068928,-0.7835060761,3.7936176081,-0.1483307148,7.4700623193,2.2382372159,0.0446637994,0.2037150556,-0.6572489837,1.7626591308,5.6279784911,-7.290559333,1.0347249052,-0.7622403848,-0.1701835665,2.7398595478,-0.4327941139,3.3181145031,-4.7845101466,-2.4350078432,-14.1872189141,2.502273925,4.6574042302,1.9966132306,0.483891388,1.8074269028,2.5986979987,-4.1529347135,3.5139315748,-1.1060760012,0.7511131587,1.2121295571,-4.7116023848,6.6497713949,-3.3609967492,3.4459508326,1.4131134961,0.9301984697,-0.0823090149,-1.7477362059,0.7726161695,5.2440109434,1.7026268866,-9.7089488889,-9.0220711674,4.3031209011,6.9240660205,1.1942061961,-6.6852720084,9.280234809,-3.2354280689,7.8648489348,1.1250360193,0.081483364,0.6058426812,-4.7788382362,-4.5483810037,5.0427693505,-0.6228538436,-1.0154959742,0.2938490682,3.8951641533,1.5171283783,-0.9615379824,0.3280099044,2.2243306143,-0.2958857268,-12.9331578758,-1.178990982,0.8017277678,-9.6749226661,4.2377827097,-5.4670319274,2.1342154362,0.648503619,0.7838231012,-7.8800077073
biasActivation=1,1,1,1,1,1
[BASIC:ACTIVATION]
"org.encog.engine.network.activation.ActivationSigmoid"
"org.encog.engine.network.activation.ActivationSigmoid"
"org.encog.engine.network.activation.ActivationSigmoid"
"org.encog.engine.network.activation.ActivationSigmoid"
"org.encog.engine.network.activation.ActivationSigmoid"
"org.encog.engine.network.activation.ActivationLinear"
