encog,BasicNetwork,java,3.4.0,1,1572767591659
[BASIC]
[BASIC:PARAMS]
[BASIC:NETWORK]
beginTraining=0
connectionLimit=0
contextTargetOffset=0,0,0,0,0,0
contextTargetSize=0,0,0,0,0,0
endTraining=5
hasContext=f
inputCount=2
layerCounts=3,8,8,8,8,3
layerFeedCounts=2,7,7,7,7,2
layerContextCount=0,0,0,0,0,0
layerIndex=0,3,11,19,27,35
output=0.892857403,0.655172748,1,0.9390853837,0.3851140027,0.603864775,0.3230190023,0.9889002617,0.4291689142,0.9999998231,1,0.9999330494,0.9999999995,0.0000001136,0.0000000852,0.0216725119,0.0622940094,0.3513268592,1,0.970755398,0.737949183,0.0404143085,0.8752501128,0.1584741509,0.0070120462,0.9932929428,1,0,0.9999875115,0,1,0.9972118086,0.0071950035,0.9864716395,1,8,30,1
outputCount=2
weightIndex=0,16,72,128,184,205
weights=-2.3051102822,-0.5959410148,-12.7739713145,-2.3431037427,-1.1314661804,5.8850619726,8.1792016783,3.3991065201,-3.8326063673,-3.1669412963,13.2794068527,11.0431950249,-10.5005567862,9.7584555147,3.3795811635,-3.3090974149,1.2366350369,0.6527510641,0.6991783285,-0.1196632915,2.1140603564,-2.8979324766,1.0636669705,0.6071419362,-0.6083020567,-1.9348426902,-0.8522148963,-0.6024150598,1.7129416591,4.7719079999,2.7488772153,0.7750672605,2.2333851996,7.6321857315,10.0975961338,-5.5709152606,3.4044828875,1.3884315691,-8.3492335849,-6.6707920662,-0.6861263163,5.5677683939,3.9624310083,-2.9743960996,-0.0841280652,4.9632226106,3.1437905015,-7.033474072,-5.0284642903,13.2370545752,5.2728676892,0.6832480274,-1.6566343668,2.1259920476,-3.5941334758,-2.5530731605,-9.0870084848,8.4217395764,3.418717946,5.6780412287,-0.6722985169,-7.5564772603,1.4314022069,0.3618205176,6.034667801,8.3220175682,-2.5439811376,2.8625331116,-7.3297051397,-5.1007244383,-1.2399591036,2.1035378984,8.4058884787,3.4259588775,-3.9448968443,-2.7501213653,1.3963251199,-3.3952042362,2.7310583289,-1.4204979009,4.5138742677,11.0537391735,-5.246325833,-1.7744664147,-0.4195135015,-14.6371277438,10.0701076049,0.7784734217,0.3150796034,-6.202343057,4.4002650513,-1.9242351957,-1.8046961094,9.999371627,-11.2402594917,1.1678433579,-0.4520074079,-2.7359037299,3.4779938919,-5.2762829041,1.763980664,8.9648100974,-10.6320600435,0.8749966874,-5.6308968435,1.8677303951,2.2458663037,2.1323463796,0.7114682362,1.0275067581,-1.0865396825,-0.7196699495,-11.4346265392,3.8529239203,1.0010506171,11.6048488719,-0.4294074019,2.0319292879,-4.6574497258,0.0278040661,-4.9533709392,2.9077853321,-3.9701698699,2.3868778134,-1.7540295771,1.359106141,0.696982879,-0.3030315224,0.4003487538,1.5785812623,0.3544311558,1.9323216842,5.8458575015,-5.7140116002,-7.3932073722,1.4962398855,-0.5759906315,2.4991709398,1.9632242761,2.9064392497,0.813725263,-9.4500901636,-7.0928606468,1.8832004046,0.3006874401,-1.8755869576,-0.8506849293,-1.674089929,-2.8327142241,6.2870660929,5.536069181,-2.2992588918,0.558541274,1.0506968275,0.1476079279,0.2743416643,-7.9313093912,-2.5128976358,9.0102288318,-0.33788603,0.0420129332,-0.006905274,2.5369743967,0.1506470853,-1.1998124226,0.2837876716,-0.9588842165,0.3269702132,-0.8844730492,-3.1073944781,-2.4338036131,-1.6454537909,-3.1214164524,17.5982508305,5.2979762685,-2.4404889803,0.1860623248,2.6592367274,5.1011602807,2.27253281,3.6411079602,-16.8260055548,-6.6972752279,3.1629084116,-0.9928337959,-0.7227482228,-0.8188131986,0.8890708663,0.1387330518,0.0161306769,2.3163838629,-6.1312437647,0.326397976,0.8421684903,1.0020201419,0.0968403521,-7.9995364691,2.3429026813,-0.4112186504,1.3804741602,-0.1894249509,-10.2881921943,-0.4620446473,0.4420050521,-5.2744480687
biasActivation=1,1,1,1,1,1
[BASIC:ACTIVATION]
"org.encog.engine.network.activation.ActivationSigmoid"
"org.encog.engine.network.activation.ActivationSigmoid"
"org.encog.engine.network.activation.ActivationSigmoid"
"org.encog.engine.network.activation.ActivationSigmoid"
"org.encog.engine.network.activation.ActivationSigmoid"
"org.encog.engine.network.activation.ActivationLinear"
