encog,BasicNetwork,java,3.4.0,1,1572780455975
[BASIC]
[BASIC:PARAMS]
[BASIC:NETWORK]
beginTraining=0
connectionLimit=0
contextTargetOffset=0,0,0,0,0,0
contextTargetSize=0,0,0,0,0,0
endTraining=5
hasContext=f
inputCount=2
layerCounts=3,8,8,8,8,3
layerFeedCounts=2,7,7,7,7,2
layerContextCount=0,0,0,0,0,0
layerIndex=0,3,11,19,27,35
output=0.4957265082,0.4867245042,1,0.00000294,0.9985958848,0.999999668,0.4181622011,0.9999820528,0.0000383657,0.1884297138,1,0.9993001064,0.6055156976,0.2658925524,0.9999304758,0.0000003377,0,0.9221299216,1,0.9998004213,0.999975351,0,0.0085366019,0.0095556395,0.5296443716,0.5945849705,1,0,0.608096871,0,0,1,0.9752317212,1,1,8,30,1
outputCount=2
weightIndex=0,16,72,128,184,205
weights=10.3046276209,0.5578052908,-6.7221763931,0.9457604762,-3.0041546358,-14.8083048754,-3.7219143422,9.4585342368,-34.1471895109,-19.5991916066,7.7347362453,12.4557843629,18.3010369565,5.129069982,-20.1610888699,-7.9265709538,-7.4056676843,4.202313189,-2.5251482189,-7.8648138465,8.431287926,2.1989678739,4.7974780088,-3.7694046008,1.8530709378,-1.6852689679,-12.3728076871,4.6203338315,-6.0745172516,0.5584785286,1.3997978508,3.1146570487,-2.4683386733,-12.6479129402,-8.2975543452,14.4763915571,6.8919414285,-27.8960931889,7.9966795616,5.4000685487,0.9258111967,-26.3704509543,-3.5943594494,-8.5782512158,15.3240465491,0.9244268228,14.2430196438,11.1116849289,-8.9216817919,12.1781102379,10.9273314867,-1.4433909289,-19.3188609264,8.2628593989,-1.0173173725,11.9453617038,3.9498761198,1.1553679258,3.3531209576,-4.5776132179,2.36256399,7.9497121803,-8.7450206671,-3.065244135,-0.4646551359,-16.0276356318,14.8639715425,3.9190312176,-19.6977983684,-4.004771456,4.0274816128,-2.8757637656,0.9593545364,-1.3369161952,7.7017826849,-1.1062254057,1.6586825708,-2.8923207521,14.5535282217,0.513788147,4.8533075544,-7.9222042199,-5.6572976339,-9.9218537244,-9.9228318365,21.7240893456,-4.1317983737,-5.371647369,-1.1316283572,-3.6398323155,1.5405010615,10.9502577408,1.5868343712,21.1592027167,-13.4261520721,0.4230763891,19.29850334,-8.5225753827,-5.8789369059,2.8282373524,0.0672038035,-6.8164133027,8.7335757743,-2.8058844264,-7.4555514398,3.5296933329,12.0682647134,4.3986347445,-6.266972195,-0.646390065,-7.4479352927,-6.1834544599,-4.3498506129,-7.2169771006,32.8438943287,-6.615951276,-0.1581694681,-8.5397527014,-1.6196352018,-8.0019672676,-0.6584065407,2.0353996033,3.8916368183,-0.4736145723,4.7421296286,-7.5250790249,0.4788021847,4.7542262002,-0.5835785177,-8.9857767795,-0.2849743789,-0.2008977858,-2.6732838095,20.6002360821,-1.7052486447,-1.7281464102,0.191318199,-7.4447005729,-0.4599213516,-2.01938558,-0.0100146534,14.7244841114,0.63683072,0.1512469073,0.8677926125,-0.4546870676,-1.3974421105,-5.5644589654,0.4656195098,-33.9463652338,1.0233681772,0.0172837672,-0.9209643721,-3.013133048,-0.5507269385,-3.4184900082,6.001881623,-21.6218103329,6.1774103288,5.9844411263,0.2938457388,1.8779304962,0.006981942,0.3806874078,0.2369560833,-4.0898556512,-1.2146642743,-0.8167206868,-0.4231403315,0.7930169316,-0.9856789516,-7.7862002393,8.7396098632,-26.1514032035,9.0321140399,7.3684396589,0.7426880982,-5.8850071797,1.8798016597,15.0573048438,-4.3564078079,16.0277821,-4.6313414812,-2.6814454562,-0.9489465128,-0.6882473926,-0.2839291813,-1.1698299304,-0.0547354113,11.44002129,-3.0125722998,-1.8789501139,0.069962875,1.2019206434,-4.440918035,-0.1754211207,2.3992622424,2.367356801,0.1545502581,-0.2602712905,0.3277252949,-4.0764771725,0.8420884221,1.9268346509,-0.2481258665
biasActivation=1,1,1,1,1,1
[BASIC:ACTIVATION]
"org.encog.engine.network.activation.ActivationSigmoid"
"org.encog.engine.network.activation.ActivationSigmoid"
"org.encog.engine.network.activation.ActivationSigmoid"
"org.encog.engine.network.activation.ActivationSigmoid"
"org.encog.engine.network.activation.ActivationSigmoid"
"org.encog.engine.network.activation.ActivationLinear"
