encog,BasicNetwork,java,3.4.0,1,1572780465378
[BASIC]
[BASIC:PARAMS]
[BASIC:NETWORK]
beginTraining=0
connectionLimit=0
contextTargetOffset=0,0,0,0,0,0
contextTargetSize=0,0,0,0,0,0
endTraining=5
hasContext=f
inputCount=2
layerCounts=3,8,8,8,8,3
layerFeedCounts=2,7,7,7,7,2
layerContextCount=0,0,0,0,0,0
layerIndex=0,3,11,19,27,35
output=0.4206415775,0.3385867478,1,0.1517982485,0.9398643648,0.8770124295,0.0004120232,0.0000127142,0.6278417636,0.637378537,1,0.0004116065,0.4085506586,0.0000852485,0.0643320433,0.9987006533,0.0867444573,0.3556925884,1,0.9943115136,0.0002494929,0.7762398593,0.9999998423,0.654007949,0.0093129316,0.0271877016,1,0.0363127103,0,1,1,0.1699413951,0,1,1,8,30,1
outputCount=2
weightIndex=0,16,72,128,184,205
weights=-5.1747437051,-4.6973161306,-6.0711106995,12.5955751792,-5.0485466216,6.7183910227,7.9681958971,0.902687411,-3.1890890391,-11.8848313654,12.600597947,1.7235733441,2.6508836779,-8.3340733396,14.5570273247,-4.1128532438,3.9846980958,-2.2568360729,3.3864670243,2.7123836848,-3.0392828452,6.5806168149,3.4921134151,0.2474265343,7.7987062825,7.3321544204,2.0521786592,-1.3843097351,2.7200110816,-4.6746375864,-6.7483107666,-0.0714068323,-4.0907040394,8.2486989606,-4.2271990825,-4.8692696902,-3.9059720044,3.9479034857,4.7961623947,0.7621992961,10.1992918806,0.1725760344,2.0958247797,-1.9764592025,-1.6726540783,-3.9727309452,-4.6880890525,-4.0591402377,-5.2694447355,-1.6817581572,5.949131819,1.9006802039,-8.853095082,4.3408284296,-1.0027183589,-1.8846011566,-1.1370814246,-10.9556692344,-5.9741582311,-1.0781927406,3.6238699015,6.553864951,-2.4805698699,1.7639021986,-5.6692729262,-7.4183176917,-4.2353271585,-0.3742886198,-0.7632818567,17.4973309328,4.3780737383,1.3087813691,-0.0354555928,8.932098598,3.2384767432,-6.0545205453,-3.2578958206,3.5278064121,0.5494740712,-2.1384241466,-6.507291564,5.7798720917,8.6138983032,-0.4595483785,2.8087834319,-5.053766524,5.2200439928,-2.059852439,-3.2157658796,8.424140975,-5.3372044,-2.5359632497,-0.5947215924,0.5178547949,3.800529663,0.7852320917,-1.0603896729,2.339885657,-0.8593165082,0.1477883324,-1.5705168451,5.1853486165,2.7315308688,-0.1996058686,1.1196061033,-4.5154421448,5.0412121394,2.3530351378,-0.2665143867,-6.5658131344,-4.2680793295,-0.3822529512,-5.9053809589,-10.2890188432,-6.0826013159,12.9436400256,-0.6571705574,9.9740003738,6.1873258741,-4.5330858744,4.2837199273,5.4976836261,-5.7637333283,-4.1374614604,4.5640831463,-7.2268535704,-0.9230297714,0.8641191543,-0.3524705402,2.1602326903,5.7432277188,-2.8648753109,1.6221473764,-1.1398262449,5.1002945376,-3.0779114303,10.0975699107,1.9072600772,3.4969038362,-4.9714140624,14.7477828322,2.3160680157,-3.7963664378,-5.8978826859,-5.1711220054,-2.3562476649,-0.6976809134,-0.0563744407,10.3983158199,0.1761500493,1.6506777545,-1.2320623508,-15.6593645007,-0.1275180931,6.8809248675,4.0003183013,-5.3928562171,-1.6178072393,2.5959052973,3.6707459035,-1.2019316767,0.8174096325,-1.5183948961,-0.8644075681,1.2730845531,2.7922221642,3.3852308476,-0.5384290465,8.5326195337,0.629351244,-7.529607547,-1.182136168,14.2100483872,-2.9703099026,1.7682317947,-0.4482008458,9.3787007398,-2.0602446775,0.7764173909,-1.8918427994,1.1953876055,1.2291593278,-0.6285318852,-2.3771810167,0.0144050356,-0.4525225579,10.1818374242,3.7740634688,-4.0002249109,0.0571078339,-2.4116836102,1.7157697649,4.2110599381,0.9107701337,0.7251379104,0.5079994622,1.3314036303,0.110064346,-15.5392020845,0.2536431388,-1.3202842278,-1.5335961937,-3.2229441631,5.2189070234,-1.1105439274
biasActivation=1,1,1,1,1,1
[BASIC:ACTIVATION]
"org.encog.engine.network.activation.ActivationSigmoid"
"org.encog.engine.network.activation.ActivationSigmoid"
"org.encog.engine.network.activation.ActivationSigmoid"
"org.encog.engine.network.activation.ActivationSigmoid"
"org.encog.engine.network.activation.ActivationSigmoid"
"org.encog.engine.network.activation.ActivationLinear"
