encog,BasicNetwork,java,3.4.0,1,1572780474156
[BASIC]
[BASIC:PARAMS]
[BASIC:NETWORK]
beginTraining=0
connectionLimit=0
contextTargetOffset=0,0,0,0,0,0
contextTargetSize=0,0,0,0,0,0
endTraining=5
hasContext=f
inputCount=2
layerCounts=3,8,8,8,8,3
layerFeedCounts=2,7,7,7,7,2
layerContextCount=0,0,0,0,0,0
layerIndex=0,3,11,19,27,35
output=0.378154542,0.2659606781,1,0.7022915997,0.2020070744,0.0000066258,0.6789828713,0.0000157696,0.0000005404,0.571796832,1,0.0000002295,0.0988577169,0.4130526978,0.9700794152,0.7457351905,0.1591784605,0.9475625828,1,0.9907627907,0.47375999,0.0809318709,0.870506109,0.997384833,0.0001503424,0.4046386222,1,0.5702371677,0.9999685759,0,0,0.9512104651,0,1,1,8,30,1
outputCount=2
weightIndex=0,16,72,128,184,205
weights=-2.1715161655,10.4467992163,-7.7349483941,7.4185516195,-14.6745858822,9.438444944,-7.1965040723,-2.0045321206,8.9848829719,-1.8893784802,-2.4311601066,-7.2195378749,-1.5137859587,5.9681243839,-0.3305418161,-1.85257207,1.0405904954,-4.0671419367,2.6495292782,-0.8650147272,-3.3763712381,-4.7211499306,-2.8089768542,6.9361056982,5.9357803899,1.4056234823,-3.5303556083,3.9702069705,-7.2408202748,-0.2595728266,0.6024872489,0.9642102643,0.6809136025,1.5638532441,2.3115425573,-2.5160569095,-5.7482004115,-5.4416910389,-6.5935139161,0.8074556483,2.7410777118,-0.1270940179,1.1148775605,5.1119155045,5.0022139113,4.8646037027,-5.6888780267,-3.7719012892,7.7899869063,-3.6818719066,2.7396995511,-3.9784452164,1.0046116822,-4.7888396254,-4.9712764979,-3.2419597515,14.3991126821,1.2624050725,-4.2028537244,-4.7601094699,-5.8441863573,0.0166162732,-3.416971269,-0.6087594533,-4.3582321758,-5.2497964186,-3.3361812761,0.5531812647,4.2146340726,10.5532275125,-1.9886901955,-1.2888802618,-5.2854183955,-5.522311976,13.3189294284,-7.4162003953,-1.8788894655,0.1440183871,9.301233516,-3.9463113774,-1.8232034422,-2.49528045,2.6096791784,-0.1056963601,3.4295322337,5.0650224346,-4.1510074509,-1.0823192552,-1.7124449639,-1.7628546574,-1.6352495619,-0.4165149357,0.1391166366,4.6387796645,2.5776657549,1.4928861516,0.3357298422,-5.3924843128,-3.9217131371,4.7814827406,2.505183631,-0.2667425669,-2.4613252349,0.3533827638,-2.5972274983,-0.4251714474,-0.487264506,10.0383183312,-4.8032385499,3.1203928762,2.9384119049,-1.2471091271,-1.3197157762,7.5037103139,-2.1169006467,5.1801462527,-2.0572589756,3.4918848034,-10.1431985981,-2.0941263108,3.6208832923,0.7638943344,-3.4019828411,-1.9185590898,3.2398909806,-5.1920455622,-8.9900295402,1.2974554439,5.3103898536,1.4350391111,-0.4242809085,-0.3100781489,3.1252296775,0.5817055327,-1.185088575,-1.575602962,8.0752982895,-6.4084145638,-1.6343462945,-0.9527503008,-1.2818911658,-1.0436472107,1.8949133545,1.022756339,-14.574346537,3.5486268072,0.3932935609,-0.1345532843,3.1122645563,0.489120515,-0.5819288205,-0.0459235525,5.6059791685,4.4528466515,0.6345305719,-0.4747814135,-7.9097020525,3.3360706107,0.3511545757,1.428633455,1.4486190612,2.7982189868,-4.8026178619,0.0649455885,0.5164684902,-2.4197291731,0.9277892539,0.9005617751,-3.6373985005,-7.2494736725,0.9493871524,-0.4056967868,-2.5954252465,-3.6970934929,2.1284768553,0.8612996923,-14.6478787999,8.7708781155,-0.9956155848,-0.5855276046,-3.6502935225,-0.2125256109,0.5790786775,2.0891069426,-0.0415606967,0.2233526905,-6.0852762885,-3.5862201007,0.9727140676,9.8762413762,1.1575638415,-1.2768302112,1.5867585448,-0.9900919533,-0.6767823824,-0.104511511,-0.8943737069,0.1018893473,7.0685287424,0.2825640691,-0.8607855261,-1.1376932923,0.5752892197,2.3884071269,0.6651177643
biasActivation=1,1,1,1,1,1
[BASIC:ACTIVATION]
"org.encog.engine.network.activation.ActivationSigmoid"
"org.encog.engine.network.activation.ActivationSigmoid"
"org.encog.engine.network.activation.ActivationSigmoid"
"org.encog.engine.network.activation.ActivationSigmoid"
"org.encog.engine.network.activation.ActivationSigmoid"
"org.encog.engine.network.activation.ActivationLinear"
