encog,BasicNetwork,java,3.4.0,1,1572780483876
[BASIC]
[BASIC:PARAMS]
[BASIC:NETWORK]
beginTraining=0
connectionLimit=0
contextTargetOffset=0,0,0,0,0,0
contextTargetSize=0,0,0,0,0,0
endTraining=5
hasContext=f
inputCount=2
layerCounts=3,8,8,8,8,3
layerFeedCounts=2,7,7,7,7,2
layerContextCount=0,0,0,0,0,0
layerIndex=0,3,11,19,27,35
output=0.7016798672,0.4170236473,1,0.9140738187,0.0131587158,0.0749571583,0.2211779477,0.7348415289,0.0000264173,0.0668640088,1,0.0005940407,0.9997699389,0.4857236042,0.9999986248,0.9765006563,0.0000024597,0.0000094675,1,0.0002495829,0.0060960263,0.9541147824,0.1316726548,0.9994180915,0.9977292937,0.9525442913,1,0.0000000004,0.9983628754,0.481811201,0,0,0.9999999711,0.0000000004,1,8,30,1
outputCount=2
weightIndex=0,16,72,128,184,205
weights=1.6377339092,10.5665854516,17.4576991892,-8.9068060381,-7.1004583108,-16.3698607959,-7.377032127,5.5920692931,-10.9548485139,5.3949746761,6.6695385482,3.1786112166,15.6086420757,9.1787267975,-16.2869521234,-1.9765327552,-4.8234785429,3.6456483098,2.9980484714,0.8069505447,-9.070281541,7.9465660849,-17.4249310716,5.3165874735,7.0059696755,-4.151403043,1.1822557795,6.0626550969,-4.2548875629,-5.5180061022,-8.4080067401,-2.6530413734,-0.7531710783,4.326146033,-6.1660364354,-4.2283018425,0.1801006212,15.3131174708,1.4475603423,0.2097390587,-8.5964253769,-1.8376093227,-0.1785123026,0.9836923904,-3.7916968287,3.3273433376,-5.0097722618,3.3891284572,2.9857673909,-8.8236659296,-1.9635569413,12.1816789257,0.3427503938,-1.1324797806,-9.1916489638,-1.7233328991,-3.143761876,3.3776620419,0.9543566499,-6.2100587259,-11.5669224003,5.4702511074,-0.8524391352,3.1251143861,7.3160484953,-0.2226180167,-3.9192074947,-4.2731564865,4.1805270618,-1.3521973305,6.019283259,-0.3232082198,1.7060234842,-4.1408999327,5.6081328528,1.1270985789,-12.1743963738,-4.0474666137,7.1075802624,-3.4670587804,-3.2431032335,-1.3728712828,-1.1157133136,-5.9519576748,5.1085684481,3.6067090174,-2.057473283,3.4900622879,4.2075274756,0.7982128554,-0.4034807461,-1.0313691453,-3.5139239774,3.6687115577,-1.0191910053,1.2800556723,-3.259059443,-8.3823106155,8.5220405942,10.2815192653,-5.1612685325,-2.2889113434,14.2453193657,-2.0632600028,-3.7404882015,-3.9177728766,2.8962352446,-6.638808876,-2.0785769094,-2.4303908878,6.2380941905,0.422806608,2.3004595515,6.2971727265,-9.380629373,-4.9568136337,2.6152531913,-0.275687139,-6.386587333,0.3932718168,3.4300471733,5.4246248901,-7.4160025153,5.4451212056,3.2099086734,-0.7372089973,-10.9458028121,2.7110357431,7.7289274165,-0.9270488019,-1.0202918648,2.2074702613,2.064357263,-3.131491846,-0.3734950594,-3.7468588982,2.1915009247,-3.407198357,-8.4659013104,7.0369155875,0.1427566233,1.1222754451,0.7212889531,1.2643075449,-1.1111278474,-7.6841437327,8.1408625973,-9.2581845012,-2.5472995439,3.0211390772,-0.1513834417,3.7627070305,9.3067813998,-2.1398905484,3.4202243445,0.045216788,-0.2214975381,-1.0981062317,0.6182995782,-0.2996587365,-0.1707114674,8.8088433174,-7.9830316433,4.7064827667,-4.4896194002,0.8320293261,-0.924244013,1.6684779442,0.1626588154,5.3545962576,1.82887925,0.5306155632,2.2058413711,-0.1591455406,-0.0634164069,0.0175319911,-12.1717092945,-3.049148021,15.0524727903,0.0224547292,2.9191733725,-1.2435808958,0.0788936714,0.034626835,1.7263104392,-1.0414478181,-4.2350123075,-1.9588907428,0.6632125052,2.1879261641,-1.813813108,-0.1032269465,17.5345259443,0.6905465179,-0.8875872331,-2.6513281321,2.7564658694,-3.6966049319,-0.0374487052,0.8510347331,0.336085822,0.4701663121,-0.7586573262,-0.4962093488,-0.7674935059
biasActivation=1,1,1,1,1,1
[BASIC:ACTIVATION]
"org.encog.engine.network.activation.ActivationSigmoid"
"org.encog.engine.network.activation.ActivationSigmoid"
"org.encog.engine.network.activation.ActivationSigmoid"
"org.encog.engine.network.activation.ActivationSigmoid"
"org.encog.engine.network.activation.ActivationSigmoid"
"org.encog.engine.network.activation.ActivationLinear"
