encog,BasicNetwork,java,3.4.0,1,1572780496746
[BASIC]
[BASIC:PARAMS]
[BASIC:NETWORK]
beginTraining=0
connectionLimit=0
contextTargetOffset=0,0,0,0,0,0
contextTargetSize=0,0,0,0,0,0
endTraining=5
hasContext=f
inputCount=2
layerCounts=3,8,8,8,8,3
layerFeedCounts=2,7,7,7,7,2
layerContextCount=0,0,0,0,0,0
layerIndex=0,3,11,19,27,35
output=0.8358215986,0.3648542737,1,0.5213428981,0.0000823061,0.2822104437,0.2851117629,0.7870707098,0.0001565746,0.9999721041,1,0.9948714686,0.9937501174,0.7514277019,0.1724735851,0.2183745326,0.9560007262,0.452470214,1,0.8804064483,0.0164038049,0.9999967169,0.2842773748,0.328382283,0.8274685911,0.3922436833,1,0,0.9978013988,0.9996529585,1,0.9653192385,0.0911739298,1,1,8,30,1
outputCount=2
weightIndex=0,16,72,128,184,205
weights=-12.0366405332,-4.3466048751,10.2527158318,2.6292143892,-1.1089405204,-2.5251518531,12.0966936229,-6.9631532784,1.2545517959,-11.0732010672,5.4531879948,-3.3220703766,8.469151062,-3.5908052038,-11.0489406959,2.5840919885,-1.3806552877,-3.2444178145,3.3347008736,-7.1045951359,-5.9852539705,-3.3143416026,8.7647618499,3.9124533662,1.1948791206,0.0101778479,-2.3815135015,-5.3832125796,7.9803158108,-9.6476922931,-6.5763398097,2.5702497104,-2.4397277952,6.7732119222,-14.6194018662,2.2878803293,3.602420978,4.672871649,3.2151939861,-1.3550885238,1.4245131816,1.1699205174,-0.1377173487,-0.6914891529,-0.2470096385,-0.549738328,-4.9536363768,-0.4554491266,2.1215743555,1.1187679949,4.0947589451,-5.1419997013,-3.8751326508,-1.1386946464,-2.221310362,-1.165267885,-0.131450676,-0.263483255,0.6177370238,-2.621862169,0.4455927311,-5.5267769265,-4.4784338393,-1.1685367282,6.8522740255,2.8163505787,9.1712009536,-4.3699010498,4.457827391,-1.5469839875,-12.323007282,0.814554206,0.0923555112,-1.8796498186,8.0633629599,0.4365146076,3.9729995231,-1.0124136875,-2.1160058873,-2.6070426579,-3.9145966599,-5.413223845,0.9379562528,-2.5870439433,-7.2832672068,7.7528090324,1.5925677552,3.7534569111,11.6438266168,-2.1742968683,-1.5490641693,3.3098279843,-4.6906684553,-4.484161713,1.455792931,-3.8214323537,-7.3953268727,2.2079270265,2.9817636982,-6.2734602933,2.918171251,3.9920070109,-2.0404781308,0.2469555466,-0.6850481724,2.3523877185,-2.6453465617,7.0919758444,3.3741140246,-7.3215453143,0.371894601,4.7230944766,1.1728110771,1.6702351878,6.0701748486,-11.2724367595,5.4884574957,-2.6543098714,-1.8001819187,0.253136541,2.2390054317,5.3089582712,-5.0585494128,-5.5412704772,9.8387309543,4.5013147484,-5.7742979621,-0.305855839,-0.4871185247,-4.6140154073,9.6535607318,4.111839881,-8.1326184451,-3.684386935,-2.1933058179,3.2179042489,4.3981318309,-7.2287040791,4.308865383,0.6531948098,0.7169027593,0.5263741092,-2.2244309374,-0.3570566114,-0.4176734862,3.0699622838,16.1851420619,-1.2080090573,-6.5166080615,-1.8850747606,1.9210595024,-0.8665818787,3.3243952415,10.9989731147,2.2940587806,-1.8465635388,-11.2562964349,-7.4787743869,-0.0884447525,-0.708598624,-3.0300370912,-4.6291850344,1.842349222,-0.0911976635,5.9050988497,-1.0977072224,-2.9095324687,-0.5377065372,-2.9509812808,7.6205366017,1.6047758072,-0.1512790384,-2.82284274,7.8877959006,-3.1918824868,-2.2912645346,1.5669987112,-1.0124925108,-4.023578712,1.2820005414,2.6219275759,4.003377665,0.3168298925,0.0997268484,2.3791387286,-3.0664845261,-1.3292875785,-1.4056945051,0.8376991623,-7.7676859321,-0.6507122108,0.5660037627,-3.8086961994,0.4809410373,0.6929472329,0.0268602703,-1.0167575656,0.148220906,7.0137070978,0.4972067222,-0.2843436399,2.2532706859,-0.631090933,4.6106553089,-0.6909681769
biasActivation=1,1,1,1,1,1
[BASIC:ACTIVATION]
"org.encog.engine.network.activation.ActivationSigmoid"
"org.encog.engine.network.activation.ActivationSigmoid"
"org.encog.engine.network.activation.ActivationSigmoid"
"org.encog.engine.network.activation.ActivationSigmoid"
"org.encog.engine.network.activation.ActivationSigmoid"
"org.encog.engine.network.activation.ActivationLinear"
