encog,BasicNetwork,java,3.4.0,1,1572780505940
[BASIC]
[BASIC:PARAMS]
[BASIC:NETWORK]
beginTraining=0
connectionLimit=0
contextTargetOffset=0,0,0,0,0,0
contextTargetSize=0,0,0,0,0,0
endTraining=5
hasContext=f
inputCount=2
layerCounts=3,8,8,8,8,3
layerFeedCounts=2,7,7,7,7,2
layerContextCount=0,0,0,0,0,0
layerIndex=0,3,11,19,27,35
output=0.2736859252,0.0416673136,1,0.8094470192,0.3946080886,0.9999189213,0.0002241703,0.5472989939,0.0783772754,0.00000201,1,0.9909686838,0.0000000084,0.007372815,0.0016976944,0.0001368213,0.9999995673,0.2584855285,1,0.370336984,0.0000022117,0.0000394555,0.0000074894,0.9998858311,0.9802100947,0.9999868171,1,0,0.9999999363,1,0.8643443678,1,0,0.0172247291,1,8,30,1
outputCount=2
weightIndex=0,16,72,128,184,205
weights=-2.056435397,-5.4585125125,-7.3953998906,2.5176778924,5.3625149626,4.5744484817,-12.6800203786,6.9433768769,-6.1204996328,-7.6645538527,10.900896291,3.5979087197,-8.7210084676,-16.5587756019,8.4988533783,0.0132319024,3.4893135289,-4.4210470384,-6.5146156136,0.6572159121,-0.2213141824,-1.2717278622,4.1689441529,-1.7703181824,-14.2774713013,-6.6325375422,7.9504614442,-4.6103681992,-0.2329264289,9.5693281475,5.066014628,2.7909701625,-3.3100472349,-5.7471344229,9.5120689211,-10.1193270721,-7.5613339939,8.2088873288,-5.7137941169,5.9162945936,-1.7237888194,6.7461047404,2.8106977821,3.1149903757,-2.786805238,-5.5036629664,-11.5676308814,1.773436489,-0.3296904409,-3.2846241645,-3.9888316364,-20.4062830792,5.9707521767,2.2766806891,9.8320087349,-4.2383997417,3.2886244263,-2.6942054529,-1.0170401106,-1.0268437475,-9.7808233996,-1.4920941562,-11.2819586107,-1.3046292276,-5.9875243641,-0.9022327046,-12.2799341129,11.4143060932,8.1216969413,-2.9616261048,3.4440522181,-5.0425092301,-1.1470260294,-0.3436348158,-4.1288287376,1.8235374148,2.4223288941,3.025981717,1.1692480291,-1.4344617969,1.0399333511,2.0119440607,8.8660041493,-0.6805206153,-13.620894842,-1.9321376429,-2.5555649682,-0.9106459272,2.805347975,8.8114094099,2.3640981978,-5.4610489584,-2.9443130605,-3.6032282638,-0.4909290466,1.0252686708,14.6840673554,3.5102665711,-0.7171158015,-10.7521860731,-0.1294550054,-19.0484128866,9.3688912952,-2.3826181686,-2.2635874879,-3.7942305347,4.7688373104,6.9753875628,-3.3750590438,-2.9729908661,-3.9723890597,2.2025265546,-11.6974446964,-4.6274289858,5.3279154911,-2.8662553862,-0.0217225892,5.8923231014,6.1805717296,7.0506647457,-16.6857580271,13.5626868226,-6.0799792659,2.5631401231,0.8151757645,5.9218003537,-0.3382863906,-1.1557202201,1.8939141954,6.8832413368,3.6079032164,-16.3797566955,1.5554858579,0.6377708029,-4.5028546961,1.6579095029,-1.3731066806,-4.6814221042,3.9161559786,-23.915911254,4.6892883375,0.1812646849,6.2814235104,3.6176384178,0.652757542,-4.0318109416,1.419072382,-13.2046746401,2.7340162365,-0.4656090712,4.0141778105,1.082667792,-0.7609450204,-1.3461153809,-0.3514455027,-10.2306560287,-0.8156812,-0.3493098413,14.5438317198,-0.6964763855,0.3845325865,8.7958348476,-2.1961902747,10.8804302755,-3.6275365862,-0.8397942908,-4.222237585,-3.2261017322,0.9193963957,2.041748075,1.3050313237,-1.2694741406,0.8791909044,-0.0087140631,-9.6628055741,0.9403268144,-0.7619675781,12.169201564,-1.2028207882,1.7656360207,-0.2312287471,-0.8591327965,-0.5534224719,-1.0151619716,-2.7321995984,-0.6276530699,-0.0401059379,-2.2712827717,0.6009054249,16.7124705776,1.4799025017,0.7926941684,0.775295415,-0.0889974716,0.1178680877,-0.9722111541,1.418690472,1.2137189638,-0.3018817725,-1.3103734943,-0.7181277679,0.4270305096,2.1141954195,-0.2410861639,-13.7250128259
biasActivation=1,1,1,1,1,1
[BASIC:ACTIVATION]
"org.encog.engine.network.activation.ActivationSigmoid"
"org.encog.engine.network.activation.ActivationSigmoid"
"org.encog.engine.network.activation.ActivationSigmoid"
"org.encog.engine.network.activation.ActivationSigmoid"
"org.encog.engine.network.activation.ActivationSigmoid"
"org.encog.engine.network.activation.ActivationLinear"
