encog,BasicNetwork,java,3.4.0,1,1572780518596
[BASIC]
[BASIC:PARAMS]
[BASIC:NETWORK]
beginTraining=0
connectionLimit=0
contextTargetOffset=0,0,0,0,0,0
contextTargetSize=0,0,0,0,0,0
endTraining=5
hasContext=f
inputCount=2
layerCounts=3,8,8,8,8,3
layerFeedCounts=2,7,7,7,7,2
layerContextCount=0,0,0,0,0,0
layerIndex=0,3,11,19,27,35
output=0.4753786216,0.239063814,1,0.9995579442,0.1049222602,0.9999719109,0.9999987949,0.4555725,0.5249655464,0.0001146675,1,0.4958579332,0.9987380235,0.7285268158,0.9545979555,0.0379522817,0.983765165,0.0000303993,1,0.6926987519,0.9999996987,0.0000864091,0.9930775775,0.9668991743,0.9967890029,0.1562245327,1,0.9999999977,0.0000000644,0.6951936428,1,0.0000000186,0.9984745195,0,1,8,30,1
outputCount=2
weightIndex=0,16,72,128,184,205
weights=-5.9985385111,-7.5351134257,-3.8582809873,4.0580951659,2.3305693968,14.929433879,-3.0402460027,-2.4108280664,-4.3517558235,11.3836837062,19.2547454325,-6.5222412935,-14.3573867238,0.9722300457,3.7936414075,-4.7043515693,-2.9839737522,5.6058265486,2.0953454997,2.9856119689,-5.8482142245,-1.3615485977,2.3670987209,0.7892579334,-2.5210146871,8.9396500379,-1.9467437512,-3.2927278177,-6.9179150086,-1.8111414786,8.6656881013,-3.2164827621,5.0759329707,-1.6526873692,-2.6795658267,-7.2064778107,-10.5490995831,18.7120763149,5.0169522615,0.4371057674,-2.8160212009,1.0453326554,3.1756602476,5.9171922122,-7.08593073,4.0735685536,3.9868730236,2.2805245293,2.9517727729,5.9657868709,-5.740683394,-11.2817905761,-0.8575821807,8.4924235767,-3.7627866541,-0.970170931,-2.3166530159,3.2151054966,16.7502452829,-9.7353359568,-1.8626263183,-2.4488156815,4.8274064951,-2.3924393608,-2.6000920552,-2.1004882495,-3.0678970368,-2.5154701508,3.3752983612,-0.0753493992,-1.8337422399,-1.10385584,4.864497572,-5.3584260152,6.2101866207,5.297546702,5.2845635295,-3.9147136584,-15.0273704494,-2.149039768,-8.8052676821,10.4969412178,1.359369041,0.6945330917,2.3542003347,1.2385173785,-1.4478209984,-1.6981991659,1.0432824223,6.8360572168,-7.5479590884,5.9290308893,3.0357214507,-12.8075645064,-6.631423685,-1.5917159845,-2.2699033891,8.1223219335,4.7007302772,1.7500352226,-4.4012618418,6.1976424604,-2.62339039,-6.7548815118,5.5942851865,-4.0903800458,7.7293259518,0.9904476361,-6.2897471074,-0.0475759755,-0.322948265,2.1776577331,8.0807481903,-6.7331106957,-6.6497262527,6.2248801642,12.3154825178,-5.7565619815,2.4769382524,-7.4981125845,-7.6634548971,-0.2674984528,2.4333420093,-9.864595732,5.0533972394,-1.0434735488,-2.5210751525,1.5188538415,-4.4823818196,0.5180503203,3.702361397,-0.033630493,3.9143399118,4.6779141857,-5.3095031573,-1.9158573568,0.1926393179,-0.9253072729,5.7949767658,0.1562392809,-6.6016831567,10.4659666105,6.4269302137,0.1876898747,0.3779371747,0.5912201712,-14.6087293947,1.035149101,3.2833001517,-2.769705313,2.1920065366,2.1519587187,-1.9232698923,0.7038708423,-2.0107298328,-3.1994845435,-0.4365780392,13.3991646201,0.7503827183,-1.8920804557,4.8326806939,-0.5175966697,2.7688739335,4.9546942483,-15.2724336082,-12.1082737608,-1.3480261706,3.7520606498,-0.8229663612,-0.3228349387,10.4468478155,-1.4363586513,-17.8411771762,1.5071851355,-0.710290449,-0.7701851902,-6.9397642604,-0.7032701985,-9.50272018,2.8898348684,-0.3536911778,5.9571454209,0.155365318,3.0215100335,-0.1351592816,0.7589149579,-1.8144700485,-0.7464413926,-0.3225178687,-0.911797845,-2.8221844438,-0.0996510778,26.3915216324,0.9811052222,1.904908171,0.1133997868,0.1865954939,-1.0207035916,11.3278574013,-1.7614302149,0.7655895855,-2.3923266518,0.7946625452,-5.5725415821,0.3347554773
biasActivation=1,1,1,1,1,1
[BASIC:ACTIVATION]
"org.encog.engine.network.activation.ActivationSigmoid"
"org.encog.engine.network.activation.ActivationSigmoid"
"org.encog.engine.network.activation.ActivationSigmoid"
"org.encog.engine.network.activation.ActivationSigmoid"
"org.encog.engine.network.activation.ActivationSigmoid"
"org.encog.engine.network.activation.ActivationLinear"
