encog,BasicNetwork,java,3.4.0,1,1572780534857
[BASIC]
[BASIC:PARAMS]
[BASIC:NETWORK]
beginTraining=0
connectionLimit=0
contextTargetOffset=0,0,0,0,0,0
contextTargetSize=0,0,0,0,0,0
endTraining=5
hasContext=f
inputCount=2
layerCounts=3,8,8,8,8,3
layerFeedCounts=2,7,7,7,7,2
layerContextCount=0,0,0,0,0,0
layerIndex=0,3,11,19,27,35
output=0.1762313711,0.0053306829,1,0.9986656335,0.2997728964,1,0.5951131539,0.0018733826,0.9215804535,0.003374514,1,0.9974342061,0.3464066718,0.0155209482,0.9998749343,0.9999999945,0.8403813635,0.0000542566,1,0.2077268341,0.9968171112,0.9999309603,0.201976396,0.9387549574,0.3143079709,0.0001802195,1,0.9999999793,0,0,0.6246331959,0.0000900344,0.9990526908,1,1,8,30,1
outputCount=2
weightIndex=0,16,72,128,184,205
weights=-11.1747760844,-2.1015687315,8.4714469653,-5.9672769121,14.1926256474,11.1222025688,-9.3654911307,-4.9174644828,7.9724717196,11.6950231594,-8.5078119194,-9.5842210955,0.7729413145,-10.9427272239,-8.194324555,7.6256998643,12.0596129876,-0.7037765315,3.4492356174,-2.1540448409,7.1498475502,-7.3567613245,-3.6101655708,-4.0338407683,-1.3443113956,4.3770906545,-4.8671344059,-6.6743413472,2.2882345783,2.1356922365,-0.5264256308,1.6422764234,14.4196783913,2.6840745279,-2.9569530869,5.7523821177,7.0601843962,2.9022106588,-2.7587074154,-3.6094965274,9.2454107943,0.429260139,4.7826490611,3.3052707,-8.3496416997,-3.2591281071,-2.1019015432,-1.2756659789,12.0638934589,4.6037241858,5.783422528,-6.6555113995,-11.0947897569,0.8113574835,5.9917483756,-2.9283055072,2.3541665777,5.2845280183,-8.6087029618,-5.6331267362,11.0529427814,-6.0791819521,3.3967838181,-1.8929635111,-6.9996189818,-3.5949027809,2.5638612008,3.7717187783,5.9420171846,-9.6986654614,4.2990729366,0.9361206553,-11.3246935266,5.1780383167,4.3091960617,10.8938403093,-8.1379616092,9.8433876969,-6.7554750959,1.1915206712,-2.5028134117,1.5098126442,6.4166398889,9.001667211,-12.3467707747,1.0380458321,-2.5699912458,1.4104906985,-1.4121960561,0.526670578,-0.3783140092,4.6545236138,-7.282842964,4.5983585584,2.0607040688,0.4477515539,1.9083661896,2.8707506288,6.9237387202,-7.5376576368,-0.0164910687,-3.3693811721,-4.8560986812,1.4030618421,6.2779565053,4.6783103445,9.0959514153,-11.236018589,6.5734586769,-11.7398232453,-3.9355003626,3.747917186,4.3928978111,2.8246333307,-1.689162658,4.7096805985,-1.8290398892,3.0786389535,-8.2728764162,-0.578425088,8.9447766888,-6.3160776503,-6.16788731,7.2342929976,3.5889120219,-1.2128135195,2.6316985708,-3.6659095857,-0.1493424518,-0.624045962,-0.7728722837,9.4129579273,14.2809886158,-7.174659044,0.1254376052,-0.0278468262,-2.2862319582,-1.9232421975,-0.7482172395,3.3249053704,-1.2305642564,8.4972503597,-1.2589794981,-1.2739467989,-2.8213815168,-1.6488173203,0.1830984135,15.4414504127,-1.0653444831,6.2156158622,-1.9793880896,-1.4733456849,1.4997044414,-0.4321000089,-0.5852955478,-16.3963196716,-8.388653985,3.2121575732,2.3151441848,1.8444902264,2.5920081226,-6.3800675899,-0.8804787908,8.5739820705,-0.0669005186,-9.4273747002,1.3657169122,2.8348028565,-1.5179093842,-6.6429081822,0.8769684382,-8.1153534744,8.7066581313,8.548145816,-0.7967231202,-1.9371356129,-0.1572597528,2.9227141288,0.7569976406,-3.9894435101,3.0160220787,-7.5243930927,0.0640155212,1.4810217249,1.3658749575,0.1911029468,1.0323488964,2.9578011012,-5.6038380905,0.9444679104,-0.954292434,-0.6061197649,-0.4318247,0.352987059,0.2393775694,-9.4959626567,2.2254933052,-0.5879824417,-9.4797019169,-0.722926307,0.2734236371,4.5416385714,1.2451126792,3.4596729164,-0.4051361573
biasActivation=1,1,1,1,1,1
[BASIC:ACTIVATION]
"org.encog.engine.network.activation.ActivationSigmoid"
"org.encog.engine.network.activation.ActivationSigmoid"
"org.encog.engine.network.activation.ActivationSigmoid"
"org.encog.engine.network.activation.ActivationSigmoid"
"org.encog.engine.network.activation.ActivationSigmoid"
"org.encog.engine.network.activation.ActivationLinear"
