encog,BasicNetwork,java,3.4.0,1,1572780546178
[BASIC]
[BASIC:PARAMS]
[BASIC:NETWORK]
beginTraining=0
connectionLimit=0
contextTargetOffset=0,0,0,0,0,0
contextTargetSize=0,0,0,0,0,0
endTraining=5
hasContext=f
inputCount=2
layerCounts=3,8,8,8,8,3
layerFeedCounts=2,7,7,7,7,2
layerContextCount=0,0,0,0,0,0
layerIndex=0,3,11,19,27,35
output=0.2121257747,0.1363636381,1,0.0001412913,0.9991986811,0.9994412143,0.3876271857,0.0276981277,0.9383574855,0.0000000021,1,0.9999998778,0.9999997953,0.1545386899,0.9999350671,0.2413807523,0.8161121953,0.0262626963,1,0.9999998882,0.9957461476,0.9820310134,0.0328698388,0.0147557059,0.0723990162,0.5638341776,1,0.0000002261,0.7556853032,0,0.000233607,0.9999999508,0.9999823635,0.713327627,1,8,30,1
outputCount=2
weightIndex=0,16,72,128,184,205
weights=-3.0330731672,-11.4926078149,10.7733299224,-12.6218296244,-3.2722926194,-1.5319990019,9.2888445904,5.825121475,5.5028789985,-5.687592162,-2.8373904335,-1.3587921394,13.5373436646,11.0907951438,8.0681222766,-3.5831496182,-1.9740668686,-9.3632528698,-0.1216180415,-1.467324997,-0.4845814602,5.9404020058,2.983620956,-0.8506272087,-4.214818255,8.8492793386,5.2232686606,0.8426594813,7.2001598722,-3.2527694793,-10.217502998,2.0291722407,-2.4596545666,3.085858941,0.5733936268,5.5379766478,2.8355381084,-3.4148533948,-10.629581335,3.6183736963,2.1293180512,4.1221366495,-5.7286713296,-7.2212591445,4.4992980232,1.7882050115,-1.3037183666,-1.1138399417,-2.8951733259,5.931194452,-2.0739058193,2.8462592576,3.457260007,-9.589331979,-0.9928102721,-2.1023688994,2.2388224303,-2.6677411657,5.9757147812,5.3000444331,2.1979691804,-0.1477370039,-7.4315505395,-3.2862866962,-1.7169071243,-7.0064732406,-4.2055353368,-7.9326892214,-4.8611790436,-1.4415069176,7.6752984967,-0.5326016061,-1.2734662079,2.9059065371,11.8987404599,-5.3487388552,-4.8571850062,1.2775963589,2.9722139824,1.0914530605,11.9577208624,3.2479210486,1.726965041,-1.6825730849,-9.411272543,-3.2611390471,3.2455535643,-2.8855249583,-4.4968623567,2.7363558998,0.7143479731,-1.0637107062,-9.1373954517,7.0785739174,-1.5670215041,-0.0879525644,10.4189890883,3.2493174447,1.1682437776,-5.6154545555,0.7043987539,-3.2571501979,-5.7820989621,-1.4894997543,4.4099065341,-0.0001523898,2.3221931178,3.0968885491,-2.6379083561,0.7715134221,-6.0099708102,-4.5654442815,-5.5862502667,5.494650269,-2.0259757869,-3.7947576176,1.8934477586,3.9861001731,4.6027735013,0.8077730554,-3.9752083365,6.8194342985,-0.7483132732,2.5604318434,15.2367944705,-4.5975875997,-10.4952036131,0.2480819625,-0.5803693345,4.1310045975,-1.6073389077,-4.3405794432,2.5916183144,-6.1027179176,18.2594696795,3.3721858298,0.4108446357,-0.7379708234,2.9905291765,-6.1317784641,0.577508299,2.6604914607,3.2627061456,0.4494421357,-0.46651275,6.7761154632,-0.1742189143,-6.1765708229,-4.6720080819,-3.7047902206,14.5340180559,-3.108976168,-0.2602681336,-6.4773831466,-3.7907771211,0.8700694931,1.6586155303,1.2620283637,-4.1543400653,1.5556664311,0.3923884613,-8.5210923989,-2.6142362405,-8.4689044671,5.4558423712,-1.694842641,-9.5293451812,5.2764986572,0.198463287,-0.4586138451,0.5777577879,4.2449585785,-4.9020895949,8.6871417658,-1.1717154652,-5.1539150988,-0.0033516788,3.1078309477,-7.3968601039,6.9381895224,-0.3682239242,-9.4611283146,10.1252140076,0.5131651967,-1.0827091162,-0.2305093163,0.2747344884,-1.375156955,0.078874899,9.7641765584,1.3943243706,-1.8342434559,-0.1354328995,2.5571506647,-0.5013953884,-13.7769802923,1.1437593055,0.2351861685,0.6218422376,-1.5084406257,0.4380475199,9.8716210738,0.1156383194,0.2046399136,-6.1527031489
biasActivation=1,1,1,1,1,1
[BASIC:ACTIVATION]
"org.encog.engine.network.activation.ActivationSigmoid"
"org.encog.engine.network.activation.ActivationSigmoid"
"org.encog.engine.network.activation.ActivationSigmoid"
"org.encog.engine.network.activation.ActivationSigmoid"
"org.encog.engine.network.activation.ActivationSigmoid"
"org.encog.engine.network.activation.ActivationLinear"
