encog,BasicNetwork,java,3.4.0,1,1572767687631
[BASIC]
[BASIC:PARAMS]
[BASIC:NETWORK]
beginTraining=0
connectionLimit=0
contextTargetOffset=0,0,0,0,0,0
contextTargetSize=0,0,0,0,0,0
endTraining=5
hasContext=f
inputCount=2
layerCounts=3,8,8,8,8,3
layerFeedCounts=2,7,7,7,7,2
layerContextCount=0,0,0,0,0,0
layerIndex=0,3,11,19,27,35
output=0.7620704558,0.3773861631,1,0.5566139494,0.2669542829,0.0000161099,0.3808859094,0.0000316303,0.1631237621,0.8926185137,1,0.9990027544,0.2449474354,0.9388103797,0.1083759438,0.7737379647,0.5128282624,0.4950421403,1,0.97494075,0.4057539589,0.1411363095,0.8678065134,0.8545602481,0.0578751187,0.0000321985,1,0.0000083157,0.9962166694,0.9999869774,1,1,1,0.9793020459,1,8,30,1
outputCount=2
weightIndex=0,16,72,128,184,205
weights=-10.9645818655,11.9345171916,0.6075755869,9.5488072545,-5.585859229,-2.086180929,-0.4476953208,1.1842207265,-5.7402680064,-2.3152755266,-9.0249280976,-3.5986474525,10.858662246,-6.0955471044,4.8050168444,1.3882860678,-3.5472272781,-0.3560979008,-2.19833181,-5.2685551637,-1.5851107872,9.2971169999,3.873715281,1.0341312564,-1.7344548622,4.8666090385,-8.8423489703,-3.9275647694,8.8468469956,4.8915566938,0.2217449634,-1.2059693461,-4.406373987,-0.7721459051,1.2821027351,0.18943901,-10.4137676485,-0.5518179403,3.6985071504,-1.1595302057,4.723754263,10.1393212027,-4.6891559186,-5.9840745558,-3.7363155819,-0.50583696,-0.9072449347,0.9617852174,-2.4296093487,-0.1268972674,-7.9823801398,7.0044266019,-4.1348925607,-1.0323835859,4.8096705201,0.179503955,-2.8236348492,6.7002349018,-0.7983964106,-1.2391903783,1.9756908522,-0.6157318738,0.1232313565,-0.8456191324,0.6854006705,-4.1257712812,-0.7895347202,-4.1366866781,0.7590942106,5.1093026214,3.2387983434,-1.1776843021,1.5345336849,-4.3892435113,-4.7791745712,2.4780265165,4.2781483453,3.953069748,-2.0997520629,1.8338044878,-6.0776560064,-2.1737012349,8.5309756495,1.3935412354,6.063379195,-0.719633568,3.8547983159,-1.8717539941,1.1020547627,0.2517178393,-8.2448523072,5.3095345993,-3.7909026113,-6.7464897688,4.0808549019,1.7399388353,1.7143357649,-6.2148021591,-0.1665926476,0.5220795164,-3.5568650524,2.554460327,7.5819937254,1.2047862702,1.8287859138,-9.6873828178,2.7898801928,-1.1962659427,3.1144932235,8.7780800963,2.0248182595,0.8520297702,6.851406096,1.9419829367,8.1012098678,-7.2209965422,-6.1856131214,1.8506631171,-1.2755838655,2.8856078277,3.392685159,0.8972631449,3.7179274616,-4.6427765331,-2.0117229583,1.0993682479,5.5812912515,1.4680626727,-0.656316385,5.7594696553,-1.6217027794,-2.3888118253,-0.4902176155,0.398330471,4.4388050448,-2.3210907733,0.7458316541,5.3764136143,7.8608069028,2.1192486696,-3.7154408368,-8.7783868259,-4.5793269795,1.2607931915,-0.2474325119,-11.041088087,6.0109034595,-0.1521157933,2.5065417341,8.8466995779,-8.72100941,0.5219856474,0.9476949308,2.4531642216,1.0585547349,1.5861956883,0.6180105533,-8.6284248983,3.0239920106,1.8420872951,0.8539761634,9.0498804691,-4.6902996903,-1.9066692965,-5.4184865836,-3.1745049475,11.3601210243,-3.179914121,0.4466572333,-8.3983526775,-4.2711688872,0.3532706879,0.5179411447,5.1322209611,2.9195707777,0.9852637817,0.8124199616,-4.4368972401,-8.6150088633,1.0515701555,0.8300319751,6.9785898022,-7.7605701803,1.4311912589,-0.9299277361,-0.1254874049,-0.4933141219,-0.8643291288,0.2326775421,5.5076668079,-4.3934185381,1.2250735972,9.6439481655,0.9563511968,0.9649804197,0.9474131434,-2.7513296193,5.4083878711,-0.4321773378,-3.4650994798,1.9546552472,-0.503868546,-1.6210615079,0.171682806,11.6748131399
biasActivation=1,1,1,1,1,1
[BASIC:ACTIVATION]
"org.encog.engine.network.activation.ActivationSigmoid"
"org.encog.engine.network.activation.ActivationSigmoid"
"org.encog.engine.network.activation.ActivationSigmoid"
"org.encog.engine.network.activation.ActivationSigmoid"
"org.encog.engine.network.activation.ActivationSigmoid"
"org.encog.engine.network.activation.ActivationLinear"
