encog,BasicNetwork,java,3.4.0,1,1572780555012
[BASIC]
[BASIC:PARAMS]
[BASIC:NETWORK]
beginTraining=0
connectionLimit=0
contextTargetOffset=0,0,0,0,0,0
contextTargetSize=0,0,0,0,0,0
endTraining=5
hasContext=f
inputCount=2
layerCounts=3,8,8,8,8,3
layerFeedCounts=2,7,7,7,7,2
layerContextCount=0,0,0,0,0,0
layerIndex=0,3,11,19,27,35
output=0.1723914867,0.0341863027,1,0.0011558119,0.3245752274,0.3719326461,0.0126639621,0.9516795995,0.4940727889,0.9998849119,1,0.7900028284,0.3032732829,0.4155780771,0.0005631335,0.6904474391,0.0032495891,0.0000993214,1,0.8721253594,0.4955665374,0.0742196968,0.9998736091,0.9999999316,0.0423103596,0.5876584503,1,0.0017096091,0.9999998319,0.0680890905,0.9875924229,1,0,0.0000000007,1,8,30,1
outputCount=2
weightIndex=0,16,72,128,184,205
weights=-5.3500248073,-5.6202014431,7.7955107465,2.2200647425,-8.5944710001,5.7216793048,1.430347283,1.2561437721,9.5755274783,-1.6456116418,-8.3930225594,8.1964680046,3.7685208777,4.5305269401,-10.9563256001,5.3299808348,-2.2409672874,0.3716031058,8.3341785724,0.3824423104,-5.99277091,5.7142458756,0.55638105,-4.4487707544,0.7391741905,8.0220171574,1.175775695,-0.9402229706,-6.3233630773,-0.0550746857,-1.8590952473,0.1285786996,5.3297106962,0.6478807535,0.8592646888,-3.604464135,-11.9064026254,1.6719228066,1.1848129995,2.9292266094,-3.3480824599,-1.7375328539,2.9038031246,2.0248553276,-3.3967374804,1.2297353898,4.0728785455,-0.0513373564,-0.341230629,9.1572142844,0.530482591,-0.0506158458,-2.4638015908,-3.546400079,2.5668858409,1.9647757681,1.4886430634,-2.5357133694,3.2696461094,1.0396018133,-5.8120033256,1.7466975021,0.1493384289,2.2170851852,7.2598625501,6.2999958332,3.3474605345,-3.6756551372,-6.4824608194,-3.3160403393,-9.8857001887,4.5222603357,0.8274966477,6.1812270237,-2.3634270843,-3.1339913557,-0.4231154297,-2.1646589895,1.5669352101,0.442940653,-0.7243358019,-2.559428359,1.5689811288,0.9066468277,7.7882818589,2.0445212306,-11.9289437674,-0.8193029423,3.6074525836,1.5703018015,-0.511022683,-2.7528537344,2.6738620502,-4.9269756456,-6.9487239087,0.1432177224,-0.446410984,0.3220852896,1.8544899835,-1.246345587,-7.1556190292,0.698990371,0.6063411956,0.6265520259,-5.3572050716,-4.1378061253,5.7641751873,8.7265253509,-8.3224336787,-1.5110600077,10.1397850054,0.7993231266,-0.8485096374,-0.9373172002,4.6740877867,-4.809315627,-2.8803268748,-1.565602524,3.1017195452,1.0641525492,-7.906822986,2.3086719322,7.071051242,-5.7764156681,-0.3544008693,-1.9868743187,0.8503730806,1.724201851,-3.5971308981,-4.4947399915,2.7092850898,-0.7605502438,3.9411390179,-6.1901212177,0.7949808546,3.0462735663,5.176338296,-2.0180881673,-5.9191788638,3.9720338293,-0.7466469509,-4.3850175609,-0.5765156968,-0.7815680593,2.1013087019,5.865589359,7.0806040759,-5.0877976462,-2.3184752338,0.8246973098,-0.5577328869,-1.531754425,-7.5189715455,4.2326659026,10.0476990924,6.5898795592,-1.1686943771,-0.1293529635,-0.2924252581,-1.267365084,-2.2488350435,15.8406317836,8.1853326968,4.286220706,-2.8716825568,1.636072737,0.9733981229,-1.2574021649,0.4202012045,-4.2135131601,3.9808298807,-1.6724854436,0.9752355834,0.0305976433,0.8784450388,1.4987495576,-6.1545037705,-2.2689232245,-9.4044652681,-10.7309765926,6.2495437784,-3.2719304202,-0.2329686945,7.6223674228,2.3626812902,-0.7733703912,-2.0701180186,-1.4356302123,0.9446460888,-1.2557832971,0.1866699724,-0.1777497163,1.222711493,-1.9920334895,0.1709957789,15.1833572932,0.3030697271,1.1064696348,-1.5762391516,3.1763748145,-5.1288812382,1.1449487553,-0.8986697703,-0.4709546704,0.1770112266
biasActivation=1,1,1,1,1,1
[BASIC:ACTIVATION]
"org.encog.engine.network.activation.ActivationSigmoid"
"org.encog.engine.network.activation.ActivationSigmoid"
"org.encog.engine.network.activation.ActivationSigmoid"
"org.encog.engine.network.activation.ActivationSigmoid"
"org.encog.engine.network.activation.ActivationSigmoid"
"org.encog.engine.network.activation.ActivationLinear"
