encog,BasicNetwork,java,3.4.0,1,1572780564705
[BASIC]
[BASIC:PARAMS]
[BASIC:NETWORK]
beginTraining=0
connectionLimit=0
contextTargetOffset=0,0,0,0,0,0
contextTargetSize=0,0,0,0,0,0
endTraining=5
hasContext=f
inputCount=2
layerCounts=3,8,8,8,8,3
layerFeedCounts=2,7,7,7,7,2
layerContextCount=0,0,0,0,0,0
layerIndex=0,3,11,19,27,35
output=0.2278957302,0.3115199019,1,0.5814709359,0.2377829003,0.8145645714,0.3358918702,0.9982054481,0.0000071193,0.999749307,1,0.2122155797,0.2681446469,0.000019144,0.0137641424,0.0000713566,0.0754607732,0.9534015568,1,0.0000555579,0.0000151186,0.1165663973,0.83074615,0.9958491232,0.0072576939,0.0925806775,1,1,1,0.4034221305,0.0000016486,0,1,0.9965455764,1,8,30,1
outputCount=2
weightIndex=0,16,72,128,184,205
weights=8.926779209,8.1277653553,-7.7661626341,5.3929401026,6.1860363029,10.153239444,-12.1690212769,2.1620216801,-1.4073242819,3.4048369087,9.7555142602,2.2395311546,-12.0039829842,-6.9489316341,5.1294411405,-2.6287181535,-0.3905706105,-2.949521976,1.2097156513,-8.1787091518,1.09592595,0.8335221268,-0.2262953599,1.4679220324,2.0652065595,-2.0942988075,4.2371792467,-6.9801267367,1.3158031743,-0.3373927943,0.5971168584,-1.4894991123,-4.1924587868,-8.7678608663,3.1729407035,-0.0716666241,4.6951345046,6.8751543486,8.3695489092,-3.7770477628,-2.8387301556,-3.5575446409,-1.0897319106,-1.3783431848,-2.7536679311,6.3266402781,0.5750595149,-0.1317831097,-1.2003842055,3.3834620997,2.2284006235,-1.4955052272,-7.4362732604,-5.7187273706,-0.596538543,6.6900394109,-0.0908761859,-0.980736884,0.735512662,5.6621679451,-4.4591856822,-5.5092263674,-10.7022517789,-1.0287861783,3.1641331402,4.3531381849,-12.5075028777,7.0795665565,-0.2810900957,-9.2660456202,1.6467377067,5.4843176537,0.5174972799,-1.294025372,9.2322037358,-0.9847386852,-0.3960168131,-2.6209832596,-2.7168876588,-0.9048012848,-4.6958556299,-5.2246353899,-8.1576029675,0.0833961264,-1.1228255,5.0290269555,-1.6567143882,1.1129503232,-10.7354353652,-5.4625440873,8.111224235,-3.1961690215,-7.9293442666,6.6968947299,9.8486406403,-2.2170816887,4.1031471368,-2.3241311581,0.7499258618,-2.0422964891,-0.1569494461,12.3875317008,-2.3402173529,-2.379755768,1.0386343214,-2.7694463044,1.9635233922,-0.5580051536,-10.2934255119,4.8159707046,8.2389985413,0.1398884424,1.6273259507,-7.2794029515,13.4028294582,3.8953845627,-7.6532459104,-5.27013569,3.1826875326,0.0610137449,-2.610307289,-8.1239928272,-1.37188601,4.7506016087,-1.6042199306,1.5230412688,-0.1700328085,0.8343576994,1.6825897075,-0.7249896536,2.2871843126,0.2354127895,-0.0493105684,-0.9004863688,-9.2047201447,-1.6049208055,-5.1271307568,3.9623317398,-2.9760464412,-2.1451474742,-2.2199529312,2.0468718666,-12.9809268007,2.1550469047,1.9235772421,-3.2259050065,14.1559055001,4.4926180883,1.187515392,-2.5950337887,-1.9158986088,-1.9295262178,-6.7949548177,1.420591073,2.9187224212,-3.0696290153,-3.128628921,0.2042907457,5.2468816523,0.3547687557,-0.2562604489,-1.1091685679,19.0131205212,-4.230762613,-3.9000166628,-1.4209964078,3.4558231848,-2.8474903252,-1.6808616952,4.7254649443,-12.1268438768,1.1368449414,-0.1253279091,3.6150179445,-8.6361891247,1.9205612119,-0.9006201275,1.9350586596,-11.1406655362,0.6870174339,1.2381135834,3.7461750667,-6.3097524029,3.7192079325,-2.2055111709,1.8938419296,-0.8387121937,-0.5015943356,4.4436180937,1.404313446,-0.7085372521,-0.1391217082,9.4507229687,0.5985295602,-0.5277686025,-2.2707502546,1.9867981724,-4.1069816243,-0.4431191547,0.501511202,1.8247325077,1.0615593911,-1.4006408317,0.7260124843,-4.9106086084
biasActivation=1,1,1,1,1,1
[BASIC:ACTIVATION]
"org.encog.engine.network.activation.ActivationSigmoid"
"org.encog.engine.network.activation.ActivationSigmoid"
"org.encog.engine.network.activation.ActivationSigmoid"
"org.encog.engine.network.activation.ActivationSigmoid"
"org.encog.engine.network.activation.ActivationSigmoid"
"org.encog.engine.network.activation.ActivationLinear"
