encog,BasicNetwork,java,3.4.0,1,1572780576300
[BASIC]
[BASIC:PARAMS]
[BASIC:NETWORK]
beginTraining=0
connectionLimit=0
contextTargetOffset=0,0,0,0,0,0
contextTargetSize=0,0,0,0,0,0
endTraining=5
hasContext=f
inputCount=2
layerCounts=3,8,8,8,8,3
layerFeedCounts=2,7,7,7,7,2
layerContextCount=0,0,0,0,0,0
layerIndex=0,3,11,19,27,35
output=0.5599991947,0.1739162418,1,0.3237432476,0.3125134408,0,0.000436549,0.9999471503,0.0000002023,0.0000306584,1,0.9999944878,0.9859561333,0.0000551558,0.0000836827,0.4504532679,0.8419508448,0.5758494149,1,0.105397364,0.0685974062,0.9962496912,0.8960724967,0.000591759,0.5868114366,0.0765440442,1,1,0.9999999692,0,0.2365118105,0.9999843653,0.9993580533,1,1,8,30,1
outputCount=2
weightIndex=0,16,72,128,184,205
weights=-5.7944033154,0.0449198524,-0.69578209,-0.0970310831,10.1420276007,-2.1683012761,11.221871814,-8.0387731676,22.22382971,-22.5968518813,-29.1936640799,0.8704512644,7.8707710621,23.0895880832,-6.7385137191,-9.5616503936,-10.418527374,-4.2163444126,-10.1756687962,-5.3024429246,6.9372757863,3.0810839678,5.0464580476,5.2149437783,-4.1121751598,5.2850507535,-15.4775902262,1.7379612457,-4.3985770716,0.7389421291,-5.9271122757,2.8859623313,-2.3635799723,-5.1875342013,30.0982385046,-3.5476543786,-4.6038254925,-10.2137734477,0.7223056506,-6.1878156573,-0.7325281326,-2.4083828269,0.6617489863,-1.4839851477,-1.5194368321,-2.275744637,-0.6214547665,-1.670636981,-4.3494858949,9.1713159796,9.9914406466,-0.1837749673,-4.8926786897,8.3857243311,4.4425907959,-2.2602907008,-2.8110255259,-9.3860895308,20.7983007835,14.1490531462,-1.7059135236,-6.0702842868,0.1200272023,2.4594319356,5.4320132696,-14.1635633898,-3.9000767308,-2.5057004546,1.4829939219,-9.8119626275,6.477534143,2.0036077267,-6.0314281474,5.8215199538,10.3771809163,0.8886542339,-6.0096414231,2.3695572433,-6.159196254,0.2948641951,10.9176799011,-5.586120392,1.7646234926,3.3455754086,3.4455929294,-4.5827982567,-3.4288621553,1.6776995108,-2.6183776354,-3.7758873943,-20.3215233701,-0.0230481119,13.4080006669,19.9520686479,4.2324633647,-1.0443485968,3.020291507,-1.123441799,-17.3325613719,2.7475286822,14.6949203309,1.8559564017,-8.765687917,4.7490829641,-2.1480853259,3.8851094697,9.9363940026,-0.8891304594,1.3675899304,-13.4696203746,-8.7613529572,-0.7674020977,9.098852569,-7.961315025,1.8222307911,2.1875185849,1.7814891608,-6.070672027,-1.0429909222,1.1254942248,-2.4840502482,-5.0754513222,1.4450959222,-5.7918105165,-4.4678848426,13.8842433725,11.7103993204,-4.3752116755,-1.4970492963,2.3477094276,-2.0754773471,7.7536206179,-3.9204761227,1.1724117923,-0.6718886823,-1.4024805766,0.2326795195,5.1691437356,0.8013773276,-6.344417987,3.0000682934,-9.237089845,-0.071927254,-0.2066642125,2.2738994404,5.5832073377,0.5950253047,-15.5889769261,-0.9130339043,3.2420587729,-1.6549529916,0.7400253713,-0.5594550516,0.3716420801,0.5075514867,2.5377127497,1.0624763414,0.394616558,0.195370472,0.0897482577,1.9976827174,-2.8660947083,-0.4099673658,12.5962467357,2.4452837248,-13.6420624801,0.3985525449,1.246938633,1.3157835596,2.1587138123,0.1629415507,-24.0720120287,-0.5491370642,6.5477615642,-0.4485369094,-2.9762755439,-0.2808761737,12.7413362937,7.0095138658,-16.0922411328,-4.2045078672,-6.5765353319,0.2694520372,-0.6374077916,-0.4929110597,1.6532437326,1.3147089217,-0.4024402664,0.8392421453,-4.6617071358,2.3007306086,-3.484235157,-0.6684671304,1.9049238564,0.3207277997,-26.0331243533,-5.9684375805,2.010010733,-1.4868167684,-1.3276007513,0.4313143285,5.0317393166,-0.751564105,3.8420504818,-0.1337298763
biasActivation=1,1,1,1,1,1
[BASIC:ACTIVATION]
"org.encog.engine.network.activation.ActivationSigmoid"
"org.encog.engine.network.activation.ActivationSigmoid"
"org.encog.engine.network.activation.ActivationSigmoid"
"org.encog.engine.network.activation.ActivationSigmoid"
"org.encog.engine.network.activation.ActivationSigmoid"
"org.encog.engine.network.activation.ActivationLinear"
