encog,BasicNetwork,java,3.4.0,1,1572780611163
[BASIC]
[BASIC:PARAMS]
[BASIC:NETWORK]
beginTraining=0
connectionLimit=0
contextTargetOffset=0,0,0,0,0,0
contextTargetSize=0,0,0,0,0,0
endTraining=5
hasContext=f
inputCount=2
layerCounts=3,8,8,8,8,3
layerFeedCounts=2,7,7,7,7,2
layerContextCount=0,0,0,0,0,0
layerIndex=0,3,11,19,27,35
output=0.6628064747,0.9999632708,1,0.1027059906,0.8396207084,0.0003010543,0.5035241399,0.1474193925,0.518513248,0.3988331653,1,0.4527386837,0.9300430353,0.9030553806,0.3797442436,0.9752465599,0.7610408759,0.3739604398,1,0.9998158489,0.0000381895,0.5373022021,0.1045254304,0.5877813764,0.0030918846,0.2740654094,1,0.0511714211,0,0.0816554663,0.0300031941,0,0,0,1,8,29,1
outputCount=2
weightIndex=0,16,72,128,184,205
weights=0.5149262007,6.2287950159,6.6873586357,-13.8861352787,15.5588254569,-7.0456968616,-8.7102216913,7.2166456606,-20.0562466863,18.2551522533,8.9119213442,19.3143041552,0.9680879059,-14.9704660736,1.4390488371,-5.7377757971,11.6820981453,5.004605682,-0.3561020068,-2.9968066108,-1.7652522057,-10.1530446502,-1.8396948075,-0.5149384212,1.6515672796,-0.9460699435,1.7627390702,2.6657338381,-1.0171538661,1.6399092613,-2.7835100222,-0.0317215859,-12.6822319277,-6.0062782933,1.4876478613,11.5402396176,-0.2595814906,-0.3499321532,2.2222940151,-2.8174340107,1.4531970337,8.2341334614,3.8593212478,-7.3245341976,-12.6522758031,5.8501198377,6.9372555449,-3.7130023258,-6.916753425,12.1776568161,-3.7423347377,-26.5993382581,-5.2974210425,5.6364769833,3.4430828361,3.1203573111,1.6008829198,0.7337523834,-14.6098987185,2.6909268223,4.3586278324,6.4700084195,2.2313621855,0.8294487603,-1.4534723386,3.8657804163,-7.3229663492,4.4166558484,-2.4614916876,5.3389059791,4.0352225964,-1.5833617627,-0.7617737758,-5.3795687059,-1.004489386,6.7873392754,-0.3429150348,10.4404556025,-18.9743927576,5.7719955316,1.6265479731,-6.499262076,-9.2813399573,-6.1539521678,-2.354102811,-8.0178530068,-2.3637317879,8.6477844413,-3.7151447551,-6.4826403375,10.7103519972,3.0793560444,5.0775744677,-1.518067424,-1.4404391349,-2.7152500325,8.8541277307,15.2894467688,-9.8804289524,-8.2796488885,0.2667327929,0.8151028166,-12.9601376559,0.2231197089,3.6539624012,4.9905760008,-6.6175343802,-0.7584258614,-0.3978377144,-6.7433991135,10.2716882239,1.0947132955,5.9794899264,6.3269932704,-7.9818153551,-0.0819621799,-3.4266529037,2.3804765626,8.7488380409,-0.9140130392,-0.3210541603,6.8911562992,-2.6487642044,-3.4297996166,-4.7517891137,-2.0438286906,4.7099727338,3.0956482633,-17.3517849089,0.7760921482,-3.9956001176,-9.730421317,2.0832004968,-0.7485198578,0.0366220378,10.1056917422,18.2398965504,0.961296555,-8.171951471,4.5680760017,0.4188585763,0.794168451,0.9804090782,-10.5760465675,-0.992337869,-0.56444594,-13.0067804961,14.3048211276,-0.8171894235,-0.5126293194,-0.3251923772,0.8331503005,10.4125966604,-0.9481827459,-7.6271383808,14.2347722092,-1.3595392163,0.8430608699,-0.1131694666,-2.4850418883,-1.6088643736,-0.5132518147,-9.1006553773,-0.4893189088,-0.076134964,-0.7874203488,-0.0747629171,1.1949284864,-5.494086255,0.984366044,13.7081769801,-6.0791496748,-1.6504468139,0.7357914784,2.8703956565,-6.4316912667,-15.1673906833,-0.0351085033,6.8087106276,5.8604551951,-1.865326239,0.7637093593,-1.8279323348,-0.9297569968,0.546668518,-0.1867786319,-1.8768147723,-0.9640159679,-0.7686168872,-0.1035599663,1.3378504333,-0.3917039576,-1.7634525605,-1.3672894017,-0.3506379745,17.6308275401,-0.6693096366,-3.1627616009,0.9380694008,-0.9294711151,-0.6986027359,0.708597061,0.5415392048,-1.9326160082,-0.5823876675
biasActivation=1,1,1,1,1,1
[BASIC:ACTIVATION]
"org.encog.engine.network.activation.ActivationSigmoid"
"org.encog.engine.network.activation.ActivationSigmoid"
"org.encog.engine.network.activation.ActivationSigmoid"
"org.encog.engine.network.activation.ActivationSigmoid"
"org.encog.engine.network.activation.ActivationSigmoid"
"org.encog.engine.network.activation.ActivationLinear"
