encog,BasicNetwork,java,3.4.0,1,1572780626016
[BASIC]
[BASIC:PARAMS]
[BASIC:NETWORK]
beginTraining=0
connectionLimit=0
contextTargetOffset=0,0,0,0,0,0
contextTargetSize=0,0,0,0,0,0
endTraining=5
hasContext=f
inputCount=2
layerCounts=3,8,8,8,8,3
layerFeedCounts=2,7,7,7,7,2
layerContextCount=0,0,0,0,0,0
layerIndex=0,3,11,19,27,35
output=0.1428507403,0.0006122065,1,0.9772562549,0.000685196,0.9611479662,0.2710044591,0.155167637,0.9999955933,0.0000380987,1,0.0873741638,0.0071380601,0,0.0018455846,0.0003215176,0.0024439342,0.0002409598,1,0.1288766871,0.999997582,0.7066760711,0.0000450566,0.0001582433,0.0000001376,0.9999999993,1,0.0000000197,0.9999999999,0.9999999563,0.0000003003,0.9999997682,1,0.1687207688,1,8,30,1
outputCount=2
weightIndex=0,16,72,128,184,205
weights=5.000335507,8.9284551605,-6.7852155824,-12.1754518788,-5.0722403948,-2.1844116186,11.8174191076,6.1076585773,-15.8226736027,-9.6085763474,17.1233597333,-1.1788023923,7.2634936839,-13.6711447538,9.4255792099,4.4766065733,-16.5541762372,-4.60529818,2.3806885186,-9.6666575186,-7.5250103975,-4.648575908,-0.9517231802,5.2715891368,0.519173939,-3.71680155,-1.2766161245,8.8117859791,-0.627152442,-0.0298958773,-5.0570771469,-7.3187214321,6.360533209,-4.3117375628,0.9883048387,-4.7303227917,-0.6181755195,-5.1021840763,-2.0499320855,2.7052914326,-5.1249919732,-8.5048106155,-10.736827574,13.9290951074,0.7864100681,-1.4125514426,-8.4071655931,-0.5015147999,2.9520082756,-1.3504390574,13.7850498052,10.5059962433,-8.1464008086,-8.4844887445,3.8999128318,-1.9398965827,-6.8436935913,0.5041178634,-13.371685605,8.4456871859,1.1670562141,-7.5943367173,-1.0713547364,12.9295971861,0.6979033068,1.9700417601,-7.5090665712,2.0777806405,11.4759056689,6.705525722,-2.4706034155,-10.27364947,-4.7471607444,7.778366368,-2.0971720737,12.6934416657,-8.3708008644,-3.448000628,-7.8750765682,-0.1548244994,-2.1786058383,0.4317931407,-5.7092650201,4.2361328922,-4.1327227863,-4.9162900844,-0.7653025121,-0.2858038986,0.3259012704,-3.9839372431,-3.8874077723,17.4725148427,-2.6880541608,14.5905165529,-14.2423399409,-4.1020172959,-0.1843173673,-5.6872304442,-5.9162824309,5.2795670553,3.1190040364,-12.7472194334,12.0155400127,-8.4175154596,-2.6489065423,-2.6760885421,-1.9398127331,5.9924906723,0.6237545738,6.3278211555,-5.2069933942,1.552770577,0.6348992245,-1.5206204709,-7.2229436024,7.3182483972,-6.9498591219,0.867755402,0.5901314566,-0.0579862936,0.1184034566,-7.2907732038,-1.8409847898,4.4091793558,-0.013105245,3.7214631556,1.4697752423,-1.2241359362,-1.1338274905,-0.3198163731,-2.3533266247,0.1024717137,0.1131837584,0.3288895398,4.3109258432,-0.4072006182,-8.3848463862,0.4448826507,10.8907529744,-1.6050320704,1.1373892002,-0.1628284251,-0.7090532432,0.7419851642,4.0561355015,-0.0508470147,0.7224952869,-3.0825403255,1.031128644,1.099615866,-19.3016860684,1.3334984768,11.1790531948,-6.3555983928,11.4056573477,-7.5345130433,-6.8624374393,-6.4207726959,21.1503613814,-5.3428996215,-0.7025019527,-2.2304116944,-2.2362586997,10.1140746226,-1.9107018384,-2.0153018689,14.3840682908,-2.7854389526,-7.6708538357,-3.4988771311,-5.8848237525,-1.0481396435,-4.2626676011,-2.69110778,20.7313404648,-2.9589632721,0.0330771065,6.58466299,-1.811105111,-13.4284604824,6.1384023233,6.0293946066,-11.109182183,6.0568940181,-0.1448561373,-0.7217075403,5.0682146372,1.3172318524,0.4416634031,-0.5574825508,-2.3391346326,0.5851981312,18.1026532363,4.259024852,-0.5926943178,-31.309843023,2.0506906835,-0.0732288556,1.0687772984,1.1333436148,0.8783109361,0.3550715887,0.940068577,-0.2450692973,-1.7631903596
biasActivation=1,1,1,1,1,1
[BASIC:ACTIVATION]
"org.encog.engine.network.activation.ActivationSigmoid"
"org.encog.engine.network.activation.ActivationSigmoid"
"org.encog.engine.network.activation.ActivationSigmoid"
"org.encog.engine.network.activation.ActivationSigmoid"
"org.encog.engine.network.activation.ActivationSigmoid"
"org.encog.engine.network.activation.ActivationLinear"
