encog,BasicNetwork,java,3.4.0,1,1572780638971
[BASIC]
[BASIC:PARAMS]
[BASIC:NETWORK]
beginTraining=0
connectionLimit=0
contextTargetOffset=0,0,0,0,0,0
contextTargetSize=0,0,0,0,0,0
endTraining=5
hasContext=f
inputCount=2
layerCounts=3,8,8,8,8,3
layerFeedCounts=2,7,7,7,7,2
layerContextCount=0,0,0,0,0,0
layerIndex=0,3,11,19,27,35
output=0.2941175682,0.127736648,1,0.0505220141,0.9999991436,0.9999999976,0.0000127117,0.9995411291,0.8015263254,0.0000001336,1,0.9999999649,0.0000140736,0.0000000001,0.000994617,0.9999272286,0.8944663265,0.9999640134,1,0.9983912205,0.9567634074,0.9998781543,0.038187528,0.9999999753,0.9999055537,0.0000013175,1,0.999990533,1,1,0.99999986,0,0.0151300326,0.9999996241,1,8,30,1
outputCount=2
weightIndex=0,16,72,128,184,205
weights=-21.0349037479,-3.0960592034,-10.9530489284,-7.2045521692,-9.3234697888,22.5671279182,10.3798970083,5.4674966406,-6.9884714825,12.8378599354,-13.2349782603,1.0187843017,2.3605332841,-4.3358341395,-13.2649545913,-0.055095815,0.9217876592,4.0801777064,2.7697490636,-4.0031324691,-7.835046568,-15.8790812055,10.3930066229,7.793780573,8.1420987701,-2.196312742,-10.8787320064,-2.4389017273,9.1090382449,-4.0971968183,-0.6355939643,1.0228910854,8.3900309464,-14.8023242122,-2.6563797926,-9.0042011781,1.179504499,3.7022426163,4.3632779864,2.6205097807,-7.9485854041,2.4320073074,5.3051154731,6.8765059904,0.7478052931,-4.7640914216,-2.0762923389,2.2585234885,-6.6396724561,-6.3736257177,2.3277365694,0.4896018854,4.7015608774,2.8446271446,2.3978937637,4.6821082424,5.9103494361,0.3365785677,-11.2808793594,-0.4550768088,-2.1171303567,-4.0509817401,2.5224319658,-1.2959381364,-8.5290880747,-2.1087233816,5.0711676371,4.0295622012,-1.9438993995,-0.5063308891,-3.3960458545,-1.5104056532,-1.7885195608,0.5390411055,-4.3801303345,-7.4777408451,13.7597168551,10.2420674056,6.7190901409,-0.9008466661,-13.5872549329,2.8237686793,-1.209202225,12.6866235199,-2.6990866974,0.2057484618,0.5730956293,2.9104654631,-3.112084962,-2.7510812908,4.2672146814,9.6570327516,-13.6526778136,-5.7815912905,4.15340477,-2.3830968973,-3.1879551494,2.3932002316,-5.7752958839,2.8723718693,5.5698385687,-5.6495917085,1.3609220389,-0.2749363409,0.8666134701,0.3459534893,-0.1529370101,-3.2508601393,10.7552357115,-2.3204042244,-5.3971241635,0.1739177077,3.2938181718,1.4051387685,1.5808932361,-2.0084833234,-6.4206118906,1.1212226601,12.6216878869,1.2997694145,-5.9653021593,-2.7346302272,2.7885932452,-15.6434920221,13.570721765,4.4756087992,3.1239242124,-1.4323526489,-1.7257507155,1.9847665693,1.4416385593,1.5594641222,10.1942338393,-16.5495106437,1.0117060819,2.4092236418,1.1788957876,0.3376786752,0.2523797546,1.3970983698,1.7457372653,0.4126350217,-0.1271086954,0.0516931855,6.1685073706,0.076852083,0.4724442858,1.1808621574,-4.1332274923,-1.9819013529,0.5294932625,0.6145193671,0.7623550331,-2.4893023246,-2.2516177085,6.9936461535,-5.4683705662,15.5861459245,-3.2005825829,-3.2766209984,13.1570031581,2.3178850317,1.0680761174,-3.5710079182,3.0274230356,-20.4052816597,2.3432002765,2.5120681696,9.7995413374,-0.609815049,-0.651597163,0.648636707,-2.1531651382,-7.0552815584,-0.6340646401,0.8215228512,-0.4442292447,0.0370165249,0.4935648645,-13.6810603324,3.3355740003,11.5493399692,-0.363944571,0.2441386495,-0.6969552456,0.4324657019,4.1693639005,1.1547661914,0.9335008194,-0.1706993288,1.150612965,0.5200197203,-0.4297512631,-2.2968989409,1.0014389853,4.1133206632,3.862079963,-5.3028897593,0.2814127653,2.7676069638,-0.1749826971,-21.067202736,0.9520029684,0.219726348,0.5860312831
biasActivation=1,1,1,1,1,1
[BASIC:ACTIVATION]
"org.encog.engine.network.activation.ActivationSigmoid"
"org.encog.engine.network.activation.ActivationSigmoid"
"org.encog.engine.network.activation.ActivationSigmoid"
"org.encog.engine.network.activation.ActivationSigmoid"
"org.encog.engine.network.activation.ActivationSigmoid"
"org.encog.engine.network.activation.ActivationLinear"
