encog,BasicNetwork,java,3.4.0,1,1572780648075
[BASIC]
[BASIC:PARAMS]
[BASIC:NETWORK]
beginTraining=0
connectionLimit=0
contextTargetOffset=0,0,0,0,0,0
contextTargetSize=0,0,0,0,0,0
endTraining=5
hasContext=f
inputCount=2
layerCounts=3,8,8,8,8,3
layerFeedCounts=2,7,7,7,7,2
layerContextCount=0,0,0,0,0,0
layerIndex=0,3,11,19,27,35
output=0.7249981459,0.3777762613,1,0.2226939205,0.7661909268,0.0000411328,0.0453593596,0.9999204802,0.0000083657,0.4416653183,1,0.3723628707,0.8032281377,0.9997766631,0.4404166093,0.9998076981,0.000044401,0.0004795876,1,0.9699033343,0.044011204,0.062550771,0.0580121587,0.996655204,0.0001775567,0.0002164947,1,0.9994512253,0.9999996114,0,0.4550976291,1,1,0.9999522941,1,8,30,1
outputCount=2
weightIndex=0,16,72,128,184,205
weights=-10.3670454093,5.9827361276,3.0391215134,-11.2892988768,-6.9874692699,10.2524025333,9.0726151725,2.1858698561,6.1619882396,-14.209927835,4.0984805566,1.4071152288,8.8830164035,-3.7372063202,-6.9989910342,3.1612212532,-2.3376564936,3.9543354614,-2.1090051931,-8.8098977796,0.6272153304,-1.4834525176,14.4163452212,1.7988037857,6.1285064074,-3.4876469492,3.8307354039,-11.5153916319,-0.8212173031,-10.1457535146,5.7228692024,3.7667295848,-1.992085202,-0.5949753705,-6.836672923,-1.4841159064,1.119046466,-1.277830375,4.3846545914,-2.511085995,-1.8199156595,1.3694077008,2.882826423,-3.8895349928,-3.8692523811,4.1419406001,-3.671689676,-0.7680776759,2.4236090178,1.6468429518,3.4312150385,4.8527513592,4.43852504,-2.5837033653,-3.8749704007,-2.7892072924,0.5732082052,-1.3630505359,-11.8647553518,2.1128831612,0.5906359561,-0.7389322635,5.6261965586,-0.47159723,3.7032210805,0.9544443223,4.3677912178,-1.9443074356,-11.2657674035,-3.1346239165,3.1914071004,5.3717144147,1.2306258621,1.3465489284,-1.3510587678,2.2936173894,-3.3130996188,1.3720905226,-1.1774647097,1.4785366305,1.1032036002,1.3947445218,-4.2942220011,-1.1988370551,0.8469926147,-2.4096594232,-2.9679250394,-0.2297266374,1.1306173301,-5.7410044559,-3.552951107,-4.0432532777,6.8680913805,-11.7353125035,6.965522187,1.1749390738,5.0959320741,-16.8332622955,-0.2602446894,5.8230091233,-4.783818773,-3.0438906643,-2.0160427509,0.0060871651,5.7277694676,-13.0266726573,6.9186223095,2.5045717369,3.1313059464,-5.9334651349,-5.09137712,-0.1225486387,-7.2685186515,6.4986566517,4.1024155271,-5.9377106169,0.0931749364,0.9355660594,6.8598788603,-3.2651207712,0.4352033003,0.516991047,0.2256426454,7.8121418779,-6.0304097225,14.2152974679,-10.4284516792,-2.5443033245,1.5196277306,-2.7971211009,-0.8700018438,6.2129040778,-2.8153412799,1.3104245568,5.3341308475,-1.9053293343,-2.587409875,2.7946308907,-4.0528396912,-15.8330855297,4.6611932781,3.0098427127,-7.3420760047,3.589347649,3.9842214518,-0.0153338926,-1.9398419774,-0.2824723041,-0.0162504739,0.6898685287,-6.5596210685,-0.6596426062,8.3435351877,-2.2740267401,-1.6777601794,3.317036734,-1.6431599804,-2.2159471103,-4.8955451706,-1.6074271947,8.748325713,-1.5528765068,0.3973038222,-4.189486341,-0.7328347951,-0.5829124734,2.2896468119,-0.560814783,4.4738093629,-0.420297583,-0.3840216682,-19.5541579915,-0.0178001375,0.1867334627,-4.2294623231,0.27227828,-7.2840030302,2.7695114571,0.5589133302,-9.9566828818,3.3519937932,2.4052531947,-8.3939956472,3.2403784992,-0.2822414243,0.3526438351,-0.8141100116,1.0559221238,0.2235985091,-0.394520054,1.257549341,-5.5077600958,0.1301053636,-1.2700891537,-0.2262113977,16.7669604838,0.7880671459,0.9196261723,-0.8966631177,-0.1003214427,1.1385291982,-0.4368214745,-4.4206113194,1.2715477637,7.1688648024
biasActivation=1,1,1,1,1,1
[BASIC:ACTIVATION]
"org.encog.engine.network.activation.ActivationSigmoid"
"org.encog.engine.network.activation.ActivationSigmoid"
"org.encog.engine.network.activation.ActivationSigmoid"
"org.encog.engine.network.activation.ActivationSigmoid"
"org.encog.engine.network.activation.ActivationSigmoid"
"org.encog.engine.network.activation.ActivationLinear"
