encog,BasicNetwork,java,3.4.0,1,1572780658897
[BASIC]
[BASIC:PARAMS]
[BASIC:NETWORK]
beginTraining=0
connectionLimit=0
contextTargetOffset=0,0,0,0,0,0
contextTargetSize=0,0,0,0,0,0
endTraining=5
hasContext=f
inputCount=2
layerCounts=3,8,8,8,8,3
layerFeedCounts=2,7,7,7,7,2
layerContextCount=0,0,0,0,0,0
layerIndex=0,3,11,19,27,35
output=0.6226481173,0.4271886988,1,0.9373619069,0.999738043,0.9230337659,0.3104524047,0.7113276803,0.9320544692,0.909894478,1,0.01649337,0.96627379,0.9930803976,0.7286770045,0.4776766685,0.9709117476,0.8927886951,1,0.2063406705,0.0000996586,0.9962855895,0.155651618,0.9934389781,0.1521461264,0.0030023525,1,0.8507733239,0.0000000002,1,1,1,0.998169835,0.9999996656,1,8,30,1
outputCount=2
weightIndex=0,16,72,128,184,205
weights=4.0955633342,-8.0037418485,1.5788987788,-5.7106918752,7.2396194991,10.2201546573,-9.8962962008,-0.6919525967,10.9873742849,-4.2119814299,-1.1754898807,-6.5127008904,-6.2050538971,0.4651848741,4.0562394032,-2.9851989281,1.6951573142,-3.2348380614,6.8513701653,5.651171122,-4.6539942073,0.2390218154,-3.7357019956,0.2078642319,1.8048650824,5.8455134761,0.977187586,-3.8161092748,-7.9139748356,0.2657311016,6.5925932389,2.0157456634,0.0494284867,0.17887107,-0.4698622088,1.1285233805,-1.4113446363,0.8715995404,1.3345713899,0.5913571747,-2.4020554741,1.0565794619,-3.3727250089,6.5773767288,-5.0209566564,-2.3033450218,5.6349090316,-3.6187727436,-3.8279148405,1.4031324814,-5.9602893599,0.9085240166,1.7634844109,1.7658475724,2.7181606075,-0.1174085358,4.2762878351,0.8024227714,2.5453495326,-6.2879036901,6.9227226474,6.1969707453,-7.9788429521,1.6267944995,0.3064955096,-3.1782076836,5.6020540872,2.2996174157,-0.145345483,3.2730647065,-6.5377883476,0.8677770935,4.2681963577,-0.3706149707,-2.6455379611,-1.4965480557,-1.2334044988,-1.1512669253,-0.3126954418,-0.6987682565,2.3788739675,1.8653468136,1.0383223445,-2.5171504255,1.922171408,-9.4922960846,1.3396157814,1.7520946228,-0.6336303819,-7.7992211608,-0.3892179699,-3.2264481167,3.5325145518,-0.9493502794,-6.4800914355,2.6425062549,-3.2713743342,0.8756316532,3.0175110215,11.7624199317,-1.2660027835,-6.5207189145,3.2381905871,-0.9342150941,-2.1656151143,-2.7326657793,4.5121108297,-4.5511795789,-2.5995582213,9.8922972524,-2.8701431478,-2.3431335158,-6.4133672891,0.8558640439,5.3722329688,-4.5905111121,-0.0431198976,-0.1440047933,3.7011247234,0.2470312614,8.1782662333,2.6802599548,2.7740153865,4.5874161428,-1.1527611187,-9.2407112339,0.0499096561,-0.4949917178,-7.0771561192,10.1228725888,-2.9707966102,0.7399873613,-1.8530664869,9.8745183977,0.7211377019,-1.8197782605,-13.1932780701,-0.5890008145,-1.5589477267,-0.2042401146,-0.5592497406,-2.8671408724,7.3444752878,-0.1493128201,-0.6234318072,-0.1311658974,-0.6030053032,2.3541135968,-0.4059218159,-2.6804896029,8.3102057132,-0.8575924234,3.8127256404,2.4321612979,-2.4742726511,-1.0585185984,0.7452220285,-9.5056311489,7.1813535128,0.1597422261,0.967367803,0.3187430839,0.2644615994,-0.1168786597,1.1246467825,2.2714411483,-0.2050389966,0.8625407205,14.5347509369,4.0366057999,-1.9491147594,-2.5051270361,0.3839050723,-3.94328521,-2.4895828467,-3.5876581681,6.8219334902,-6.6537677333,-0.655364051,-0.3319584046,1.7832030499,-5.665409958,-8.9497866294,2.1996730562,-1.7356267709,-0.0769531568,17.9342881343,2.6433647742,-1.4006422745,-1.6394773362,-0.6023186135,4.8937681259,0.4121269152,-0.3470769014,2.8672839729,-0.2940392344,-0.782493881,0.993887355,1.6418491191,-1.532610046,0.292995479,9.7725332904,-6.3327797893,1.8274174404,10.7505064824
biasActivation=1,1,1,1,1,1
[BASIC:ACTIVATION]
"org.encog.engine.network.activation.ActivationSigmoid"
"org.encog.engine.network.activation.ActivationSigmoid"
"org.encog.engine.network.activation.ActivationSigmoid"
"org.encog.engine.network.activation.ActivationSigmoid"
"org.encog.engine.network.activation.ActivationSigmoid"
"org.encog.engine.network.activation.ActivationLinear"
