encog,BasicNetwork,java,3.4.0,1,1572780696975
[BASIC]
[BASIC:PARAMS]
[BASIC:NETWORK]
beginTraining=0
connectionLimit=0
contextTargetOffset=0,0,0,0,0,0
contextTargetSize=0,0,0,0,0,0
endTraining=5
hasContext=f
inputCount=2
layerCounts=3,8,8,8,8,3
layerFeedCounts=2,7,7,7,7,2
layerContextCount=0,0,0,0,0,0
layerIndex=0,3,11,19,27,35
output=0.6545302512,0.6851197441,1,0.9239214178,0.0112228472,0.0000016629,0.9649517636,0.0091758357,0.1578177985,0.9982089638,1,0.7108210394,1,0.8834304361,0.9999767469,0.1604702621,0.0001136343,0.0000001062,1,0.9999999749,0.6763100796,0,0.9999999126,0.9854037783,0.9999990908,0.0920738237,1,1,0.9966779483,1,1,1,1,0.1772967115,1,8,30,1
outputCount=2
weightIndex=0,16,72,128,184,205
weights=-19.700409913,6.0134764892,18.8077836728,10.1612492432,10.7072575346,-19.0575537347,7.6636962354,4.2274112601,-10.7666946675,-15.6738873851,11.3155015908,16.2934544729,1.6501293966,9.2905960318,3.2749468003,-9.5719737746,-16.3986089155,2.6774259994,14.7392309997,-3.1623265761,-10.2985804596,-9.3728390093,11.5383162568,3.270758002,1.1790801407,-3.139938139,-1.3979577034,-1.9867638171,2.7544178309,-4.1869765645,7.2450374533,0.6034946827,13.3814288847,-11.5099737375,-0.7514267631,-10.2425411876,-9.69376968,-1.0286704121,1.894106511,1.1530431809,-27.8021295474,5.0955203506,2.1225176946,9.1751978007,-0.6179229482,5.0106671318,9.1229665548,7.0306778128,7.1838321458,0.0622406032,0.1080765979,-10.6587739393,6.8902121916,-4.3760533722,-7.2051450798,-0.3927514298,4.0094265448,1.4488638296,-2.4605841288,-4.3910418159,-5.1756752493,3.3039066244,6.1886170542,1.4214567272,0.8975121043,0.9635825644,4.4417680858,2.1361550085,1.5487488767,-2.5187933995,-7.6693445941,-1.5867243077,0.3956533938,26.5022329492,3.1305862156,-19.8367657605,-4.7549449136,1.7826800933,-10.5458004576,6.2906127083,8.9882914966,-2.0234096828,4.2723987072,5.295299536,15.1766771319,0.8754476729,-3.4006506464,-0.5469555191,-6.7208286093,8.8953677336,-9.3356721943,9.6547737328,-1.2469907738,-6.2558867096,-4.9662566491,1.0172857142,12.1799604862,-3.0118260593,6.9751205566,0.5210574755,1.460977223,2.1545348212,-2.4112212762,-3.3672136433,1.2743429588,1.2119163988,-1.4387028452,-6.8541266885,-2.5468727656,-2.152430671,-4.6755432014,8.1980405302,6.5909268276,9.1835701165,6.0741847775,-12.5196775575,-1.3569268794,-7.1652618207,-2.4684429971,-0.6349475424,-5.9760788411,-1.4487073309,2.070589205,-1.6396986778,0.5939019368,-10.3559483595,1.5099964888,2.1696922113,1.1549581499,10.5621045924,2.2889581576,1.9199309544,1.8570944943,0.6814409969,-17.7651193029,2.2191024218,-4.4444060523,22.7630923558,-8.8384882196,3.4050579831,-5.6993798947,-4.6194532731,26.6375162554,-6.4766811165,-3.3834649119,-17.5922410919,-1.8741726687,3.043092611,-1.7535142599,-3.6836088839,14.5568978451,-2.8515653583,6.483739658,-7.5131237868,6.2364019049,2.9664957256,2.9678298687,4.1369507997,-27.5427087381,5.8330220303,1.9054532522,-10.9945206984,4.2865390818,2.0928236204,2.246770004,3.7610427961,-14.0210509654,3.3635425852,-2.0048349938,3.9317605484,0.8533532394,-2.5144617875,5.671192862,5.5209189657,-14.4550794507,5.0286556958,0.0449639829,-2.8844283406,-0.109559993,-2.5768389347,-0.3109610857,0.5992344916,17.8117958683,-0.2185375587,-1.0796015484,4.4170718265,-0.1033616389,-1.9605248534,0.2166407219,14.8888222909,-1.0086051827,3.3998076545,0.2893365593,-1.5272177566,3.3654667963,0.117122647,3.2104681575,1.4369342524,-0.4870987286,1.1883788735,1.0185508857,-3.2633606038,0.2152717265,-0.393400884,8.5450817632
biasActivation=1,1,1,1,1,1
[BASIC:ACTIVATION]
"org.encog.engine.network.activation.ActivationSigmoid"
"org.encog.engine.network.activation.ActivationSigmoid"
"org.encog.engine.network.activation.ActivationSigmoid"
"org.encog.engine.network.activation.ActivationSigmoid"
"org.encog.engine.network.activation.ActivationSigmoid"
"org.encog.engine.network.activation.ActivationLinear"
