encog,BasicNetwork,java,3.4.0,1,1572767699694
[BASIC]
[BASIC:PARAMS]
[BASIC:NETWORK]
beginTraining=0
connectionLimit=0
contextTargetOffset=0,0,0,0,0,0
contextTargetSize=0,0,0,0,0,0
endTraining=5
hasContext=f
inputCount=2
layerCounts=3,8,8,8,8,3
layerFeedCounts=2,7,7,7,7,2
layerContextCount=0,0,0,0,0,0
layerIndex=0,3,11,19,27,35
output=0.560042501,0.3198893126,1,0.9269215539,0.7375976953,0.3232054631,0.1646875473,0.8862856699,0.0166140158,0.5724616099,1,0.9948370691,0.3984594159,0.024415994,0.0515275568,0.5200500808,0.3505855063,0.9201513366,1,0.0195670163,0.8759031754,0.0002668571,0.5037550453,0.6106665871,0.9632862984,0.2340629301,1,0.999465429,1,1,0.9909155956,0.0042703843,0.0000147203,0.9999983778,1,8,30,1
outputCount=2
weightIndex=0,16,72,128,184,205
weights=7.1219601053,-7.5460969713,4.95063806,-1.3663251245,-3.632983266,10.5431740201,4.2020075447,-1.5300280351,1.4950026054,10.5045464277,-1.8300608836,0.0935494437,2.5235266428,-3.5200068465,-17.5339621359,-1.4526445096,0.4864934286,-4.4971423772,0.7522830661,-1.675590658,-5.8339137732,3.3602037444,6.3699906019,-0.0892129155,1.2534932085,-2.7894531866,-9.4947200799,-0.0042856609,3.4568398572,5.8247340978,-3.4808825254,0.4931674522,-6.4839443618,-1.057905256,1.5593106852,-0.3455830428,1.6930593491,0.2709358166,3.5433893704,1.8767396511,-0.1074908367,-0.351587831,-1.2142239011,-0.5797184942,0.1920754397,0.1334114051,-1.2831664834,-0.2831621102,0.8808391269,-1.0801138641,0.1155163716,0.7203478485,1.7780958286,2.6647631219,-0.6386345083,0.2962159991,-2.554015401,-3.7911121311,8.0447451624,-3.8596250039,-8.4045530348,0.8087494608,3.0078067974,1.2927502781,2.3993279093,2.1052974474,-4.716023666,10.6446580613,-8.6043929339,-3.066022845,2.0025460241,0.3397118486,0.5869988958,3.2489414609,-7.172266467,1.6627545263,4.5536114334,0.0298924478,3.241726001,-2.0001776465,-3.6924798638,0.2455196535,-1.2495849256,-5.234216121,-2.5002896257,1.1323668712,6.3252376152,1.0379534462,6.3001701389,0.2635789592,1.1689444365,-7.9377816196,-4.5289523476,2.272798733,7.4624600437,-1.2139187112,-7.263321959,-4.6448016913,-4.4034971146,6.2936119425,-6.4817077835,-2.2605297394,7.8742915858,2.4211383714,-6.0020630577,2.7626221761,9.8569211654,-1.4127662266,5.0517357362,-2.8592580028,10.5977474095,-4.3242279677,2.9618711728,1.5685985926,1.3710810278,2.9261903607,0.7704026148,-6.0111092672,-3.2295171611,2.5530592531,1.3109525766,-2.0828041746,2.1463825539,-2.6246226549,0.2919128787,3.3553482514,1.4280125943,1.8200152532,-9.0241339147,-0.5084446251,-0.0350777853,3.3759525836,10.8982263531,-7.3804860073,6.5097158114,-4.2527369934,-1.993900365,0.8740474223,-3.4755776512,-2.1769451246,2.8896224011,1.982173827,10.7048859646,-2.0115105385,-0.683080171,0.6079159456,2.2961645476,-4.7873537546,5.8170699232,-2.3331785814,-1.5422138684,-4.188627619,4.6595044316,-0.0335173316,-1.0820839334,-1.5819149719,17.1000631015,-0.7053083641,-1.3529862476,-0.6788770571,-0.2385363037,-1.820146914,-2.1423779834,12.4337537866,2.464295911,-0.8877140518,-4.3253509428,-3.3549183018,3.8494331307,-0.2443788169,-1.0282976319,1.8397404155,-7.1404335317,0.4416714467,-1.0185744084,-0.081467066,0.4029682064,1.2790817409,-0.2902319565,-17.3314683223,0.6549851657,-0.5603557256,11.5205634558,3.0735761206,-3.254225681,1.0301962502,2.6614291881,-0.3610897509,1.1758846509,-0.7573423696,-1.4042121612,6.9639859425,0.324379247,-1.0701115159,0.1715793159,8.1055828641,1.3360796027,-0.3293817496,-6.2589562518,4.6378210734,-1.7187385836,3.3333214814,-1.7200857722,0.7158426932,5.6171404334
biasActivation=1,1,1,1,1,1
[BASIC:ACTIVATION]
"org.encog.engine.network.activation.ActivationSigmoid"
"org.encog.engine.network.activation.ActivationSigmoid"
"org.encog.engine.network.activation.ActivationSigmoid"
"org.encog.engine.network.activation.ActivationSigmoid"
"org.encog.engine.network.activation.ActivationSigmoid"
"org.encog.engine.network.activation.ActivationLinear"
