encog,BasicNetwork,java,3.4.0,1,1572780718156
[BASIC]
[BASIC:PARAMS]
[BASIC:NETWORK]
beginTraining=0
connectionLimit=0
contextTargetOffset=0,0,0,0,0,0
contextTargetSize=0,0,0,0,0,0
endTraining=5
hasContext=f
inputCount=2
layerCounts=3,8,8,8,8,3
layerFeedCounts=2,7,7,7,7,2
layerContextCount=0,0,0,0,0,0
layerIndex=0,3,11,19,27,35
output=0.7261765585,0.4373254243,1,0.0000000007,0.890862343,0.0028895899,0.9257065171,0.9998392943,0.5064155544,0.9999999378,1,0.9999999691,0.005097104,0.9999034609,0.3339221117,0.9997292372,1,0.0000000001,1,0.999110768,0.886958779,0.3810925542,0.0023472388,0.9984873124,0.9999999994,0.8777039908,1,1,0.9972329528,0,0.7200989915,0,0.9999999967,0.999999998,1,8,30,1
outputCount=2
weightIndex=0,16,72,128,184,205
weights=-9.324715964,18.2814487077,16.7153580725,28.6163662705,-15.2426320764,8.3620618824,-14.9922618511,-15.851836636,-20.2876819347,8.4128269521,12.7436052554,2.7445357532,0.5460096498,-15.1031079067,-3.921717604,0.7000912322,-5.381637086,5.7657605465,0.794193853,-1.9941418264,1.2439273017,-16.0091716668,7.0201977489,-1.1214140753,-6.002005829,-0.531215409,4.2990595639,-7.0202216737,8.2366111236,-0.0858293126,6.8558395669,-1.9986957059,-9.9247039276,-2.7386347352,5.3592692843,4.9851803564,-2.6142509158,1.8794311081,2.4613095891,-2.1943860814,3.4259642844,1.0111076844,-0.3193392527,2.6906236509,-13.4039948588,13.207778709,4.7554436373,-1.2951473479,-0.931069302,3.298777471,11.6277655132,-22.4209596103,6.569733969,-0.5940225691,-5.1156775444,-0.4636910293,-22.3396989622,1.6008977765,9.7603258866,7.4848217586,5.5134252601,-0.6045989284,5.5391284327,5.1911373336,0.6851254213,-15.4005445574,2.5302042944,-1.1838737267,0.7632116638,10.8297711075,4.7842015618,2.2588511467,-3.7103137996,4.15508678,9.0765883134,-18.095818118,3.0197470279,10.9682043921,0.582152038,-0.5956945522,-12.0343413771,6.0457269032,-6.2783963272,2.96164548,-6.0613688244,0.7714698256,6.4478633214,3.3944699702,-2.9139092136,0.6312273395,-1.6076956239,6.4521043481,0.8601139843,4.3538751517,6.6588768919,1.1372371502,1.8438388782,-2.314098751,10.0127110857,-15.8539356247,10.8841668329,2.5187134933,-16.4920125572,-3.1700553331,-4.3817064297,-4.0490106836,-9.4979352489,6.6119021748,1.2926667744,7.2050406581,12.2280814855,0.5587968734,19.0194860787,-1.8653299392,4.612072177,-12.5058299083,1.7913846435,16.7917137649,-0.9929796299,-6.1102754521,4.4407774612,3.3831354613,-2.4594892949,7.825453512,-4.1179967874,-14.3121257258,-17.6552482586,3.7565608077,2.248385264,-17.4874658228,-1.4400865269,18.8465518633,-0.3135185713,3.1646760935,3.5210711973,1.9578243877,-1.3264466177,-3.86568019,-4.5310045385,12.2619954284,-6.1735150489,-0.375776815,-0.8462120498,-0.3663854231,-2.4536105064,-6.5205308439,1.5117444696,23.2608819646,-11.0092540716,-2.4069355295,-2.9943883177,-2.8776285476,5.254431351,-13.7965616471,3.9494343424,-20.7647654548,-7.3514841965,5.6611137134,6.0578603022,5.685501632,-2.5548766856,16.3898794579,-2.0914991607,1.1672538325,8.3160666392,-3.2720609461,-1.7899714011,-3.0758036641,-2.1800853995,20.7905121,-2.0116526743,9.989738566,-9.9637693186,-2.6882454467,-0.8298611972,-0.9328474201,4.6114725599,-0.2460433055,-4.3540884234,-18.9347222492,2.2806573767,3.0889296416,4.7101252896,3.4405744028,1.2954661912,0.6853967875,0.6147491456,-2.0674068237,0.4697722159,8.3332917451,2.2644672323,-10.3465171529,0.6587876716,-1.719516092,-0.1792531988,20.0786773912,1.6425642983,-1.76163095,2.8203855812,1.2303068043,0.2999109496,0.6777292167,1.2915376919,0.3055377748,0.5118581091
biasActivation=1,1,1,1,1,1
[BASIC:ACTIVATION]
"org.encog.engine.network.activation.ActivationSigmoid"
"org.encog.engine.network.activation.ActivationSigmoid"
"org.encog.engine.network.activation.ActivationSigmoid"
"org.encog.engine.network.activation.ActivationSigmoid"
"org.encog.engine.network.activation.ActivationSigmoid"
"org.encog.engine.network.activation.ActivationLinear"
