encog,BasicNetwork,java,3.4.0,1,1572780731803
[BASIC]
[BASIC:PARAMS]
[BASIC:NETWORK]
beginTraining=0
connectionLimit=0
contextTargetOffset=0,0,0,0,0,0
contextTargetSize=0,0,0,0,0,0
endTraining=5
hasContext=f
inputCount=2
layerCounts=3,8,8,8,8,3
layerFeedCounts=2,7,7,7,7,2
layerContextCount=0,0,0,0,0,0
layerIndex=0,3,11,19,27,35
output=0.8888886863,0.5555529725,1,0.992137279,0.9919047372,0.5100778287,0.0824105678,0.4439784599,0.0000000273,0.9187798955,1,0.0000811785,0.8799208295,0.9993288745,0.6337893327,0.2101968202,0.0089705897,0.9890647185,1,0.0000041764,0.1372671058,0.087588978,0.0017315217,0.0000157345,0.9750963429,0.9998679137,1,0.0125066079,1,1,1,0.0009994212,1,0.013503049,1,8,30,1
outputCount=2
weightIndex=0,16,72,128,184,205
weights=-11.6799742856,7.4636998909,-12.4192386771,2.2647071698,-0.8524276796,-14.4478035709,13.2291551671,0.6362187332,-6.7480290636,-4.7293527647,17.2005777398,0.0002052422,-10.7336313143,-0.3783206803,11.8047792569,-3.2449713062,3.6601975936,6.7301206345,0.5361065242,-2.4306313261,-4.814423675,-6.6144162599,1.8385594176,-0.8269227176,2.8314464517,5.3391827743,-0.6596999189,3.1413022622,-7.4364570288,-0.540239059,-0.1366061685,0.4814715729,-6.0846254312,-3.2421059934,4.6387314316,-15.8615124063,7.7845624975,1.415430285,4.1717727455,2.5357056492,1.0655550394,-1.9993071101,1.0890652332,-0.2731182089,0.4089126843,-0.3351534667,-1.0361789748,-0.624223381,5.6354758535,-0.2256026017,-5.4103040111,-0.2474772531,-0.705978903,5.217103455,5.3168370032,0.3794435546,7.5213531383,-11.7082274867,-5.0889815993,8.7412841972,10.970247754,5.5946065763,-5.3712936747,-4.6143270227,3.9107674732,9.7453201242,1.5891115404,-12.2626110071,-1.5000271739,1.3477379547,-1.5683343385,1.8887182408,0.397429257,3.8000849211,4.2499293818,2.6788916177,-1.0368406184,-7.2348945323,-1.2210498333,-2.0416682122,12.7286895589,-2.183104289,1.303060177,-7.1407290951,-0.6548772725,-2.5615597829,3.0625150255,1.6251938953,-6.438938998,-1.2453482772,-1.4359022021,1.8047271063,-0.694249605,-2.0402887108,4.9551569511,4.6344860742,-11.1225263933,10.8671031691,1.0199697499,-7.4422893799,-2.30466151,-8.8965809602,3.8364668399,3.81950661,-1.5224494759,14.704374595,-7.9400545969,2.587887677,6.303440909,1.0685848427,-3.2578906171,-0.4357918042,2.1010548187,3.1625268011,6.7266938429,5.1932509093,0.24163814,-0.8689253093,-2.8963974487,-1.9937919752,-3.7901662606,2.8278643267,-20.6363108055,0.010488661,-1.0488943075,2.0760367112,2.4338208131,1.4662850226,15.2395636311,0.9862882329,-4.5864760868,-4.0616941909,2.1138250434,-0.7159232915,-6.8179665566,-4.1089024863,3.3847207569,3.8275916385,-2.3675447544,-2.9424435281,-8.8683585058,1.9865758061,12.338978087,-2.5424375677,3.8724985765,0.9864774682,-0.1777237621,-1.0391860151,13.4123108106,-2.9354068266,-13.8990355665,0.948246723,0.9257254022,-2.312950049,-1.1672975903,-0.8329626799,-2.6586781325,-1.4752358221,9.527036814,-0.7061400706,1.1904438697,-2.7891874152,-0.8474824725,-2.6099602111,5.5665416016,-3.2840230687,2.9471384168,-1.5892307484,-1.8840591533,8.5598806617,-1.1252111403,-5.7649872074,6.9865349229,3.5654132242,-1.0635263715,-1.5366323769,1.9579487202,-0.2653411398,0.9982829371,2.2464496441,0.5102396697,4.217444723,-0.2416696472,1.7133529968,2.9621911309,-0.5169033228,-12.5593420302,-2.8605580923,1.7466671486,3.4791495241,0.9037202895,0.9742748144,0.5524366716,0.1554004177,2.0191031467,-2.0946916143,-0.106420531,-0.5242730151,9.6722203886,-2.8472410046,2.5162401056,8.7831913723,0.6469774137,-0.2430901624,-2.1743591568
biasActivation=1,1,1,1,1,1
[BASIC:ACTIVATION]
"org.encog.engine.network.activation.ActivationSigmoid"
"org.encog.engine.network.activation.ActivationSigmoid"
"org.encog.engine.network.activation.ActivationSigmoid"
"org.encog.engine.network.activation.ActivationSigmoid"
"org.encog.engine.network.activation.ActivationSigmoid"
"org.encog.engine.network.activation.ActivationLinear"
