encog,BasicNetwork,java,3.4.0,1,1572780741938
[BASIC]
[BASIC:PARAMS]
[BASIC:NETWORK]
beginTraining=0
connectionLimit=0
contextTargetOffset=0,0,0,0,0,0
contextTargetSize=0,0,0,0,0,0
endTraining=5
hasContext=f
inputCount=2
layerCounts=3,8,8,8,8,3
layerFeedCounts=2,7,7,7,7,2
layerContextCount=0,0,0,0,0,0
layerIndex=0,3,11,19,27,35
output=0.7500041184,0.461537934,1,0.4676118658,0.0000000427,0.7903289337,0.0076955232,0.0319331651,0.7001490595,0.0164072996,1,0.9971581241,0.9997369009,0.5917495643,0.9997324576,1,0.9999662476,0.9798333401,1,0.0143905662,0.0000063777,0.6987095013,0.9992373545,0.9907983869,0.9889499031,0.3239715173,1,0.4275367632,0,1,0.0000095249,1,0,0.0013112458,1,8,30,1
outputCount=2
weightIndex=0,16,72,128,184,205
weights=-9.970977333,-10.8210471633,-3.7519741736,3.7668755319,-16.3451301471,9.825501708,14.3431187313,2.1047918144,-0.3728553703,0.8709732313,10.2596668719,12.5818271899,-1.5739234374,-20.3434893621,-5.1908388229,6.1937663818,-1.4537473023,0.3764348384,3.7270525837,-2.9834800315,3.1336096797,0.1570980188,-2.1639438123,0.5503479194,-3.7225289098,-7.5715560842,8.3042602375,0.302179752,-16.7280134101,-4.7308458395,1.0295443694,9.5468643807,0.518317183,-6.0358045071,14.6466920719,-5.0962219299,-0.9237398891,-0.3834766907,2.925464323,1.7127025611,-3.7865932407,2.8039887305,-6.6952284669,-1.3930653341,0.42707711,1.8432993559,-2.1910922148,1.3443720846,-8.4778880337,6.3310557126,-7.7781455639,1.3737173822,-9.665092753,8.6155894532,-1.2630126412,4.229449295,10.9444027923,-4.5414333066,5.8979982486,1.1234570639,-5.5964631888,9.3647180096,-14.500841592,0.3021209967,-12.7182940865,-0.1139474166,3.8680788941,-4.6804715544,7.2955262709,2.6385702543,-6.1553944721,7.1901207409,-11.7372790355,-6.4189052788,-5.5988254063,10.3831787301,-2.5995015701,3.9416799989,-6.5794690618,0.3751029877,3.4585408311,-5.1895403908,-4.4806006015,-6.3366692541,12.8007412369,1.5333094005,0.5573261747,3.2755766387,4.7174004297,6.8107186175,-10.9009020808,1.7561392049,-0.2658742216,6.4607242875,3.3297701335,-1.039618415,-7.3686308516,-2.8696788665,-14.1398849991,4.4279817334,10.004425791,4.2828297887,-2.6189193968,0.4876714445,-14.6284499621,5.0820774467,-7.4104886735,16.2208839855,-1.4112714783,13.6669752243,-6.2192580075,3.3600877183,-3.2335612885,-8.9253257881,-0.4257633701,0.1150902296,5.5200968177,2.368120303,0.390839622,2.5876214921,-10.3413771441,1.8939388871,-0.6037017815,5.0453649747,-1.9632203584,1.2110543084,-3.6083337321,1.3289338485,12.0804394903,2.2589935418,-2.6545614419,-0.1501892006,-4.4432123846,1.0619653406,12.6880397436,-2.3103811756,-12.6380629988,0.0216007912,-4.1620023111,-0.2192109572,0.8221046308,0.2377892481,8.3200608025,-3.23046618,9.5079099135,-0.5582641866,-0.9176775292,0.8469101948,-2.3331349363,1.9557985223,16.9867420763,0.0047097276,-9.6995309015,2.2819003242,3.4337132672,-0.7299174055,4.8307588678,-1.5207916964,-13.5719727053,3.0781913313,11.2447117568,-0.2109166824,-0.1922269128,0.8466956732,-0.1693028839,-0.3106354571,-8.4981855206,0.2442695337,-10.3652020736,-0.3916478294,2.9527823017,0.8522780767,3.3957857699,-0.8129534829,5.5509611612,2.5698545623,18.8207173499,0.9913889641,-3.2931019998,0.6031512574,-3.5576791849,1.4109582255,-15.1905678829,-1.9114341748,1.1544015757,0.2043243581,-15.6568515864,1.1003083255,-4.1686477334,0.2756385412,1.2067679887,2.3018291538,-0.519632796,-1.0452647386,-0.1210303596,0.4314372669,-1.1657191557,5.1542938233,0.9760573315,-0.5310909302,-3.0683452785,0.0318188598,1.1205917073,-0.3132793813,-6.2018176921
biasActivation=1,1,1,1,1,1
[BASIC:ACTIVATION]
"org.encog.engine.network.activation.ActivationSigmoid"
"org.encog.engine.network.activation.ActivationSigmoid"
"org.encog.engine.network.activation.ActivationSigmoid"
"org.encog.engine.network.activation.ActivationSigmoid"
"org.encog.engine.network.activation.ActivationSigmoid"
"org.encog.engine.network.activation.ActivationLinear"
