encog,BasicNetwork,java,3.4.0,1,1572780775781
[BASIC]
[BASIC:PARAMS]
[BASIC:NETWORK]
beginTraining=0
connectionLimit=0
contextTargetOffset=0,0,0,0,0,0
contextTargetSize=0,0,0,0,0,0
endTraining=5
hasContext=f
inputCount=2
layerCounts=3,8,8,8,8,3
layerFeedCounts=2,7,7,7,7,2
layerContextCount=0,0,0,0,0,0
layerIndex=0,3,11,19,27,35
output=0.6764737564,0.441171377,1,0.9428139666,0.999927264,0.3186622578,0.996980611,0.0086388545,0.9907842956,0.0000000881,1,0.9999996886,0.0036785305,0.5260065375,1,0.1416005628,0.9995667782,0.9999988505,1,0.9454084996,0.9882297535,0.9350691752,0.1652267099,0.0000000006,0.8703612443,0.9993590417,1,1,0.999999166,0.022789352,0.9999999999,1,0,0.9820489075,1,8,30,1
outputCount=2
weightIndex=0,16,72,128,184,205
weights=-6.5531062738,16.1539893219,-10.0835738693,12.4811531439,14.2012807216,-15.5892078404,8.0552758275,-3.1441952753,10.8767876257,-7.3811673752,13.078190564,9.5995744283,-4.4081002143,-11.6070694052,14.3631223534,-5.3104997808,4.0682819786,-16.7927512076,2.5021650987,3.617627094,6.1130489932,-6.000262704,-3.7539947635,2.7483114588,4.2778427461,-9.2895471311,15.7201368304,3.3995394474,-6.5271475083,1.261436546,-5.5220814384,-1.1980697863,-5.6146201028,-13.2174675604,18.5754853326,-0.6930196557,3.5927817771,-0.1284407019,-3.164489464,-1.3903632351,-6.1256985592,3.4215177938,-2.1083434987,12.933758068,-7.2387154831,-0.9305160484,-0.6219993904,2.6651494937,6.4239144199,-13.1492539121,9.8466103495,0.1113609585,1.4885460591,-6.7891367849,-13.8331998465,3.9995068072,-3.2470490525,-9.9594009723,-1.1613667979,3.7131255889,4.5387869761,-5.1269090685,6.6082884505,2.7327450989,-12.0132237096,1.9971529542,1.5485250189,-4.5584664261,7.8614601735,-5.6278732794,-1.8009573228,5.8184603466,3.1575078207,-7.7419848831,11.5331023491,-2.784794304,5.2477852778,12.22228466,-0.3742738442,-0.9399702032,5.7702884726,0.2626100934,-6.0150580712,7.6275370952,-14.6433911749,-14.6136606618,-1.6505152269,7.4164882365,1.3702556107,-11.6745301752,7.356365976,2.4158020713,-1.0367780912,15.0837372577,-8.9829659685,-1.0831712708,-1.6977988213,9.9700252906,14.2091787833,-5.0951144361,-13.312692506,4.3766069776,1.4239160113,-1.6501546128,3.3116792047,-1.3306146701,-4.2330040427,3.2855741084,5.0323724072,-7.5349184526,3.3497645928,3.0077744223,0.2493152737,4.518253769,-4.8710675332,2.1638119562,4.0412209305,-7.6116552099,10.3011185039,3.5706891884,6.6707893239,3.8999620167,-3.4119637808,-0.434764165,-1.8193658316,-7.7973030197,10.8532011008,2.7180206514,5.309473143,-1.0097924377,3.0030847477,-2.4632616694,2.6193526733,0.0780791548,0.9260612364,-2.5819094237,-2.8164674855,-2.2195748096,-10.4876056641,-1.3398040743,-2.7975028735,0.5149248644,16.8652778088,-2.7198341638,2.1037951044,3.4572986603,-15.35551329,2.9425450605,2.0751777103,0.5442659109,-10.1398266624,2.3962322832,0.062293738,0.6771891066,6.5080165273,0.6452921642,0.2925494005,0.1198846009,-4.2928846237,0.7703436821,-2.7125980341,-1.1178154821,7.9765470015,-0.4515015484,-0.9981008894,-0.9725029882,-16.8837828628,0.4518114922,3.1065237515,3.7669081403,-16.0476496932,3.8404576741,2.9028841803,0.5943175505,-14.1363431711,2.5356818691,1.8380249191,-0.48557522,-7.4477248443,-0.3933125083,0.2104051528,-0.2907536973,7.9569724915,-1.4620450369,-1.0573667854,1.2436829793,-2.6707419343,1.6418993733,0.054861769,-0.7839968408,1.4539168637,-0.1769599609,-10.0809449118,1.1845581192,0.4106113646,0.8457945639,-1.2255799666,6.4616568076,-0.2184109594,-0.8825504666,-0.837064841,0.3825386022,-0.6982750414,0.3065744119,0.3909581103
biasActivation=1,1,1,1,1,1
[BASIC:ACTIVATION]
"org.encog.engine.network.activation.ActivationSigmoid"
"org.encog.engine.network.activation.ActivationSigmoid"
"org.encog.engine.network.activation.ActivationSigmoid"
"org.encog.engine.network.activation.ActivationSigmoid"
"org.encog.engine.network.activation.ActivationSigmoid"
"org.encog.engine.network.activation.ActivationLinear"
