encog,BasicNetwork,java,3.4.0,1,1572780790615
[BASIC]
[BASIC:PARAMS]
[BASIC:NETWORK]
beginTraining=0
connectionLimit=0
contextTargetOffset=0,0,0,0,0,0
contextTargetSize=0,0,0,0,0,0
endTraining=5
hasContext=f
inputCount=2
layerCounts=3,8,8,8,8,3
layerFeedCounts=2,7,7,7,7,2
layerContextCount=0,0,0,0,0,0
layerIndex=0,3,11,19,27,35
output=0.0504215425,0.0001596885,1,0.0001112455,0.5328491791,0.0051386158,0.9985007945,0.0376942048,0.5679534333,0.3647272529,1,0.0000474744,0.8058497547,0.9984280448,0.9999999363,0.2535048732,0.3548304471,0.999999605,1,0.9438848774,0.9956236641,0.5643999514,0.5392580384,0.6341682248,0.0004402692,0.2065951525,1,1,0,0.9864555192,0.0000006456,0.0146472045,0.0004540293,0,1,8,30,1
outputCount=2
weightIndex=0,16,72,128,184,205
weights=4.974322464,6.0580129965,-18.5695821035,-17.3177442582,6.588291896,5.6650911931,11.5218521685,3.5548611764,17.0754613477,-19.5667800042,9.2491973161,10.1206384796,-15.1716636256,-13.3038843878,4.4112421616,-1.9519062612,8.2438836121,-0.1547418184,-7.4861511819,-7.8876202515,9.6513466996,5.6850517238,-0.932407965,2.8511653008,8.0505591275,-0.3637983436,-21.8519765197,13.0912732198,-9.2501894459,-2.3104174564,3.3980455839,8.9174549917,3.3983712727,-10.2296834371,-2.6197724752,3.6274468466,-2.3754252082,5.2964163144,-1.3196349665,2.0083011248,-3.2548100389,11.4267862558,-5.1229433149,4.6774225366,2.6653778855,-4.9252490928,-2.0301063439,0.8327168987,1.0188706148,-4.1309309806,-7.2738767878,8.7302103117,10.1031757337,-3.289941554,-1.4078425154,-1.3647226317,-2.5123817173,8.3839580095,5.9036535166,-9.1332588262,-8.6344205465,0.0838204694,-0.7678714851,-0.3167033567,-4.8380152897,-16.7725774526,6.5095129522,2.0637309532,0.8515418167,-1.6863838446,3.4510199268,1.3299831583,-0.2782325646,-2.8213940962,-3.9789225711,-0.8439074574,-3.8335148249,2.636298528,6.6613829049,-3.129096185,0.7670651196,-4.9069953337,6.1960521407,-10.0027081998,14.162130005,4.8737997266,-1.2015645667,-1.2533274328,-7.4197135474,12.2004758758,9.0902392895,-2.908408679,6.1689034379,4.1143824462,-10.6591761879,-3.9638128865,-0.1466481404,4.8608955597,3.0260376856,14.2080688033,-0.5244443349,-7.9393886369,-5.8263680427,4.0378863905,-0.5135746529,-1.4331026741,-0.2853642031,15.050620446,-9.8496610163,-0.5425432161,-0.5463308451,-0.7640780644,0.4481831428,0.4854526728,-0.9152760444,5.3784409593,3.8194039709,-4.0447692617,1.9499642021,-6.7112373196,2.0241236503,3.0983900559,4.1944484062,7.717461272,1.8902792614,-9.582301685,-3.5782431074,2.764792855,-0.0229222375,-1.3256407534,1.6529831523,4.0974050393,-0.2649640087,-13.1586111968,-1.309484156,1.2247794809,3.9673609395,0.9237906128,0.5483173289,2.0468403362,12.0017820846,-12.0143348498,-4.5467282309,0.7485669122,0.0622929544,-0.015622242,-0.5515516181,2.4896359089,-14.2911551277,-13.4437683615,-0.0091158503,0.956254543,-2.3025113749,4.0873874363,1.1708986955,1.5322221801,-11.9128410751,9.1319780339,0.2429956539,1.4751705804,-2.5708531567,-0.8221904922,1.4832111346,0.1334193717,19.2090558479,-19.8419692252,-0.1972137512,1.385521788,-2.9345050064,-2.0817208431,-1.9890527918,-3.1046309511,15.7991549065,-0.9527817197,-2.1287437814,-3.0620455168,0.2900391578,-0.6705422572,-1.0533740592,-3.172207203,9.0310055817,-1.3493057106,0.3665323178,-0.7281693408,-0.1580729843,1.2324154384,0.8409721043,0.3633571148,-3.5676622405,0.3971835212,0.1148827657,0.118986566,-0.2005200157,6.970592744,-2.3638405625,0.897383105,0.0312805812,-0.3915714925,7.2881498762,2.8311105744,-0.4619202979,-16.4881703852,3.8561587661,-4.9045226843,1.0066859172
biasActivation=1,1,1,1,1,1
[BASIC:ACTIVATION]
"org.encog.engine.network.activation.ActivationSigmoid"
"org.encog.engine.network.activation.ActivationSigmoid"
"org.encog.engine.network.activation.ActivationSigmoid"
"org.encog.engine.network.activation.ActivationSigmoid"
"org.encog.engine.network.activation.ActivationSigmoid"
"org.encog.engine.network.activation.ActivationLinear"
