encog,BasicNetwork,java,3.4.0,1,1572780801765
[BASIC]
[BASIC:PARAMS]
[BASIC:NETWORK]
beginTraining=0
connectionLimit=0
contextTargetOffset=0,0,0,0,0,0
contextTargetSize=0,0,0,0,0,0
endTraining=5
hasContext=f
inputCount=2
layerCounts=3,8,8,8,8,3
layerFeedCounts=2,7,7,7,7,2
layerContextCount=0,0,0,0,0,0
layerIndex=0,3,11,19,27,35
output=0.5285703865,0.8607602839,1,0.8925028518,0.9863643743,0.0817644331,0.8936944013,0.9387347673,0.0000057704,0.99746862,1,0.2814479242,0.7332630259,0.0001397496,0.3452326144,0.9977656821,0.2165543586,0.9999884638,1,0.6446906925,0.0283120256,0.9397679892,0.8275597689,0.0213190069,0.9048110539,0.2385220322,1,0.4131971467,0.8302743056,0,0,0.0380538954,0.9995903079,1,1,8,30,1
outputCount=2
weightIndex=0,16,72,128,184,205
weights=10.166305659,14.9681163291,-0.7534622453,-12.2940228105,-5.7746437738,2.8900955819,-2.9905657924,-4.2705238172,12.5246200211,-0.3284241123,3.1490998174,10.2607900296,-2.9397612294,-8.9908952248,-9.294508748,-6.4295004118,0.0745260197,9.3177479917,7.7420069415,12.6075797163,-1.2579057421,2.4583289718,-5.9938518396,-2.3738835197,-8.8619529704,-3.2379826275,-8.0007340629,14.1122772963,-5.4986909752,7.4555452315,4.0036722055,4.1471591707,-0.9157541176,0.8504162496,0.8704271747,1.5927708247,-2.7633962567,-1.1729323381,-0.2048334754,-0.1183947215,-11.4927666307,4.992259814,4.2667368987,-2.4702327241,-5.6280200804,-1.9875984035,4.2595634584,4.3415844043,-1.4242662749,-1.2915849379,0.0144294473,1.7686826819,2.3062537099,1.7989641055,1.4518530916,-0.6758709025,1.784679346,-2.0705007124,9.7464406929,2.1914144591,-2.7296568186,-1.5040729149,-4.6510767307,-4.1044445252,-10.0231959984,0.4238606485,4.5646385578,-1.7202897189,0.3912808608,-5.9259994011,7.3740268919,2.5988772335,2.0681016772,13.2355468356,10.5167273961,-3.4768265671,-14.8439365037,-8.9363891702,-2.8549802717,-0.5681263716,-4.5155646028,-0.6630776841,-1.4910091176,6.9037781074,-1.3994535996,-2.5914648567,5.3160954803,0.7356856954,-11.6552203268,3.6960731906,-1.7620068045,2.6168090491,7.286529586,1.4708743819,-4.1023575224,-2.4835401438,-9.1802223812,-4.9176843657,-5.4711463311,11.2002519002,8.8434066231,2.1235731611,-0.9678376891,-0.5888122636,-0.1860694025,-5.491196778,4.5576864263,0.352096699,2.6161644583,1.8270027367,-0.7970832606,0.2837133158,1.3105585176,-1.2844730658,1.810235576,-9.7840335345,1.7506884959,0.6307809748,2.1373350011,3.1834101273,3.4807106084,2.3412400874,3.9483105481,4.5434460104,-0.924394137,-0.7641957901,0.9908144802,2.0640978635,11.3654575487,-7.832159583,-0.1475941772,-0.757470687,-6.2789906108,5.749849347,-2.2989327461,-0.8071726948,9.1711128326,3.1571703511,0.6490302525,-0.6257348098,8.4052995363,-4.5472070254,-2.167361981,-3.5536915032,0.0416642464,-7.7065681393,0.0034753771,0.3619183894,-3.1952666297,3.9155868923,4.6129508907,0.7234377803,-3.1591049718,3.4517383997,0.8991371048,-0.6257413961,8.263991016,9.6973982546,-8.6237606011,-1.3762676548,-17.0745680862,1.1022014281,-0.1784126701,-0.1926217173,-0.8960218246,-12.0794903473,4.3242862605,10.0977789031,-2.5678886049,7.8084602788,-0.0435868178,0.4661886789,5.7856349057,1.1593159921,-3.271669623,-1.2775947242,-6.0979647149,-1.4443958539,0.0256046048,-0.4134182314,1.4328979526,-0.6017285232,2.1087430261,0.9963184553,-0.6340535176,-0.1422371752,8.9887793194,-1.5706551963,0.0065102621,13.95750627,-1.8646473489,-2.0785614396,0.0660520549,-0.6702432495,-0.9699731999,-0.3369461128,0.1306964481,-0.6786980688,16.0854155088,0.2105934538,0.6761325738,-14.1690300841,-1.1170032133,3.694192231,-0.6510744732
biasActivation=1,1,1,1,1,1
[BASIC:ACTIVATION]
"org.encog.engine.network.activation.ActivationSigmoid"
"org.encog.engine.network.activation.ActivationSigmoid"
"org.encog.engine.network.activation.ActivationSigmoid"
"org.encog.engine.network.activation.ActivationSigmoid"
"org.encog.engine.network.activation.ActivationSigmoid"
"org.encog.engine.network.activation.ActivationLinear"
