encog,BasicNetwork,java,3.4.0,1,1572780811163
[BASIC]
[BASIC:PARAMS]
[BASIC:NETWORK]
beginTraining=0
connectionLimit=0
contextTargetOffset=0,0,0,0,0,0
contextTargetSize=0,0,0,0,0,0
endTraining=5
hasContext=f
inputCount=2
layerCounts=3,8,8,8,8,3
layerFeedCounts=2,7,7,7,7,2
layerContextCount=0,0,0,0,0,0
layerIndex=0,3,11,19,27,35
output=0.882362663,0.7222293421,1,0.0006497662,0.000002189,0.0025732776,0.1696180731,0.004442351,0.0044749686,0.0039929555,1,0.9983171029,0.5968908394,0.0107314491,0.7336802171,0.3145910385,0.0000253169,0.5829392796,1,0.7090304213,0.9997878399,0.7279498677,0.9997675011,0.0001399707,0.96809366,0.9962520272,1,0.898121509,0,1,1,0.9964788125,0.0203254245,1,1,8,30,1
outputCount=2
weightIndex=0,16,72,128,184,205
weights=-1.5965036545,4.0971255476,13.808378323,9.824754771,-2.4103079304,-7.8388730862,-6.9641788906,0.3876301004,-2.5953218228,-12.5543548721,0.154619452,7.8368603375,-12.5482852066,2.8808787079,9.1386265322,-0.3660483438,-2.4163783358,-2.676853538,0.2759381345,-1.6083745694,-0.507446397,1.5140131411,-0.4152762087,-1.7493948311,-6.5575240993,-5.0970514656,-5.3793815061,-4.9003322223,4.0586947913,11.3738323701,-0.1620845669,-0.9728147691,5.313458441,6.3155407894,-2.923861314,-8.4811695834,-6.6896978883,6.0327468583,-11.2652424573,-0.1090409356,4.5443887283,-0.0956160929,5.0852693831,6.5874434161,-14.1731970373,-5.962878063,-1.0472943862,-5.8862335409,-2.0085103623,-4.2846903681,9.2527250484,-0.220998882,1.3234557091,3.562204882,1.8810275449,-2.2996115967,-8.8794212744,5.8285172994,5.3816827,3.0163944989,3.140754381,-4.7403732993,-3.404036432,-1.2936902523,-5.4850490553,-4.4895009849,6.2120033689,2.8651009517,4.5783818173,5.5082339657,2.4825711157,-2.4200395863,-1.4111094043,-1.7691406506,-3.7892964564,0.9688127632,-10.1010772168,4.7492542277,2.342183935,4.014954801,9.709725594,-3.4590365677,-3.7785453313,0.8025708047,1.2191194219,-0.2809333949,-0.5848374085,-0.2310092602,4.0456597308,1.0990617997,-9.3720340736,0.3091366602,4.1685734665,-1.7347120522,0.5459328961,-0.8429119978,2.2129216553,-6.5032147714,-5.783893724,5.3577770105,-6.2644344616,4.0258178879,-3.6144485436,4.5044448495,-0.2673462837,-1.4445846145,15.5045893109,-4.229457415,2.9482587648,-0.3441888768,-4.0198584323,-1.8654105543,-7.7663983606,3.6605742691,2.188045241,-9.0102976761,16.5438735626,0.0644144654,-1.6397791021,0.2471742957,-6.6760862171,3.6546568517,-2.6561806608,-0.1242675889,-2.8581314952,0.5863679641,2.0018836709,0.9106832877,8.4937927826,-2.3795765379,0.8950902313,-1.033913721,-4.9265353078,-8.8207459724,-0.9001386981,-0.6103426323,-1.9547553065,2.9843695857,1.4192257888,1.758023758,2.16417026,-12.4636184407,2.931790913,2.2013031983,0.4580766301,0.7289615247,2.0965601169,1.9568102265,-6.5446298097,-23.7279616426,0.9951073413,2.5282254973,2.9602021048,0.8026630657,3.2803195883,0.1900837723,3.0754618672,-7.4366440426,-3.1529475673,2.4768361025,-14.6556194126,2.870003382,1.3453719995,2.6475066022,-3.3303292682,8.5070524939,1.4102050738,2.0311993236,-1.0501341938,-0.4463918893,0.6708917731,2.0853017391,2.652432546,-1.6008795307,-1.5550985118,0.5440229328,1.3889443474,0.730154827,-1.2063725034,0.0496875491,5.6311761044,4.7969594583,-0.2709648867,0.0541463042,-1.3676420975,-0.089188894,15.7933281329,0.874753881,-2.1211036408,-0.6754982224,0.9157928062,0.7381789846,-0.7715051658,-1.4110400356,4.0918258324,-0.4394564875,-0.9219100191,0.8130138604,-11.3697060638,-0.1498707763,-0.2461642519,4.7085458557,-1.0533202816,1.3161615928,1.7295130184
biasActivation=1,1,1,1,1,1
[BASIC:ACTIVATION]
"org.encog.engine.network.activation.ActivationSigmoid"
"org.encog.engine.network.activation.ActivationSigmoid"
"org.encog.engine.network.activation.ActivationSigmoid"
"org.encog.engine.network.activation.ActivationSigmoid"
"org.encog.engine.network.activation.ActivationSigmoid"
"org.encog.engine.network.activation.ActivationLinear"
