encog,BasicNetwork,java,3.4.0,1,1572780821178
[BASIC]
[BASIC:PARAMS]
[BASIC:NETWORK]
beginTraining=0
connectionLimit=0
contextTargetOffset=0,0,0,0,0,0
contextTargetSize=0,0,0,0,0,0
endTraining=5
hasContext=f
inputCount=2
layerCounts=3,8,8,8,8,3
layerFeedCounts=2,7,7,7,7,2
layerContextCount=0,0,0,0,0,0
layerIndex=0,3,11,19,27,35
output=0.6428569196,0.5217397935,1,0.0347394694,0.9999911993,0.0035184287,0.022324373,0.8479048576,0.9953538917,0.9470208294,1,0.0011164797,0.9999987805,0.3914894618,0.4769254274,0.0300400422,0.0000002907,0.0017361837,1,0.90739096,0.9351138943,0.0013899014,0.0938664683,0.7209337999,0.0003831665,0.9676377992,1,1,0.095401241,0.0025134053,1,1,0.5280703433,1,1,8,30,1
outputCount=2
weightIndex=0,16,72,128,184,205
weights=14.1113712949,2.2890760618,-8.7969766992,-8.1851889097,-4.475855401,13.3417841595,-9.0396800543,-2.9017429756,-0.6535827941,8.4560341352,-10.0794082607,3.5042678407,-5.2066001038,-12.3971887137,8.7423462863,0.0861000557,-11.417249544,0.5188117603,1.2697590234,1.9127999449,4.0480653565,12.2364045209,-11.0211483299,-5.342418639,-0.0378841133,8.2728969466,10.653562065,2.0148941185,-0.5100726239,2.6216051221,-2.4056283784,-1.7443841495,-0.2919932411,-7.4342447576,7.314149284,-4.5522856905,-7.7605645966,3.3502453523,4.7390469252,1.320932843,-1.4003341829,-2.7546095171,-18.0956993394,0.3310794116,-8.0507489635,-6.0688055618,8.522279833,6.1300964641,4.2961531686,0.0904861274,2.0358775672,-2.3186508768,-2.7295741855,-4.0140300144,-2.7262000151,2.0185094084,2.0470331762,1.1963230843,5.0371243819,-6.4273263266,-4.9979287442,-8.6377503454,2.0827389453,5.4083600319,0.010894853,-1.7137138113,9.9731212972,2.4616241813,-0.8658713188,-1.3611541709,-1.638860914,-0.4524046679,4.4435132624,-7.7630140975,4.1441349131,1.5324640397,-0.7359424728,-3.3305737895,-0.8901792016,-2.3255528932,8.7446655024,-2.0894691765,-0.0424690393,-2.1909450039,-2.5818726019,1.6931781818,8.1615994481,1.8050678011,-4.7619773629,-2.3638313835,-10.1275971294,5.6016335345,-10.4599114826,1.9192227186,11.5470776292,1.9454215186,1.1303841417,-0.959244002,-5.5503622423,-2.314684963,-3.4910078913,-0.0484533235,1.690213328,0.8852137486,1.0953581327,-1.3354608237,0.1408858354,9.7324754072,-8.1341606116,-1.5158571868,-0.176370015,1.9018518709,-2.2594810625,-3.6068273967,3.5952223257,-3.6963875159,1.1550792758,15.5610755867,-4.7359024796,-5.5421653986,-8.9411152352,-1.977965866,-1.3215676314,12.8058468015,3.7867812157,6.8809596742,-0.1825356429,-0.1478471287,0.6230749485,-2.0470688318,0.4392479084,7.7843723702,-0.1028963646,-13.5205524089,0.3978700151,0.9137573254,1.7257600217,-6.7896082936,-0.1980109172,-4.2544034919,1.1578925642,3.8158373226,1.224906696,1.447083245,-1.4994563071,11.3114776679,4.2661439489,-3.2553223377,-2.4022543448,6.357314587,-1.4210192001,-2.4460402867,-3.5101388685,6.7166123694,2.1948059873,2.6251135106,-2.694385801,13.0290351356,-3.1517987524,-3.0626401969,-2.0759066709,10.4804631686,-1.2469323629,0.7632265608,-2.2696999979,16.0548393062,-2.5770628516,-2.3662584042,-0.9430731801,9.4311330212,0.3311835401,-0.3952506743,-1.3317649815,-7.9927926361,-1.352174827,-0.5242114382,1.6335530708,5.2624235798,-0.2025512672,1.7983250676,1.2148692017,-10.6210645965,2.287453566,1.5708024166,0.9133923303,2.7435063554,-0.6749822398,0.4310083116,-0.1651990035,-0.741496286,-0.2774189598,-0.3173520798,5.7563138966,-1.2353037351,4.6231000053,-1.0660244671,0.9870245248,0.8415031876,-0.6222110197,1.091388914,0.2801800714,-17.0241138959,0.7667240654,0.8758125024,-0.888910694
biasActivation=1,1,1,1,1,1
[BASIC:ACTIVATION]
"org.encog.engine.network.activation.ActivationSigmoid"
"org.encog.engine.network.activation.ActivationSigmoid"
"org.encog.engine.network.activation.ActivationSigmoid"
"org.encog.engine.network.activation.ActivationSigmoid"
"org.encog.engine.network.activation.ActivationSigmoid"
"org.encog.engine.network.activation.ActivationLinear"
