encog,BasicNetwork,java,3.4.0,1,1572780835543
[BASIC]
[BASIC:PARAMS]
[BASIC:NETWORK]
beginTraining=0
connectionLimit=0
contextTargetOffset=0,0,0,0,0,0
contextTargetSize=0,0,0,0,0,0
endTraining=5
hasContext=f
inputCount=2
layerCounts=3,8,8,8,8,3
layerFeedCounts=2,7,7,7,7,2
layerContextCount=0,0,0,0,0,0
layerIndex=0,3,11,19,27,35
output=0.1114134908,0.0412094595,1,0.0088509285,0.0000000006,0.1513481529,1,0.0000003153,0.0004472313,0.9999821525,1,1,0.0000017274,0.0000000894,0.9983725861,0.9997976178,0.1148581408,0.6043508508,1,0.8867888982,0.9544238233,0.1146971127,0.2217476524,0.0091751439,0.8957878778,0.9999989933,1,1,0.0000000305,0,1,0.0514932827,0,0,1,8,30,1
outputCount=2
weightIndex=0,16,72,128,184,205
weights=21.4950830598,9.4987937905,3.0405023039,-9.4532172617,8.8734713149,-1.7075495183,19.9216555174,-13.1941312735,-1.0621562701,4.4653828128,-11.460545117,-8.7225250229,2.4253880056,8.7557630407,6.4035374314,0.9121138578,4.6663275648,-8.2685225281,2.0676055013,1.2696501672,-11.6501223599,3.2312706401,-0.2866946441,0.7976510258,-9.1369167362,1.385704062,-3.0522404556,-0.3424282859,-2.635586092,-1.4779048989,-3.8813270748,-6.6856436814,-6.6196015363,6.0066340946,0.0235186643,6.7489565735,3.1340836759,7.0193282757,-9.837871414,0.1634013052,36.4687830521,-8.4343021161,-3.0772675252,2.5073715908,3.0928736444,-3.9386626912,-8.1230448007,-2.6483799596,-12.615999406,-4.7940358923,6.817311073,-3.6118891897,-4.0652976774,3.2708853322,5.0439138012,1.8926978324,-19.3324805721,-2.0435084241,1.6487883673,9.5508325551,-2.248859549,17.4855603555,2.1138051574,1.0477727739,0.2803351746,-1.7131846348,-1.1817101099,2.8771799594,11.1198608016,-9.193163048,-1.0177250685,-1.6658375686,3.6397320786,5.3232496742,0.1431070226,-2.555020351,-10.8243035627,-5.425936141,20.5331893828,3.4606492992,-3.6044671304,-3.8241103972,0.0995480281,5.1666757821,13.4532289108,0.1555708531,-6.074240917,-1.7683673349,-0.178987581,-11.0960255635,3.4976870825,-0.6508064759,5.8805197469,3.2168990924,-6.1990307668,-2.474753374,-0.395113887,-4.5756684542,0.6009967133,-8.0327390383,-5.2269834488,-5.6180392808,22.5458986248,-4.6163937703,1.0245530087,0.8564534477,-0.4817852141,-8.4842130934,-12.1777067649,-2.9505771778,9.836366219,1.6342492158,-0.8911263055,-9.6720375029,12.0089917112,10.9230038444,7.0389182824,6.6262310585,-1.7494395551,-0.0709760758,-3.1572518673,0.712027036,7.7607695783,3.2833136633,-4.7635735348,0.7051295174,-1.3903591711,1.7280802256,0.8399870945,-0.2765425272,-0.1657598605,0.0566726869,-2.0201997245,7.8318683616,0.2844943194,1.2657196679,2.460600193,5.5401641248,0.046366968,-0.7905562496,-14.4132525415,-7.1165858296,-0.5212317646,2.1138642689,-0.6944817134,-2.8642907917,0.7288929802,-0.4525333671,8.7693048443,4.2154987398,-5.9923513295,-1.3481801061,-0.1967860757,0.6801264935,0.5122409237,-0.3119967297,13.274730391,4.9795404872,2.9559530688,-1.4302874515,-2.1080249122,-0.5896177171,0.4515421981,-1.8289834982,14.6562064446,-2.6774272688,-2.7377843377,-1.4997274586,0.3398057221,0.3013130358,0.2295522112,1.0505168345,5.655185233,-6.1480826551,-1.5426270154,0.4697485652,5.9899620342,6.0983870294,0.9115674483,4.3892629461,-16.5057629483,-13.3827034151,-2.2280392409,4.2795039322,0.8934449293,0.7247606744,-0.1879517054,3.0941038565,-1.4525617072,1.518272849,-0.5825465065,-0.8934614735,0.5075224349,-0.6335771947,1.1761543803,0.6128659939,2.3249294436,0.1202386778,-25.1200333889,3.9180026377,-2.6075110264,8.1079027226,1.3201924782,-1.2058266403,-1.2718414112
biasActivation=1,1,1,1,1,1
[BASIC:ACTIVATION]
"org.encog.engine.network.activation.ActivationSigmoid"
"org.encog.engine.network.activation.ActivationSigmoid"
"org.encog.engine.network.activation.ActivationSigmoid"
"org.encog.engine.network.activation.ActivationSigmoid"
"org.encog.engine.network.activation.ActivationSigmoid"
"org.encog.engine.network.activation.ActivationLinear"
