encog,BasicNetwork,java,3.4.0,1,1572767709832
[BASIC]
[BASIC:PARAMS]
[BASIC:NETWORK]
beginTraining=0
connectionLimit=0
contextTargetOffset=0,0,0,0,0,0
contextTargetSize=0,0,0,0,0,0
endTraining=5
hasContext=f
inputCount=2
layerCounts=3,8,8,8,8,3
layerFeedCounts=2,7,7,7,7,2
layerContextCount=0,0,0,0,0,0
layerIndex=0,3,11,19,27,35
output=0.0217385087,0.0002331517,1,0.1270364145,0.0125817671,0.9997606479,0.1073113839,0.0100453984,0.5957639889,0.0066788215,1,0.7213049918,0.2442252833,0.0000257735,0.5965868866,0.497221808,0.168179334,0.0294367642,1,0.2143655823,0.5905457004,0.3908037663,0.9401066673,0.0450868191,0.0031327377,0.011092735,1,0.0000000001,0.999999999,0.9999949546,0.0000000311,0.9668831232,0.8308625612,0.0102316462,1,8,30,1
outputCount=2
weightIndex=0,16,72,128,184,205
weights=-0.7020012544,7.1895854132,-8.8720553417,-12.6307308172,-3.836882374,-4.4611279933,7.9279466713,9.0607563869,-0.0058235774,10.8724219688,-1.7006156461,6.6972067621,4.7999627614,-10.3162870197,-7.2502620343,-1.3718424206,-0.8978345549,-0.8551557288,-0.9533040073,-0.7465553194,-0.1855354411,-0.7440392473,-0.2655506061,-0.4003459463,-7.1526022434,3.7163565395,-0.3162239922,3.9264378686,-5.1666505484,4.2186103768,3.1618056049,-0.6873037814,4.6785320709,-0.4643151344,-2.4748119501,4.9935658454,2.2000008381,-8.4137493896,2.3922153178,2.3477635484,1.1253213926,6.8188555479,-4.9583392799,-10.1253219924,1.9051782433,-6.1797706183,9.0380963581,1.2711833894,-1.5541382698,-0.1701161716,-1.6722410567,-4.0132339954,-5.3486260254,-0.9200083105,3.050132661,1.6906896582,-7.4354124679,-1.6150294301,-9.8216386067,2.9661726407,7.335681764,-2.1060206619,-1.3983405984,1.1240411154,-4.3210390731,3.5594810379,2.2710567508,0.5490203842,-10.8488003293,5.2453652116,1.9006310508,1.3739120529,0.3907757308,-1.3022752321,-7.9902113377,1.4755803842,-2.9200591161,-5.3498381196,1.9244995045,3.4986977897,1.5763615189,-3.8754180846,-0.2367354082,1.9375523878,1.6985327278,-0.2062508038,-9.707882271,-0.8761955862,-3.1672127045,-0.5991069453,-6.6502334527,-7.4820696921,5.9390506816,-2.2878589139,3.0183383154,-0.1946042201,9.5050392417,-5.2443125493,-5.5144960703,3.0695130253,1.5878693378,-11.5906287366,-2.2377256252,0.7096738071,-5.6575046108,2.0430693499,-10.1269096982,1.2072359281,3.0582358369,-3.1124774449,7.6440024577,2.6049110298,-4.5559717318,-3.8635674336,6.3554475587,-4.6420180768,2.8821866405,4.993304468,-2.6038350868,3.423222285,11.8738800226,-1.2527613077,1.6809893869,-3.2244251747,2.6687941093,-1.1140127823,-0.9620450464,-3.0329697804,2.9145346812,1.1442045061,0.5867426409,13.9241828891,-1.5913224752,-2.5906473644,-4.4346792476,0.7067155185,2.4612094084,-6.0880900176,2.173869487,-3.2410680441,-1.3714981505,4.2943222564,-0.9015148303,2.0477641296,-2.0756401655,-1.6181655947,-5.6422112778,6.7479239259,0.2484591535,12.736109887,1.5117464069,-4.021242184,-8.7184891308,-0.983149237,-0.6089530596,2.520295291,-0.9910290087,7.0696637239,5.4335541295,-0.62577659,1.3876937654,0.228583159,0.7345515914,-2.0296947814,-0.9778831163,-3.0962741123,4.593413266,-0.545082721,-1.6467124651,-7.8342969085,-1.9376468739,5.5585021669,-0.5150881333,8.7393119946,0.7938237715,-2.7620357732,-0.453338686,-4.7604576533,0.0626770637,13.1589817007,3.8291148469,-3.7763424149,-2.3072498414,-0.3336077079,9.2083539621,-3.2428581324,0.4611309626,-0.7496060099,0.7402618944,4.5344971545,1.0358140302,0.145432531,-0.4524664255,1.2944232028,-0.9067588447,-0.4384221793,-4.790172456,1.4050983527,-0.4575363369,1.6315703203,0.1646425105,-16.400085118,1.4283019297,-0.4270600997,-3.1865978891
biasActivation=1,1,1,1,1,1
[BASIC:ACTIVATION]
"org.encog.engine.network.activation.ActivationSigmoid"
"org.encog.engine.network.activation.ActivationSigmoid"
"org.encog.engine.network.activation.ActivationSigmoid"
"org.encog.engine.network.activation.ActivationSigmoid"
"org.encog.engine.network.activation.ActivationSigmoid"
"org.encog.engine.network.activation.ActivationLinear"
