encog,BasicNetwork,java,3.4.0,1,1572780846548
[BASIC]
[BASIC:PARAMS]
[BASIC:NETWORK]
beginTraining=0
connectionLimit=0
contextTargetOffset=0,0,0,0,0,0
contextTargetSize=0,0,0,0,0,0
endTraining=5
hasContext=f
inputCount=2
layerCounts=3,8,8,8,8,3
layerFeedCounts=2,7,7,7,7,2
layerContextCount=0,0,0,0,0,0
layerIndex=0,3,11,19,27,35
output=0.6249979908,0.3030302194,1,0.9999973837,0.4668074343,0.0064764757,0.0000000056,0.9523831757,0.1837631873,0.4317589207,1,0.9625038863,0.4287206803,0.9999881679,0.1821864863,0.9979274991,0.0000060794,0.9999999992,1,0.99043491,0.9967204105,0.9998069853,0.9999971476,0.8960647396,0.2216774352,0.5642458947,1,1,0.0382274905,0.9997898987,0,1,1,0.6901410866,1,8,30,1
outputCount=2
weightIndex=0,16,72,128,184,205
weights=-15.4160175003,16.3296840057,3.5441768939,-2.8570021451,9.8986875575,-3.2424672959,-0.2731400559,-0.432544146,1.77787605,-2.2176810142,-18.9548960337,-5.7172569846,-8.8149536321,-11.3013727592,16.3375335504,1.9653239834,-3.6151117215,4.2007330404,-3.6961631377,-3.3610249149,1.880716537,-3.7440659467,15.4700155942,1.4940073122,9.987268577,-3.2097485692,-7.1323719977,-3.7951882581,-7.930256152,7.6678200224,5.8670245337,1.5008041166,-14.1783389992,-2.2251643685,0.1428974844,9.4152838895,6.1100679774,-7.2314906704,0.7254710936,0.8865338559,1.400935119,-3.0632252093,-1.5183143921,9.4141143376,-4.2894252877,2.158599598,-12.4904819848,-2.4606146695,0.1726097456,2.0589989862,11.8389484629,-6.104335635,-1.4289590261,4.9409213591,2.1625061609,-9.5163113098,1.4749593629,-11.2924665291,2.0167348826,0.1283851232,3.897944738,4.4705056027,2.563250285,-6.5626415677,-0.4903736814,-10.7485998762,7.5826003813,-2.0134618483,2.8156421489,-1.0021719147,-5.5505792389,0.3305487154,-1.0247988234,8.9628237566,3.7186205855,-4.42981438,-2.7749083651,-4.5975934357,2.3829819133,-1.8001406232,-14.132586122,4.259044813,-1.6439893968,5.0213289583,5.0645050722,-3.9000664626,5.9832480935,-0.9619762993,10.0154923935,9.7227500214,3.2497757513,-2.2425046885,-2.2386221856,-7.2431274172,-14.5398474069,2.5431130281,6.907670645,-3.9248543496,0.902154631,2.4825690668,-8.8243680076,-4.7487229984,2.4955621707,-0.2639826762,-0.9216635054,2.2427315706,-0.9966832101,-4.1627576512,8.3351801772,4.8478592612,3.7815251815,-0.6635995418,-12.3516179856,3.5262896738,9.1642376074,-9.7497421567,-3.8830335075,5.9859895604,-1.4997970842,0.2941387974,-4.350404989,3.8886827673,-2.2605649115,10.947187633,8.048914528,2.7430720401,11.0379743905,-1.3241285747,-4.2882258513,3.2811625675,6.9490315322,-1.2036715466,-3.8985916711,-2.1593636585,16.8099744685,-3.6880508741,-0.0211070754,-2.1098569805,-4.0777734181,-8.2099676185,10.2730031282,-1.4964994227,3.1982211034,-1.0882971795,0.7963105015,0.6775097281,-3.3321061896,0.6151198407,1.6189379309,-0.6924975765,14.2968862191,0.268438147,4.3604807732,-0.4638226285,14.3358725019,0.6388163146,-1.7555853703,-1.1654558305,-4.1303562199,-0.1367093276,3.1676866596,0.0609123906,2.6478143734,-1.1721171752,0.2557102202,-0.7553519711,-4.9642897823,0.2626732984,3.5471532623,1.1232276968,-2.251273863,0.4837619327,4.2631437707,2.0152986257,-17.5187200893,3.2167378356,7.3178477272,1.0367221781,1.8438788498,8.6117120826,-5.312784493,3.3822694923,-16.6924056701,4.508071559,-0.2245163338,2.5189410158,-7.2836161603,6.7289335056,-1.9314057543,0.8854815412,-1.5474651645,0.5159392635,5.3692542779,1.0935009956,-3.1786944223,-1.1325927566,-2.2803480435,2.1137991077,0.7871321706,2.9227362626,2.0190273478,1.2366043641,-1.4027656182,-0.2586363818,19.7819953733
biasActivation=1,1,1,1,1,1
[BASIC:ACTIVATION]
"org.encog.engine.network.activation.ActivationSigmoid"
"org.encog.engine.network.activation.ActivationSigmoid"
"org.encog.engine.network.activation.ActivationSigmoid"
"org.encog.engine.network.activation.ActivationSigmoid"
"org.encog.engine.network.activation.ActivationSigmoid"
"org.encog.engine.network.activation.ActivationLinear"
