encog,BasicNetwork,java,3.4.0,1,1572780862560
[BASIC]
[BASIC:PARAMS]
[BASIC:NETWORK]
beginTraining=0
connectionLimit=0
contextTargetOffset=0,0,0,0,0,0
contextTargetSize=0,0,0,0,0,0
endTraining=5
hasContext=f
inputCount=2
layerCounts=3,8,8,8,8,3
layerFeedCounts=2,7,7,7,7,2
layerContextCount=0,0,0,0,0,0
layerIndex=0,3,11,19,27,35
output=0.000329566,0.0007522969,1,0.1788528596,0.9999908872,0.8046050235,0.0000001204,0.9997353338,0.9998883034,0.675363723,1,0.99999961,0.3568660194,0.1335473894,0.0224474123,0.0000171437,0.2288061022,0.153185579,1,0.2324327815,0.9602024511,0.3910848381,0.0969190473,0.1163473865,0.509357401,0.1670965467,1,0.9999999551,0.0645404899,0.9999503648,0.9999991578,0.9999955853,1,0.0001333979,1,8,30,1
outputCount=2
weightIndex=0,16,72,128,184,205
weights=16.4513338007,-7.8508491829,-16.7225321734,0.759778198,1.1341983354,-2.5182530079,14.8770599511,1.6826854474,3.8455963091,-5.418949834,7.3740156516,12.9423791851,10.3838270801,-11.6658925556,-5.8293903627,-3.1732244552,1.4150576836,-2.9977358934,7.0504683355,-10.0207136987,-2.6658375769,0.652868651,17.3198842348,-5.3885295881,10.2940668751,-0.7643930144,-0.8721195334,2.1801388038,-3.7722232684,0.2381218311,4.6996777171,0.8777327073,-1.3137407126,-0.5772281103,-3.7006567229,4.0491681281,-5.8838131015,2.6754056658,6.2322748352,1.7716385682,-14.1866346311,1.7522756093,-4.9150864658,-3.0022808527,16.9615014864,-2.0528722673,-0.6615528013,-1.0765448738,7.3455901203,-8.9796435366,-3.4622857639,2.3989368557,0.9836177474,0.6939008025,3.5470780978,3.8021011842,1.7426629632,5.0730691283,-2.5584881477,-2.3141496883,-0.2620682523,0.5497653568,-14.6437568532,8.0575977551,-1.3289003259,-11.4323556623,2.2647581857,11.9996162509,-3.5887139697,-4.0429421061,8.38984097,5.209360877,6.7531426503,1.9925336146,7.0859634519,-10.1883481892,-12.3960475063,7.9751446355,-4.4320412397,7.61111152,2.2183824637,0.9234202953,-7.1650849278,0.5079329458,1.7766358499,1.7114617722,-1.3865094558,-0.0851319063,-9.1287749933,1.3119103799,-4.2560613269,4.9662810424,0.8369778983,-0.4285647094,-0.2566523243,0.3391279358,1.550150164,-5.4796799883,0.6696630276,2.6074995833,-3.6025490071,6.2165113236,2.1774041149,-2.4983073341,2.7784429849,-3.9666219754,-6.3578167098,5.0228515904,5.7324527874,-8.8427183039,-2.6412986548,-1.5327656949,-3.3407813651,1.0893064692,-1.670513471,2.4530395103,0.4084368461,-1.1878383144,0.6353308805,-0.6175942188,0.9740164514,-0.2886918535,5.7917765698,10.6963468519,-21.442030599,-6.9992135298,-1.1039467153,1.2835131921,-0.9759701634,-2.0445310225,-0.9743256776,0.3339077706,0.9300577855,-0.0466434838,9.9065344323,-0.3310617112,0.4840912081,-4.6065479441,1.6086254972,0.0871767549,-0.0985787333,1.353479768,-4.4937423237,0.0465321501,0.9888655521,-8.1894656482,-2.2495624142,-0.0655330141,1.3825000119,-0.5746898698,7.7754178509,0.6030746329,7.6388928348,15.2329016057,-9.1322829715,-1.7084634049,1.6964833987,-1.015660886,-10.0436033826,-0.6931511286,-9.0589885059,6.0172860301,-5.4845158064,4.1086678339,1.223964173,2.999530539,-3.0340077163,3.7956405527,-9.9281336541,-5.5142657576,6.7260037094,1.5222613813,1.3721545182,0.7037789428,2.9032929272,-0.0027840619,1.3029883519,-0.399735686,-2.2055836052,1.6401040269,-3.6589737441,0.785912464,-1.1175313144,0.5550305685,-1.6423848575,0.6261399665,11.273894171,0.9950486164,-0.3005002873,-1.6191253989,-0.330985257,0.3799343257,1.1606131678,1.5473431038,0.0700753181,-0.4937618754,-0.9332265193,0.7263579049,-1.9943519586,1.0554136295,0.9737308949,0.9113642656,3.2635191086,-0.8107634493,-10.707290156
biasActivation=1,1,1,1,1,1
[BASIC:ACTIVATION]
"org.encog.engine.network.activation.ActivationSigmoid"
"org.encog.engine.network.activation.ActivationSigmoid"
"org.encog.engine.network.activation.ActivationSigmoid"
"org.encog.engine.network.activation.ActivationSigmoid"
"org.encog.engine.network.activation.ActivationSigmoid"
"org.encog.engine.network.activation.ActivationLinear"
