encog,BasicNetwork,java,3.4.0,1,1572780917928
[BASIC]
[BASIC:PARAMS]
[BASIC:NETWORK]
beginTraining=0
connectionLimit=0
contextTargetOffset=0,0,0,0,0,0
contextTargetSize=0,0,0,0,0,0
endTraining=5
hasContext=f
inputCount=2
layerCounts=3,8,8,8,8,3
layerFeedCounts=2,7,7,7,7,2
layerContextCount=0,0,0,0,0,0
layerIndex=0,3,11,19,27,35
output=0.1827434718,0.0006584802,1,0.0101644999,0.0038757992,0.102851647,0.4900539089,0.0000008537,0.0000000013,0.7256330734,1,0.0000908989,0.9998272568,0.975905802,0.9999999652,0.0000006004,0.6108130944,0.0000004327,1,0.7639009991,0.9996773397,0.0688049427,0.9999997736,0.0000040373,0.005679857,0.0000000578,1,1,0.9982503568,0.8624549402,0,1,0,1,1,8,30,1
outputCount=2
weightIndex=0,16,72,128,184,205
weights=10.3073651776,-2.2808958853,-16.41261718,-12.1156492395,0.8125015024,-8.9105880655,1.1976450076,5.1625358913,9.9489929453,-2.8179545114,10.9967594251,-8.120666818,-15.0116615131,-2.9561315279,-8.7980609519,1.8175844355,14.5709820988,-4.365831326,5.9265279678,-4.6705232426,6.8857913527,-2.5177770332,-0.2079221185,0.2097923424,-0.2431566521,0.8452500575,-0.6236947641,-2.2293442338,-0.3018118065,-0.1828017188,-0.992220573,-3.4445322149,5.5445971319,8.5786247219,6.476633397,-6.057637194,8.7061713777,-9.939614999,8.3622504912,-4.9352894059,-3.435995749,13.338972633,-11.3537963118,-2.4868661331,-5.68887112,10.2102883426,-9.8853040755,-6.0456140832,6.6377953264,-0.6339380646,-3.0332995222,-8.7496972389,9.8233494112,0.0954060648,0.0036646275,-1.6888132773,5.1272305163,0.3810134205,-1.9169621409,-14.6548208285,5.9616532005,0.2160962904,-1.553830803,-4.4810056811,1.4027601903,-3.8504968451,-4.5532480004,6.8848415269,-1.1106247482,-0.6407727859,-2.969543852,2.7723765226,-10.1703903866,-0.8853029946,1.9699671297,0.4838613741,11.4740900097,-3.7462908939,10.9080087489,-1.2496559539,4.3485079486,2.9910749912,-8.7788051996,-3.3513984855,-0.7067408768,3.9077439528,-5.5767206117,6.2848230444,-5.3086294499,7.6107502207,6.0103334977,1.0344324724,-5.5348899803,-12.7038171071,-1.0391012534,-1.2274268088,8.7992219923,-0.0590467513,-4.747372677,8.2133400445,-8.2734088272,1.7887566209,-1.2632410254,2.6128166948,-5.4669714819,0.2919506998,-1.1391388335,-10.6447751439,7.0332790576,0.5823165591,5.8869974867,0.2785099849,4.8755163961,-0.4839639018,-3.3000152391,-2.8917161787,-1.6404703016,11.3433632175,-0.5879659004,0.2644780651,-0.2157531556,-5.807398213,11.0830850243,-5.6383169838,-4.0489998638,10.2555049132,8.6577273781,-3.8653978545,-3.3164869588,-3.5173419855,3.2829541927,1.0417005943,1.6886046703,-1.6345323171,0.5637066838,2.9181504206,-2.5855139239,16.0342953228,2.2694717165,0.0930604539,-2.6439713598,0.2331887498,-2.214351166,-2.4811340017,14.5592581722,-15.0733959867,-10.8257002125,-0.6698304346,4.967055651,-0.858638712,1.5732001498,0.6789943938,7.7227706182,4.6727163017,9.9755370217,0.8895836912,-2.4688567961,-4.8754855388,-1.1894197613,-2.0313073876,-1.4618145619,4.8854829427,-19.5766852316,-0.912283805,1.028916221,1.793966928,0.1768159526,-0.1567738348,-3.7963252324,12.2822571796,-16.3861578476,0.1296067927,-1.7960971804,-1.371902678,1.1828943096,1.1159501097,-3.5835672978,-21.2424824706,6.0290323043,-0.6687508553,1.9334994405,-1.5075312746,0.8755421477,0.1143083917,-0.8023504926,1.1642820557,0.2178783308,-1.5363304766,0.5530592751,2.0454577932,-1.0272785635,0.1201624648,6.4491858987,-1.4834434893,-1.0236938972,-0.9533039798,-2.9117739597,4.2285302934,-2.0723125285,3.7395779336,-1.644752201,-12.7647409748,-0.9877504716,3.6815420485,-0.1041993154
biasActivation=1,1,1,1,1,1
[BASIC:ACTIVATION]
"org.encog.engine.network.activation.ActivationSigmoid"
"org.encog.engine.network.activation.ActivationSigmoid"
"org.encog.engine.network.activation.ActivationSigmoid"
"org.encog.engine.network.activation.ActivationSigmoid"
"org.encog.engine.network.activation.ActivationSigmoid"
"org.encog.engine.network.activation.ActivationLinear"
