encog,BasicNetwork,java,3.4.0,1,1572780954146
[BASIC]
[BASIC:PARAMS]
[BASIC:NETWORK]
beginTraining=0
connectionLimit=0
contextTargetOffset=0,0,0,0,0,0
contextTargetSize=0,0,0,0,0,0
endTraining=5
hasContext=f
inputCount=2
layerCounts=3,8,8,8,8,3
layerFeedCounts=2,7,7,7,7,2
layerContextCount=0,0,0,0,0,0
layerIndex=0,3,11,19,27,35
output=0.2615504591,0.0000025027,1,0.2729413251,0.3742557353,0.0000000006,0.0000000041,0.9996667492,0.2450162419,0.0240301487,1,0.0113231693,0.9999985155,0.0000002189,0.1815082557,0.9999999962,0.2745393605,0,1,0.9995619442,0.0864673351,0.9902129177,0.9999993155,0.0000000521,0,0.9855266402,1,0,0.9760501074,0,0,1,0,0.0000000002,1,8,30,1
outputCount=2
weightIndex=0,16,72,128,184,205
weights=9.0760430839,-21.2930733044,18.3282948014,-13.618535287,-1.421403382,15.3847057589,-9.8845755417,2.3428568089,17.0836921154,7.7276711317,13.6127683101,-3.0404260008,-18.2564559668,-19.6436205528,-14.4981458742,2.9586478076,2.2860581373,18.7159405794,-3.9089278654,11.1370097996,-19.070769394,12.1286671673,-8.5976059182,-6.0020341271,-4.337023408,-5.1859710686,-7.2617755241,22.9887825091,-9.0552906908,-20.2468186605,-8.5538563206,15.1622568847,6.3887197824,-5.3583992947,-3.541510615,0.4085707784,-15.9297348374,-8.1655496361,3.3170113805,2.1021643443,-1.8900173735,-12.0536745725,4.2682143618,1.85234969,-5.2289287241,1.215782511,6.0990968288,-2.6776714982,-3.3563145674,-2.0246502869,0.1889611192,-4.7403924849,8.8482132845,0.7963538258,-15.1422003254,1.8625100054,-5.2257444905,7.387580237,-0.8866231682,5.3612283731,-6.0256355173,-19.058094814,16.5580716094,1.8309566266,5.315046131,0.099376213,-0.7650807934,-2.7798771111,-5.8675886469,8.4079421867,-5.961593513,0.2001666766,4.1697388592,7.3420960019,1.588899178,-6.4539422058,3.2457530331,4.7007347929,-10.2194851159,5.6798836952,4.1471295941,3.7691301944,4.5585855616,-3.5366146231,8.2163920626,-16.8970802566,14.8161151461,-6.6298476384,0.9989272423,-2.9777291372,-0.0444012152,-19.1275276281,-10.740999757,5.9467838716,-1.0224841602,4.1036515268,-1.7607383681,2.0898584467,4.1617132754,4.5165708301,9.6788630438,4.7990975358,-14.1847716211,5.4150202343,-0.4848420233,-7.5932299939,3.7373408607,16.91712532,-1.9045029643,-0.3463221748,0.424253907,-0.4949309813,-3.5739192861,15.1543988416,9.8073622662,-16.3976682344,6.0424534331,-17.8183684193,7.1944264677,0.8862619957,6.1083884643,2.0297427466,-1.1644097279,-9.2117974163,-10.8477721367,11.3041432564,-27.9117798438,4.0530191866,6.0295910812,12.4806785062,0.3344006534,-1.149577167,1.278621174,-2.4548242797,-0.393024196,-5.7276625739,-10.3133270089,-10.8148559843,0.0037738346,0.2712932396,4.8733922981,-0.2015488762,-0.3510690639,3.3248966276,-9.6380624969,10.179469717,-0.1117302445,-1.2524212623,-3.5804960522,-0.3299190637,-0.7795228502,-1.7383198538,1.2902709925,25.9004688203,1.3873809374,1.1724717722,-7.2892427267,0.5738794825,-0.3384436805,-3.7963947555,-5.065154917,-20.2702803541,-0.2563229702,0.4400299361,-2.8461645874,0.581657662,0.7519896556,5.8604122282,-1.0155690274,-26.7040725579,0.6355760442,-0.3246941451,-2.8975907736,1.8552863518,0.4166760351,3.9824260903,24.9675185235,30.7212430706,1.2810544242,0.8089822874,-15.0938453756,2.055361082,0.163492944,-10.6707607689,2.3935660935,-1.3140236956,-7.9403574443,-1.0006492954,0.2345570187,4.6760338855,-3.020208714,-2.7684993496,0.490053325,-3.3432870346,-3.7011992337,-0.3988837814,-1.4061633335,5.429803011,-0.1668999865,1.2129007301,-4.3981230908,-0.8247384562,-1.1512648639,-0.4609179953,0.8789432724
biasActivation=1,1,1,1,1,1
[BASIC:ACTIVATION]
"org.encog.engine.network.activation.ActivationSigmoid"
"org.encog.engine.network.activation.ActivationSigmoid"
"org.encog.engine.network.activation.ActivationSigmoid"
"org.encog.engine.network.activation.ActivationSigmoid"
"org.encog.engine.network.activation.ActivationSigmoid"
"org.encog.engine.network.activation.ActivationLinear"
