encog,BasicNetwork,java,3.4.0,1,1572780996976
[BASIC]
[BASIC:PARAMS]
[BASIC:NETWORK]
beginTraining=0
connectionLimit=0
contextTargetOffset=0,0,0,0,0,0
contextTargetSize=0,0,0,0,0,0
endTraining=5
hasContext=f
inputCount=2
layerCounts=3,8,8,8,8,3
layerFeedCounts=2,7,7,7,7,2
layerContextCount=0,0,0,0,0,0
layerIndex=0,3,11,19,27,35
output=0.0646834202,0.0673978341,1,1,0.9999999899,0.5718448984,0.9999999992,0,1,0.6393329027,1,0.9999541652,0.9999998905,0.9996114859,0.9914052975,0.9999554563,0.9999999897,0.0299093021,1,0.9999999996,0.9967542193,0.0059682245,0.4531803788,0.954180974,0.9575573117,0.9954906232,1,1,0,0,0.9008170479,1,0.0400127979,0.6174504326,1,8,21,1
outputCount=2
weightIndex=0,16,72,128,184,205
weights=-6.0622024858,-5.7781273275,-23.2334426037,-11.0940438486,-14.2708736301,12.1976426947,26.4910790518,4.4146579107,-21.1604920722,-8.4297375746,15.9426162836,6.4448600118,14.7298579051,21.7996615693,-1.7995105598,-9.2478753179,17.4975671051,5.6897578213,-1.0803192505,-4.0509072205,2.3365609654,13.4798913056,-8.9728136303,-0.7175731766,-6.3478257521,2.0966511929,-2.3224383848,26.3080439686,-0.4601947599,-0.1423970146,-19.8078719204,0.0921867045,-9.1595599312,5.13474303,5.491810498,3.3759514679,-3.8882189331,9.898508254,3.5508668778,-10.6394994696,0.750319059,1.2657310356,6.5127238319,-1.1765478042,12.157546285,1.3362558546,-3.40990734,0.2190572266,-4.3994516065,-5.061740617,-1.1856499713,2.3188650537,-4.4616882456,-13.3156066973,3.7940526802,1.8389359206,12.3985836107,2.2245107778,-4.1019265831,-2.6186971726,8.0151698662,10.3813817123,-6.1182631462,-1.1608327428,-10.5197671274,-6.0646425013,5.5457569399,27.9850976108,-6.7396256746,-6.8387666188,6.3079042036,-2.7423526344,-2.2912711528,5.4372862877,-9.088306761,5.4538751311,-1.9142795381,-1.9145469958,8.4981328724,-0.3552487722,-1.6928123268,0.1787847486,-17.602730866,0.5986770931,3.4635447816,-1.5681191226,15.4229565044,0.2193866973,0.0149591891,3.9117296044,-0.793512197,8.2570063101,6.0187941523,-5.0823483581,-1.8402041682,1.157149856,21.560160054,-16.2468535133,3.4682869963,3.9438743433,-6.7185443584,12.4931855079,1.1071765869,-9.0804666708,1.1997329451,9.044673897,-1.0324511968,-2.3918779149,1.9184653606,-3.395586534,6.891025092,-4.5449855385,-0.8511627935,9.0696272077,-15.443602476,4.5974414499,-0.9854672879,2.329843183,7.5396897585,-0.581429975,7.2093664821,7.531078799,8.9956464861,-15.5881731878,-15.2319843632,2.3729862412,-2.8457976344,3.9101093229,-2.1257358815,-2.469816729,-0.5965292011,9.964237043,-2.8696973626,1.0650337758,31.9041520897,-2.030671196,-1.63164462,-5.4389613758,0.1597750144,24.512897826,-0.9098158466,8.6812685968,-19.7796329051,-1.9474464178,-3.8251430432,-10.9766956698,0.7069952269,-5.4629016651,-2.6365620032,9.1161986688,12.7987341451,-1.9998882394,5.9023462772,6.1833661422,0.0886936001,-1.3326683984,6.1479210665,10.0337976815,-27.9940497591,5.84585213,8.0292253749,5.02713561,-0.5920936462,-8.040314269,7.5996948154,-2.1938240605,-18.8978583594,6.4063577646,-0.9766572652,-4.2162879999,-0.603628184,1.1265187386,-1.4273899691,-7.1362681322,9.7213503073,-1.2114190298,7.7877842266,7.4960883549,-0.9267225327,-9.5207719251,7.3401982689,-10.8647836204,-14.1258150954,8.0022889373,0.7077320763,5.6956251698,0.1323332313,11.0161001001,-8.4728096351,1.8941038427,-0.9724181017,-1.5422642522,-0.0993555346,-0.4466009853,-0.4057940409,14.3008187787,0.907255915,0.9375399185,0.2102012534,-0.5763235289,-0.4688790084,11.2793268034,1.9028122923,-0.3044453163,-8.3504061353
biasActivation=1,1,1,1,1,1
[BASIC:ACTIVATION]
"org.encog.engine.network.activation.ActivationSigmoid"
"org.encog.engine.network.activation.ActivationSigmoid"
"org.encog.engine.network.activation.ActivationSigmoid"
"org.encog.engine.network.activation.ActivationSigmoid"
"org.encog.engine.network.activation.ActivationSigmoid"
"org.encog.engine.network.activation.ActivationLinear"
