encog,BasicNetwork,java,3.4.0,1,1572781008256
[BASIC]
[BASIC:PARAMS]
[BASIC:NETWORK]
beginTraining=0
connectionLimit=0
contextTargetOffset=0,0,0,0,0,0
contextTargetSize=0,0,0,0,0,0
endTraining=5
hasContext=f
inputCount=2
layerCounts=3,8,8,8,8,3
layerFeedCounts=2,7,7,7,7,2
layerContextCount=0,0,0,0,0,0
layerIndex=0,3,11,19,27,35
output=0.1809345087,0.0227243519,1,0.8442094401,0.000286845,0.9999206553,0.9502913959,0.9815762546,0.0366843353,0.0200661944,1,0.468907047,0.0000000009,0.1857252321,0.2096207535,0.9999247907,0.107993688,0.0002758159,1,0.0000028782,0.000004791,0.976489655,0.5052069314,0.7918522505,0.9976814867,0.4559292886,1,0,0,1,0.0000025557,1,0.4731456678,0,1,8,30,1
outputCount=2
weightIndex=0,16,72,128,184,205
weights=7.4821102303,0.8465567072,-1.7237758932,-11.447203061,2.4119433134,8.6942407954,-14.2358181759,2.3742878336,18.4902592696,11.789361,-7.9327128024,3.5612525844,-14.7767896578,-8.7884176426,11.4238492115,-0.2287991519,15.29116484,-6.6780923338,3.7527884005,7.5274754606,-2.1768739065,-3.4249994473,-1.7634391914,-5.2080745526,2.2016911471,8.4830870859,7.3173824994,-0.5267536964,-11.6068719093,2.6348284066,2.8307939769,0.8833990478,-14.2618552658,1.5793615462,-1.3175971633,7.2574442272,5.5082180695,-4.0077310663,3.0089768274,9.7766905112,12.9630376558,-1.0049201842,-3.4590513362,-7.1465928855,-3.1320355933,8.6050533259,17.8228332491,1.2102309911,20.7724748284,17.7684207342,-0.9331920464,-16.0524145541,-0.3186843638,-3.6040909592,5.8185641354,-1.5203293286,2.5690271002,-2.7676837469,10.831006596,14.351920394,-10.6402164818,-1.853481845,-0.795641181,1.3470822215,-4.6494156003,4.1946394553,-5.1752434079,6.7299886871,-0.2468756228,1.558286036,-6.5679027647,-2.0774932455,-4.382193676,-4.6502391832,-10.662692489,16.7089375439,-5.2142376971,2.6250195177,2.740866917,2.1063712106,11.4120161867,-1.6456725379,3.5838087322,-3.6600289745,-5.4204549999,-12.2793449824,-4.2668720574,-4.0197576127,-3.7147525744,5.7459145571,7.6421804258,4.2460265415,-10.5862328696,-2.7518609339,5.4175368489,-2.4274792229,-0.8643673186,10.7190143097,-1.1763428562,-11.2831423523,0.3219681367,-1.5660157149,1.7294060278,6.0406933932,1.8751427628,2.8468560411,11.5487184457,-0.7069952009,1.5365665171,-1.7722862622,0.6854022157,-1.1859356185,6.3492337325,4.8890017368,5.6766226781,-3.7839571802,-2.2861683645,-3.8297020731,-2.287223273,0.931018452,0.9930231278,0.6001029877,7.1504788288,-18.3245318019,0.4068621309,-12.9356034725,3.9918288876,4.8432508517,-0.0754485991,-0.1055327913,-5.953848467,16.9669975259,-3.1494009192,-1.0913577319,0.2741912371,-3.138753308,-1.8907113406,0.9293743803,-3.3463480903,17.2539569168,-4.4985077629,1.3366806159,0.926310881,-5.0363906844,1.0152378895,0.9276980974,6.9884979984,10.4743330548,2.6925726832,-18.8315409786,0.4230201423,2.9554881975,1.1094959208,0.6773299221,-1.252052345,-22.4278002151,-0.5271219057,5.7160020686,-0.6948822758,-0.9044415668,0.7538408078,-0.4081455954,0.2657312256,-5.7047507991,3.8602479301,-11.7928505744,0.4416596311,2.7898982442,-0.4455467848,-0.7173804792,1.3379193638,-12.6470795711,-2.5736319866,18.2323971163,-0.8137557083,-1.3263268698,-0.521701703,0.3432787449,3.2098348919,-6.6059653723,-0.0692803381,-9.8805684163,-0.0934176324,1.3576689766,-0.7385567112,-4.5234342588,0.7988088927,-0.8985284269,-0.8998688739,0.7704246814,-0.6165544972,1.5641091593,0.0515653929,1.9444152392,-0.5703809688,-11.3210621125,0.8499115949,1.1082629846,-0.3351934289,-0.4665678014,-0.1227792828,7.3084001011,-0.9316992339,-0.5333350498,-1.0743871607
biasActivation=1,1,1,1,1,1
[BASIC:ACTIVATION]
"org.encog.engine.network.activation.ActivationSigmoid"
"org.encog.engine.network.activation.ActivationSigmoid"
"org.encog.engine.network.activation.ActivationSigmoid"
"org.encog.engine.network.activation.ActivationSigmoid"
"org.encog.engine.network.activation.ActivationSigmoid"
"org.encog.engine.network.activation.ActivationLinear"
