encog,BasicNetwork,java,3.4.0,1,1572781018841
[BASIC]
[BASIC:PARAMS]
[BASIC:NETWORK]
beginTraining=0
connectionLimit=0
contextTargetOffset=0,0,0,0,0,0
contextTargetSize=0,0,0,0,0,0
endTraining=5
hasContext=f
inputCount=2
layerCounts=3,8,8,8,8,3
layerFeedCounts=2,7,7,7,7,2
layerContextCount=0,0,0,0,0,0
layerIndex=0,3,11,19,27,35
output=0.6999963427,0.4557009638,1,0.2985830232,0.9999239993,0.9168143403,0.9978319251,0.0000190337,0.9999997221,0.3285246353,1,0.0036070249,0.9200536757,0.9999999998,0.9999999976,0.994436549,0.2136573478,0.3330872168,1,0.7655268613,0.1818768773,0.038566018,0.9617957274,0.9999999208,0.9999275409,0.9349453819,1,0.008093338,0,0.9948958223,0,0,0.0067787623,1,1,8,30,1
outputCount=2
weightIndex=0,16,72,128,184,205
weights=-10.037075335,16.2184402076,-3.8008216531,-18.5519442085,-11.5914647655,3.8043967654,21.0692249636,-1.1025913805,10.2216302672,-6.1003282245,11.1158252922,3.7247851064,8.6208487817,-7.891766459,11.7410771419,-7.0032930854,-1.9062372832,-14.7192314439,4.9839026969,8.66088515,4.8017671272,-7.2634474357,-8.9088191629,-1.2052335362,-2.3774832995,-4.8242178645,10.5567414015,13.5889090253,-4.2303235264,-0.0301954762,-0.9308380084,-5.69055297,-10.3547862011,5.5508514702,-3.7343386192,1.3694797417,-1.2976372668,5.0920144538,-1.3714567879,0.3542439135,3.8908328892,0.7919785483,0.0932654707,-6.0752720733,15.760745195,1.3422743966,-4.0646984899,-3.2348940563,-2.1863777814,-1.4087256673,2.1842073918,2.5287599828,-17.5094900414,2.6978820397,2.4959336116,1.7260319176,-5.7623686097,0.7856435389,1.3919673918,8.0171136463,3.1161964936,0.7885595124,-0.1335199065,1.7620326396,-4.2989128812,1.5450857017,-4.6279599501,-6.7819272,13.8387507107,-0.9829361959,-2.3398608553,-3.4834040791,8.1245213498,0.0170827199,-0.1342243896,0.1704136549,-5.3974057627,-8.4233328346,3.2889500198,-1.2574921506,1.9890833286,-1.1413726224,1.0424281987,-2.5723740336,-6.9005277622,0.0311068715,14.7409003179,-3.3506489105,1.4280065,-5.0374064606,-3.640764098,-3.9540502597,12.508812116,17.2030181301,-0.9090797276,-2.8289394006,5.8354320213,-1.5827676411,-1.9562151533,-3.1986461773,8.181441819,1.5612559834,11.4532117892,-1.6188620761,-4.5513335042,8.5741746819,-2.6776219582,-1.2986523545,-9.1743993697,5.8107662127,13.4730786901,-0.7695540915,-1.6465840396,6.8758231578,-7.113662163,-0.160009581,0.6344297288,0.7199085314,-2.2667713757,-0.0998044835,0.6489585221,-2.714239947,2.758025263,-0.114326667,6.4558324025,-1.4725365643,-6.0700243587,-0.0020605397,-0.2290801003,0.4407594868,2.3883571644,1.9861624761,0.4525507472,-2.5423163525,-2.7830197892,1.6091642751,22.1567578791,0.736436896,-1.7504640535,-2.1083194731,0.5288118982,0.4997150094,-0.6710487788,0.7261856908,22.5523280527,0.4648805279,-0.9055553269,0.0433774254,-0.0617436404,4.1748989401,-1.0020081969,-1.5239372278,0.2706077101,-0.3420613938,1.2961671898,0.3284725759,-0.1347616906,0.7347787658,1.3762938652,0.5528385315,-15.6511103904,0.1107020104,6.6948532515,0.6931612162,0.480223853,-0.7993696703,2.6410177426,7.1815016087,-4.1699498034,0.393906339,3.1845721604,-1.0391805166,0.8014314185,-12.7515280999,3.1418127419,3.3424745029,11.3270402487,-0.8819697705,0.6049142712,-4.3160473757,-0.0073245881,-15.8137771267,-0.3052758167,2.3842343237,0.1543656036,-0.5524705831,10.5306049059,-0.6620849806,-1.7689019633,-0.402022873,2.2494829499,-0.4012404957,-0.6860700578,1.0328402913,-5.5218089411,-1.1861574319,-1.810803755,-3.5400250833,0.4109696746,1.6242710125,-0.2587535203,-10.2187213937,-1.7936210782,1.9880957693,6.2584738808
biasActivation=1,1,1,1,1,1
[BASIC:ACTIVATION]
"org.encog.engine.network.activation.ActivationSigmoid"
"org.encog.engine.network.activation.ActivationSigmoid"
"org.encog.engine.network.activation.ActivationSigmoid"
"org.encog.engine.network.activation.ActivationSigmoid"
"org.encog.engine.network.activation.ActivationSigmoid"
"org.encog.engine.network.activation.ActivationLinear"
