encog,BasicNetwork,java,3.4.0,1,1572781032178
[BASIC]
[BASIC:PARAMS]
[BASIC:NETWORK]
beginTraining=0
connectionLimit=0
contextTargetOffset=0,0,0,0,0,0
contextTargetSize=0,0,0,0,0,0
endTraining=5
hasContext=f
inputCount=2
layerCounts=3,8,8,8,8,3
layerFeedCounts=2,7,7,7,7,2
layerContextCount=0,0,0,0,0,0
layerIndex=0,3,11,19,27,35
output=0.6984084356,0.6500013003,1,0.0593452455,0.0005032075,0.9039383841,0.8300025305,0.9467601025,0.8378564716,0.0000000004,1,0.9999972322,1,0.1280820678,0.8588944191,0.3007278962,0.9999999991,1,1,0.6233340305,0.0000009724,0.9689523623,0.6728310608,0.8740745686,0.997380222,0.9999856734,1,0.0002246433,0.9999999719,1,0.0000000029,0.0000006902,0.0059900289,0.1400857505,1,8,30,1
outputCount=2
weightIndex=0,16,72,128,184,205
weights=21.7743207819,-14.3267954622,-0.7436228519,-17.5561031755,2.2048043174,4.5272291181,-11.7635202553,8.9179476841,-9.6995575297,5.5597342556,-7.7344794971,11.8417993639,-11.1947369528,11.460969079,0.6702775327,-0.6492775025,-4.6928589218,2.4785450032,-3.6031159519,6.9859883742,-7.6164356693,-4.330847566,1.5819435164,-1.0482564053,1.5395697155,-7.8581508405,8.2778319798,5.7831634599,-8.7764889562,-19.7893540278,11.8143431572,3.3115580586,-2.3863020865,2.1117479979,0.127157871,4.8406844285,0.8933925436,-1.5469822747,-1.2169164672,0.8376260615,-6.6643081221,5.1576133155,-11.6463395097,8.3181386082,-8.5618419802,3.4609357761,-3.8185639732,0.3720189049,4.59816229,0.8901039403,-15.4461011295,-0.9285145968,3.152702661,-0.0850937467,0.3945537052,-1.0917168555,2.9361280626,8.5977861701,-10.3969997933,-8.9985149612,-1.5187988902,3.9347882589,0.739453315,-5.0485940783,-3.7175391391,10.2116268404,6.2982260854,4.5564632593,-2.3030897554,-29.1836955502,-5.9287587831,2.9993398252,4.7746068599,-10.0731346264,4.5994547437,5.0002770207,6.2155671874,-3.533732578,1.8725452368,-1.7806094028,7.1875132105,-5.6984508729,8.0743145483,-4.8747727125,1.7617062353,1.1554063165,14.564033966,0.9511344699,4.1922534797,4.1822591245,8.5719366546,-15.4442456249,-1.739892872,1.8770417956,-3.8326086582,1.035592977,1.2441308916,2.9229492159,-2.5088631054,-3.7884708068,-6.5614306846,5.5683466792,5.2250304677,0.9670605285,0.6671294556,-7.7337058477,7.1300444214,1.2032012695,6.8208185253,-9.3210340278,1.7157195777,-7.3588796495,-2.9943472898,-3.5177585467,7.5857740919,5.1951010685,15.0659655551,3.0659400767,-3.8814977084,-0.5333145552,3.3834294991,-6.3052829769,4.003884279,8.1014974485,8.8338894698,-1.2488213384,9.6739242827,0.746276815,-7.5143446692,4.2035451879,-8.5163974746,0.2138611593,-0.8468623649,4.901310315,2.2981396098,4.4669692013,14.7882575424,-4.757066918,-3.3044483494,0.2284247093,-0.4521492016,0.5375204589,-1.3631381168,-5.5975304112,-7.1530497717,1.260583074,1.8088122786,-0.5238354934,-0.0806131595,-3.9672146366,-17.0905462389,2.7908100758,-7.5000310189,-1.1237899211,3.7591525194,0.9633389954,-0.6796138353,10.4525735527,-4.8845894018,-1.2910095746,-8.1932243614,-1.3015956546,5.2815311596,-0.1001153253,0.1369590898,11.1167892775,-10.7005249642,-0.6082181286,1.3684023565,2.1005195374,1.8727426337,0.3263794532,0.6832256549,-5.8929361479,1.3456680542,1.8152624157,-12.3425118319,3.6951931889,1.9916214275,-0.8350772513,0.3043509919,-13.1194831137,3.9470531699,4.994998764,2.2869271917,-0.4552900284,-13.0374888314,0.8707931178,0.3661279509,-0.5641945255,-0.9323171379,1.8720057319,-0.9131535703,-1.0094611934,-0.4069685701,0.6431516717,-0.8334030665,-0.2750332973,0.7319329697,-1.5056503214,-0.3850204765,18.4841658623,0.9684896852,0.188556991,-15.219205149
biasActivation=1,1,1,1,1,1
[BASIC:ACTIVATION]
"org.encog.engine.network.activation.ActivationSigmoid"
"org.encog.engine.network.activation.ActivationSigmoid"
"org.encog.engine.network.activation.ActivationSigmoid"
"org.encog.engine.network.activation.ActivationSigmoid"
"org.encog.engine.network.activation.ActivationSigmoid"
"org.encog.engine.network.activation.ActivationLinear"
