encog,BasicNetwork,java,3.4.0,1,1572767721209
[BASIC]
[BASIC:PARAMS]
[BASIC:NETWORK]
beginTraining=0
connectionLimit=0
contextTargetOffset=0,0,0,0,0,0
contextTargetSize=0,0,0,0,0,0
endTraining=5
hasContext=f
inputCount=2
layerCounts=3,8,8,8,8,3
layerFeedCounts=2,7,7,7,7,2
layerContextCount=0,0,0,0,0,0
layerIndex=0,3,11,19,27,35
output=0.0563460695,0.000500404,1,0.3057457079,0.1249284344,0.6263187868,0.9999994044,0.9999940708,0.010438985,0.5902590859,1,0.9861643423,0.0000000993,0.0000000038,0.9999999503,0.2231006219,0.9999987185,0.0106362872,1,0.9999745587,0.9555349112,0.9998971837,0.0110867481,0.8964453988,0.1614477906,0.0643305804,1,0.0000000003,0.9999999968,0,1,0,0,0.7571604769,1,8,30,1
outputCount=2
weightIndex=0,16,72,128,184,205
weights=2.1904354722,12.8209908092,-1.3490845862,2.1627841782,-6.7931839452,3.1804637201,10.4386732462,-5.8090743099,-14.5359800387,-3.4490854865,-15.8097693914,-6.0391706662,10.4678082117,4.7188396886,-0.3502925242,2.9064881359,7.6932986486,3.2329812872,6.5011715782,-7.4198168062,-9.8312596925,1.6422872798,3.3788906935,-0.4719891577,4.2090917949,-2.1993594997,5.4705768112,-6.1719736645,-4.3830467418,-2.0130475921,3.6528192604,3.0266057222,-3.832544265,-0.8078268821,1.5940892526,5.6893012712,0.0961457499,-1.9668458581,-10.6638737636,0.6654911876,3.4007725003,-2.291349496,-9.2711839106,1.5639287168,-1.7483322161,8.1407947261,0.6484367977,1.6584221953,-0.4697600672,-4.5584552822,1.9474304164,7.6502822195,0.7639683033,0.6708135079,-2.7109198151,4.0361756527,-0.1874667589,9.2519163612,1.5270205052,-2.1104292479,-0.775532511,-1.0810651726,-1.0662865233,-0.9909859115,5.7333047128,1.7533177144,3.9475336396,-0.7511437768,-7.2728867257,-3.9826528496,-0.9308313168,1.0773332914,6.8317222359,-7.2943755062,5.2721615269,-3.5093094423,-2.3036951926,-9.4331844722,2.6518704324,2.5898506429,-13.9450711281,-3.9308685694,-1.0265130088,-0.7989261169,0.1281695193,4.5272611747,1.6475289169,1.6594627411,-8.3348787797,-1.9042018218,-7.7973943255,4.1174680509,-0.8126098028,5.9872259757,3.4392960367,-1.952843882,5.5528868563,10.6830961033,2.1553509629,3.0542970589,-1.4353473491,-6.5116627219,0.7089545326,1.1601036597,-4.1157561176,-3.5214228046,2.3931908682,2.9529765807,6.30179866,-2.0719266699,0.2159190667,-1.5214784633,3.6093074948,-2.3636578006,2.5493872574,-8.9402916308,6.5576459752,1.2096938538,-3.8456778422,3.9403640136,6.7578038673,-4.9241385178,-3.0539282919,-1.244725876,-0.6472113512,9.018245084,0.3890901815,-4.418638471,-9.5246730097,2.0457158525,3.551714121,-2.3186797737,0.1198081559,-0.1442294225,16.4907820536,-1.6340951141,-13.9905717674,-6.9401132247,2.1588091263,-0.6855481652,-0.8460606817,0.3680426693,15.3842554999,-0.955121917,-4.4819048652,5.1275674374,-0.2191052012,-0.1088707234,0.9462442082,-4.6721425428,6.378047363,-0.6654378889,6.0154550563,2.1905736819,-6.2861105975,-1.6421375946,-0.9573400848,3.8827288911,-3.234055964,-2.5905928085,-6.3301217576,-3.8342770665,3.194702157,3.1990105989,-0.1346632657,1.1700758302,-0.621707754,3.2643373614,-2.9732258785,-3.608625126,2.3613820898,8.1301141817,0.0205779449,1.2373698355,-18.9389623081,8.1708496349,3.6602415285,-2.7338525794,-3.4324474467,1.9052372626,-0.2713810103,-0.7670200757,-3.6188010073,0.8914012803,3.8989115204,-1.7807044817,0.406397729,-1.4656269514,1.0094511503,1.0142360316,1.1830396649,-3.2200378014,-0.7726326904,0.9917963748,2.0159616943,-0.6648194018,-0.8363182937,-1.0014891534,-0.2979663045,2.6721513466,-2.8123750623,-0.4136030549,-1.7587516318,-0.1752820146,20.4656478878
biasActivation=1,1,1,1,1,1
[BASIC:ACTIVATION]
"org.encog.engine.network.activation.ActivationSigmoid"
"org.encog.engine.network.activation.ActivationSigmoid"
"org.encog.engine.network.activation.ActivationSigmoid"
"org.encog.engine.network.activation.ActivationSigmoid"
"org.encog.engine.network.activation.ActivationSigmoid"
"org.encog.engine.network.activation.ActivationLinear"
