encog,BasicNetwork,java,3.4.0,1,1572781044206
[BASIC]
[BASIC:PARAMS]
[BASIC:NETWORK]
beginTraining=0
connectionLimit=0
contextTargetOffset=0,0,0,0,0,0
contextTargetSize=0,0,0,0,0,0
endTraining=5
hasContext=f
inputCount=2
layerCounts=3,8,8,8,8,3
layerFeedCounts=2,7,7,7,7,2
layerContextCount=0,0,0,0,0,0
layerIndex=0,3,11,19,27,35
output=0.466668188,0.1333433925,1,0.019653305,0.7568320315,0.9329757202,0.9999999998,0.6230842586,0,0.0000058644,1,0.9996960456,0.9999999964,0.8113884081,0.9999865079,0.0808002816,0.9999755264,0.9999683738,1,0.9515952397,0.0082162512,0.0000004675,0.0482103046,0.5188223708,0.7618286127,0.9002752467,1,0.0000004389,0.9999999985,0.2452443824,0.1288069899,1,0,1,1,8,30,1
outputCount=2
weightIndex=0,16,72,128,184,205
weights=-14.6453187488,9.5258466925,-24.5301845048,-8.8149541212,3.951233542,0.5435530501,-11.8904741934,22.1839767137,2.7848352761,3.2328651791,-2.6702765308,-12.4029822702,19.8415516107,11.297843697,-9.0820982392,-1.8418020442,-11.8867484862,-1.8548903591,-4.8771273735,2.6269243179,-3.252168366,10.1710470039,-2.4724321027,3.7230527344,-8.0946005995,11.6798646744,-1.1277944645,-0.6399889016,7.9418481351,6.0769461712,-6.8038447248,-0.8121473592,2.6374595433,3.7591186191,4.4532525642,2.7461814414,-2.4758640236,-7.3828107727,-2.9114282449,0.3721026239,12.6937208696,-2.6104700798,-3.9646355467,5.5174084196,-3.4129122541,4.6712445946,3.8758095602,1.8476491915,10.7605101271,-14.8975010371,13.212368152,7.8341601641,1.2764487486,-2.5149089353,-12.204126648,0.7039554717,2.9477016795,-24.2473014647,0.9156001284,-2.1539584881,-5.653918007,-4.0583953535,2.2514966842,-0.3152661838,4.8269965143,-13.8065269574,-16.6693377946,1.2568019656,2.3616234694,1.0386186071,6.1658704847,1.8078295988,17.0686664803,-2.0301790636,10.741201092,-4.7236985861,3.0980602127,-8.1077158363,-5.2439608882,1.3906285268,-6.6060024444,-5.7001624618,-2.0885112973,-4.9819504447,1.3341480193,14.4326862333,18.071612738,-1.9326055904,-11.2268253097,-6.2141507751,-6.9521130102,-2.4785926143,8.7505203183,-11.6196160109,12.0101464646,5.8127572113,5.5238756141,-3.4456908342,-11.5012806783,-2.4590359465,3.604787032,4.4204117383,-2.0268897922,2.6906849234,-1.714409263,-4.6148222993,2.5127911632,8.5572994026,-7.859263531,9.2509514194,-9.4980098062,4.4060114516,-3.3435954533,-1.1326103088,-10.8906791067,-3.49728183,5.8789727338,3.7432669468,5.0415239022,3.5369255742,12.1543040235,-2.4467687664,5.1791359861,-7.2322371373,3.8235160853,-1.4210435282,-6.2524362156,3.8920629098,0.5921463417,-0.0224857979,-17.8746969739,12.1086680895,0.1206631122,-0.092462189,1.8151288239,3.8892231477,0.5567620113,-3.7065543361,-0.7999978373,12.1873997672,-0.0220862784,0.1347680281,-0.4154552629,-2.0229227119,0.832570275,-4.7271687201,-0.2352701807,19.5414086075,-2.6621391936,-0.2937125942,-4.8135239851,-4.832431648,0.9094203374,-2.9013413632,8.9410055363,8.4777803442,0.5634541657,0.5492844746,-1.7755161455,-2.1540971237,0.9891719261,1.1241616447,-8.2077425684,-16.630091828,1.6597627016,0.9652207922,0.4427532911,1.0036218351,-0.1321788461,3.5339304743,12.3303447759,-15.9421636379,-1.4550925239,0.4575521569,-0.41898178,-1.4676107025,-0.4666917489,0.8178154067,19.8951056287,-4.830707397,-0.2283833433,-0.2743573375,-1.4368896116,-1.2091896374,-1.3999506422,-0.0815080852,-0.99411302,-0.3735090404,0.7652514208,0.3523917703,-1.9439145406,-0.3142894014,23.8558595462,-0.5680292608,-0.2214468525,9.2760911932,-1.7504920687,4.6663383843,-0.3850128833,-1.1985673127,-1.0323850284,-0.3520267249,1.0808032168,2.1131426996,-0.6985095783
biasActivation=1,1,1,1,1,1
[BASIC:ACTIVATION]
"org.encog.engine.network.activation.ActivationSigmoid"
"org.encog.engine.network.activation.ActivationSigmoid"
"org.encog.engine.network.activation.ActivationSigmoid"
"org.encog.engine.network.activation.ActivationSigmoid"
"org.encog.engine.network.activation.ActivationSigmoid"
"org.encog.engine.network.activation.ActivationLinear"
