encog,BasicNetwork,java,3.4.0,1,1572781054443
[BASIC]
[BASIC:PARAMS]
[BASIC:NETWORK]
beginTraining=0
connectionLimit=0
contextTargetOffset=0,0,0,0,0,0
contextTargetSize=0,0,0,0,0,0
endTraining=5
hasContext=f
inputCount=2
layerCounts=3,8,8,8,8,3
layerFeedCounts=2,7,7,7,7,2
layerContextCount=0,0,0,0,0,0
layerIndex=0,3,11,19,27,35
output=0.1502254476,0.2215836068,1,0.8679453384,0.9999998428,0.5375214272,0.0000000249,0.59398281,0.936264156,0.6542857377,1,0.9999996427,0.9424700321,0.9909493407,0.5191422375,0.0000012197,0.0002690841,0.5228093051,1,0.0059255923,0.0775992638,0.9999999936,0.187745321,0.893004577,0.0010048559,0.0104001455,1,0.0000069427,0,1,1,0.8654136522,0.0000009286,0,1,8,30,1
outputCount=2
weightIndex=0,16,72,128,184,205
weights=8.1311643424,-11.3748207857,3.9852672331,7.1237655244,-14.9229139336,9.2078543549,-5.1380297493,4.047122121,-17.972196045,-6.5334643821,13.0343628239,-7.5630506926,3.1239103015,5.2716429141,7.9730962146,1.8617539369,-12.4271504422,-4.8230203507,6.5026503689,13.8701076792,-6.9576316899,-12.4384365823,1.2062969066,4.5839473399,5.5601052513,3.0064753856,1.5189796524,8.0010962405,-10.9313525768,3.9563041701,0.6012662348,1.2980599571,-2.4015853881,-5.0481722886,1.818442898,-1.2844737161,4.0539976929,5.0911045565,11.4847665814,0.1688260783,-3.4280491399,-12.7776954494,-0.1312638837,6.6466811246,-2.1822656212,14.9131823156,-7.1655693537,-1.6173403377,0.6068373143,1.7652522765,-5.5390805214,3.1799306455,-16.4235228492,2.6089081976,7.8578552912,-2.1608095538,-2.0246561013,-0.6808110768,2.1264224077,8.2461586664,-10.0097679569,1.1681473851,1.4010115693,-1.7674201843,5.4467347471,-1.5897220091,6.3092071739,-6.6541082509,-3.6165593094,-0.0734692147,-16.7204453883,2.6334166849,-6.1329456754,1.8837696061,13.0691782822,0.469078201,0.2900647788,-3.7541044327,0.8044422139,1.3141072442,1.8146090181,-3.6431723397,0.7407393582,-3.2079651359,3.2605124092,1.244406714,-6.486466469,0.0842513199,-2.1778620948,3.3088755415,4.1830939299,3.5109559879,-3.747268461,-5.3373168597,-0.9193385549,2.9709575384,-6.2172923782,1.5467340111,3.2121500412,2.0380380906,2.0793451334,10.1260016205,-2.3559465892,-5.4438977307,15.6517982615,-1.8313601257,-14.1493558839,-1.3141942467,-0.7802649001,0.0638368268,1.0767799404,1.5140943289,-6.8578250094,14.129368551,-4.5416785329,-11.0469553868,2.1887344095,2.6724223693,-4.7188951172,-4.5684747406,-7.1542288245,10.6119769303,5.74352671,0.8189619094,-6.5213768443,-8.3431818448,-7.7252637344,-0.6747239714,0.3171009251,2.8886730847,-0.309936352,1.5191604874,-12.685381603,7.1892060148,-8.2918572876,4.6463379968,-0.0824180881,3.8648887716,5.3623103986,5.8928801559,-22.7880825392,0.899149416,-2.9385611722,5.9905050928,-0.9172617142,-4.219844847,1.6551007988,-0.918554613,24.4624850039,-9.3420000459,-5.4374734999,-3.0465869775,-0.0516381418,0.8602134168,1.0216800678,1.3862419584,-5.0090967525,-5.4971950195,9.0097711714,0.4622965856,0.2515264373,-0.194028119,-0.1187459708,-1.4008333006,5.5763520943,3.4703087459,-6.7212598522,-1.1844712811,-0.5751063046,-0.5792618569,0.1979331688,1.7332998037,-9.8983296608,9.5402883999,-5.8853396405,-0.2669940191,-0.1676065791,-0.4643567676,-0.5889158349,-0.2616325401,-3.4568651468,6.8060026239,0.0424484057,-0.7133193635,-0.9249821269,-0.1352863978,-0.4193707392,2.042464777,-4.6033255321,0.8221782312,-0.9154828186,4.6672475029,1.3080820986,0.0018883161,3.0611998392,0.7759622171,-2.0722004379,-0.1683631786,23.4895004795,1.425589022,-0.7937029615,-1.4831693022,5.7222192998,-5.0125633408,2.228993206
biasActivation=1,1,1,1,1,1
[BASIC:ACTIVATION]
"org.encog.engine.network.activation.ActivationSigmoid"
"org.encog.engine.network.activation.ActivationSigmoid"
"org.encog.engine.network.activation.ActivationSigmoid"
"org.encog.engine.network.activation.ActivationSigmoid"
"org.encog.engine.network.activation.ActivationSigmoid"
"org.encog.engine.network.activation.ActivationLinear"
