encog,BasicNetwork,java,3.4.0,1,1572781066725
[BASIC]
[BASIC:PARAMS]
[BASIC:NETWORK]
beginTraining=0
connectionLimit=0
contextTargetOffset=0,0,0,0,0,0
contextTargetSize=0,0,0,0,0,0
endTraining=5
hasContext=f
inputCount=2
layerCounts=3,8,8,8,8,3
layerFeedCounts=2,7,7,7,7,2
layerContextCount=0,0,0,0,0,0
layerIndex=0,3,11,19,27,35
output=0.2560002871,0.2411346528,1,0.0000018102,0.943908483,0.9999938301,0.9994066077,0.1429074828,0.9401614529,0.9999339542,1,0.9999357044,0.954603042,0.0239112458,0.2085002956,0.0521057332,0.9938518057,0.577977683,1,0.5348715989,0.0002949261,0.9830061295,0.9999680721,0.7508255393,0.9973618879,0.9607632538,1,0.9999999992,0,0.9999999082,0.0000000219,0.9888274595,0.1069999346,0.0378511252,1,8,16,1
outputCount=2
weightIndex=0,16,72,128,184,205
weights=18.6902771323,2.667117085,11.2360727985,3.8594944187,-10.5308386576,8.1631124231,-21.8604087223,-2.988361112,4.052903805,-13.696092756,5.1488390071,5.7304002383,-11.3699844361,-10.0550493725,3.9055016742,8.0785567965,3.5800496658,-17.41977856,0.8683838032,-12.2808340405,2.1575291701,1.5114084337,-0.3796586064,0.9717490758,4.7555089284,5.4187815704,-4.2099521577,-7.9792743034,12.1028485305,2.280374604,-6.9692370624,-4.2095163882,7.8434564692,0.5799498486,14.3659517173,-3.9596035818,-5.8947662161,6.6402107509,2.4014432334,-3.5988913381,1.2503485397,0.4341119624,-6.335469736,-3.5299901643,1.6338021198,5.5914473129,4.5607672007,-1.6263406478,4.4793542856,3.1747420956,11.8716873145,13.1145005845,1.2295611608,-2.7408012705,-12.0719674487,-2.6820663652,2.4099358227,2.3706808365,-3.4646958884,-5.1483041454,-1.0570633367,-0.3571082714,1.5947898211,-1.273931482,4.3745160991,-0.3222886507,-2.1518341292,-12.9479267235,-7.1638698976,9.0162091589,1.6794979055,-1.2485906962,-0.9055614871,-1.3887210519,7.1863727489,11.6386928654,-2.801009221,-0.029827447,-7.4044630821,0.6809078898,-4.1232399751,2.7009330912,-2.2664875991,-7.1067078845,6.6519148478,-1.2718467892,13.355111533,-1.9721263898,8.7559091769,1.5057624005,5.3665105298,-15.3078670409,-3.6041392312,4.2658022007,-3.5922588541,3.5419712316,4.6359009029,9.2609976033,4.0348641382,-12.5727349441,14.2714105477,-2.3166811058,1.4270811071,-4.9861519102,5.5531043512,8.0588738734,-3.3927642268,-2.0483310539,-7.9497086824,5.6716522618,-1.7476451802,1.5010589028,-1.240602337,-5.0029471994,1.4761995601,11.2508801232,-10.1080615963,3.3112574194,-7.3800657053,4.4261987937,-5.2805809451,-0.9611279219,-1.5050619927,-0.3961564539,-6.2226671981,4.2480483457,4.4519468723,1.1728512389,0.0386841998,-0.6469470724,0.4131422934,-0.1869012862,-1.1298430616,3.5204772034,13.573779354,-0.0853670421,-1.9264370799,0.0614216424,-2.0525641199,0.3783345452,-2.9284027529,3.02080821,9.3468854326,-1.9308210064,-2.8780328667,-1.0456279567,-1.9867806477,0.2915945552,12.0419069663,-0.7392934453,2.2497212519,-2.9908424449,0.5136253684,-0.6762786894,-0.5075376639,0.1847085422,12.9319780634,-18.8734370382,1.3857780686,-0.474582594,2.903658306,0.6242629558,2.6434301376,-0.032502234,-9.786321034,18.2795729508,-1.8507178903,3.347053437,1.2415730412,-0.1924853107,2.6554158064,0.979568234,1.550877281,-3.7594591147,-12.1720010412,1.3674972992,2.4257417907,1.1419071203,0.7372913292,0.1205390171,-3.5419813397,14.3640987796,-9.9625326913,2.377625115,0.6696919307,1.0029128885,-0.4135054237,-0.9399302036,-2.4701201714,-0.7013395684,0.852476672,0.6177915918,-0.5007641773,-0.9959868998,-0.6084202212,0.0635698509,-0.4687425834,0.4026456702,1.7906707768,-0.718986487,0.2490600642,-0.3548275625,0.7706229515,0.4596872152,-16.7554875419
biasActivation=1,1,1,1,1,1
[BASIC:ACTIVATION]
"org.encog.engine.network.activation.ActivationSigmoid"
"org.encog.engine.network.activation.ActivationSigmoid"
"org.encog.engine.network.activation.ActivationSigmoid"
"org.encog.engine.network.activation.ActivationSigmoid"
"org.encog.engine.network.activation.ActivationSigmoid"
"org.encog.engine.network.activation.ActivationLinear"
