encog,BasicNetwork,java,3.4.0,1,1572781078927
[BASIC]
[BASIC:PARAMS]
[BASIC:NETWORK]
beginTraining=0
connectionLimit=0
contextTargetOffset=0,0,0,0,0,0
contextTargetSize=0,0,0,0,0,0
endTraining=5
hasContext=f
inputCount=2
layerCounts=3,8,8,8,8,3
layerFeedCounts=2,7,7,7,7,2
layerContextCount=0,0,0,0,0,0
layerIndex=0,3,11,19,27,35
output=0.5357197648,0.4285739987,1,0.0011631818,0.9999854181,0.2054659324,0.9202260173,0.0629947521,0.0003441791,0.095072004,1,0.9970945638,0.9999999234,0.5704895163,0.9999999758,0.0000684757,0.0000002471,0.9837104397,1,0.9905595683,0.9999905156,0.0000579501,0.7875605985,0.0000005855,0.0000000085,0.3063299517,1,0,0,0,0.9888806765,0,1,0.2123861809,1,8,30,1
outputCount=2
weightIndex=0,16,72,128,184,205
weights=-13.7492528168,-5.9159845603,5.6697881221,11.3277403945,6.4551419664,1.3890621244,4.444155129,-6.3436485721,-4.9381375304,12.6835803406,8.5703312868,-16.877554925,-11.8192995986,18.2206356113,-3.5822751069,1.8837877842,6.7474505226,-2.6666770002,-10.8024158684,-8.9910061123,-3.0660086969,7.4540958343,6.4678053656,-2.0251703111,13.2716302064,2.7013853573,-4.0168180851,-0.2552691964,-11.944228717,0.941614627,0.8795306852,-3.1163020904,3.4421376331,0.8708060171,-1.3921929298,-4.3479635739,-6.9825101293,-2.0895481984,1.7349478641,-2.219431033,-3.0047031484,9.2185542324,-5.7655398809,-7.7994123724,-3.5623012801,-3.9704989628,0.2203204443,7.0949471718,-0.4761718561,-3.849795403,-1.9482047739,-12.430718261,1.4398289247,-6.7028338865,9.2937019295,6.024685828,-12.5871481223,8.9998630369,0.1216645952,2.2926436071,2.6190885097,0.5777846063,-6.2005019473,-0.6860224291,-0.6818979448,0.7855957816,12.1207710073,-2.1107517801,0.9436551592,-0.9147483628,-7.3248120872,0.0425088433,9.8293479339,5.1712595244,2.9516630407,-22.0679581769,4.9607768463,1.4774912934,0.9415902611,8.0217400348,8.63485051,14.324740486,3.5454279567,-12.1086729494,0.9619255885,-1.4298279139,-0.3464101161,3.1492465495,-8.6347051269,2.4684252304,-3.1135377284,10.5667370507,-0.6810783183,-0.3631925129,-0.7054098189,-1.7370401611,8.3251803947,4.3873893398,-0.6876987895,6.230636924,-15.0323422952,-3.8100055336,-4.1477730302,1.2668267874,-3.638853504,-4.3813940097,14.1868285102,2.552713022,-9.2396714836,-1.1767713085,5.386418031,-5.2643630157,-6.8712739557,-0.6889795164,-1.6396526256,-7.8669831548,4.9878629676,16.3124791453,2.084928106,-2.1611481555,-8.091570988,8.544501781,-5.7149440719,4.7177590548,-4.736866756,4.7821971621,-7.411817727,2.1268440167,-1.0137079425,1.7218396522,-0.8825581533,11.9382221107,-1.0110885835,-3.0033569839,-6.5310162696,-2.7617542734,-0.9080837858,0.5517118863,-0.3464809309,12.0214308574,-2.3020406495,-0.7594571085,11.8232133244,-2.0735345053,-0.1708516357,-0.0698965791,0.6693416898,-3.7849390555,-0.9337312472,-5.869423412,22.5858055862,-4.9405067595,-0.819537621,1.3328249309,-0.8077271268,5.946031992,-0.5362747306,1.3692184557,-23.6918371746,-0.9070322384,0.9885907879,-0.7395139792,-0.0345624437,-5.8968675776,2.4216788876,-7.0280524022,21.0597501554,-5.9643263062,0.9663803942,-1.1531424882,0.6234086564,-18.9686873076,-0.2708765143,0.2216216035,-0.9548598179,0.1544043797,0.2676451103,-0.498276656,0.4805868009,-11.0761621051,3.9612641421,4.7537923988,-3.5074580292,6.1268122747,-1.4217059296,-2.0947484435,-0.2761913809,-2.3874589451,-3.1947564545,-0.5041878036,-1.3539706817,-1.5182502948,-0.371783832,-0.7315475577,0.2643400624,2.4100678147,1.7051200967,-5.7332450442,-0.3779700507,0.8979469086,2.3162024166,0.5413345552,1.7599045378,0.2626167578,-23.2683407041
biasActivation=1,1,1,1,1,1
[BASIC:ACTIVATION]
"org.encog.engine.network.activation.ActivationSigmoid"
"org.encog.engine.network.activation.ActivationSigmoid"
"org.encog.engine.network.activation.ActivationSigmoid"
"org.encog.engine.network.activation.ActivationSigmoid"
"org.encog.engine.network.activation.ActivationSigmoid"
"org.encog.engine.network.activation.ActivationLinear"
