encog,BasicNetwork,java,3.4.0,1,1572781093816
[BASIC]
[BASIC:PARAMS]
[BASIC:NETWORK]
beginTraining=0
connectionLimit=0
contextTargetOffset=0,0,0,0,0,0
contextTargetSize=0,0,0,0,0,0
endTraining=5
hasContext=f
inputCount=2
layerCounts=3,8,8,8,8,3
layerFeedCounts=2,7,7,7,7,2
layerContextCount=0,0,0,0,0,0
layerIndex=0,3,11,19,27,35
output=0.7586191211,0.4557311951,1,0.2799793268,0.0209109166,0.9963224335,0.0000088805,0.9999466523,0.1807451269,0.0000081436,1,0.9956182746,0.9999888176,0.1533556682,0.7214997059,0.1457602402,0.1277064259,0.9993686188,1,0.2495299652,0.9584881473,0.3950751314,0.0484227304,0.6167433351,0.0000321941,0.7770607927,1,0,0.0254427691,0,0.000000083,0.3277255573,1,0,1,8,30,1
outputCount=2
weightIndex=0,16,72,128,184,205
weights=-3.456508649,10.4085634245,15.983336311,-3.458185453,-14.9534386886,-6.7846945299,-4.1598950901,2.1496715909,3.6446570973,-16.2967619888,7.8789550559,12.8299607243,0.7805566444,5.354474859,7.3025778969,-10.4556518314,-0.2848746408,9.8541712786,0.3614845515,-3.9605307945,5.3225332494,-0.9690305264,-6.0300535079,-2.3387287996,-2.2476097351,-0.3104161981,9.1930318434,6.1158447978,-2.4607302495,-0.1170839429,-0.7192600961,-6.0281260206,-5.8042543755,9.5899072175,0.6943744183,-3.2577973562,13.1537259248,3.9962621847,2.1602639185,-0.5516835786,-8.5472564426,8.7495743565,0.9134498986,-8.514395489,5.2873802051,-1.9718026773,-2.0282835682,-4.3601412284,-5.9820175666,1.3042745515,-1.4937542022,14.7157069658,-4.3426278698,-3.7770665241,0.891472864,4.3262984992,-4.7944430796,8.4373354688,-2.0866384333,4.3689922679,-0.6159197526,-0.521753772,-9.3122336774,1.4554199157,-4.300624887,-10.5331073284,-1.4541759693,1.4308560906,4.7491600337,-2.8244125657,-2.1649274032,4.1191671648,-5.0799937666,5.2332906961,-2.212790913,-3.430909944,2.482446667,-9.924604013,-1.8551454566,2.6286854897,-11.241383517,7.6192720994,4.1145941514,2.2990876913,9.7519149328,-15.8508166777,-1.2780324447,0.1455291404,-1.7383833139,-3.5862088456,-1.1065353959,3.7424174815,6.2635275655,-5.5006594492,-4.6276963459,2.1517327044,11.3666961916,1.5435342825,0.4428471094,-0.2030636934,-0.253216096,20.0737912743,-5.9126231237,1.2209879472,-4.9470240194,-8.1270736195,-2.2777258825,-0.1731046612,3.7355051452,4.1388856486,5.6192022672,1.4936977816,1.6899595062,-0.0761672859,-4.3219670511,-4.7331350454,1.306970905,-3.3249059793,1.425373891,-2.2469497434,3.224791656,4.0108335529,-9.4934402435,-2.7568704739,3.1687022764,2.9066030958,4.1592001347,1.4157470841,0.4148821742,2.3669263348,-1.336180395,0.2577369106,-15.051549703,1.9143863501,0.6524605626,1.8570492686,-0.9605684014,4.804713755,-1.6631851153,-0.7953248634,-15.07161824,3.9297418977,5.5626869358,4.0267456356,1.2017500097,4.7501688246,-1.5338196986,-0.8626917596,9.3041761006,-2.447238035,-8.608526812,-1.1488639529,0.936204577,5.1732550028,1.4558698822,0.6439583945,0.8993738445,-2.7824122091,-5.1984696433,-0.6221091224,-1.8859324307,-7.1325863116,-1.950666376,-0.5196147734,12.5005867924,-0.4840631131,-2.3578241732,-2.95547783,0.0877691416,12.2405729795,-7.1979996617,0.4124307439,14.1607688155,-8.9168648136,0.3184365533,-6.3791104208,-1.6841000995,-8.9532068235,4.4026224852,-0.9235911689,6.7689946014,0.7989242357,-4.052140319,-1.5408828476,0.9916553004,-2.1892073446,-0.6695836323,2.0121874477,-0.0685614688,-17.6862071827,3.75277806,-6.3492974289,0.9754858306,-0.8895524985,-0.2974473561,-0.2649777082,-0.5104470053,-0.2034588675,9.4688519547,0.0465055875,5.6337248787,0.1550602724,1.788653967,-1.981088792,3.0286915767
biasActivation=1,1,1,1,1,1
[BASIC:ACTIVATION]
"org.encog.engine.network.activation.ActivationSigmoid"
"org.encog.engine.network.activation.ActivationSigmoid"
"org.encog.engine.network.activation.ActivationSigmoid"
"org.encog.engine.network.activation.ActivationSigmoid"
"org.encog.engine.network.activation.ActivationSigmoid"
"org.encog.engine.network.activation.ActivationLinear"
