encog,BasicNetwork,java,3.4.0,1,1572781108769
[BASIC]
[BASIC:PARAMS]
[BASIC:NETWORK]
beginTraining=0
connectionLimit=0
contextTargetOffset=0,0,0,0,0,0
contextTargetSize=0,0,0,0,0,0
endTraining=5
hasContext=f
inputCount=2
layerCounts=3,8,8,8,8,3
layerFeedCounts=2,7,7,7,7,2
layerContextCount=0,0,0,0,0,0
layerIndex=0,3,11,19,27,35
output=0.6666671462,0.1860584322,1,0.8978324822,0.9999993706,0.3288477983,0.9999349037,0.1857633932,0.999993157,0.9539865267,1,0.9999690564,0.9954072854,0.0000527434,0.9988226293,0.9999990249,0.9222947938,0.0029948621,1,0.9999957314,0.9999984202,0.0384989031,0.4688207737,0.0288422003,0.0000000001,0.9974837921,1,1,1,0,1,0.9999975202,1,0.9400536609,1,8,30,1
outputCount=2
weightIndex=0,16,72,128,184,205
weights=-6.1850002325,9.8437672696,-0.3724439252,-21.3681059231,8.1525140905,-3.3571838852,23.1755827492,-2.3747967808,13.6675880112,-14.7463379747,3.7477866208,3.0828704999,12.8722707085,-2.2453669466,-4.619824393,0.9455803483,4.5825789441,-2.3492022759,-11.8570891712,-19.0492517464,7.0778826622,8.5905649121,8.0367074952,3.931816839,2.0832752436,-8.6285626593,-2.4977223424,-0.2093547033,15.4529672493,0.9330639815,3.6792020641,4.6688997805,15.5355897993,5.4457315952,-22.707775598,-0.3908529582,-3.527020922,-27.3706255087,0.3307121078,7.4921720278,-8.2783424653,5.5920501694,-10.2328194682,18.5433588747,-4.2939494477,3.8749971684,14.5895601113,-5.4933283808,0.0787591565,16.3353241016,3.5884108278,-5.4553215274,9.7464417374,-19.3171968873,-11.1042175934,-4.2651517383,10.4819189247,13.1885076688,6.2685865986,3.0045254632,5.27558682,-25.6628792167,3.5877227844,3.6638360818,-2.8132056711,3.9557099052,-7.3810769971,3.5097410529,-4.0383867113,0.3553803838,5.5706403136,2.0960059706,-1.237101309,6.0574002083,0.8729673126,-3.9226313305,-0.3401510799,-9.1670883671,6.8759869114,0.5195454755,-6.0941735863,9.3564108005,-6.0370171868,-2.5012793306,-7.6230609737,-8.5608990725,-0.8578495595,4.5970594189,-25.8789469247,14.5122426415,-7.0935231873,-0.33762976,-3.6273071948,-3.9414044926,2.8568786149,-0.7970923792,-0.905345238,9.526779646,1.6266259797,0.326150756,-4.7845535638,0.2909474353,-4.4063532368,2.4396036972,2.4628257747,-0.0380422243,-13.2987090496,9.0286775231,2.904548641,-0.1111964612,5.6966651732,1.9289939086,14.2178541246,-20.9176945607,1.6572866128,9.4932783023,-11.4895222425,10.1812450554,-1.7329018402,6.7192855299,-14.2705521899,2.2578825012,14.0204850531,0.0675392191,3.2359905263,-12.3443940287,11.8363500027,-6.2665828357,-3.2475793712,-2.481012003,0.9146740134,-0.6083468574,-0.04954603,-3.3154749219,26.0558418236,-2.4276996508,1.3216179309,0.9273047842,-0.5593240488,-3.5568821073,-6.14134435,-0.0972894407,20.3017895705,1.8200034351,-0.1344057036,-0.520106767,-0.5907268714,2.8190414281,-17.9462716934,-0.7056930134,14.057889452,0.0543548474,-2.1896389276,-1.5326284465,0.7271485751,5.0101832568,10.2906688191,-1.7401484482,-9.8527233079,-0.7012010604,-1.4117505825,-1.3460615248,0.1397072273,0.8333868291,16.2163902059,-1.1058624146,-16.191847934,-1.4815057388,0.0581418344,-0.3202346722,0.124578615,4.4848508203,-14.5555110038,-0.2392525891,-13.3551543438,-0.4313834479,-2.6198998493,-3.0080373468,0.3584112809,1.5783560739,6.443930461,-1.8461215835,7.4271813484,-1.5476778649,1.9558387955,2.0426769812,1.096844608,0.978111054,0.6619324618,0.7678768903,-0.9895804467,-0.5981302076,-1.0010212243,-1.6178876586,9.1110200652,1.4185174541,-1.0663884742,0.6203557969,2.8277781256,0.9114136886,0.840442594,0.6065449876,-1.5350459851,0.103318337,11.9333049148
biasActivation=1,1,1,1,1,1
[BASIC:ACTIVATION]
"org.encog.engine.network.activation.ActivationSigmoid"
"org.encog.engine.network.activation.ActivationSigmoid"
"org.encog.engine.network.activation.ActivationSigmoid"
"org.encog.engine.network.activation.ActivationSigmoid"
"org.encog.engine.network.activation.ActivationSigmoid"
"org.encog.engine.network.activation.ActivationLinear"
