encog,BasicNetwork,java,3.4.0,1,1572781121928
[BASIC]
[BASIC:PARAMS]
[BASIC:NETWORK]
beginTraining=0
connectionLimit=0
contextTargetOffset=0,0,0,0,0,0
contextTargetSize=0,0,0,0,0,0
endTraining=5
hasContext=f
inputCount=2
layerCounts=3,8,8,8,8,3
layerFeedCounts=2,7,7,7,7,2
layerContextCount=0,0,0,0,0,0
layerIndex=0,3,11,19,27,35
output=0.0000051458,0.0294093698,1,0.9999991571,0.0053481295,0.0000789437,0.3878817058,0.004652181,0.0000150542,0.0002658802,1,0.9998453973,0.0751368019,0.6714168201,0.070312597,0.0785055509,0.0300149079,0.9897354425,1,0.8853098596,0.6835749125,0.0057154128,0.8652837661,0.5127979443,0.0007788597,0.9999668771,1,0,0.0000000001,1,1,0.0409642165,0.9886765186,0.9961746503,1,8,30,1
outputCount=2
weightIndex=0,16,72,128,184,205
weights=-21.4155127722,-5.0973864984,-2.706318043,9.6014261206,-7.9021101787,-10.8810624825,15.3666057248,5.5742701109,6.4383867347,-3.7324156,-11.5570944113,6.4146346423,12.872613713,8.5204796912,-2.1262015755,-12.461667076,2.7278199934,-21.7177145966,3.1742180666,-0.3465149088,-10.2435110164,1.3489000948,5.330587735,6.2717778092,-6.0929787609,0.3203955959,0.2525320733,-2.22164445,-1.613339017,-2.2588805411,3.624132875,-2.563503935,-2.0030960971,-7.5509059236,-4.9370877975,19.5704657217,8.8741748577,-7.1132029071,-3.061527785,-2.3908330287,4.2911253713,-7.6592698496,0.1720725819,16.9584098259,-0.3202387048,-3.270480617,-7.3958944785,1.9641662686,2.3977935787,-7.7910995844,-8.8810883698,-4.6864246204,6.1529017011,1.4467230336,0.4563406938,-1.8634706359,3.692869188,-8.0022391093,-15.5118648865,11.4999254043,-4.1644273033,8.9700064397,-1.8315237229,-2.7181127146,5.1968358954,10.0766939237,-18.1156550299,6.6478796375,-9.0299512144,-11.6015379283,-5.1857753827,3.7000300182,-2.4583900171,-6.9903388145,-15.2296592399,-3.0199394193,6.1943967985,-0.6287599943,14.4355975467,0.8183992577,-4.7518473671,-2.1459187207,0.2358057906,-5.8024092936,-2.6617075531,-5.7850918041,4.8953542843,4.6570328101,7.8226174573,22.1084561691,18.4930441088,1.5924998844,-5.2133210271,1.9171552759,-12.5267009075,-7.609112816,-7.8906451703,-15.0351377099,4.1753339598,-11.397033448,-0.8546554481,-1.2240039121,20.965917639,3.9932114445,-3.5898345102,-1.9994071077,0.7167134461,18.9757351469,-2.7136924773,-2.1341385141,-10.6007858814,-2.3477860085,-4.3321947264,0.8610674856,10.4491938502,-1.4865546628,0.8957274606,-1.9723756186,1.0814577628,-0.5414987178,11.0067435817,-4.1736980691,-1.3902150547,1.6431618185,-5.9224501481,7.790224234,0.2908207844,-0.9963165625,0.1378153441,0.0637673578,-3.609421371,-2.7101673752,-14.1525049598,1.6940207625,10.2568440701,-2.9494079354,-1.047753411,-0.6276452042,9.7109177825,9.5217461026,-28.8158078068,-7.8499406562,-18.3090539602,8.7180702573,-0.890877274,0.4177485475,5.9913879715,2.8384817729,-16.3087477794,-10.9005104423,-10.0914835202,7.5093071747,-0.1327948224,-0.7576369249,5.6715023929,4.000640265,-0.3860512367,-13.0715209099,0.5171675231,4.6118751498,0.5168760152,0.7801514409,-0.7101997614,1.5639514715,0.838242506,6.4797949462,-5.7197782861,-1.5454096712,-0.0486792227,0.3678564837,-1.4220219743,-0.5558447027,-10.0743452048,2.272551188,-4.7815540264,-2.2499012776,0.637518037,-0.5811364671,-1.2635950209,-6.0361084605,-6.1072102253,14.6959434322,5.100262833,-1.7451550425,-0.8445530077,-1.9137409428,-0.7295762916,-1.1117497612,-0.5089646269,0.919943924,1.1718520655,1.8871133837,-0.6646583505,-0.7525476364,6.8534295821,1.6275692171,0.3374901632,-0.2072922467,0.3656166228,1.4928701263,0.2692174793,-15.5499967557,-1.5133141383,0.701408009,-3.3734544481
biasActivation=1,1,1,1,1,1
[BASIC:ACTIVATION]
"org.encog.engine.network.activation.ActivationSigmoid"
"org.encog.engine.network.activation.ActivationSigmoid"
"org.encog.engine.network.activation.ActivationSigmoid"
"org.encog.engine.network.activation.ActivationSigmoid"
"org.encog.engine.network.activation.ActivationSigmoid"
"org.encog.engine.network.activation.ActivationLinear"
