encog,BasicNetwork,java,3.4.0,1,1572781134787
[BASIC]
[BASIC:PARAMS]
[BASIC:NETWORK]
beginTraining=0
connectionLimit=0
contextTargetOffset=0,0,0,0,0,0
contextTargetSize=0,0,0,0,0,0
endTraining=5
hasContext=f
inputCount=2
layerCounts=3,8,8,8,8,3
layerFeedCounts=2,7,7,7,7,2
layerContextCount=0,0,0,0,0,0
layerIndex=0,3,11,19,27,35
output=0.520277316,0.3109765033,1,0.983811856,0.9999998123,0.8452606808,0.4166773064,0.0000000002,0.999999851,0.2509158906,1,0.0000134205,0.9999977498,0.0113690966,0.0027039371,0.7638092012,0.6035482553,0.9932474185,1,0.993529621,0.6992721717,0.8303131059,0.142916354,0.9976830365,0.3636011685,0.0022807133,1,0.0000000001,0.0000000029,0.0000009187,0.1723653581,0,1,0.9888101877,1,8,30,1
outputCount=2
weightIndex=0,16,72,128,184,205
weights=10.180496352,-18.8344527755,-3.8800063693,6.6118180604,-4.1617185918,5.3095566561,10.2178705306,1.5511503398,2.4394057017,-8.0722820193,3.8437090939,8.7833652086,-14.7520188862,-7.6034168271,-5.1934165312,6.874567547,-4.4836596243,-5.8150963306,-1.5449658117,-6.3607661545,6.6401331809,-4.5701810026,7.7875936748,-0.0914144161,-8.9588690219,14.8709410786,15.5316892991,-2.7979637503,8.8599199294,-2.3866857402,-7.0262270758,2.1007301191,-3.2798207898,7.0603191184,-1.3291955974,1.4356052366,-6.3264508314,2.3509369134,-1.9745259881,0.0233642647,3.3436596205,-1.0642656924,-0.157034094,6.1976191149,-2.5389893437,2.8001375065,-1.4823129364,2.4344061394,0.5009785998,0.8043451947,9.0285047185,3.0270534965,-6.0691195658,-1.0159707966,-17.7510547652,-0.5863025584,-1.0015503672,4.3358235334,-8.3812698655,0.2058370103,5.2830030253,0.340862925,7.2741089532,0.0125103735,-10.2693024298,-2.5956635182,9.521198762,-2.2800938651,10.4450538109,-5.9381854338,-3.9085708898,0.8881110081,-5.4402409877,-0.618446837,-7.8447254012,6.6789686444,-4.4163290105,-0.1575609218,1.0662464734,4.6387866523,3.7681540245,0.3189453459,-1.2303020084,-5.7232327593,12.2739838888,1.3131746994,-1.2212576166,-1.8430802385,0.5611556735,-3.4630685591,-14.9542387295,12.0293078988,7.7915282933,4.4823321273,-4.0107850329,-1.2979133016,-1.221315944,0.0457173548,-5.8568415727,0.5368409255,0.5292021682,-3.6371903158,1.1702841818,0.8492364106,0.6979883627,7.1943117087,3.7888733781,-1.4802051896,-7.807596315,3.5057264144,-5.2862541826,-0.9581050968,-0.435784687,-3.4349464265,6.5866427146,7.6504295188,-1.8387797408,-3.9713159512,3.3396124372,-0.0362703779,8.5561830158,5.8057943628,6.9847889058,-6.3022523449,-7.8834718718,-7.0842058861,-1.2105047898,-2.0246711192,0.5912300764,0.4805671967,-0.2138076255,-11.6029319573,-0.5796986544,-0.1071413486,8.286491651,-1.0526531108,0.3726134646,-2.2361139134,0.2400805872,8.2802481117,-6.801486651,-0.305973774,-0.1943127682,-0.0852815176,1.8840506943,-4.4957838975,-5.0599072338,9.1885932692,1.2110343942,-4.3522797813,9.522835933,-5.0599399866,-2.5270183832,4.4975076077,-5.5952823846,-4.6490737181,-3.0751695992,4.8404219269,-12.2845571915,6.316741764,-5.9324703007,0.461975792,-8.2240618714,-5.0208250381,-2.7038937416,1.7120927505,2.3058022466,2.9385084977,0.0629225549,-0.5482347264,0.5978856787,-13.4499053995,0.1008659127,-2.5330480192,6.2195428777,-1.8583700124,0.3442473937,6.3331307757,0.9783269907,-2.7302783723,0.9861111468,-2.7323594417,0.1208768164,-2.9975439998,1.1567164654,-1.1812568383,3.2065459579,0.7509769831,-0.8205653901,-1.0433950264,-0.2055687618,-0.7254631136,9.5081650757,-0.2506611055,-0.4323109981,13.4056633814,0.9802383617,-1.4475386137,0.2062350074,0.9186184109,1.8852943208,0.039249269,-1.2087046086,0.303396734,5.0492334881
biasActivation=1,1,1,1,1,1
[BASIC:ACTIVATION]
"org.encog.engine.network.activation.ActivationSigmoid"
"org.encog.engine.network.activation.ActivationSigmoid"
"org.encog.engine.network.activation.ActivationSigmoid"
"org.encog.engine.network.activation.ActivationSigmoid"
"org.encog.engine.network.activation.ActivationSigmoid"
"org.encog.engine.network.activation.ActivationLinear"
