encog,BasicNetwork,java,3.4.0,1,1572781147581
[BASIC]
[BASIC:PARAMS]
[BASIC:NETWORK]
beginTraining=0
connectionLimit=0
contextTargetOffset=0,0,0,0,0,0
contextTargetSize=0,0,0,0,0,0
endTraining=5
hasContext=f
inputCount=2
layerCounts=3,8,8,8,8,3
layerFeedCounts=2,7,7,7,7,2
layerContextCount=0,0,0,0,0,0
layerIndex=0,3,11,19,27,35
output=0.1509529462,0.1818287518,1,0.9999951551,0.9990176473,0.999285851,0.313094212,0.999928432,0.5013369447,0.9089536486,1,0.0422291649,0.3924679004,0.0862115197,0.9910090547,0.508885882,0.9923670078,0.999997822,1,0.9274009771,0.9996146401,0.9949845634,0.0000007073,0.9644983321,0.9875887108,0.4828315305,1,1,0.9999711254,0.9995747758,0.9999995307,0.0024630157,0,0.1606586314,1,8,30,1
outputCount=2
weightIndex=0,16,72,128,184,205
weights=-1.5355956042,-11.0151017706,3.0142781129,-9.4586652629,-5.0689521297,18.3576773914,7.4052068044,-0.1037316202,-15.262514172,16.7890399842,-7.0866779093,13.7779982657,-2.8749018762,-1.4625788432,2.5064760896,1.0833624596,-20.9070384957,1.4984551605,-4.497704408,2.0682833302,-1.8329959295,6.3326322179,4.6679343294,0.8510109543,-12.0753383832,-3.7910865485,-16.9995697915,2.4238530818,0.5011533445,6.327495343,-3.715329649,5.1669810386,-8.6207967329,-0.5995234221,-8.8294098873,2.5677547413,-1.1839730909,3.9031703817,2.5193506854,0.2693604443,-7.5154177525,-5.3239586483,-1.0491134518,-6.5530451191,11.2991630593,-3.9722621477,8.5656955884,-2.1679871927,0.8056143201,7.6807421786,1.1749311415,1.6114522104,1.78409385,3.1735082607,-0.5358616451,1.2767443625,-7.7607521407,-17.4852218206,6.4393765977,7.4658088216,-8.1675775367,-10.7598220039,11.6489789665,2.4267372535,-2.7445883233,-1.6238518754,1.0543832372,3.0486491371,1.2526742263,2.3665014847,-5.5671082081,2.5231877537,-1.9727795752,-7.7892985894,7.9162498058,1.6866030781,4.9453126803,-12.8116982617,16.8304179383,-1.6255040955,1.7170616132,7.408821875,3.366490068,-7.15348594,-5.9846458084,-9.9895427831,-1.1548078799,3.4103959524,-1.4012177097,-0.8689645317,1.9948832046,4.1084545758,3.2183209706,-12.271761159,11.2258102187,1.4176565699,-2.8700782401,8.7382015607,1.657279214,6.2252639768,-5.338252117,4.1643768587,-0.9152002347,-1.541655582,-1.3987118803,-1.6932647426,3.6439291418,2.3342344436,2.6895448398,-8.4326345377,6.6705203992,1.91284695,-2.5275255606,4.3107986435,5.6499809996,3.3177390177,-1.3555777995,3.9436105601,-15.1886341997,2.0271978404,7.4216056476,3.7548888383,4.9561445031,9.9325901928,-3.2520314418,6.5682360155,-7.404319518,-2.3055499449,-2.4856335932,-2.8847711077,10.2239492347,-1.4779198553,-3.2270499831,0.4706526416,2.4273972665,-1.2059606841,-2.355715622,-2.4852144337,20.6670066131,-5.4709813512,-1.1757135639,0.3727449547,-1.8581128326,-2.1840162862,-1.2965333286,0.8351971915,1.1617050604,6.4052684044,1.019907416,-0.7161085371,-3.8826903429,-1.193633811,1.2145759052,-4.3371982945,-13.8030356599,1.8789982705,-5.3910468505,-0.2526461363,-1.6526604689,1.1576095395,0.4669316721,-0.0186594155,1.3163430161,1.1943531064,-10.2842053664,-0.2000577493,-0.5774589829,0.4617237359,-4.0379313424,0.1572604124,12.6439453348,1.4170338422,11.5351458524,-0.073242538,-4.4931737244,-5.1048107863,2.8339782481,-1.873566002,-6.7603992081,1.7997502758,-13.696123067,-0.3079159796,11.3447616817,2.1397077417,1.5978483961,0.6552601314,0.0363725606,-2.1548212108,1.0215771756,-2.9562276052,-3.1226719164,0.4399708998,19.5447171343,-0.996704034,0.5169083093,7.0384839171,0.9095023353,-0.3984837584,-1.3254086591,-1.0555046399,-0.806374213,0.8420735848,0.0234326911,-0.0798018755,0.5532590496
biasActivation=1,1,1,1,1,1
[BASIC:ACTIVATION]
"org.encog.engine.network.activation.ActivationSigmoid"
"org.encog.engine.network.activation.ActivationSigmoid"
"org.encog.engine.network.activation.ActivationSigmoid"
"org.encog.engine.network.activation.ActivationSigmoid"
"org.encog.engine.network.activation.ActivationSigmoid"
"org.encog.engine.network.activation.ActivationLinear"
