encog,BasicNetwork,java,3.4.0,1,1572767737521
[BASIC]
[BASIC:PARAMS]
[BASIC:NETWORK]
beginTraining=0
connectionLimit=0
contextTargetOffset=0,0,0,0,0,0
contextTargetSize=0,0,0,0,0,0
endTraining=5
hasContext=f
inputCount=2
layerCounts=3,8,8,8,8,3
layerFeedCounts=2,7,7,7,7,2
layerContextCount=0,0,0,0,0,0
layerIndex=0,3,11,19,27,35
output=0.8770955322,0.6077353154,1,0.9999515934,0.0565272956,0.8093364487,0.3721730511,0.8472664307,0.0089752234,0.0058905414,1,0.5529389939,0.0046138253,0.1662419453,0.0009817443,0.989597907,0.9974942846,0.0000073936,1,0.9999999999,0.194475433,0.5622612301,0.9999817986,0.0511355192,0.999995704,0.5041495745,1,0,0.9866138316,0.9997757517,0.0000000803,0.7446493271,0.9544526183,0.9995092487,1,8,30,1
outputCount=2
weightIndex=0,16,72,128,184,205
weights=1.9218520127,-10.1020828525,11.8800379926,-11.9985232804,6.4936390432,-9.600906134,11.1580283054,-10.0163266781,-14.6515496021,0.6093412092,-2.9298263968,2.4150814799,13.7183315695,-7.4974267886,-12.8250930887,5.046341629,1.9799444608,-4.7375462702,4.908100852,-5.8164033334,3.8280826143,1.7216028083,-8.6940095308,2.5471863568,-5.5568112863,-7.5995096782,5.805822711,-3.3922348002,-3.2261949811,2.1525734364,2.9511318026,0.376389974,-5.9846823326,3.2256419749,6.4012104065,-10.930626546,6.5453773664,-0.7409624338,-0.4991805203,-2.0516148195,-6.1283617019,-7.7286644052,-2.0128886978,-1.3126000509,8.3735315093,-1.2747831876,6.9141360428,-3.7776130332,-6.9490781482,5.2434154522,-1.7293708472,10.2287184909,6.4580178557,1.4056063141,-5.7854257653,-1.9838862015,8.8801626752,-5.9997019758,-17.5384135508,9.451156396,-7.1806727555,4.4883723605,-5.0257276664,-4.0515468673,-4.3310289203,2.421429715,-9.5561809639,12.9471381595,7.8576423898,-6.5986270554,-0.4362422495,-2.3627598102,-1.3899498041,-1.4937764382,-13.7350145173,-2.5602002392,1.1004097898,2.7776911896,5.9247585846,6.3549112317,0.7470082494,4.4397057706,-3.8459447584,-9.4014163819,9.0100157586,0.5313977199,-2.4326840145,4.8134848061,-0.1660162611,1.1443046864,17.127714278,-3.2982269454,-10.9810647628,-9.1110517748,3.9624895434,-0.3262570387,-7.2616479508,-2.2845795743,-7.1128348245,-4.6561951657,13.013646189,10.7517492735,-5.4956893234,0.7896135901,14.2957909995,2.4331081442,1.7740337261,3.787708289,-5.693870294,-11.4315106761,-5.1801560874,-0.6645947506,2.7664441503,-5.8772121092,-2.6391830834,0.1047772382,-5.8778210864,3.277653537,1.2811206586,2.1193858803,-0.8849898445,-2.9215561678,-11.2886532751,-7.1792886298,8.7807040039,-3.7127126173,4.1317969573,4.3452513819,-0.0947997348,10.6700546545,0.2127261944,-1.9283964404,9.5289571566,1.5583337651,8.7813534285,-5.2930125182,0.0711506839,4.0423485304,-5.9518117614,-5.2225083984,1.6642284274,3.4862372982,0.9541182302,-4.9793122205,-1.4715586878,-6.9454998678,2.2701434171,12.1407417912,-3.921952056,5.8697974121,18.7455126061,-16.5850426029,-1.1489328179,-1.1756792284,-1.9078469706,-0.5728759376,12.3809050545,-2.6402272424,9.7535853748,-2.466907063,0.5147571451,9.5880598696,-3.7775948978,6.9494204322,13.1005467456,-7.5254840603,-7.3114309799,-3.8685043709,0.9852137992,1.2478383075,-0.392532428,-6.783195243,10.4924652229,0.1081411719,4.8011419409,-1.1960803322,-0.7287473389,-0.123314452,-4.2357490809,0.724136263,-8.6496629097,5.2464131032,2.8957912567,2.9122043853,-2.1559594625,-0.8253809347,-0.3280946657,-2.5985794312,0.0481272479,23.644874756,-5.6243696089,1.8190423129,-1.1737799749,3.2750920457,-1.1944289278,-6.7051614339,1.2898830856,0.2002414404,-15.2560322787,-1.23242408,-0.0707893991,15.0254594753,-2.2950778845,0.2941987958,17.1537413889
biasActivation=1,1,1,1,1,1
[BASIC:ACTIVATION]
"org.encog.engine.network.activation.ActivationSigmoid"
"org.encog.engine.network.activation.ActivationSigmoid"
"org.encog.engine.network.activation.ActivationSigmoid"
"org.encog.engine.network.activation.ActivationSigmoid"
"org.encog.engine.network.activation.ActivationSigmoid"
"org.encog.engine.network.activation.ActivationLinear"
