encog,BasicNetwork,java,3.4.0,1,1572781162567
[BASIC]
[BASIC:PARAMS]
[BASIC:NETWORK]
beginTraining=0
connectionLimit=0
contextTargetOffset=0,0,0,0,0,0
contextTargetSize=0,0,0,0,0,0
endTraining=5
hasContext=f
inputCount=2
layerCounts=3,8,8,8,8,3
layerFeedCounts=2,7,7,7,7,2
layerContextCount=0,0,0,0,0,0
layerIndex=0,3,11,19,27,35
output=0.1105531723,0.0000843775,1,0.0001424402,0.0069844824,0,0.9623988464,0.6889428707,0.0002209293,0.5975499799,1,0.0000994237,0.9064342323,0.3704845287,0.9994901928,0.000325515,0.9980681375,0.2751427344,1,0.8563902393,0.9999577788,0.9811628729,0.0000405543,0.3205831426,0.9999995173,0.4704086916,1,1,0.0199846454,0,1,0,0.9941661136,0.0000013999,1,8,30,1
outputCount=2
weightIndex=0,16,72,128,184,205
weights=0.7474026414,16.4282290451,-24.4833749692,3.9603207979,1.092266837,6.0655854542,-12.4663680464,0.6840680312,1.8299153711,-7.6000587701,11.0641517249,-13.9917077289,-9.9866171392,-3.9370116029,10.8986790348,4.506872961,-0.3499221571,-2.7262775401,-1.2748549351,-2.7449060654,0.0115896917,-1.7861534206,-1.2024337227,-1.0558591402,-3.2404734057,-5.3502584105,-3.4518321793,-8.286158906,12.1373021367,6.5470502241,1.7582824257,2.4315773974,14.6165270407,-4.7084265823,6.056518738,-3.9665712714,1.7569018451,-11.9607831984,-4.9860818356,-7.3638039797,-9.1435873646,15.2853645897,0.126907392,-8.041525188,0.286992338,3.5402869912,-7.0719647089,-4.2092074145,-6.7790254741,-1.1330782871,0.9359891165,12.8549813036,2.1471155072,-2.9900252718,-16.378587986,-3.8822810055,6.8705666661,-0.2333700478,-1.8520865997,-5.5165705778,5.5361992553,-2.1129415086,-3.6724600371,1.1108404851,4.4272131739,-4.7609504259,9.0738564684,-4.156532511,-7.1894925247,0.6402597943,4.9623972493,3.5009551701,1.840680938,9.084760834,-9.0091382654,0.1246200268,-11.4064390866,-10.2428344865,-0.2310635642,2.9709234322,2.5807395444,-0.6341451374,4.2426660397,6.1165912494,15.6788592676,-11.8815460119,-1.9100359372,4.2855174472,6.0851841641,-8.3717264716,-6.5720869262,2.0751912037,4.0130376513,8.060074907,-12.0858665614,5.4168589102,-0.5034815738,-1.7077999516,2.7584719044,0.0214968011,14.6090413284,5.1031816057,-7.4611594239,0.7365641537,2.2340560622,8.4287962403,-2.0596610214,8.0343466415,-3.7783677146,-12.9313884694,10.9007170117,-7.3360324507,-4.2449397054,-3.6371464901,8.5217479855,3.383825587,-9.528540065,7.3822109996,1.4890119517,0.1303325984,-0.1101830294,-9.1427247774,9.9102487666,8.225380096,-1.8845198296,1.6844199399,7.9944019784,-6.2967980697,-0.0578780826,3.3678467361,-5.1787516018,0.593225123,-3.3115261328,0.6417324653,1.2396561515,0.5449838635,-0.5520243288,-2.9133009605,-2.4822839421,0.8163514865,2.6941281864,10.031544274,0.0346716051,-0.1065806955,1.2692240102,-15.3032149814,0.2366645304,0.239175675,-0.8625090867,2.4406301349,0.249719238,0.3239462208,-4.4486824021,18.0145692514,-4.6596709997,-3.548585264,-4.0256544193,0.6847303538,0.4601185378,-3.1563104481,2.9143551512,-4.8071827941,-7.6356991143,6.1880557573,1.3097191154,-13.5640600991,-0.8533784476,3.727495833,-0.9201714747,-16.3854677321,-0.2401866952,-0.9878012697,2.8637775017,16.3833416483,0.2798812685,0.4914593951,-2.7161215672,9.0384982594,-2.0326202316,-6.413122349,2.2781909993,10.9163228858,0.4535860443,-2.0225299188,0.9432103727,1.6656523518,-0.8441245113,1.9356765378,-0.2316837588,-12.4275035267,4.5137822779,-6.5896498295,-0.2708803723,-0.641494105,6.1183413448,1.626213882,1.1065975393,-1.7566734121,0.788211224,-1.7129634423,0.1897621726,13.1490632615,-1.5537474448,-0.0624500386,0.8243966456
biasActivation=1,1,1,1,1,1
[BASIC:ACTIVATION]
"org.encog.engine.network.activation.ActivationSigmoid"
"org.encog.engine.network.activation.ActivationSigmoid"
"org.encog.engine.network.activation.ActivationSigmoid"
"org.encog.engine.network.activation.ActivationSigmoid"
"org.encog.engine.network.activation.ActivationSigmoid"
"org.encog.engine.network.activation.ActivationLinear"
