encog,BasicNetwork,java,3.4.0,1,1572781175659
[BASIC]
[BASIC:PARAMS]
[BASIC:NETWORK]
beginTraining=0
connectionLimit=0
contextTargetOffset=0,0,0,0,0,0
contextTargetSize=0,0,0,0,0,0
endTraining=5
hasContext=f
inputCount=2
layerCounts=3,8,8,8,8,3
layerFeedCounts=2,7,7,7,7,2
layerContextCount=0,0,0,0,0,0
layerIndex=0,3,11,19,27,35
output=0.4878037467,0.1749978414,1,0.0070632371,0.5374678347,0.0032766393,0.9987071447,0.9698847041,0.9993129934,0.8906973286,1,0.9999999947,0.9997467149,0.0006132727,0.9999242228,0.9999548394,0.4343624625,0.5400257472,1,0.0537847463,0.0000394465,0.9949638702,0.0411735377,0.9975755867,0.3517832312,0.7572100065,1,0.0000005835,0,0.0009156873,0.0263519043,0.0000000028,0.9999999988,1,1,8,30,1
outputCount=2
weightIndex=0,16,72,128,184,205
weights=14.3849252847,-3.7701246509,-3.9393006098,-12.3831573345,5.973196652,1.9540158395,14.1202171444,-6.0668479014,8.5597154015,9.2243971349,-0.3424400853,6.7943991694,16.1592951725,-15.3280586729,-5.5031285077,-8.8068845183,-7.8723948479,-13.1866597641,-9.0216129228,1.4914287284,9.2072440637,-0.9980670973,3.9325034863,3.7272095481,3.9658029153,-8.0101494878,1.5321636505,7.1633144402,-2.1328396027,-3.9275147175,-2.3550130746,2.1392352396,2.4900411524,-0.2298425143,-0.1821591312,-3.9017018636,-1.8711546822,-0.9725293222,-1.5548551224,-0.9432316941,6.6488956259,-10.1662083331,9.0400867982,0.5732353031,-1.1513599807,7.2236452532,4.8848212865,4.96130869,-0.0625389189,16.2234237619,0.9562931921,-2.0218245683,-7.975835566,3.775521158,-2.14736536,-3.1683835224,5.4732051613,0.5543200788,2.4753964305,-3.5431655271,8.0327073884,4.0372348503,-7.7056356726,-0.8282526349,0.7456867458,3.3126506429,5.374316052,-3.9990545184,6.4827909403,1.1646664309,-11.908634196,1.4784245831,-5.9611834727,-9.2086524513,5.6525468719,-8.5655750337,10.012600203,-3.7325825931,8.9334928403,-1.3303183945,-6.8838796797,2.7049127986,12.4892156644,1.6645413134,-6.5505922625,-10.8643309766,13.8627687435,-3.9843978418,3.0211991781,5.7850220631,-4.648712127,-1.9986280901,1.7836134739,4.1894048374,-6.3583015404,-1.2897009495,2.2252072861,-8.3053981068,-3.1107206401,-1.6292636378,3.779569953,5.0871501788,2.6347825196,4.9753551001,-5.6493846713,-6.4647252882,-6.0846302814,-5.7142604382,8.6703183233,7.2934863258,1.4375942926,4.2950251525,3.2341278219,-4.3383873171,0.128825643,-0.7954051381,4.8701483593,5.5511074446,-11.1415039343,1.0920536912,-5.1021153356,-4.1646895018,-4.9100737314,2.466889564,0.7923960124,2.2503165642,-1.5711084814,4.8263624703,-8.8841755124,0.6391071225,-4.2609404564,10.7782817844,-0.6076987961,0.7770770873,-3.3618444116,-0.5628342333,-0.0317062203,-0.7292202392,8.3988333121,6.9189261174,0.8874966136,-1.198361008,-4.1301238906,-5.0020575189,8.3015392838,-0.9505198325,3.5057096049,-15.5854582226,-0.8317206557,2.7121196473,-0.2543637023,3.2358041221,0.4602722426,0.4247100809,-2.656709659,8.806702372,0.7075353819,-0.7193323903,-2.0258138713,-0.6324090118,7.998632979,-0.082304155,-10.0623897877,5.6673180549,0.9722538115,2.2597396818,2.1696104329,1.4502529732,-7.906072946,-0.7738234179,-3.9583185192,6.3701597483,0.1322312474,-7.6409309728,2.6819748844,4.1835094396,-0.2109565798,-0.2252333234,13.8302273717,-19.0955180628,0.5053973247,-3.1445127861,1.1756288997,3.5968668937,0.7291880848,-0.673535016,0.0184020128,-0.7455258781,-0.7889070913,-0.8873165972,1.8124684167,-0.8706337267,4.6243449729,1.4871646288,-0.1832062768,-10.010638126,-0.7240642708,-0.4591428007,-0.1260454443,-1.0326595572,0.8541685525,3.1773591358,-1.3424146888,6.0112399116,-0.0102909581
biasActivation=1,1,1,1,1,1
[BASIC:ACTIVATION]
"org.encog.engine.network.activation.ActivationSigmoid"
"org.encog.engine.network.activation.ActivationSigmoid"
"org.encog.engine.network.activation.ActivationSigmoid"
"org.encog.engine.network.activation.ActivationSigmoid"
"org.encog.engine.network.activation.ActivationSigmoid"
"org.encog.engine.network.activation.ActivationLinear"
