encog,BasicNetwork,java,3.4.0,1,1572781189475
[BASIC]
[BASIC:PARAMS]
[BASIC:NETWORK]
beginTraining=0
connectionLimit=0
contextTargetOffset=0,0,0,0,0,0
contextTargetSize=0,0,0,0,0,0
endTraining=5
hasContext=f
inputCount=2
layerCounts=3,8,8,8,8,3
layerFeedCounts=2,7,7,7,7,2
layerContextCount=0,0,0,0,0,0
layerIndex=0,3,11,19,27,35
output=0.4318187705,0.2558103601,1,0.9999999498,0.00259353,0.6260343157,0.9572800876,0.9999889418,0.9898119375,0.2311405735,1,0.9979585912,0.6826532214,0.9700638242,0.0000109298,0.578705329,0.0000001062,0.966801461,1,0.6320046194,0.1748606368,0.9587485754,0.0594733347,0.9758134207,0.0202085451,0.4914500866,1,1,0.2174298916,0,0.0268892904,0,0.9999579245,0.0006017127,1,8,30,1
outputCount=2
weightIndex=0,16,72,128,184,205
weights=-4.504549402,2.9257220445,-4.2500829212,2.4319258479,-0.5469647407,7.8806438033,-19.5747097021,1.8263033528,-11.4686313975,-9.0990758389,15.0393702748,-8.1370088918,8.4245641545,-1.1000966264,15.4475498482,-2.1075330026,2.4574477141,2.2074459058,7.7768935971,2.3118891945,1.7292046681,-12.0059833746,0.9154696607,3.4180869306,9.1460622342,-4.596574678,-15.5888050027,6.8718710375,-4.8712309713,2.9892071503,3.9843388319,2.1473397149,-16.2171678022,3.3551442237,-0.0620473261,7.9902472467,6.2247548663,8.2485388638,6.140634421,4.929931584,3.9501271498,5.7930784331,7.9148360353,-0.2206417861,-4.7968276822,-0.4402748511,-6.2363503875,-3.6599273485,7.4678625072,3.173175005,-2.9606367101,-0.0414182917,-2.4840354354,-5.4507320669,2.6784497826,3.5135333905,-1.2457001096,-4.28439312,0.0093024639,1.9468903132,2.1079436898,3.9338269688,6.8341887613,0.9079825552,-2.0955014974,4.4514550302,-5.3389477282,-7.7218387223,-17.0791730364,4.7095680084,7.666356343,5.5017094081,15.7327160236,3.6730489062,-1.3711196923,-11.645174317,-7.2589447697,-7.4732338426,-0.6574577272,5.1712937396,14.623824349,-2.6901336041,-2.7472636405,-0.5428142154,-3.4487069392,-5.9981676207,-3.8302599145,0.0291742164,11.5832200809,-1.3749696871,-1.0184629717,3.8122188617,-3.0164754279,-4.9528467484,-8.021711007,4.1336758585,-0.1669711857,-1.1071896889,-12.9574709617,11.1636704758,-0.0725104,-4.1963773772,-6.2456538906,3.8591301069,-4.4205476342,-3.1463988828,-6.7815645577,3.2990462233,12.8431469664,3.6615829921,-0.1604191556,-2.5606136177,-5.619988387,-3.5754903723,-10.144894622,11.0940947312,-2.7874998118,3.6733287625,0.3208964279,-0.3257873659,-5.5147868873,-0.5856212521,2.193480709,-0.462071476,1.9325584183,-0.2659414449,2.7581405924,1.6478140263,0.0886488869,21.11557651,2.485477916,-13.7819848745,-0.5428632466,0.1901803698,-2.4381617597,-3.9570975812,8.4370342195,-3.3540264628,3.1911018429,-0.3506985968,5.5547792623,-4.8357908599,6.0524809076,-4.4179560381,-0.8209959498,0.1608202333,12.2049102555,-3.1236691212,0.094277152,4.5490249388,10.5004901908,-0.5391865251,0.995604331,0.1823995941,-15.0569496588,6.4923548449,-0.7778875628,-5.8781849478,-9.8572435784,1.9131186344,4.2126069147,6.5826374646,-3.2836975477,13.0071672918,2.2023538033,4.7329521834,-5.7966038489,-7.0254142207,-0.8517627244,1.1481808656,5.1171334469,10.1817391937,-0.4088538038,-1.8125526925,9.2948984094,-1.7460164956,-0.3042250416,2.8381357057,5.1082242541,6.0813561068,1.0007713163,0.3698263338,8.9169842944,-0.8857730715,-2.8410163932,6.2557008373,-0.0463330898,-0.0967951397,-0.1160145027,2.9740891457,2.9146535956,-1.0109164192,-18.8308086884,-1.0534998161,-0.3274797038,14.6636198672,1.476578026,-6.5743278886,0.4016086078,-5.3836643044,1.7288992218,1.2783399753,1.3033460648,-0.3177089907,-8.3106273193
biasActivation=1,1,1,1,1,1
[BASIC:ACTIVATION]
"org.encog.engine.network.activation.ActivationSigmoid"
"org.encog.engine.network.activation.ActivationSigmoid"
"org.encog.engine.network.activation.ActivationSigmoid"
"org.encog.engine.network.activation.ActivationSigmoid"
"org.encog.engine.network.activation.ActivationSigmoid"
"org.encog.engine.network.activation.ActivationLinear"
