encog,BasicNetwork,java,3.4.0,1,1572781203351
[BASIC]
[BASIC:PARAMS]
[BASIC:NETWORK]
beginTraining=0
connectionLimit=0
contextTargetOffset=0,0,0,0,0,0
contextTargetSize=0,0,0,0,0,0
endTraining=5
hasContext=f
inputCount=2
layerCounts=3,8,8,8,8,3
layerFeedCounts=2,7,7,7,7,2
layerContextCount=0,0,0,0,0,0
layerIndex=0,3,11,19,27,35
output=0.0001868054,0.0001262285,1,0.0000032064,0.699718329,0.8479661582,0.0042076744,0.9999981559,0.9999999572,0.9998503673,1,0.9997372916,0.9993798814,0.9884217507,0.3444684901,0.9999999887,0.0008523385,0.0007320355,1,0.7175619181,0.9989932538,0.0000002762,0.0000928786,0.9991321397,0.0686273434,0.3247340721,1,0.1473675018,0,0.0000002975,1,0.0000000003,0.9999999999,0.1262768434,1,8,16,1
outputCount=2
weightIndex=0,16,72,128,184,205
weights=-0.5756460919,10.2696541074,-9.7374430477,-8.5643541591,5.2218459329,-17.3409000182,4.5715632571,0.0701224584,5.8874933099,-15.7165844591,-11.3601218631,16.5544491088,12.5126316377,2.2827302005,-0.6375590215,-2.5746592068,0.2826464353,-1.165629796,-1.8549136346,-0.189075552,-5.3712448756,-1.206380888,-0.141816148,-4.4970943424,15.0753067408,-0.5416197487,-15.912211774,-12.0237892131,10.5818120057,7.0499829064,-2.9463206579,-4.3999768331,-13.3013564021,2.0388453523,1.809081886,-6.7967920655,6.6213632432,9.8540492325,-7.974912026,6.9082391657,-3.0066755385,4.0341113616,0.9571040507,3.2681568766,-9.8683316803,6.0186619546,-3.6765489389,1.3017407688,-0.6340745385,-3.1907972049,8.2849655733,0.5362418965,8.4983008177,0.2855308988,0.869636514,0.1532880076,8.4427259384,2.0010035092,4.5442814578,1.8923927944,-1.4239939938,-12.3344330995,-3.7383999642,2.8200566454,5.7551514637,4.0818602727,1.4360626289,-0.484949983,-3.397017931,-1.1469176923,1.9009932769,1.1184268072,-4.783258919,9.091255948,-13.8799977986,-0.6078812232,1.0970876787,0.200703698,4.1776299292,0.1279164675,-0.655726923,4.6573465492,-1.569372363,-11.3403997321,-2.0236458903,5.569263241,-0.03334854,4.8544154233,11.3317934944,-4.9410242995,2.7038641646,-1.5831225109,8.3488275268,-3.5728556919,0.5782123729,-7.0322376153,2.6103172227,1.9291786786,-13.7177986529,1.9913945526,-7.01951626,8.2540599921,-8.2029074202,4.6668079821,8.7376966544,-3.2877666815,20.4487217299,-11.7805644671,15.3313832413,-7.4624915425,6.6049695388,-1.6391113864,-2.9383741683,-9.2440259431,1.1702652778,10.3477596698,-0.2016420783,5.9420588222,2.4078731325,3.2873104105,1.664683195,7.2378053103,1.7326410106,-0.9522710968,-9.7919746882,16.9194880074,2.3665262595,-7.7900477992,-3.5822114369,3.0220258934,0.9641948912,-0.3333087616,0.5181425549,0.1878315768,8.0326351624,0.5914425293,-17.391724129,-2.7583257019,-0.9435750382,6.3290868201,-0.2396024157,0.6206831791,11.1509230891,1.1051263168,12.4294371148,2.2947010847,0.8498952103,-6.3352491874,0.0946475308,-6.0479639349,7.1485294249,-5.4533826574,11.1253577318,-3.4340358061,-0.5618131382,-3.8519941929,0.8260449957,-5.8965244538,28.5017012178,-4.7742271492,11.7635623052,0.6597142991,-0.1739851112,3.2611866002,0.6035930783,3.4727762882,-28.4176665973,2.1695751642,10.2513444894,2.6014769255,-0.9422752981,-1.3440944916,-0.8843924169,-1.8217740279,11.45170674,-2.3989000321,-2.8361072629,1.0594543068,-0.6434654115,0.8368361387,-0.3165696474,-1.800073886,20.6010700186,-1.9523500844,2.204525843,-0.0609592512,-18.4162578657,4.6171462544,-8.1497714875,0.2005183568,-1.2504673433,-0.360792498,0.7487058881,-1.5973097205,8.1111430083,0.6120484024,-0.8152585011,-0.9116319569,-0.7663094504,1.1175688405,0.8781656078,-0.1586804181,1.3797009014,-0.1637669315,-10.3516232115
biasActivation=1,1,1,1,1,1
[BASIC:ACTIVATION]
"org.encog.engine.network.activation.ActivationSigmoid"
"org.encog.engine.network.activation.ActivationSigmoid"
"org.encog.engine.network.activation.ActivationSigmoid"
"org.encog.engine.network.activation.ActivationSigmoid"
"org.encog.engine.network.activation.ActivationSigmoid"
"org.encog.engine.network.activation.ActivationLinear"
