encog,BasicNetwork,java,3.4.0,1,1572781219772
[BASIC]
[BASIC:PARAMS]
[BASIC:NETWORK]
beginTraining=0
connectionLimit=0
contextTargetOffset=0,0,0,0,0,0
contextTargetSize=0,0,0,0,0,0
endTraining=5
hasContext=f
inputCount=2
layerCounts=3,8,8,8,8,3
layerFeedCounts=2,7,7,7,7,2
layerContextCount=0,0,0,0,0,0
layerIndex=0,3,11,19,27,35
output=0.4963505637,0.27857094,1,0.5042109507,0.9999999818,0.7129675899,0.9996533064,0.999766694,0.0002295929,0.9999841799,1,0.8299857441,0.0322114357,0.3721246669,0.9992133033,0.0000258214,0.0057407247,0.0000002584,1,0.9999579646,0.9823291686,0.000000237,0.0002060048,0.0402207139,0.0001630033,0.9997352208,1,1,1,0.0000100756,1,0.0071305505,0,1,1,8,30,1
outputCount=2
weightIndex=0,16,72,128,184,205
weights=-17.2503891824,2.5175668723,8.1311192421,-5.6573014117,5.4211359172,5.1397522071,2.2295780833,-1.6268081244,13.3711171869,-10.2516953767,22.5675145794,18.2066565896,-16.5750523316,-2.890498741,-19.2284629467,4.0680269028,-5.7096166548,-0.6672492838,-15.8300363643,4.2575572623,-11.1357567345,1.083621103,4.0509099606,6.4078425627,-5.9789322967,-8.4087648503,2.683494488,22.8005574661,1.6385689071,-2.060774963,8.3495863797,-0.7121428307,14.2005162421,-7.0273595754,17.4044538816,-3.4398811136,-0.2397238393,13.043254804,6.5968393478,-13.764348754,10.6048476495,18.9104686065,3.776865204,13.7524165058,-2.6176055796,-4.0628092872,4.1366803782,-16.5679556434,11.515770105,4.0096618585,-20.3099231062,6.2507080796,9.4193894211,4.3438461308,-6.672327804,-0.0373013159,1.7836816412,-1.968010775,0.2422063244,-5.0164994608,5.0283912811,0.0479390418,10.0127638572,-4.8739966363,0.1473266264,-5.8116033947,3.3503694235,1.749804875,-3.5701521451,2.4646024357,-4.8263857139,8.1098939046,0.6384396671,8.4780836307,-2.7034873771,-1.4608932934,-5.4580310618,-1.7982050133,-2.5817481187,-4.5799703053,0.8177866361,-1.3960076365,10.9082521291,11.9129855512,2.646704378,-13.0919085515,-5.9855832163,3.0281179836,5.0980682229,-15.3349715445,-16.0147120856,-6.7553907466,-10.6304706729,10.1982724508,3.2009710932,6.6701978794,11.6676077465,12.6077370822,0.0972576249,-6.9853136348,7.4193770313,-14.9671295311,-8.3739316423,-8.8280040116,-3.4846541231,0.0017012503,1.7889232537,8.4477328109,-3.7732302461,1.9671207648,-5.5653008031,-1.3679160493,7.066147611,0.3752624831,17.7167446009,-0.7742892176,4.8453111922,-8.6432289955,-8.5669254383,-4.2175550182,-3.6826566285,-1.6332283786,-3.5419423415,3.7399135782,10.0290021008,9.7209049894,-5.6583689932,-4.6306143361,7.1655852499,-0.0870594152,1.2953968245,1.3687430754,-23.5712180965,-0.5569611439,-0.0098674675,1.8076188381,1.6410774257,0.3786201594,0.6921900525,0.6810483703,-29.9949353366,-1.3088669165,1.6073223564,-0.0761837651,3.5089857944,-4.913837389,-1.3562832256,-5.2307005598,18.9020238444,5.9920403156,-3.8801938884,-4.874429654,7.3618376328,-3.8767016927,-0.2815564037,-4.7791418767,16.2550796283,-6.3533275164,-3.5957070262,-3.7135969283,0.7043011851,-1.8989110244,-0.1132503721,-0.9898012545,18.8622826868,-12.75816198,0.8605511848,-1.9829586218,2.6882127358,-1.7703595444,-0.7675397292,-2.8390600255,15.9992607453,-0.1898676653,-4.8525221148,-2.0619241227,10.6281419573,0.0492812853,-0.8285679464,0.2290777087,-9.7689973946,9.8916954479,-2.7483793175,0.1478944645,-1.8865588231,1.6207355462,0.3161566806,0.6406932137,0.8302431453,0.6027159101,-1.3239038806,-0.0318985701,0.0428056134,1.0559205981,0.7581002052,-0.7312406643,2.2694196157,-0.1648665457,-18.1455712993,4.2470638059,-4.9238290749,-5.7210679217,-1.3083879373,7.615004719,0.6930825056
biasActivation=1,1,1,1,1,1
[BASIC:ACTIVATION]
"org.encog.engine.network.activation.ActivationSigmoid"
"org.encog.engine.network.activation.ActivationSigmoid"
"org.encog.engine.network.activation.ActivationSigmoid"
"org.encog.engine.network.activation.ActivationSigmoid"
"org.encog.engine.network.activation.ActivationSigmoid"
"org.encog.engine.network.activation.ActivationLinear"
