encog,BasicNetwork,java,3.4.0,1,1572781229256
[BASIC]
[BASIC:PARAMS]
[BASIC:NETWORK]
beginTraining=0
connectionLimit=0
contextTargetOffset=0,0,0,0,0,0
contextTargetSize=0,0,0,0,0,0
endTraining=5
hasContext=f
inputCount=2
layerCounts=3,8,8,8,8,3
layerFeedCounts=2,7,7,7,7,2
layerContextCount=0,0,0,0,0,0
layerIndex=0,3,11,19,27,35
output=0.1372526165,0.0005554012,1,0.0337239304,0.9986908627,0.0015564719,0.9993680653,0.9981825219,0.9952535358,0.7921985136,1,0.0020560802,0.3211278237,0.5625974519,0.0009456035,0.0981194766,0.9991436073,0.9985993694,1,0.0000112451,0.1261210447,0.9921786767,0.5460100494,0.2141793587,0.7868095457,0.1885574623,1,0.0001306361,0.0021800262,0,1,0,0.0755247872,0.9999899526,1,8,30,1
outputCount=2
weightIndex=0,16,72,128,184,205
weights=5.4039537231,11.8152453446,-6.3534892113,2.8809652995,-0.0936337437,-19.270742714,4.441220631,-0.9351645949,3.5385341018,-12.6523205987,7.8190685846,12.1166328272,-6.4293406286,0.3180401732,-6.6040053103,4.2328213045,2.0342842386,2.0006432136,-7.1951014154,5.2881118992,3.0176454228,6.4344348184,-5.7327218151,-0.9592632949,0.4765964501,5.4207528416,17.0927462048,1.8135096786,-4.6985671292,-9.2192782204,3.5233948956,1.431236051,6.2218470819,-2.5062512383,-0.2689842613,-1.1616245911,-4.2494157823,-5.3232190626,1.132523801,-0.9146400756,3.3156481403,-6.3668833136,1.8158650666,5.0310314381,-15.036879643,4.1420067006,0.7424112171,4.9730799825,4.3339788551,-2.3019723196,-2.4388571895,-2.2198820855,-1.8686052894,4.7419058241,4.8170544226,-0.9518092333,7.2709385895,-3.2610640316,14.7819772625,-5.6186512705,3.3621322252,-4.9513457687,1.9946197005,0.6922654242,5.7649743498,-8.4695783988,5.5470207434,1.5372584179,1.020079861,-5.9206859067,5.9287999959,0.8190292693,-0.6095444433,0.2419220065,-8.7033002203,-4.4139294668,2.869613269,4.6037186529,-1.1316897263,0.8064052454,-2.2819107849,-5.1163081306,-0.1011599403,-9.0084870032,-7.1932073353,-0.9967741437,3.0944004222,6.657235003,7.7475550702,5.873364096,8.9624260379,-7.1980628858,-6.1396871284,-8.3984086709,-8.3780380667,4.05143912,-2.6486728994,3.3639678517,-5.9193163523,2.0956899312,8.2001823002,-2.4609478387,2.7377490028,-2.9944623845,-2.0269362486,-2.4053707635,3.5466891054,-10.1961257372,-6.6043047431,5.2135077996,8.4082142008,-4.1396311686,-5.883057718,-10.0096051932,-0.4539438458,0.0576163919,3.9997789497,9.1138435233,1.8131324976,0.3739382108,3.2931858714,3.4290501851,2.4501070167,2.9479770137,1.6324780947,3.4410155275,-5.5653180726,0.0886649475,-0.0114728571,4.4477704542,-0.5372726495,-1.2522845138,0.4684896014,-0.5898040064,-9.7146378927,-0.3938902028,8.6379920802,-1.3725709349,0.3680035139,1.0272029464,3.9938608448,-9.187512249,-4.2724085263,2.005211615,-3.2439932753,12.9222563862,-0.2343931908,1.6639183588,2.5697851409,-13.5530240459,2.1457705718,2.0292242642,-9.2620904184,0.2576768698,-0.6937633266,2.1775216106,3.7286173329,-0.3647657003,-4.698524556,2.7337151288,-5.9311244048,-0.6605272661,-0.6331305804,3.4487362689,0.5767963499,5.863211087,-7.7655327694,2.5762007071,-9.0190177162,4.476055691,-0.9791299491,-1.5997743745,-5.5804575684,5.0204196247,-1.1864559494,3.7042728708,-7.1359966188,-4.5675640281,-0.9924074515,-0.7666490461,-2.1188876067,10.8223340591,-1.887513398,0.3882678565,2.9010784348,-0.7091881506,-10.8759473378,0.1834916143,-0.3813561789,3.8465164681,-0.8173200941,-0.6960313532,0.0886291165,-1.505688852,2.8674591665,-0.7745489342,1.0495169702,-3.6762081046,-1.5553621513,0.498163055,-0.3941932042,5.3357263558,-1.1815000833,0.4697417617,6.8679309156
biasActivation=1,1,1,1,1,1
[BASIC:ACTIVATION]
"org.encog.engine.network.activation.ActivationSigmoid"
"org.encog.engine.network.activation.ActivationSigmoid"
"org.encog.engine.network.activation.ActivationSigmoid"
"org.encog.engine.network.activation.ActivationSigmoid"
"org.encog.engine.network.activation.ActivationSigmoid"
"org.encog.engine.network.activation.ActivationLinear"
