encog,BasicNetwork,java,3.4.0,1,1572781237486
[BASIC]
[BASIC:PARAMS]
[BASIC:NETWORK]
beginTraining=0
connectionLimit=0
contextTargetOffset=0,0,0,0,0,0
contextTargetSize=0,0,0,0,0,0
endTraining=5
hasContext=f
inputCount=2
layerCounts=3,8,8,8,8,3
layerFeedCounts=2,7,7,7,7,2
layerContextCount=0,0,0,0,0,0
layerIndex=0,3,11,19,27,35
output=0.6785719787,0.3571424199,1,0.0002400321,0.0653501326,0.0320612092,0.4041928206,0.2429918091,0.8414989386,0.0757321072,1,0.1212988021,0.4803207788,0.0063145449,0.2221258446,0.3826602844,0.9998746409,0.2383652931,1,0.0396259256,0.7203544912,0.9891883983,0.0348823475,0.0962466174,0.9954319934,0.4336383207,1,0.0000000068,0.9859281589,0,0.8930707862,0,0,0,1,8,30,1
outputCount=2
weightIndex=0,16,72,128,184,205
weights=-15.6132682263,0.485716353,15.529406645,-3.0850134227,1.7236633133,5.9330541059,-0.3332829,-3.9179828789,3.8099498801,-2.1509161856,-3.145618055,-2.7166048175,8.8183325232,-4.8082828616,-6.7523521924,3.1654962723,1.0715457165,-1.8536210589,1.0427365285,-2.2468257864,13.05897959,-6.8901249621,-3.1636000648,-4.435447685,-1.5310822408,-2.056732654,2.4639444394,0.2064284456,-0.554987592,-0.4202565162,-0.4167505681,-0.8163000105,2.314270451,0.3383065263,-1.837488178,4.9963624929,-5.8198437501,-8.576146582,0.1627379705,5.814349249,-1.1211071624,0.3888837373,1.1133299036,-2.9218171404,2.8199522828,-0.3900703526,-0.9587848961,-0.257365349,3.8974653277,-1.8451714733,-8.3426682609,3.5051073195,1.6036117275,1.7283498429,5.0417242423,-4.9922685594,-5.980111995,-11.4106302246,1.0015043516,6.6807208013,5.6546222046,2.2791737546,-2.7283618354,2.592941274,0.4664486245,-6.8170040746,0.5460409039,1.2251005451,6.0403031765,3.5346480842,3.7598937488,-6.3014224854,9.9251705073,-5.7168203632,5.5604711332,-2.298772406,-7.5307578163,-4.2560920932,-0.2084285751,1.3763310544,2.5318972803,0.676101351,7.4406670963,1.2721667928,-7.3775431626,-9.1044170583,3.6996566447,0.0978619824,-5.4624126102,-3.2553038946,-1.9868764315,-2.4262927516,8.6502401862,-1.253144131,4.9396317671,-2.1742594059,0.1863029499,0.7556065923,-3.9544995052,0.3890365045,5.0603255544,2.0545136437,-3.2611930763,0.9751772873,-4.7434311015,-10.8609194279,5.6042590145,4.420992007,6.9287704049,-3.03996659,5.048414971,2.0055436005,-10.0262294029,1.1555919051,-2.08148338,-3.6729470392,6.275930324,5.6286356164,5.5815190844,2.1088438105,-2.4172002395,-7.3446206499,1.5546627528,-0.5762036815,-1.1764758841,0.9989784818,1.7829571945,1.0527546538,3.008591412,-5.1622178408,-0.5037579157,6.423554628,-1.7361847382,0.6977989562,-3.9764229078,-3.8349523501,4.8240934649,-7.9263692743,0.604430281,10.8098064032,0.9406853832,0.8552248806,0.3670528536,-0.8928709918,-8.9915295546,-8.3902615457,-0.6338631908,6.9596304491,1.771398482,-0.0896955721,3.8881318079,6.5730175633,2.4808064002,-3.4859453521,0.7061476896,-4.1247507524,0.4031269043,2.7783633763,-2.8985452376,3.8003169481,9.1491344409,10.8401652681,0.3920849337,-8.0234262538,-5.4596462861,0.5207080188,3.6058067279,-5.7617793416,-3.817992299,3.5949159237,-0.8309733139,-1.0962472046,-1.0142049683,0.8655636805,-2.5535580334,2.8187974343,5.1924368327,5.6227662719,1.3633444684,-3.7155842563,3.2304502767,1.9309222138,-6.4698654029,-2.4923859395,4.0433896081,-1.3372399395,-11.0424282678,-1.6068431418,0.2522588364,9.5363878166,0.6639089154,-1.7657858754,0.3647795984,-1.3574126497,-0.0169949817,13.4916494314,1.0620441233,-5.2587392539,-0.7959495561,1.572273232,-3.1783064049,-0.9182801956,0.9796602763,-1.2358993398,2.8103192132
biasActivation=1,1,1,1,1,1
[BASIC:ACTIVATION]
"org.encog.engine.network.activation.ActivationSigmoid"
"org.encog.engine.network.activation.ActivationSigmoid"
"org.encog.engine.network.activation.ActivationSigmoid"
"org.encog.engine.network.activation.ActivationSigmoid"
"org.encog.engine.network.activation.ActivationSigmoid"
"org.encog.engine.network.activation.ActivationLinear"
