encog,BasicNetwork,java,3.4.0,1,1572781253616
[BASIC]
[BASIC:PARAMS]
[BASIC:NETWORK]
beginTraining=0
connectionLimit=0
contextTargetOffset=0,0,0,0,0,0
contextTargetSize=0,0,0,0,0,0
endTraining=5
hasContext=f
inputCount=2
layerCounts=3,8,8,8,8,3
layerFeedCounts=2,7,7,7,7,2
layerContextCount=0,0,0,0,0,0
layerIndex=0,3,11,19,27,35
output=0.8474569072,0.4655165905,1,0.0000000767,0.9664376132,0.999999999,0.2749579765,0.148696543,0.0469234441,0.9999577379,1,0.9984423571,1,0.9999999961,0.0002016305,0.5876686146,0.9999999172,0.9821167977,1,0.0000000025,0.9999669785,0.9999992186,0.9948035491,0.9999825727,0.9999974251,0.2487552209,1,0.999997035,0.9999991904,0,0.0000116056,1,0.2960293628,0,1,8,30,1
outputCount=2
weightIndex=0,16,72,128,184,205
weights=14.7686957454,20.5577548283,2.1879085801,32.6001639361,6.75497188,-12.0143847557,-23.9502782873,-5.7959980307,-0.9303236085,-15.6904040518,9.392892448,-17.8058698335,-15.1712929373,13.9999266865,4.2623959032,7.8653955309,4.6639694831,-6.7395805396,-37.0441653085,7.619694476,6.2288426795,12.2790112285,-1.0869029444,7.8705700196,4.9657639633,25.7221621609,-4.5039697874,-3.8341503313,-9.3948974079,-3.4510369891,-7.3325563987,-6.6416877798,0.4320284488,11.0876866193,1.9755470746,-23.9487540551,5.1366800547,2.1129963387,1.5001239464,0.6736223611,-2.3784723545,6.8969312161,-3.5394778188,-5.5519680414,7.1252096569,-10.2193679974,3.9314028769,0.2198304956,-13.8691852793,2.7234792558,-24.2995155926,8.5732915104,6.7726826741,5.0932896978,16.8882826698,8.0173801817,2.2007918001,3.7972341066,-10.2515872584,-13.9110236616,24.9181361441,-34.275256259,22.7152108284,-1.4287268042,2.3731772157,6.5472661346,-15.669327897,-3.0107041906,5.3247394319,-1.317859383,8.2348776353,6.9258304256,0.8881022089,-8.7913071539,2.8185616805,4.9668565388,-4.0019996199,10.6717420447,-11.1885903393,3.6078691414,-2.3308733873,12.6370190952,17.1589193451,0.124378767,-9.0072740955,15.4160474396,-8.2807850192,-0.4226461488,-22.7886415727,2.3422030233,9.1886404916,0.2621823239,-1.8496352256,7.0130397994,1.2407753645,2.0915214907,5.5080315576,-13.6632972188,-4.7700529099,5.4372577854,10.9213508121,-10.5243989441,10.3307751462,1.5483969234,2.0527482022,-12.7151486508,-1.2629646595,-4.6859307866,14.4820827827,-1.2596950099,16.6539344521,1.6287170935,-11.8292999452,4.7045503318,-0.5553630717,-6.2340545623,-0.8733701332,21.0861614018,-0.7793220865,-1.6589546899,-1.4489970341,0.1807112314,4.6081000122,-2.9416988142,-7.461906859,6.9367977082,-14.5350842108,6.2841341929,-6.5003150788,-7.6963423497,-0.6726864231,0.2962645177,-6.3359036932,25.8797412332,-0.5061701005,-6.948086545,10.4666668956,1.8982031186,-0.0613395253,-0.3815324932,2.0323640524,-20.6416701443,-6.0763912989,2.0316613431,10.0618011402,3.4438229903,-0.3984446059,0.7341881875,3.9529074692,-24.8450046869,-10.2990198186,3.9585052986,8.2231110117,0.2917666787,0.6971900704,0.9136399274,-1.3639058806,-5.6504859671,-1.4337718527,-0.2236786269,-2.8182474254,1.2310465759,-0.7793795529,-0.1823758703,2.916892154,26.7054288294,3.8255788865,1.7221699217,-3.1897591405,6.7596790345,0.4740587925,-0.4041753935,8.2343778386,-20.9905505278,-9.358209681,7.2792245528,-9.7576028612,-2.1764634889,-0.1153512676,-0.4524705493,-1.2533270108,46.7288627983,4.881607161,-1.7510097326,-0.6739502868,0.8448543871,-7.225395881,1.1538600981,0.155048973,0.1444025294,-0.8599975711,-0.8972027067,-0.6970343148,-1.073943558,-0.0610990553,-0.9394951057,0.870042106,0.6685919342,0.8640312906,2.8749137129,0.2328133698,-30.8499887961,0.9212224023,-1.7722137948,0.5413408827
biasActivation=1,1,1,1,1,1
[BASIC:ACTIVATION]
"org.encog.engine.network.activation.ActivationSigmoid"
"org.encog.engine.network.activation.ActivationSigmoid"
"org.encog.engine.network.activation.ActivationSigmoid"
"org.encog.engine.network.activation.ActivationSigmoid"
"org.encog.engine.network.activation.ActivationSigmoid"
"org.encog.engine.network.activation.ActivationLinear"
