encog,BasicNetwork,java,3.4.0,1,1572781268771
[BASIC]
[BASIC:PARAMS]
[BASIC:NETWORK]
beginTraining=0
connectionLimit=0
contextTargetOffset=0,0,0,0,0,0
contextTargetSize=0,0,0,0,0,0
endTraining=5
hasContext=f
inputCount=2
layerCounts=3,8,8,8,8,3
layerFeedCounts=2,7,7,7,7,2
layerContextCount=0,0,0,0,0,0
layerIndex=0,3,11,19,27,35
output=0.0001564961,0.0002659614,1,0.0006864038,0.996420026,0.9911656407,0.9999999987,0.1287338486,0.9973580999,0.0000013922,1,0.0004683217,0.3922496892,0.1732043249,0.9999999784,0.9980955711,0.0326549652,0.1030021508,1,0.6800881435,0.0064485488,0.5096870339,0.0023670191,0.1142113199,0.7343790993,0.0035126059,1,0,0.9994086774,0.3498672018,0.0220105235,0.0000004033,0.9999999758,0.2589811017,1,8,16,1
outputCount=2
weightIndex=0,16,72,128,184,205
weights=10.4118438198,-8.8875927809,-1.5605597836,6.1697713282,-0.6744806656,1.8397811547,6.3913549803,-6.2847933542,-20.6570730603,3.2624637688,-11.7078003792,-12.7005579887,8.4006361936,7.8301904814,7.8257779949,3.945468068,-5.3237457574,-14.6886096445,-1.0432846172,-9.546706772,6.929782825,11.0052537455,8.3042073965,0.0768329864,-6.1098105716,2.6413755575,-1.9901768259,0.6401191453,5.9662626037,-6.820937736,1.6515735471,-1.6020943549,-2.3762359153,-7.571284615,-10.0872116778,3.0531463012,5.3325263321,-13.8181225749,-0.8914680481,1.6058649371,-8.7675920605,0.946202712,-4.443144751,18.1034099238,0.3843357031,-2.0375935854,1.0559990792,2.3655957578,-1.9229274849,0.697735335,6.234243581,-4.5731933325,0.1750079554,-4.3356038147,9.2872422624,0.3187073459,0.3065710952,-5.3275005178,1.0116689552,2.9533204211,4.2667443161,-1.6222200537,0.0428136512,0.684577567,-0.408091041,3.4534208324,-3.6593310421,-7.0529770847,-6.721219174,1.7743066772,4.3685073394,-0.9517053929,-8.153701769,2.1233957038,-0.3220067569,-7.2644980306,3.6949426066,-1.7172605457,1.8353415841,-1.1203565509,2.2318300175,1.4551762645,-4.094379543,-2.9557773645,7.1312146256,4.9733114021,4.2994145216,-4.3531054188,-0.5594948521,7.3121816183,3.7093214565,-10.3323428893,6.4175637941,-8.9428767519,1.895176426,2.7319773607,13.8663728822,-5.1688683154,-1.8151808678,3.5030654913,-3.4521734918,1.3720528754,-11.0070724164,8.5951031647,8.5372709735,-4.3723212363,6.2797857574,1.389528243,2.6648443104,-1.2768009712,-3.8494063046,-2.0734271763,-7.1452597057,5.0864413906,-3.9714583008,-5.6106628908,12.9361022343,-0.5322127077,-5.3478566197,2.4077107578,0.5127421858,1.9182653789,-14.5512924455,8.7593049378,0.130371401,-1.9610603076,6.476052221,6.2730121333,1.5914547101,-2.4210772552,16.4470678575,1.7139665545,-0.9641738987,-1.5113275837,-0.8128353459,-0.8963554608,0.4486001502,-2.412069082,-7.2712575787,8.8747953841,-0.4425797514,-0.2224394561,4.4356288626,-1.2044567368,1.6756602301,-1.4821706321,-16.6628434771,-12.4253602451,-0.4621584059,4.0956873826,-4.0599565333,4.5790832,-0.1276856157,-11.12579569,3.4783843977,12.8451833168,-1.0467731235,1.3496978605,8.9592130818,-0.0942034119,-0.6240040006,1.0220560254,-20.0215159603,8.2282314499,0.3436457218,1.6324484677,-4.4248791638,3.2673959412,-0.7493630687,-0.1597553278,0.9453194713,-9.8112078119,-0.8616326837,-0.1904181454,4.9024642765,-0.0173974363,-0.1817500723,0.2863100538,-17.861222374,10.0456082733,0.7695502473,0.0667889075,1.0884812233,-0.2547575431,0.700197144,-3.7712354799,-0.6228030412,0.0967864928,0.5705213221,-2.4700757894,-0.7845325752,0.0953407749,4.131185215,0.0164527425,0.499962083,-11.9249934986,-1.7824963253,-0.0374575521,0.1357633293,1.1358213461,0.5302299877,-0.0334816172,4.4029465408,-2.5853011796,5.0899755105
biasActivation=1,1,1,1,1,1
[BASIC:ACTIVATION]
"org.encog.engine.network.activation.ActivationSigmoid"
"org.encog.engine.network.activation.ActivationSigmoid"
"org.encog.engine.network.activation.ActivationSigmoid"
"org.encog.engine.network.activation.ActivationSigmoid"
"org.encog.engine.network.activation.ActivationSigmoid"
"org.encog.engine.network.activation.ActivationLinear"
