encog,BasicNetwork,java,3.4.0,1,1572781278147
[BASIC]
[BASIC:PARAMS]
[BASIC:NETWORK]
beginTraining=0
connectionLimit=0
contextTargetOffset=0,0,0,0,0,0
contextTargetSize=0,0,0,0,0,0
endTraining=5
hasContext=f
inputCount=2
layerCounts=3,8,8,8,8,3
layerFeedCounts=2,7,7,7,7,2
layerContextCount=0,0,0,0,0,0
layerIndex=0,3,11,19,27,35
output=0.5370369063,0.3269266253,1,0.9998605856,0.0013603344,0.2110925026,0.0000097948,0.9964108347,0.0281645917,0.8671807073,1,0.0000000379,0.9930724581,0.9959095649,0.9999826297,0.7252500611,0.5654919495,0.9987842508,1,0.0856364015,0.0026591814,0.4642491382,0.3238869142,0.9999999706,0.299689404,0.9996449311,1,0.7383972076,0,0.9995279164,0.8667798752,0,1,0,1,8,30,1
outputCount=2
weightIndex=0,16,72,128,184,205
weights=-2.4500976067,8.9704083531,-12.5862429076,-11.1250179813,6.1967677312,-0.8760638107,-5.4980644374,3.8609061123,4.624782271,9.8825460104,4.1638636339,1.0830794423,-9.1050681986,-10.2672130463,9.2445305998,-4.8937887904,-2.9395027939,0.0381355818,3.5097927213,5.9885663188,-4.2101268708,0.6303279373,2.4043613187,-0.348338274,12.3187115302,-1.5185502016,-9.2230831044,3.9174861314,-3.612746982,8.189646559,2.3279698796,-4.1588688019,3.8143196798,-3.3725857254,0.8254800935,6.4684464945,2.5941341359,-2.5196922971,-1.2468626197,-4.4707519233,5.3227825871,3.1862446362,-4.1500886015,-11.146217399,6.767865484,1.6730609614,-6.2113283383,0.9305912453,3.2275535327,2.8508634067,-0.0508616637,8.7845879722,-3.638115246,-9.4045864276,6.1743566334,-4.1487447796,7.9829874131,-10.5794745562,-2.7564205774,-1.5567770712,7.0389665317,1.4894605813,1.8326594656,3.4892389787,-8.485955312,-2.1292855057,1.358856035,5.9458754364,-8.6448976816,1.9285469713,1.7168073911,0.1561377178,-1.7024602731,4.0207964414,-2.9513321363,-1.1017799683,-1.0208991491,0.7955511307,-15.8658495957,1.4167037349,-2.1000856421,-8.7469435223,2.2712642307,0.9260864396,3.2913663492,5.7115951839,-5.2168251348,4.0259243222,7.15003556,-8.4419828599,-0.0543569586,-1.2690572045,3.8370947117,-0.7861347061,1.2585911754,0.4817740927,-12.5787282709,6.7123986986,-4.7588457215,-4.0290352356,7.0227027509,0.9572720262,9.721435597,-1.4932513008,6.9211073865,-8.5065119811,3.7293004501,-1.0711492512,-4.8253067565,1.816230303,1.645215556,1.6525537161,12.4867253224,-0.5826915318,-1.3526851482,1.0742100084,0.6930416326,-3.1240253609,2.9246400281,-3.2046326969,-7.1069579086,2.8039516048,-2.9502685975,-3.9360617633,6.8400183404,-0.9821546141,4.2455526061,-0.8328869965,11.31600164,-0.8603605697,-14.3809728592,-8.0014382037,-0.2984496388,4.6469072367,-4.1943296821,5.938940338,-18.2786582317,0.1109155266,7.5753696742,-4.3914734278,0.9442768654,2.7686288465,8.1248890099,1.0358544509,3.7216837731,1.5403821963,-0.4038220292,-0.0840070819,-0.1903573648,-0.9601644089,-1.968071273,-1.4547173563,5.5383465123,0.0149370073,-1.3363504905,-0.3419392465,-0.7770876048,-1.3898216898,-0.7298798981,-1.803538155,2.1543884718,-0.5944036743,11.1993899353,2.2526508735,-0.5120422456,0.5851641908,-4.1867610819,2.0192542281,0.6061186609,0.7941152916,1.2406127417,-1.8447359967,-0.935480152,-0.950875858,2.664565705,0.0134951729,14.2230454178,-0.3071575937,6.3939978505,-4.3256992392,-0.1757507264,-2.7981191641,5.5116586453,-2.402844609,0.1554345823,0.2264855312,-7.0003879854,3.6477514788,-7.6160376768,-0.1130183143,-1.3375777611,0.4758127968,4.0841204199,-1.1288104697,0.0074122575,10.6808982524,-0.6797500041,-0.7416455105,-0.7538092677,1.1773755005,0.5102398104,-0.2709359169,3.9203930945,-2.5004115093,-3.3848760608
biasActivation=1,1,1,1,1,1
[BASIC:ACTIVATION]
"org.encog.engine.network.activation.ActivationSigmoid"
"org.encog.engine.network.activation.ActivationSigmoid"
"org.encog.engine.network.activation.ActivationSigmoid"
"org.encog.engine.network.activation.ActivationSigmoid"
"org.encog.engine.network.activation.ActivationSigmoid"
"org.encog.engine.network.activation.ActivationLinear"
