encog,BasicNetwork,java,3.4.0,1,1572767748725
[BASIC]
[BASIC:PARAMS]
[BASIC:NETWORK]
beginTraining=0
connectionLimit=0
contextTargetOffset=0,0,0,0,0,0
contextTargetSize=0,0,0,0,0,0
endTraining=5
hasContext=f
inputCount=2
layerCounts=3,8,8,8,8,3
layerFeedCounts=2,7,7,7,7,2
layerContextCount=0,0,0,0,0,0
layerIndex=0,3,11,19,27,35
output=0.8723410784,0.7872307217,1,0.9223573012,0.2891949449,0.9999583784,0.9999897913,0.9977067953,0.2375225807,0.9965086716,1,0.0016160269,0.9844573867,0.9998988545,0.7283418606,0.9997671173,0.9995154802,0.8410177354,1,0.5810156002,0.672179836,0.1504102309,0.9060631352,0.0000000835,0.1141613056,0.4680943994,1,0.999989468,0.7049722237,0.0272997613,0,0,0,0.0000000242,1,8,30,1
outputCount=2
weightIndex=0,16,72,128,184,205
weights=-0.1893063203,7.8532694856,-4.754999875,-0.2279752568,7.852466816,-1.6474434947,-0.4345632253,-2.2020328646,-9.0167598764,-0.5781020078,2.3577271512,10.029160214,-8.6110194662,-8.03837706,5.347106211,2.5776156207,3.7856225262,-0.3248592242,2.1420246895,11.1585683237,0.9133673209,-7.8694505008,0.7596087779,-1.1669143655,-1.8190014863,-2.6784495145,5.7565039177,3.225174433,7.2890995138,-7.8741446377,-7.62680767,0.6327185111,-5.5321303213,0.550932992,4.4507571536,-3.3414444453,-0.2138307795,5.5698933372,2.0464616945,0.4623034898,-2.0847229355,2.9213001342,-3.9436751762,8.1523936816,3.5324620908,4.3739034772,-1.0505275294,-0.394626615,-4.4310004907,-1.0627535311,-0.1077870636,3.3324081863,0.0012407046,4.62288426,3.4548508741,-2.7179265374,6.1327749648,-3.2330029132,6.5668476953,-5.2290182806,-4.3650935607,-2.4648295855,6.2960297475,0.7815017402,-0.5120066538,1.4511548075,-0.2718085602,1.0482067354,2.706145985,1.6178863057,-0.4001673031,-0.2515392659,-3.9825730389,2.5442348927,2.200824678,-4.5841602701,8.415687419,4.3492491621,-3.7920324958,-0.721389105,1.2155514691,-2.2215486885,3.3506131811,2.6756112629,2.1525357806,-1.1966645676,3.8740564869,0.3304802154,-1.4256304259,13.7965703327,2.5959982458,-0.3212731286,-2.8221138594,2.321097079,-5.9867873935,3.1914176021,0.4418878988,-1.8797769894,8.1241909152,1.8040547341,-1.8904777408,-6.1593840591,1.0559170923,-0.654623796,2.9423701532,-1.7576662913,2.094969387,5.5077025379,-3.5225942267,-3.8283692887,-2.2201980363,4.0075308395,3.4584891508,-2.113906494,-6.1556925501,6.3167901396,-0.6167535049,-7.4482399799,7.247429415,-0.2963550982,-5.5929523748,7.7078949457,-3.5409830155,-2.6166540381,4.2656794582,-0.5554459972,5.5181165672,0.1181855738,3.2278180391,-4.7097134127,-2.8102697806,-2.0924656515,-2.527094665,2.4363245939,1.7157002148,0.4960966664,-6.3190223543,10.2968515085,0.78680987,2.2668239409,3.4300600051,1.6339744617,-6.1012299202,-0.2434573361,-5.1829474132,4.7196373485,-1.5882992746,-1.5978596332,-0.4931746754,-1.299198942,6.8067508241,0.167652441,4.8924557602,-8.4253770852,-1.6993585344,-0.1713518774,-2.8667152352,0.0444308954,-0.9834914678,3.3601307764,-7.8770345643,-1.7623897484,-0.4017194353,0.3258878041,2.7921181127,-1.9523004595,9.3636064908,-7.1680852793,-5.8897255199,11.4006262742,-2.8383310922,1.269853043,2.7849389212,-0.8559663779,5.9251074158,-4.118898213,7.0152415726,-6.1045989993,11.7898640502,-1.0655959238,-0.131885267,0.0432275514,-4.2579996291,-3.1612513746,-2.7746290543,0.818624813,9.0993688375,1.0273758117,0.2263465873,-14.1383152188,0.8556001053,-0.2037811134,-4.3045654399,2.7855323638,-5.5472278106,0.3433675613,1.4942906787,-8.6697455052,-1.9209925795,1.6307089383,-2.9869234391,0.5292950859,1.8816450801,-1.1582229683,2.1585179047
biasActivation=1,1,1,1,1,1
[BASIC:ACTIVATION]
"org.encog.engine.network.activation.ActivationSigmoid"
"org.encog.engine.network.activation.ActivationSigmoid"
"org.encog.engine.network.activation.ActivationSigmoid"
"org.encog.engine.network.activation.ActivationSigmoid"
"org.encog.engine.network.activation.ActivationSigmoid"
"org.encog.engine.network.activation.ActivationLinear"
