encog,BasicNetwork,java,3.4.0,1,1572781374131
[BASIC]
[BASIC:PARAMS]
[BASIC:NETWORK]
beginTraining=0
connectionLimit=0
contextTargetOffset=0,0,0,0,0,0
contextTargetSize=0,0,0,0,0,0
endTraining=5
hasContext=f
inputCount=2
layerCounts=3,8,8,8,8,3
layerFeedCounts=2,7,7,7,7,2
layerContextCount=0,0,0,0,0,0
layerIndex=0,3,11,19,27,35
output=0.3225755622,0.0006701301,1,0.9998581127,0.9975012082,0.0000037812,0.5734677108,0.999964715,0.8904558523,0.9999998183,1,0.5133632127,0.9999029837,0.0000530274,0.0000100728,0.3062807111,0.0002970414,0.0000010962,1,0.0000481653,0.8693188905,0.3767594687,0.9923016255,0.0000027425,0.8620590944,0.0002235829,1,0,0.0592098305,0,0,1,0.0017636169,1,1,8,30,1
outputCount=2
weightIndex=0,16,72,128,184,205
weights=-7.2897196851,-14.0363858508,-12.4402092567,9.1527541601,6.5529639454,1.234280133,14.399635625,-6.7521630304,13.6702949704,-1.1852381119,15.9803960259,-0.437278802,5.3572327734,-19.8248565285,-10.1739629905,2.927334573,2.648017919,12.3898161992,-2.2009580491,-4.17449546,0.9756160337,-1.0121727105,8.5182157442,-5.1860361867,4.5719582261,2.3199643687,7.7649623533,-8.9818692881,0.9205981059,-4.8539378644,-1.4871298319,1.0417922996,4.6034622819,-12.9263747568,-1.2741804502,3.9577125748,-11.6646877788,-1.2137212607,-1.9839161621,1.6494746582,6.2226695476,-6.8686959514,-1.3104998188,-4.4407662494,5.3574534016,-1.3710958533,1.3938816841,2.3291888369,2.2556848272,10.0248084771,-3.0973384594,-4.5339259782,8.8916932514,-3.711013037,7.8579185628,-3.6518543917,-10.3588832326,9.6035596292,5.9191965111,6.8847325239,-2.6377170025,9.0165951398,-11.5121306279,-1.3845195408,-6.5771350267,16.6876197063,4.7163183289,0.0305024713,-6.3949636254,-10.2144362493,-6.2487175334,4.1727479478,-5.1956290005,4.8074510537,6.3933514099,-3.8396192468,0.2400613904,-4.6634971699,4.3287001349,1.2950542204,-9.084912685,12.0936257744,-2.1983829928,-0.6154689781,5.1677754586,-5.7566354345,3.1609503926,5.1285865489,-2.4923782461,-0.8060326757,1.3172945322,-8.4436950746,15.4478635159,-1.7746948836,-7.0972894759,0.2699962144,0.3240515932,-4.5928682563,10.8885159766,-1.3090101306,-10.9192727005,-8.1007657149,-5.830828483,-3.3317608266,1.6404112759,-2.3519561253,-5.9876434601,-0.8639649889,3.1635583568,5.5677884211,8.7297041755,-0.46155238,2.9502930295,-5.6620445837,1.489457601,-5.0237207551,-5.6748497238,1.1206772344,6.1233749233,0.2570738087,9.9004124082,0.9398727605,-2.524439417,-7.5872259849,2.3638275726,-2.9340880922,10.1148620423,-3.5341702842,-0.2731254689,15.0369312085,0.9975306918,-2.3091783232,1.8954231831,-5.3132991077,-6.8207557581,-5.8964539241,-0.0264505669,-10.3556875436,0.0595667969,-0.9906365186,-4.7766537647,-2.7677924777,6.4746640873,0.8149794513,-0.5362749383,7.8532256509,-0.4672122976,0.2317129782,0.171389249,-12.6237345605,-0.7395841995,-0.3778553374,0.5846950283,-2.526380797,-0.1055082137,-0.8459124471,8.5794827743,0.5132633118,-1.9911901348,-1.5805933483,-0.7338299058,17.429052248,-1.2137370876,1.4662520621,-13.4894121371,-7.5315643206,-1.1248951356,0.7889746876,-0.4024618927,-4.5619022466,0.1525853539,1.6729111838,1.0357519125,7.5376935427,-0.3206261383,1.3741885306,0.5509448312,0.4058081277,1.0344107125,-2.6471081811,5.9797482285,15.5907013593,-8.0415288712,-6.3952478391,-0.8786593887,-0.7238235374,0.4396237752,1.1220979286,-0.2399403334,-4.5442059704,-2.8789969797,-0.374675562,0.290341611,3.9733842986,-12.4474424986,1.1480530501,-0.2240829035,1.1031531749,-7.1308559157,0.0427481605,-0.4354153044,6.381850518,0.7213895646,1.1965760325,-8.5722757964
biasActivation=1,1,1,1,1,1
[BASIC:ACTIVATION]
"org.encog.engine.network.activation.ActivationSigmoid"
"org.encog.engine.network.activation.ActivationSigmoid"
"org.encog.engine.network.activation.ActivationSigmoid"
"org.encog.engine.network.activation.ActivationSigmoid"
"org.encog.engine.network.activation.ActivationSigmoid"
"org.encog.engine.network.activation.ActivationLinear"
