encog,BasicNetwork,java,3.4.0,1,1572781387147
[BASIC]
[BASIC:PARAMS]
[BASIC:NETWORK]
beginTraining=0
connectionLimit=0
contextTargetOffset=0,0,0,0,0,0
contextTargetSize=0,0,0,0,0,0
endTraining=5
hasContext=f
inputCount=2
layerCounts=3,8,8,8,8,3
layerFeedCounts=2,7,7,7,7,2
layerContextCount=0,0,0,0,0,0
layerIndex=0,3,11,19,27,35
output=0.4078962851,0.4565085854,1,0.0311084873,0.9985560834,0.0000036926,0.579125434,0.9754439747,0.431689348,0.8328484693,1,0.0192070791,0.9999999833,0.3100602265,0.0230682646,0.9999995336,0.3703243951,0.0195639778,1,0.0013774271,0.0000097902,0.7336747108,0.7409281712,0.7854530817,0.9999915103,0.4143306347,1,0,0.0000006074,0.0456265735,0,0.9940752136,0,1,1,8,29,1
outputCount=2
weightIndex=0,16,72,128,184,205
weights=2.8462981576,-1.3108090312,9.5147748416,5.5453835315,9.6799122897,-13.4616374918,-6.3552626804,-0.7018001615,-5.2340281158,-6.1592156183,4.9425199432,-12.0859821847,6.6957912982,11.2795742186,4.4138725503,-1.9387083694,-2.1204334537,2.1385076261,2.6060287857,2.3352233346,-6.7345594902,-4.3961204792,-0.0933743559,1.9660261361,0.9990733353,0.5629102213,3.3936680616,-5.3587646001,4.8013609465,-2.7189379103,1.5523837403,1.2033870065,-6.492533028,-9.5722969474,0.1080201461,0.0368432045,-5.9039500377,-0.9687827879,8.867793608,3.2426902673,-2.1644923688,6.015607702,6.612613332,6.1070548928,-9.0049999801,5.7295746336,-2.4142218742,-0.9156110213,3.9771471342,-0.0995278455,-2.5916775832,-4.4541255927,4.4663174996,6.6932539992,12.5671810386,-2.5794556824,7.0946183394,0.1897841187,2.0726158484,15.19170843,-4.8260733523,4.6962824874,-13.0789356579,1.7487040726,7.4404378192,6.216219648,-8.3945787379,4.3320919294,-3.6145382102,-3.8974630415,-1.2659835729,2.8323433071,-0.9594389978,5.75481678,-6.0496805156,3.811138665,0.4014724708,-0.7552585893,-1.2977577517,-1.3394844321,-4.9280031188,-4.0517324851,0.8330360964,-0.6060415537,0.7261905329,15.6627747027,-0.3046805206,1.6466451101,4.020126709,-0.5616645889,-0.742729426,-6.3356847729,2.4687880488,2.2701621483,-5.0712267751,2.3257439974,8.3741988267,-0.7247644627,3.5451482931,-11.3511896019,0.2208785936,0.4795898859,-1.6846029525,2.0968508415,-2.5547101532,-2.5341410819,1.072248655,11.4007421789,-2.7530972949,5.6005577944,5.0328980396,-0.1754429376,1.5411416797,-0.1447175383,-3.9962403003,-1.8000429125,-0.054642785,-2.3924482386,15.0507430486,-0.0679405017,-8.6807727588,8.045091669,0.0734065359,11.2147762018,-1.1752629143,-10.8262905511,3.2622438409,-1.8679642041,-0.0534505834,-8.172052041,4.1455669812,-1.1650931883,-11.5774441296,0.449058796,2.2569768576,2.4765707856,0.9389178641,-3.2848483703,2.6271577858,-1.1220430607,-12.2017689585,0.1414702695,0.9215963334,-0.4461092645,0.825166121,2.3038024484,-5.9043157329,-0.3742354957,-1.2006925615,0.9578919723,1.387317852,1.0890004625,-0.9761120933,7.1828059094,5.7287377088,-3.8875430083,14.4720097038,0.2881516789,-7.1180749441,-6.4787798972,0.9704243308,0.9305494902,2.8781544975,0.6715533569,-2.0912373431,-0.4025706783,1.6103887091,1.6348698843,-0.4726379025,0.362087547,-14.027206751,1.6027975548,5.8437924271,0.7355116932,2.5149479935,3.9925435206,-0.4060046539,-11.4645749937,13.0547703249,-2.1497620837,3.655308961,-0.5470943356,-1.7669818742,-2.8083987531,-0.9167085299,-0.7018880775,0.1047153714,2.2976561636,-0.7094541297,-12.1211439516,0.7246320818,-0.5576890642,7.3353614767,0.5501381299,-3.8854795478,0.5459490785,-1.8317891129,0.2576096575,12.3063010738,-0.9222350502,-0.9258865574,-0.9569904152,-0.0581411306,2.3382365971,-1.5080226005
biasActivation=1,1,1,1,1,1
[BASIC:ACTIVATION]
"org.encog.engine.network.activation.ActivationSigmoid"
"org.encog.engine.network.activation.ActivationSigmoid"
"org.encog.engine.network.activation.ActivationSigmoid"
"org.encog.engine.network.activation.ActivationSigmoid"
"org.encog.engine.network.activation.ActivationSigmoid"
"org.encog.engine.network.activation.ActivationLinear"
