encog,BasicNetwork,java,3.4.0,1,1572781395456
[BASIC]
[BASIC:PARAMS]
[BASIC:NETWORK]
beginTraining=0
connectionLimit=0
contextTargetOffset=0,0,0,0,0,0
contextTargetSize=0,0,0,0,0,0
endTraining=5
hasContext=f
inputCount=2
layerCounts=3,8,8,8,8,3
layerFeedCounts=2,7,7,7,7,2
layerContextCount=0,0,0,0,0,0
layerIndex=0,3,11,19,27,35
output=0.2906941953,0.1034540576,1,0.999931789,0.796103461,0.3922576904,0.0000001716,0.1832989174,0.0939945689,0.9221056977,1,0.000283142,0.1215190043,0.0046512746,0.9999621051,0.990459041,0.1505970794,0.0266189438,1,0.9457009864,0.5842764497,0.0012899498,0.1337092101,0.8084166928,0.3546440096,0.1951879003,1,1,0.4571431777,1,0.0000634742,0.9900316776,1,1,1,8,30,1
outputCount=2
weightIndex=0,16,72,128,184,205
weights=2.1979281406,1.0016705528,-5.130872036,-3.6924246409,-0.2423023334,-6.8322752164,-10.5861321592,8.5735414235,10.4629897286,-14.012845671,5.1121061578,8.871350702,-11.0835525972,-0.2496757322,-1.5487539534,0.0118987096,0.639384611,1.4609266389,-12.5540894253,2.3460378201,5.5033454682,1.0473886837,-0.2348961601,1.5252499358,2.7423028721,7.1319461037,-2.3793539957,3.2815796898,-2.560139234,0.511665912,-4.6743258104,-0.1926320314,-7.4442684554,-1.304358288,-1.3052218685,3.8068512159,-8.2336254115,-3.1934445095,0.9483450446,4.5328923359,10.0825481188,-1.3755423052,11.3974947603,-7.6436462257,1.3110564038,-3.9204875819,-3.9020828798,-8.4274578203,-9.8080182886,-3.1407869855,3.4653995353,7.435182521,-7.2332438303,10.2083808873,0.7745998319,-2.9544714568,-2.2400210838,-7.3905443037,4.1380717473,-0.9138726499,-4.2533951703,-4.2124609518,-2.0362191951,4.4289082641,-10.3911956509,-1.703415469,-1.3771631556,-3.7836812903,1.313916099,4.4552102369,7.9497626452,4.2872540405,-0.9399602896,5.8965254731,8.0793502787,-1.5320486888,-9.1434796461,1.7275180393,-10.2631764468,-1.7487958836,0.6162848224,-1.6250788524,0.2957087419,1.039622329,-0.1350409251,5.2254473152,5.4191515849,-4.552595071,3.812539146,-4.547951883,5.0197059402,2.925984477,-12.3316987179,3.7815071181,7.8848952079,0.3771071527,5.4273001339,2.9460888021,-7.3333860199,1.0659178515,2.8571195817,0.1150133101,1.3350739046,0.5825359572,-2.737024404,10.5331196968,0.1000844258,1.4874951817,1.7930695625,6.1690479492,-8.3312897117,-1.1334898179,1.6588904921,7.531653135,4.0404198801,-3.8633772944,-4.1132499634,-10.2332524305,-10.0246006429,1.7231118809,-0.0704901671,1.6332795019,-5.4951781813,1.9624573079,-10.2519612613,7.1004358938,7.7864061701,-0.4921694496,0.8731897101,-3.0421517236,0.295491765,-7.0816528441,2.272265982,0.0510113922,-0.4048163971,1.1840770124,-2.9903063714,8.5793952789,-1.6075168004,-6.1771323456,7.6887837276,-1.877702166,-2.9484989105,-1.7693813894,-1.5738695758,7.5828514464,-2.4980413367,7.4483694002,1.5194786301,-1.4731701359,-3.2055861152,-2.8724476004,-0.0772764307,-0.1981765837,1.1754008242,-1.9776079119,-4.5902649778,0.7611488342,0.0601860531,0.8472157871,-0.107983282,-15.1913284585,-0.4125779251,8.6935099956,8.3167476643,0.5898902404,-0.532058123,0.6127006951,0.8503345795,5.5622099217,1.9004234626,-10.4517431327,-10.6876787664,0.7345717875,1.9916313254,1.9634288895,4.3839883763,-11.4356154236,2.5285983791,-2.5947198774,-13.457482769,3.7111282847,3.9044231203,2.6064282052,1.0840187052,0.7669087775,0.8784945959,-0.1270703494,-0.1460821226,5.2271775081,1.0944569135,0.8477529635,-0.1319682858,1.5290591291,-0.6164927515,-3.4025043499,-0.7361183277,0.175052622,5.2356925952,1.1694328692,0.8895895451,-0.2782950561,1.1833091418,0.8931738382,-0.0689173712
biasActivation=1,1,1,1,1,1
[BASIC:ACTIVATION]
"org.encog.engine.network.activation.ActivationSigmoid"
"org.encog.engine.network.activation.ActivationSigmoid"
"org.encog.engine.network.activation.ActivationSigmoid"
"org.encog.engine.network.activation.ActivationSigmoid"
"org.encog.engine.network.activation.ActivationSigmoid"
"org.encog.engine.network.activation.ActivationLinear"
