encog,BasicNetwork,java,3.4.0,1,1572781405818
[BASIC]
[BASIC:PARAMS]
[BASIC:NETWORK]
beginTraining=0
connectionLimit=0
contextTargetOffset=0,0,0,0,0,0
contextTargetSize=0,0,0,0,0,0
endTraining=5
hasContext=f
inputCount=2
layerCounts=3,8,8,8,8,3
layerFeedCounts=2,7,7,7,7,2
layerContextCount=0,0,0,0,0,0
layerIndex=0,3,11,19,27,35
output=0.2323239823,0.0416716717,1,0.9999999827,0.0000002878,0.673898573,0.3172351428,0.0450611455,0.0507664287,0.996408838,1,0.0260752465,0.9672225678,0.1987077004,0.0004962468,0.0000076051,0.9179859839,0.9997908325,1,0.2801224233,0.0355610702,0.9968227175,0.9999999999,0.0013575338,0.999892184,0.8268845243,1,0.7949376414,0.9999999835,1,1,1,0.9855818182,0.9999288873,1,8,30,1
outputCount=2
weightIndex=0,16,72,128,184,205
weights=-0.2872634319,3.6070286593,8.235092276,-0.160665103,9.6933204546,-12.5674334656,-5.4917499921,-0.7333810276,-11.6035051676,1.1282351651,5.1399012025,-8.5262414142,7.1547348358,7.6782022522,7.1852321829,-0.1624372162,-3.8499068984,1.65324758,9.2405533066,-3.2245454276,-10.6474116341,10.1678246869,3.0230527634,2.1848740423,2.7286900578,-5.2468753204,1.2830182406,2.6714953458,10.7900682662,-5.3092566216,0.1248136344,-5.5645686211,-1.367638961,3.1409709164,1.4031293482,2.7927823311,-3.9770920036,2.2121492771,-2.4484738825,-2.1394138346,1.5871499166,1.1277885558,-5.0945471906,-0.2052941256,5.1414301979,0.3210110198,-2.4475389766,1.2660168312,3.0489690138,-1.9449946183,3.2269533365,-0.9672048985,6.425851727,-12.3036990859,8.2914194774,1.1122618703,-5.1350833988,-1.8885633137,9.9682224484,8.6397712449,-1.2242300707,-7.0250167364,0.411263921,3.0847883098,-2.2354695849,0.6640740498,-0.2606039508,-1.4808847269,-2.8462944773,-2.1624444235,5.9665884344,1.1139586362,2.0127600383,-1.779513938,2.1136320781,2.4409327906,7.4761257572,-2.474182563,-4.2464706502,-2.6936270744,2.5337251574,-5.1923940067,1.1163011356,1.5485037648,-1.9707480029,1.7235518343,-0.9903619698,-0.7034515074,8.2059202323,9.268746966,-3.2051557158,-3.9133636626,-7.9504356342,0.9829621953,4.3433192257,-1.4778107089,-1.7578962159,-2.0376649368,-7.4860153213,-1.7158777355,3.5286730042,-1.9377754708,2.264676834,2.1952047432,-1.3412958773,-2.4044321078,0.3198143435,1.2306677841,2.7493339133,-5.6440487657,-14.6300350159,4.8621453742,-4.2333581306,5.6976085311,2.0318730287,-4.7702110977,-5.7855400383,-2.6694919664,15.2139520628,-3.7597919493,1.6550381133,2.0943012559,0.934911885,12.4872431319,-2.0558665172,-3.1976402165,-3.4444420078,0.5631349819,-5.1888841079,-1.7625575425,0.1339093051,0.2473048324,0.4186888885,-4.3612665265,8.9622080552,-0.5195463854,6.3696041907,-2.9749020127,1.2590076996,5.4613810976,1.0539877178,-4.6719435963,-10.0003219602,1.4409857829,-0.4900247623,1.0870690556,-0.0242803295,8.7227308286,-2.7650477454,0.8660599369,-0.0445536263,-1.6914084739,9.229422788,-1.6084214797,-1.8535102908,-0.8612173577,-2.4208344526,8.7048200032,15.1787682805,-0.6672245046,-4.1197167011,3.584632453,0.2854264463,-5.9190964056,1.8105162759,5.7133564361,-9.0274310133,0.3085208245,4.5078510597,-1.0267691507,-1.6085812183,0.3859342383,0.8600898574,7.5186590695,-0.1421599614,-0.3272616344,19.7021178351,-1.0036939043,0.1448747011,-1.9841688732,0.258364492,-2.0219116037,-9.7624900982,0.2409298526,-0.1661933195,0.2870474208,-5.9269265174,0.6699021365,0.6555432448,-7.1061789353,0.9117628118,0.6201879234,-0.6785695775,-3.4821578495,2.9730495235,1.750290979,-1.2816487814,2.8494299837,0.8764941847,-1.0457937412,0.2507466433,5.0686927377,-3.4169913507,0.9319491727,8.9286292742
biasActivation=1,1,1,1,1,1
[BASIC:ACTIVATION]
"org.encog.engine.network.activation.ActivationSigmoid"
"org.encog.engine.network.activation.ActivationSigmoid"
"org.encog.engine.network.activation.ActivationSigmoid"
"org.encog.engine.network.activation.ActivationSigmoid"
"org.encog.engine.network.activation.ActivationSigmoid"
"org.encog.engine.network.activation.ActivationLinear"
