encog,BasicNetwork,java,3.4.0,1,1572781415209
[BASIC]
[BASIC:PARAMS]
[BASIC:NETWORK]
beginTraining=0
connectionLimit=0
contextTargetOffset=0,0,0,0,0,0
contextTargetSize=0,0,0,0,0,0
endTraining=5
hasContext=f
inputCount=2
layerCounts=3,8,8,8,8,3
layerFeedCounts=2,7,7,7,7,2
layerContextCount=0,0,0,0,0,0
layerIndex=0,3,11,19,27,35
output=0.6265038244,0.413790554,1,0.9145302728,0.1196793535,0.4875510089,0.002274945,0.709389118,0.6478607217,0.9999979421,1,0.9189817532,0.3561394865,0.2925302879,0.001444616,0.9705057534,0.3878742164,0.974572255,1,0.0000000099,0.9994134398,0.9377095265,0.001345724,0.3142641733,0.9697596323,0.048543793,1,1,0.980397003,1,0.9999999986,0.9999765608,0,0.335206633,1,8,30,1
outputCount=2
weightIndex=0,16,72,128,184,205
weights=6.9896257003,-12.109279836,-6.7083368003,7.8681384363,-2.3793465823,-5.4930168854,8.079706928,-4.0060874533,5.1114058255,4.4299319903,8.4674502685,-1.8509776182,-7.4560937427,7.3694370902,-10.0827614451,0.9205166134,1.8246958711,-1.9617388258,1.0949911787,-3.7180941844,-1.3968535357,4.4159500185,3.2366945061,-2.4344795177,4.2796044201,2.5957729664,-6.2836951402,-3.5903603839,2.2471186856,-6.9354391213,-4.7797649394,0.1580148128,1.0702557451,-4.5493609177,4.1187313389,-2.7763302073,-4.2964847156,-6.5968477538,10.1202754489,-3.7484170079,-2.9489681485,1.6949466635,-2.4206725248,-5.2322668733,-12.1600883878,7.3496196348,6.4211251369,-0.5685753497,-4.3599986699,2.9059454542,-2.1328925992,-5.9065765074,1.5962335543,-1.1369603786,2.3486285891,1.0996602334,-0.9845019575,-6.1371032429,4.0296339889,3.5469252126,1.5523348969,-0.0089738641,-0.3438166113,1.3481440722,2.5039242241,4.8000211552,-7.636238353,-5.5922087152,9.2984742799,-2.7006236347,1.2038403341,2.175229413,1.4076432104,-2.2797844907,0.5271335434,6.2083731887,1.279765013,3.4324503075,-2.9210750747,0.615350234,1.8757424669,-0.1498979995,-4.8457684564,5.6843767399,8.4548164279,1.7685309842,0.0493482819,-0.2805673442,-5.2018711826,1.3328371417,-2.5606403687,-9.1598244671,15.8094544873,-3.0047049386,8.0053999992,-2.2448345161,0.5469485688,-2.0140040386,-5.7809855178,2.3566753242,6.8411693638,0.3358688305,1.5102456801,-1.6568891699,-11.5604684973,-3.4847889783,5.2631759033,8.6878622817,-7.0401913578,2.8378250914,-0.9622817143,1.5365300268,10.1359404687,6.9535880735,-3.6936098111,-2.5416155643,-0.3785624684,-4.7999900216,-1.2524420117,0.8957907221,-4.0181824988,0.9056544055,5.0598249531,-6.9926320109,5.9910185424,-1.3984556156,0.4154749112,-2.5409667055,0.5416887862,2.4297515791,0.050591475,-0.9920718377,-18.233516948,-0.2367744998,-6.4849417642,-0.0083684531,0.1601678604,3.2247996191,0.124406735,1.6689208016,1.5228739759,-8.6081570517,-2.8970646933,1.7738463384,-1.9474847774,5.8727266823,2.3453461129,-1.2953558708,1.0830615878,6.0852976585,-1.2458354218,-2.8139012822,0.9170304868,0.78546319,0.3958349368,-0.4278346769,-11.9107413453,-2.6384677552,11.9205065182,-0.3499436861,3.5236383283,4.639090564,0.1522102705,2.6868718945,-7.9960813943,-7.9075192833,-15.7172866598,1.5733032257,1.8929751538,2.6657123906,0.9155122008,2.5491468809,-5.0948061153,1.7687498398,-4.4939642951,2.0978731969,-2.0945262372,4.0818188113,-1.426310071,-1.5573804394,-4.2350769906,-1.7967690245,11.4802438775,-1.512389677,0.8432399712,0.9545075858,0.4526490243,-0.2402991366,0.1710160239,0.7041875071,-1.9310737588,4.2600914463,0.0613898768,0.903694503,0.4350141753,0.1290896792,-2.2793171437,0.8238010257,4.1815850425,1.9524174879,-2.1111271638,4.7778138393,0.9310172377,0.2061619702,-14.3177261161
biasActivation=1,1,1,1,1,1
[BASIC:ACTIVATION]
"org.encog.engine.network.activation.ActivationSigmoid"
"org.encog.engine.network.activation.ActivationSigmoid"
"org.encog.engine.network.activation.ActivationSigmoid"
"org.encog.engine.network.activation.ActivationSigmoid"
"org.encog.engine.network.activation.ActivationSigmoid"
"org.encog.engine.network.activation.ActivationLinear"
