encog,BasicNetwork,java,3.4.0,1,1572781444569
[BASIC]
[BASIC:PARAMS]
[BASIC:NETWORK]
beginTraining=0
connectionLimit=0
contextTargetOffset=0,0,0,0,0,0
contextTargetSize=0,0,0,0,0,0
endTraining=5
hasContext=f
inputCount=2
layerCounts=3,8,8,8,8,3
layerFeedCounts=2,7,7,7,7,2
layerContextCount=0,0,0,0,0,0
layerIndex=0,3,11,19,27,35
output=0.5499981014,0.1944431689,1,0.4913616041,0.9999939161,0.0120624395,0.8701857497,0.9985099873,0.6709188274,0.4879311793,1,0.0000023344,0.9999999984,0.0000309802,0.9993445438,0.1152157247,0.9374896654,0.6484228487,1,0.999991828,0.2710982427,0.0073623827,0.999998602,0.0202307852,0.5602815831,0.4109633016,1,0.1236142331,0.901874034,0,0,0.0534404118,0,0.0000115894,1,8,30,1
outputCount=2
weightIndex=0,16,72,128,184,205
weights=4.4163766936,7.4156116344,7.0803270477,-2.1295670778,-12.8090197317,20.595170384,-6.067031216,-5.6846882613,-8.0295631362,9.1795087091,1.8551033513,-11.0719109773,-1.1849546144,-1.9817658488,8.1432597648,1.4962571152,-5.390037507,-5.5524058998,-3.5962481029,-0.3169709873,-3.8317948965,-2.0840013959,14.621249766,-1.2508035372,-1.1580115942,9.3422238725,-15.201654484,-0.6671499546,-0.0974999287,1.4019161557,-0.1140407899,2.1057141236,-0.0977545224,-2.2041002663,1.6247782779,0.0200327193,1.0454832388,-0.6817243261,-2.9869440616,0.2339636972,1.2968003111,-1.0011797814,-8.3787479329,2.8737371279,6.4759463176,-2.8513842283,0.8020634771,1.4391210318,-8.0669708679,-5.3857742713,1.365043653,10.31673087,-3.8239086201,-2.8862817861,8.4213865721,-0.7309241283,-7.3322678382,-1.6593049871,8.559745413,11.4402250881,-4.205938813,-2.6569790974,0.908200635,-6.6747432017,2.8146856424,-3.693332468,5.0655833756,-1.2445657375,-4.2350128236,1.0222883943,6.283689731,0.3437015473,-7.7230001936,1.9877565639,-0.6251733227,-8.5721892659,2.1164064916,0.0150067188,0.9171899008,2.3649213842,5.6549606415,-2.7646344745,-4.8982998697,13.9800878025,-5.8318158621,3.0124077611,-0.3209830087,-0.0333298485,1.4015697349,0.5011961517,5.551761842,-8.7816009825,-3.829299095,-5.8190682993,1.7367531026,-0.5548023272,2.4261069622,2.7648940706,6.9977805764,0.6623002353,-4.8291201486,-9.2288594808,12.4478125327,3.5929214453,-1.8771189071,3.4848518465,-2.8608441101,-3.7902467995,4.287820265,0.6047739324,-0.8160607061,2.6149142005,4.0614493128,2.6764689245,1.6133150691,-1.5534973235,-3.2555627549,-2.568556084,0.3345361797,0.8299841692,1.526443972,1.0113551898,9.9872568569,4.440125763,-3.7849550918,0.0572480802,-6.1944851844,-3.1119401749,-5.2589852373,6.6130903029,0.9444431599,-1.079518842,-5.0260190937,-1.7079557074,0.4919437821,6.669287913,-2.2379715979,-0.1767206689,-0.8172316372,-2.9355041208,1.7879362531,-4.7517326693,-0.5866432873,-0.6485740104,-3.5174141466,-2.029803833,0.0601155055,-3.9136555044,10.5456016846,0.5364856969,0.1210986684,-3.2021149222,2.9213803896,7.4124541555,0.5872767735,0.5027454438,-13.837733687,3.4339556579,-0.631348481,7.1737641946,12.6350659514,-4.2665119328,0.3149535544,-0.8336669361,-4.4233805731,-5.043856101,-0.0308694597,-1.3577416083,7.341823398,-0.2722131672,-0.4901236271,0.5919157466,-7.8546666968,0.3597788906,0.8040594299,0.0000003467,-5.956592398,-0.5119718948,0.7332611383,2.4107356065,12.0277389545,-0.3850890509,0.9809969595,0.1952904992,0.7609301591,-0.1014846696,-5.0015418605,-0.1929715461,0.1882666722,-1.8860049603,-0.7809876117,-0.6160329213,0.0183448154,1.2425750963,-4.0547689484,0.9724998834,-0.2871976123,-0.4635261998,13.3291002023,1.583429422,-1.7948268536,1.5455799732,-0.8607407299,-0.1368784405,-0.3731299286
biasActivation=1,1,1,1,1,1
[BASIC:ACTIVATION]
"org.encog.engine.network.activation.ActivationSigmoid"
"org.encog.engine.network.activation.ActivationSigmoid"
"org.encog.engine.network.activation.ActivationSigmoid"
"org.encog.engine.network.activation.ActivationSigmoid"
"org.encog.engine.network.activation.ActivationSigmoid"
"org.encog.engine.network.activation.ActivationLinear"
