encog,BasicNetwork,java,3.4.0,1,1572781479788
[BASIC]
[BASIC:PARAMS]
[BASIC:NETWORK]
beginTraining=0
connectionLimit=0
contextTargetOffset=0,0,0,0,0,0
contextTargetSize=0,0,0,0,0,0
endTraining=5
hasContext=f
inputCount=2
layerCounts=3,8,8,8,8,3
layerFeedCounts=2,7,7,7,7,2
layerContextCount=0,0,0,0,0,0
layerIndex=0,3,11,19,27,35
output=0.9421172449,0.7916646592,1,0.2689128306,0.0113325448,0.0010958605,0.0000636395,0.0005938328,0.9385574203,0.7285763074,1,0.0301560215,0.1346885499,0.2024083897,0.17974202,0.0013491559,0.9950292395,0.5998530212,1,0.00235286,0.8406706009,0.0065999735,0.001574005,0.9086650942,0.0611745696,0.3405571074,1,0.000002872,0.0740234913,0.9999999992,0.0000025782,1,1,0.0044962906,1,8,30,1
outputCount=2
weightIndex=0,16,72,128,184,205
weights=11.9091974265,5.2594738834,-13.6833272946,1.5307742557,7.3053918043,-5.5097847392,6.9202170115,-0.3325263694,3.7896149149,-4.5693439175,7.9341109063,-7.9274605826,-8.0282433919,-1.3552056777,4.1832210365,-1.4115850202,4.6160656105,1.2341820694,-7.3649765342,-5.4431576464,1.8338318657,3.2572945172,-3.7738767806,0.183713379,1.5193410572,2.744550527,0.0395040886,-0.0668866465,1.1612021647,-5.4506263608,-1.2537521421,1.2939031628,-2.0790150937,-0.7231547653,7.6794547971,1.8901452041,1.2133282836,-13.5523890449,7.2058567397,0.6117834724,1.4275630319,0.0413887592,0.9853919633,0.8032747664,1.1387387464,-9.4391841092,-1.4511589796,0.2065398891,-7.2333621565,4.8305424704,0.2504693272,3.606601885,9.7318617779,-1.7218425483,-6.8126425331,-2.773025023,1.3305239912,-2.6523908865,1.6307520946,1.0306238267,-1.5550916115,1.675007705,1.1488816374,0.1742963167,3.1837223941,6.0480618387,-4.2898813006,1.5381444667,6.0427487481,3.3786475455,-1.6904851527,-1.6873260638,3.7600101023,0.5648333165,3.9490871924,-2.5809644432,-0.1817446162,0.6074474877,-9.0691643418,-0.7598845254,0.5081674781,-2.7870762444,0.6514715109,-3.2756444709,-3.2892823589,6.217853502,-2.1925919986,3.8377335168,0.945498974,-8.4471531469,-5.1511131084,0.6969733756,-1.9107046265,-5.4863473034,3.1027937608,6.77577661,-1.698252414,-0.7891813107,-2.9779423778,-1.02619255,-2.8566306273,-5.7862152399,-1.6111625622,2.6689931767,-5.2893166676,-10.3655249114,2.1153659892,-1.169570975,2.4901160658,5.3905218169,-18.6085976602,5.8522363368,4.039420685,12.3840350552,-7.9814870217,-4.1990637172,-7.7791825906,0.9128773717,-2.8653458351,2.926728535,0.8877687387,-0.1346782391,-1.9528415348,1.2193742564,1.6179109437,5.1044808381,-11.3237658932,2.600938715,0.7462918212,9.246476713,-1.0233977031,1.7313619408,-1.9466282649,-2.6125811701,-1.2491355369,-1.1460075108,-1.2157039857,18.3386434174,1.5169362984,-8.1263189271,-1.1331030846,0.105889004,-9.8095165726,-0.1398555915,0.7628874248,-6.0106121376,-3.3823949943,7.9721955157,0.2597073836,-0.5526831552,0.1811442492,-0.8946077554,0.0053986009,-1.1068081284,0.8255680026,4.1240359883,-4.2549492528,-1.6299774495,-1.2482434924,-1.3056664119,0.2430270292,0.7481307932,4.3621840969,8.5734446652,-1.5490621178,-0.9800944603,-5.6411841942,0.4343783913,-0.1220728098,-13.789852549,-1.5314725457,4.023892215,1.0265769651,-1.4054966362,7.9013599172,0.1647304331,0.1903513366,-16.9076543087,4.2271235678,10.7185835279,-4.8472317967,2.2201541054,7.450125049,-1.0428209292,-1.0794053428,-0.1234625068,-0.4213862566,-0.6173343942,-0.2674276557,10.4350384523,-8.4631203461,3.0956820249,-4.1780014439,1.7222886199,-0.6185536715,-8.0901037262,-0.9465557261,2.3927869644,1.8744303997,-1.414631193,4.8058989112,0.1246281772,2.0444570334,-0.5013821048,-6.7141892364
biasActivation=1,1,1,1,1,1
[BASIC:ACTIVATION]
"org.encog.engine.network.activation.ActivationSigmoid"
"org.encog.engine.network.activation.ActivationSigmoid"
"org.encog.engine.network.activation.ActivationSigmoid"
"org.encog.engine.network.activation.ActivationSigmoid"
"org.encog.engine.network.activation.ActivationSigmoid"
"org.encog.engine.network.activation.ActivationLinear"
