encog,BasicNetwork,java,3.4.0,1,1572781565566
[BASIC]
[BASIC:PARAMS]
[BASIC:NETWORK]
beginTraining=0
connectionLimit=0
contextTargetOffset=0,0,0,0,0,0
contextTargetSize=0,0,0,0,0,0
endTraining=5
hasContext=f
inputCount=2
layerCounts=3,8,8,8,8,3
layerFeedCounts=2,7,7,7,7,2
layerContextCount=0,0,0,0,0,0
layerIndex=0,3,11,19,27,35
output=0.548386814,0.3999994771,1,0.0061079973,1,0.0018586628,0.9999910142,0.0000853096,0.9977439262,0.9994773271,1,0.9999978311,0.0001799745,0.0185967914,0.0000000475,1,1,0.9999992238,1,0.0000000058,1,0.2347689021,0.5827953634,0.0013075199,0.9999999351,0,1,1,0.0012619814,0,0.9999999994,0.00000023,0.9999207066,0,1,8,30,1
outputCount=2
weightIndex=0,16,72,128,184,205
weights=-2.4766176703,20.3451093171,-31.5998469715,-17.9924112972,14.6947416339,-14.8351798371,10.2894434266,2.4315473704,-9.3488757313,5.2469975096,23.5931507922,6.3946457391,-10.0603248285,14.2094372452,-16.2190931709,-9.9997074509,-20.467909521,-5.2322314603,17.3266099974,6.2419531946,-20.7459764,-5.9060254366,26.2308814447,15.4756982957,2.4597051903,-2.9122903052,-3.2746707882,0.0800924324,-0.8216404449,25.5226692281,1.4388505786,-2.4707909413,12.489452833,-2.5873773299,7.0770485486,-4.3085331526,-5.360947498,-3.3358973833,-15.3458805631,5.1361056494,0.0271590529,5.1253228733,-16.8258492291,-3.5864000659,-0.1312694781,-1.8480775433,15.6796774106,-1.7956344176,-4.4065139209,9.1562499486,1.3194703091,-19.7282325328,-7.5114191098,-1.2728462696,3.431629021,0.3638198561,-27.1223751144,-1.0842695159,0.210335464,-7.2959835473,-1.9441824532,3.8745424209,30.1962603188,1.0838739842,3.1402962662,-6.0461968269,-3.9241424593,1.4815239347,4.84135178,-0.6084882902,-5.1547658355,5.4117054352,-4.7007048554,13.3068472547,-2.2389717292,-11.1599504175,-5.4886434954,9.0914144502,9.9446995233,-2.320165885,1.7915406235,-2.4173108924,11.6145699995,-9.1929859667,11.0154492866,-5.3442245506,3.4667830855,1.7555066071,1.3580035142,-0.7256644257,17.9678476413,-8.4231946174,10.172110554,-2.8754458656,2.5758476325,0.312522434,-7.4670839153,3.2984424675,17.1693100346,-9.4075107142,-17.5971055851,-24.2364016602,-3.0312171729,5.5504660708,-16.8892827707,11.2886701486,3.8791134651,17.8942934364,2.9872840717,12.681708176,-15.6292617325,6.4084799895,-15.7429019133,26.7529574164,2.4638764545,-5.6507445333,1.2886569447,5.383608461,-5.727923076,5.2369140696,-19.1449725232,5.2034202806,-11.8372843801,5.3454348469,-1.3123579664,10.7645190353,-6.8342285663,-2.2336358653,-4.4571736514,33.3053516601,-4.5952807454,-15.5347344317,0.7791582941,15.8365780958,-0.6614335642,-14.8557894797,-3.8707031491,-19.8937616513,-0.3324661641,8.6727699724,0.4571703995,15.5185512697,-0.4759070885,8.9522164668,0.2237963678,29.6862628678,0.6384611031,0.1929284071,-0.177278647,-2.5153862078,0.9192797246,0.8794222658,1.8760554713,-17.043129365,2.1671764362,7.4200588253,0.9064221042,-15.656016219,-0.2267114865,6.7144276932,3.982872705,15.168611577,-0.7516832505,3.9098731934,0.50835,-17.0705807068,0.4398990416,2.5190238478,-0.6365221641,-25.5091939415,1.2942103847,0.635996749,-0.9039182201,15.7912034693,0.0423639567,0.7928231096,-6.1793271593,34.2099566354,-2.5648702778,-7.175274336,0.6869565204,-9.657399198,-0.0711927234,-7.2273626907,-0.4850473064,0.9343425509,-0.258980797,3.1597737823,-0.2261895998,-25.1663117267,0.9614037623,-4.6077142048,-0.9705835464,0.9058364036,0.4440945662,0.6833829298,-0.7741856648,-0.2774221937,-0.7690393026,-1.7660357062,0.5406800923,7.3501587594,-0.7837815268,-0.8755703423,-0.2769582688
biasActivation=1,1,1,1,1,1
[BASIC:ACTIVATION]
"org.encog.engine.network.activation.ActivationSigmoid"
"org.encog.engine.network.activation.ActivationSigmoid"
"org.encog.engine.network.activation.ActivationSigmoid"
"org.encog.engine.network.activation.ActivationSigmoid"
"org.encog.engine.network.activation.ActivationSigmoid"
"org.encog.engine.network.activation.ActivationLinear"
