encog,BasicNetwork,java,3.4.0,1,1572781598443
[BASIC]
[BASIC:PARAMS]
[BASIC:NETWORK]
beginTraining=0
connectionLimit=0
contextTargetOffset=0,0,0,0,0,0
contextTargetSize=0,0,0,0,0,0
endTraining=5
hasContext=f
inputCount=2
layerCounts=3,8,8,8,8,3
layerFeedCounts=2,7,7,7,7,2
layerContextCount=0,0,0,0,0,0
layerIndex=0,3,11,19,27,35
output=0.0405480598,0.000383005,1,0.8000386644,0.1400840187,0.0097515783,0.1031890705,0.9999999999,0.0000007092,0.0000101984,1,0.9988767835,0.4139046146,0.0006943514,0.9999579253,0.9985940663,0.3278702318,0.9860751658,1,0.0001451927,0.0017559873,0.3552463683,0.9859255696,0.0017080141,0,0.3928742455,1,0,0.2601986387,0.7487280677,0,0.9996474567,0.9979960723,1,1,8,30,1
outputCount=2
weightIndex=0,16,72,128,184,205
weights=-9.66117937,-2.4713487012,-9.6429503803,1.4793045639,6.6411401956,-1.0891133207,14.8909009644,-1.7882661594,6.3033653917,8.7493855069,-0.7564689118,9.0132991129,-12.2812810067,8.0558883947,-0.9289161409,-2.7770769685,-2.2661362651,-6.6731601921,0.7049512333,3.7410887787,0.7046222929,-7.9995138,4.4415315484,0.2102447196,2.9171834976,8.6682174504,7.4286139213,-3.6049897765,2.5488482581,-4.0911115384,-8.4295707617,2.3916449731,-0.3780185583,4.3832160333,0.5190643121,-3.4246692558,5.5676246919,5.7401025849,-7.779039767,-2.4040891452,1.5457971114,-6.3458186329,3.4011559493,3.7169123529,1.50172369,-1.0462914185,-8.3681573971,2.2961707258,4.4004018544,3.8079230284,-8.0206072677,9.7368321911,3.5402630685,-5.1480141807,3.6273183023,2.2153210155,-6.8776136764,2.7667981002,0.187778211,-1.1408011032,-1.6307144918,-3.3366186079,-6.523462122,1.861155525,1.4040290656,3.7472972461,2.5583891516,-9.4534957898,4.1545267395,3.6975104123,-9.4430225569,-1.0448875586,-1.499595565,0.0215297876,-0.0777788667,10.1542023773,0.9314063487,-6.2585946258,-7.9787816003,-0.059975266,-0.8556640707,-3.0166390012,-2.3544548916,-6.4527469864,-5.6514106637,1.4341511134,12.6681455314,1.8885787835,8.449538989,-1.8233289841,1.2375518152,-2.0250039452,1.2474705014,-4.1870608888,-4.8481826892,-3.8104000611,-9.8296493381,-1.7520217849,4.5971393905,3.6986099444,-0.571359556,8.0593798629,1.1859812201,4.3358887628,-3.2567631525,-1.6300955248,2.2036429524,6.6332818936,2.7624889968,-2.8400703829,-1.0359706983,-0.3514885154,5.5101379915,-6.0403580422,-1.3477348921,-4.181828669,1.9247486725,-9.9190513151,-2.2358267532,4.7688342156,3.7842784018,2.4220271941,1.4229740174,7.5031385276,-9.7295881805,9.038350466,-4.7179539395,-1.7776054052,1.4667663096,6.0948737826,0.8874542493,0.6150644472,-10.3171429537,0.4505476703,-0.8287251513,-0.3950572716,-0.2650758386,4.0558484608,0.0284725909,-0.0909104114,-5.1776224129,-1.3658729847,-2.2547474526,1.3740694615,-3.2701508482,-3.8357214168,-0.0462537903,0.001956756,-2.6080918987,0.3828425222,1.7193211986,0.94240017,5.3226003804,-11.3382787882,5.6907394154,-0.2535704622,-7.0056736654,2.2340468513,3.2668925534,4.4453508657,4.4621423045,1.1765579387,4.8047533692,-0.0128238146,-4.3296561255,-6.4222526604,1.1012338251,-0.6380280829,-3.2679473972,9.7996385646,-8.6321112281,-0.3015586409,-13.7657758382,-1.9924033008,-2.1689357632,-5.5902401536,-6.214465832,8.2832796309,-6.8441826362,-0.986172549,9.4314569427,-0.8575864019,-1.4888855344,-4.549491363,0.8228472478,-1.6690663229,-0.7311948872,-0.573948103,-0.1660643347,8.5285784786,-0.2929393851,0.1884399298,-2.2178427054,-1.0294450746,-2.2079483581,-0.1141062077,-2.2021105669,0.5304411098,9.65363566,-8.9074786697,2.5984793399,-0.4839105794,-1.1264788819,3.9151065289,-1.6795605541
biasActivation=1,1,1,1,1,1
[BASIC:ACTIVATION]
"org.encog.engine.network.activation.ActivationSigmoid"
"org.encog.engine.network.activation.ActivationSigmoid"
"org.encog.engine.network.activation.ActivationSigmoid"
"org.encog.engine.network.activation.ActivationSigmoid"
"org.encog.engine.network.activation.ActivationSigmoid"
"org.encog.engine.network.activation.ActivationLinear"
