encog,BasicNetwork,java,3.4.0,1,1572781609491
[BASIC]
[BASIC:PARAMS]
[BASIC:NETWORK]
beginTraining=0
connectionLimit=0
contextTargetOffset=0,0,0,0,0,0
contextTargetSize=0,0,0,0,0,0
endTraining=5
hasContext=f
inputCount=2
layerCounts=3,8,8,8,8,3
layerFeedCounts=2,7,7,7,7,2
layerContextCount=0,0,0,0,0,0
layerIndex=0,3,11,19,27,35
output=0.5384614651,0.2765948998,1,0.9795258229,0.9990207396,0.0194842205,0.2713171152,0.9966703163,0.9312788996,0.9947584868,1,0.0469025446,0.9999999997,0.868573997,0.999994245,0.0001146508,0.7716337227,0.0000045882,1,0.9999989222,0.9669185653,0.9294278948,0.4712532863,0.0060150579,0.0000067477,0.9999932816,1,0,0,1,0.0000000002,0.0007458163,0.2146855688,0.0000000128,1,8,30,1
outputCount=2
weightIndex=0,16,72,128,184,205
weights=-2.1941192713,-10.9333539393,-0.0962507446,-12.9111149602,-0.6615459628,17.9216066249,2.4771317162,-1.7639426272,-18.6158732398,5.5701178137,-28.4315930179,14.1656543921,-0.7359195356,1.7585856095,9.2248872063,-1.6615664623,-6.6882212941,-7.0460343141,13.8007092142,2.1289922792,-1.2106692514,-6.9912060259,-1.9743138486,2.5065140738,-10.1115659133,11.803040874,-0.12141676,5.2753077729,5.0967317147,-11.7221630726,6.8794045692,-0.526267065,-8.5740744438,3.747779741,-14.326071948,-1.0922429255,0.480913833,1.3639433539,1.6893605453,5.2188550016,-0.0917833397,5.949409041,-0.8436767589,4.9208623939,3.848274912,-6.4588952608,18.4456458721,-6.137717325,1.3729713176,1.5896968073,1.441384746,1.0584606231,0.8167034401,0.7342693165,0.7643279422,1.1703621264,-1.4972820914,7.6824824638,1.9717320786,3.2868083374,4.446876012,-6.4541066658,6.8535162202,-5.0254731736,2.9337646679,4.2950432463,-0.4789416204,-2.6085142152,2.2275055975,0.5844257564,-12.0072464073,3.3865779896,-1.8640993296,6.4706684646,-14.6001915789,14.1188808679,-5.0939715284,-3.1658561663,-1.7155391082,1.2582884147,5.4486440121,4.8864784278,-0.735160701,3.0172322111,0.9898746044,-14.8960909003,4.4034332947,6.6702967249,15.1444749041,-15.143972458,10.5664846177,-10.9201646697,3.0809686687,-3.2534817442,-0.5976254462,-2.7085725406,-3.0120557082,-3.5100664702,17.2932736725,4.7519197338,-4.8891508474,-2.005152222,1.8204106942,-1.6317493827,0.5570275896,-3.0808906369,-0.440264893,0.9155926401,-0.2333724019,3.7811425083,-8.3363581504,1.663837271,-5.673257446,5.8618353936,3.6692940721,4.3414112888,-0.5979552997,4.395000796,-5.9586936236,1.7288650963,-15.580884184,7.7495976431,-10.7058987789,2.9427636188,2.4790267089,0.5792004891,9.4687620275,-5.1244294673,-1.5746352117,0.8005728628,9.707279364,0.65795955,-18.1779758621,-23.4796894256,-0.347522232,9.0876213156,1.123502137,2.1578468638,-2.5823758282,-0.3006645192,-4.6030338199,11.2549944901,0.7006035212,3.5446659825,0.0592043621,-1.2936892951,4.3690074866,0.3220421772,-3.8191671516,-17.4016853535,-0.1484358836,1.9476659055,1.0122700898,-5.5638231385,-1.2974373168,-0.739719965,18.9448694096,5.3292048191,0.2401996785,0.0240907507,-0.0395991231,7.7918467263,-4.263900979,0.0091394713,-2.0891257449,0.5479582321,0.1542779169,-0.9596357203,1.1391912716,7.8429896011,-6.2287142832,-0.7605432631,11.6121899035,-11.5626177785,-0.9902533061,-3.2039189479,-0.002376476,-1.631650199,5.1631311451,0.6942282197,-15.5154955423,1.2523789618,1.0699983882,6.4902217391,-0.6424843075,-1.8820739823,0.7481810261,0.921201119,-1.7521370306,2.9141686404,-0.2078199239,1.9712537579,1.1360392997,-1.0266417079,-0.501266841,0.9639239123,0.4944503831,-0.5754919541,6.1088704287,1.100883702,0.1552528495,-14.7615648012,-0.5987171082,-0.4580452063,0.3573879527
biasActivation=1,1,1,1,1,1
[BASIC:ACTIVATION]
"org.encog.engine.network.activation.ActivationSigmoid"
"org.encog.engine.network.activation.ActivationSigmoid"
"org.encog.engine.network.activation.ActivationSigmoid"
"org.encog.engine.network.activation.ActivationSigmoid"
"org.encog.engine.network.activation.ActivationSigmoid"
"org.encog.engine.network.activation.ActivationLinear"
