encog,BasicNetwork,java,3.4.0,1,1572781667209
[BASIC]
[BASIC:PARAMS]
[BASIC:NETWORK]
beginTraining=0
connectionLimit=0
contextTargetOffset=0,0,0,0,0,0
contextTargetSize=0,0,0,0,0,0
endTraining=5
hasContext=f
inputCount=2
layerCounts=3,8,8,8,8,3
layerFeedCounts=2,7,7,7,7,2
layerContextCount=0,0,0,0,0,0
layerIndex=0,3,11,19,27,35
output=0.314271242,0.2727225117,1,0.9999998414,0.0002007141,0.7766234048,0.9995097113,0.9212674796,0.9999996436,0.0165947714,1,0.001653659,0.9118193547,0.2360451206,0.0000006686,0.1230271294,0.9999995747,0.9999999931,1,0.0142799011,0.9995208953,0.9993811374,0.9994278148,0.2102225616,0.9999999854,0.0000025853,1,1,0,0.9999999997,0.9871058954,0,1,0.0003426688,1,8,30,1
outputCount=2
weightIndex=0,16,72,128,184,205
weights=4.7513987713,-4.3709690982,-16.0146394207,-17.1210573434,-0.7868661734,18.527872205,-12.2155692265,6.4190236553,14.8439819053,20.5609047954,6.0534936059,-7.7055595359,-9.4452615659,-1.6650650979,-14.7424323175,-2.2171387825,2.3930666389,18.3989121208,-4.9346946402,-1.6627005991,-10.2852485716,-0.6347362184,-1.2648421709,3.2064861898,11.1972245696,-15.7052972102,2.3736972918,-3.032086687,6.939489226,-1.6790283923,-0.9036723331,6.9571059516,-0.4597106807,10.1105277312,-2.6502480838,-7.9826420202,13.5796030365,-3.441536192,-1.7697056952,-3.8059539299,-0.6785577142,7.001839556,-9.1592323702,-1.129822791,-4.8624106304,1.206540866,-2.6558784494,5.4462744867,-3.2691925602,1.9215760835,0.8595910505,-3.6481894572,2.8061140248,2.0380290295,-0.0103925022,-1.8627936545,-0.3262454072,16.0555904187,4.3331965079,-2.151234957,5.6855941529,-3.6302819787,2.1626204185,-0.0465817399,2.5962313072,-21.2910383645,11.0024014705,7.0473341734,12.1304748799,2.432535098,11.4919615978,-2.6865869992,-0.604387748,-3.3382576509,-2.2386959201,2.5740361696,7.9888140834,-5.2455461004,0.7150097695,0.1730413925,-0.3387886427,-0.7080438227,5.9210887544,-10.1643484116,12.8409524907,6.3428421732,-2.4268696983,-1.7525887641,-0.8365356186,3.9844487369,-0.2432955755,-8.9291057273,-4.9201341545,2.4884018273,-1.9964094156,2.567988334,-0.7090549672,-2.7405947766,1.2133235266,-5.1138512928,4.5051098278,-11.4640205599,4.358754575,2.9466334825,0.5827793353,-6.4645022724,8.4661357053,3.0899947619,-6.0408683666,-4.4824798631,11.3560931085,-1.3077338777,-0.6355634776,-0.0269131118,0.0050790871,8.6021084708,-10.7276723835,7.4373579981,0.8800489552,0.9219183853,0.1851396506,3.8736548396,2.8579256415,0.9711478133,-6.200707522,13.3192908079,-4.2496995312,-0.9186760525,-1.0660406846,-0.101100964,-0.7361145686,-0.6042651708,0.0399078588,-0.98492604,-0.5373585659,-0.8507802655,0.8169169658,0.5212568102,0.6333195975,4.3844966799,-4.2613279704,0.6709188268,-2.0381058802,1.194692648,1.3680415771,0.2025245023,1.0204922884,2.8613628257,2.2763545261,0.9673116825,-14.7861177725,1.2117613739,-3.2525095201,-0.4489521391,-1.6002351997,16.2514746257,2.9107978708,-2.3715399334,4.9501364878,-1.3538624866,5.1716359767,0.1705597779,3.1170280293,-18.0813725913,-1.230771754,4.2942148696,-17.7294086037,3.9478415262,-0.6996948682,0.086125933,0.3638465199,16.9158123844,0.4509931214,0.6673743431,-1.8184756712,1.0166876029,-1.0744187411,0.6917148655,-0.6918981848,-10.8001195257,1.5326046853,0.0195135304,13.5171614155,-0.4626172218,-0.6032575918,3.8766762143,1.4225488011,1.3596266695,-3.2488552796,0.6824954746,0.6515230696,0.569378073,-0.3062279603,-0.021440348,0.5620743295,-12.3526999792,1.652872437,-1.8356606713,-2.9053559054,1.2288805284,0.9792919419,-0.6293196146,3.2515947012,-0.3590736952,-23.2189501449
biasActivation=1,1,1,1,1,1
[BASIC:ACTIVATION]
"org.encog.engine.network.activation.ActivationSigmoid"
"org.encog.engine.network.activation.ActivationSigmoid"
"org.encog.engine.network.activation.ActivationSigmoid"
"org.encog.engine.network.activation.ActivationSigmoid"
"org.encog.engine.network.activation.ActivationSigmoid"
"org.encog.engine.network.activation.ActivationLinear"
