encog,BasicNetwork,java,3.4.0,1,1572781681099
[BASIC]
[BASIC:PARAMS]
[BASIC:NETWORK]
beginTraining=0
connectionLimit=0
contextTargetOffset=0,0,0,0,0,0
contextTargetSize=0,0,0,0,0,0
endTraining=5
hasContext=f
inputCount=2
layerCounts=3,8,8,8,8,3
layerFeedCounts=2,7,7,7,7,2
layerContextCount=0,0,0,0,0,0
layerIndex=0,3,11,19,27,35
output=0.701299058,0.5696210261,1,0.6914282768,0.0017767679,0.9999999999,1,0.0333001666,0.999119489,0.1376698105,1,0.7077560442,0.9192309626,0.8491080207,0.9998136818,0.2835878841,0.9999193261,0.999996826,1,0.0000913927,0.9240566964,0.9286321513,0.7029972559,0.9930385018,0.8172387501,0.9748605783,1,0.0011472164,0,0.0000000001,0.9999999982,0,0,0.5037092623,1,8,30,1
outputCount=2
weightIndex=0,16,72,128,184,205
weights=-10.0600404391,3.2156026996,16.7575501332,9.122408062,-11.3479191663,-11.8169347933,3.4765363423,-6.3705802623,0.6497913306,-2.4629570861,10.7058879625,-8.3585096458,24.255876542,-9.0518838817,-19.7781645866,8.4470638436,8.0485553698,-10.1289929731,-8.2526445281,-2.1640060478,-4.5260600905,14.6496506608,4.7267509277,-4.499404054,-14.72842152,9.6433510742,-9.9610521215,6.3854927275,-0.77117104,0.2494015626,-6.6130761626,3.8845562099,-6.0316507178,6.7316184002,19.5672964932,-0.8973912137,-3.5124190927,-7.3883790429,15.4750143772,-1.8394038732,-5.2579895007,5.0004909923,0.6237790403,4.7451822287,-3.7291731769,-1.7540680945,19.2900520554,2.4933186841,-8.2529632925,3.1194642074,11.4393309433,-9.209260497,-0.3200446347,1.1242869112,4.0875833104,-6.0214378474,-4.4843213307,5.7690932862,1.2743732632,1.842549758,-2.973400881,-3.4889137485,4.5757486416,1.7366351582,3.7209974696,-7.2751452491,2.1982292356,-0.2679334588,-8.6182535227,2.133302679,-1.0209997459,1.9524478848,4.446101588,2.2046406356,16.0503127176,-5.7565066152,0.6943026916,-4.1807709526,-9.8281003043,0.2971094574,-7.9349614427,4.6898590248,-4.2159749754,3.8750389399,-0.9976465621,-0.2868102999,9.1006365721,-8.3568364451,-18.9250050412,-11.2256108464,9.6963732984,4.7436781846,-9.799078424,10.9630843446,0.8746547649,-0.3179657024,7.2180323566,5.7394560176,-3.2930616313,-5.9877230753,11.4303690944,3.3234100321,-1.8971167738,-1.666370015,1.3154430034,4.0750957634,1.8051489777,4.0131514016,3.2145764913,-5.4581838117,-7.6331302194,-0.4803482294,-13.8540946546,16.2788691744,7.1002029483,-7.1916750102,4.844085129,-8.7078219699,-4.6746586046,-0.2909186237,-14.7912157314,-4.1226419175,2.2220675433,11.4691524717,-0.7105815966,7.2534339409,8.0120975514,-6.6876846479,14.5970501431,0.3947801986,0.7647376125,-0.1420681358,-0.3092812896,0.77409203,11.9010806201,-15.1696160287,1.3864685298,0.5209204241,-0.5454591558,-2.829679296,-2.2602406512,0.7733394167,19.6632275266,-4.577674747,14.4442157621,0.1016308127,0.4954413927,4.2721786785,0.2994130646,-0.1015405216,-11.9827016577,4.3129137288,-10.7182706937,-1.1256622762,0.5221574689,3.8283431832,-3.6377814451,-0.3664318922,-12.7491180312,3.4674134486,-4.5032163767,0.7989817331,-0.0252870424,-1.4454922944,-1.8708367901,-0.5646154002,15.4560504253,-1.3743225807,-7.8232515459,-1.403243643,-0.2753123202,9.7751391394,1.8121480389,0.9188220739,-9.2779677287,-3.5950152547,-21.9385248033,-1.3493536068,0.045166976,2.5266640952,-0.6263054537,0.9845638939,-2.3918860191,2.361176551,1.1683150651,-0.3459525418,-5.7372131835,-0.3067315442,-2.4455518951,-1.0482022771,-0.9287185471,-0.4916298643,-0.9554960576,0.747632071,0.7455047918,-8.2244267007,1.3544484681,-3.3958915962,0.4665991707,-0.984752252,-0.8057809786,-0.8682815614,0.5464757633,0.1465097562,-8.7522614698
biasActivation=1,1,1,1,1,1
[BASIC:ACTIVATION]
"org.encog.engine.network.activation.ActivationSigmoid"
"org.encog.engine.network.activation.ActivationSigmoid"
"org.encog.engine.network.activation.ActivationSigmoid"
"org.encog.engine.network.activation.ActivationSigmoid"
"org.encog.engine.network.activation.ActivationSigmoid"
"org.encog.engine.network.activation.ActivationLinear"
