encog,BasicNetwork,java,3.4.0,1,1572781690236
[BASIC]
[BASIC:PARAMS]
[BASIC:NETWORK]
beginTraining=0
connectionLimit=0
contextTargetOffset=0,0,0,0,0,0
contextTargetSize=0,0,0,0,0,0
endTraining=5
hasContext=f
inputCount=2
layerCounts=3,8,8,8,8,3
layerFeedCounts=2,7,7,7,7,2
layerContextCount=0,0,0,0,0,0
layerIndex=0,3,11,19,27,35
output=0.0001745259,0.0002892844,1,0.9982807999,0.2870725967,1,0.9718567312,0.4450183455,0.999998854,0.261067288,1,0.9967549668,0.9970682627,0.0000123404,0.9991775888,0.0030235764,0.9973476532,0.0055308949,1,0.0550239854,0.8939842413,0.0516250748,0.0000751035,0.4530825941,0.0000552343,0.0001895596,1,0.9825306743,0,0.9999999995,0.4895219458,0.0000020897,0.0158026251,0,1,8,30,1
outputCount=2
weightIndex=0,16,72,128,184,205
weights=0.6896192986,0.955238324,6.2739558138,-7.7543216096,-2.8579568553,-10.004086443,1.7767989095,2.4582684845,-6.3025181426,9.6651257969,-12.5266705147,0.9296464436,6.1912394765,5.518254407,6.7578332925,-3.0452459786,-3.3659186164,2.4120103289,0.0703984216,0.2723842552,-6.0284230992,1.7549017265,-1.4779555618,5.3182261866,-8.6372773996,-0.1535847382,5.8888491136,2.9709893502,0.1864792122,5.0169479872,2.8801465538,-0.1360144159,3.4136570995,2.0621746951,-4.3966982215,6.862617364,-4.0534669936,4.3992765784,-8.5413246401,7.9147006937,1.2793565882,1.4543405817,11.9584300371,7.7831206544,-0.4644577677,-1.2348936283,-1.8632855974,-5.7169207573,-0.5515489683,-1.1618686834,1.5317059472,-0.3096486372,-2.7333197531,0.339082745,-3.2337696657,1.4847437504,7.1695887997,9.9847674694,-7.7144473925,0.7399497424,8.8458354817,-2.0694372413,-11.6838971892,-2.0600160293,7.4778365811,-1.1357950021,-2.4529706701,-7.7473226002,3.9469644982,-4.2356623184,7.9222332192,4.5481239859,-1.2047517448,10.1392168081,-5.898463095,10.8719976298,3.4405715282,2.169582739,1.866528835,-4.5262750652,-2.0197612254,2.9304218478,-0.3308970809,-2.9374245666,8.1509884697,-6.386735465,3.5514990529,-0.3554798571,-9.6644752894,-2.0637641427,-4.7332553216,12.7439055965,-4.3440119117,3.2356440256,4.1318574914,-6.7152397111,-3.9790209468,9.1962436902,-4.3058001825,0.4349184396,3.0671229524,-7.553573515,2.5540282618,-2.0673803854,-6.7450137829,-2.5161856393,4.5936282985,1.7811791732,-10.0592770764,-2.023703659,-12.7879551935,1.1452201261,-1.1217132959,4.140749767,1.0355805518,-6.2905536358,-0.9631340721,-3.3645779931,3.3580320226,2.6725497629,-2.0807447432,-7.1202989771,-1.5492225769,13.7239187355,7.1863589611,-1.620027894,-11.2317964877,-1.8867810221,-2.9104998983,-0.4102130049,2.1521966428,-10.0884032116,-0.1365408869,-1.5847737758,0.3662787774,2.8276070707,6.8319434438,3.7310544735,0.3621846914,-10.2757161425,-0.0352992142,11.7276606228,0.5894555097,-0.0978174815,-3.1964737928,-0.8534277914,-0.9088326525,5.3182203738,-0.9248268076,4.713731555,-0.6619276307,-1.5391491979,-2.783084464,-0.1442438304,-5.9982291963,9.4874825845,0.6987804819,11.793868324,0.1977842429,-5.5945796413,0.5192100799,-0.3858644185,1.4433909054,-10.1581548522,0.0871066656,-12.7112533278,-0.1228786021,3.0317566233,-1.2614044701,-1.0974377696,-3.0738396783,-4.3221852541,-0.5732882045,10.565260029,0.4887717617,-3.5418158574,1.9848638957,-2.1317684577,-9.1898603773,13.0104521854,0.7049250149,5.8549603748,2.0418170061,-7.7923740146,-5.2316905733,1.6068448131,-2.3221347689,0.6898490795,-4.6709665783,1.9389659732,0.9454189067,0.4608299596,0.1159645297,-0.8864981517,-0.1556513889,11.7196085275,-0.7857196393,-0.2317210324,0.1588799949,0.7943569694,-0.2914716802,-1.7423557365,0.9901021062,-3.0753698956,0.989938452
biasActivation=1,1,1,1,1,1
[BASIC:ACTIVATION]
"org.encog.engine.network.activation.ActivationSigmoid"
"org.encog.engine.network.activation.ActivationSigmoid"
"org.encog.engine.network.activation.ActivationSigmoid"
"org.encog.engine.network.activation.ActivationSigmoid"
"org.encog.engine.network.activation.ActivationSigmoid"
"org.encog.engine.network.activation.ActivationLinear"
