encog,BasicNetwork,java,3.4.0,1,1572781702859
[BASIC]
[BASIC:PARAMS]
[BASIC:NETWORK]
beginTraining=0
connectionLimit=0
contextTargetOffset=0,0,0,0,0,0
contextTargetSize=0,0,0,0,0,0
endTraining=5
hasContext=f
inputCount=2
layerCounts=3,8,8,8,8,3
layerFeedCounts=2,7,7,7,7,2
layerContextCount=0,0,0,0,0,0
layerIndex=0,3,11,19,27,35
output=0.0738707456,0.0000065837,1,0.0419322872,1,0.0127508709,0.9995671626,0.0133880456,0.0000029271,0.0803141025,1,0.7273263891,0.0016945805,0.350505973,0.9999521003,0.0512330952,0.0218162186,0.9995019118,1,0.9855605056,0.0000505885,0.0009659107,0.999999998,0.0000379666,0.9674597755,0.0481302781,1,0,0,0,1,0.9999982407,0.0062229096,0.9999186477,1,8,30,1
outputCount=2
weightIndex=0,16,72,128,184,205
weights=-0.1693127253,-6.1696202489,8.5012628724,7.5062506365,-7.5963412506,-1.1851253078,14.1580200628,-4.9987622029,-8.1546967284,-4.8274374668,11.4360276591,-15.2423440372,-8.2574455371,9.4657400804,3.1636658755,8.1848412418,0.2327113566,-0.0399408601,-6.2454661898,-7.0233153645,1.488528271,11.5146276087,1.0212736438,4.5657678723,9.767776234,-2.956570734,3.2204655819,8.6349598155,-0.621644633,-8.940711848,7.3884974891,0.6088086926,-1.9507689282,-3.0306785999,-2.8316960902,-2.0189050271,5.0695688885,4.6159970968,-4.748505161,4.4717000002,-10.4148960585,-14.7082207672,-2.0106177729,6.0462893446,-4.5347881165,4.319176744,6.8897614301,3.255175786,3.0867991401,3.3351649795,-0.8311502323,-2.5192494299,4.5990566363,-2.7413014887,-5.9468953701,2.0278893002,-5.3490620513,3.4263265202,-2.1421556529,-6.070680469,0.3031655575,1.0975229365,2.9458005536,-5.019353845,5.0600254923,-5.0229019557,10.0137253973,-2.832225862,5.582498403,-2.1527490673,-4.9022236421,-2.1269076158,5.6680302484,-2.2850099185,1.5048040478,8.0539160189,3.0769332557,-13.7880707096,-15.2753636298,1.4141536147,5.48831615,-5.3451686424,3.6092664029,-12.8109618887,6.5388890136,-1.1396544702,8.8450628666,1.6966606179,-0.1934039648,-8.8931744307,2.7262583493,3.7650188542,1.2399197644,-6.5082847127,12.0060768349,1.5251939157,1.4432308889,-8.4754124865,-0.8327150805,4.1337208523,-3.8361913483,3.4355767448,0.9678256093,1.0212559912,-11.6956184622,0.5160374496,-3.4166727607,1.5728039473,-5.277919204,-0.3501465429,14.3416236298,6.6871191105,0.2455747442,6.8091983684,1.7610920514,-7.1944097608,-0.3672435631,5.4023811594,3.6930320064,-2.2570276286,-8.0483798291,-1.2243463088,1.2638780479,5.6324602285,-1.3434584161,9.3574225461,6.885822787,0.5184859989,-0.3026354915,0.4087726882,-0.122412345,-1.6365665596,-0.9628692886,14.9648234289,6.027545749,0.7024974209,-3.3377331307,-5.7571715659,2.0795194884,5.9541387542,-6.4383327577,17.3120225508,-1.1220674221,-8.393307435,4.7975940827,0.7751012941,0.3535662873,-3.0203631022,-3.4297571627,-0.2376853055,-0.176990381,-0.3129035088,11.6904340268,2.3280070574,-2.2994456584,3.9979975423,4.0165230027,-21.177152495,1.9272620353,10.2095713215,4.4839765363,1.3351386128,-5.3106121546,-7.0486225717,-2.1749762665,0.3907682615,-0.7862378493,-0.1714296568,1.3834947161,0.5987031498,0.5984684118,-4.2376350734,-0.0555697266,5.0518657518,8.1790796864,-0.5244500553,4.9939941809,-2.6798870693,1.1861202793,-12.4325991896,6.7576903224,-17.9191332459,-6.2694929566,9.0708961036,3.4994673886,-3.4139284984,0.6839833937,0.2944742535,-1.150456673,0.37610055,0.9837613695,-5.7081154507,-0.3423783741,-1.7789253299,1.6095060634,-5.2072015581,-0.5409045326,0.5767489025,0.2753549178,2.8176622032,-0.1780843335,-22.272042968,-10.4372872749,3.1293000286,-0.9640622676
biasActivation=1,1,1,1,1,1
[BASIC:ACTIVATION]
"org.encog.engine.network.activation.ActivationSigmoid"
"org.encog.engine.network.activation.ActivationSigmoid"
"org.encog.engine.network.activation.ActivationSigmoid"
"org.encog.engine.network.activation.ActivationSigmoid"
"org.encog.engine.network.activation.ActivationSigmoid"
"org.encog.engine.network.activation.ActivationLinear"
