encog,BasicNetwork,java,3.4.0,1,1572781718772
[BASIC]
[BASIC:PARAMS]
[BASIC:NETWORK]
beginTraining=0
connectionLimit=0
contextTargetOffset=0,0,0,0,0,0
contextTargetSize=0,0,0,0,0,0
endTraining=5
hasContext=f
inputCount=2
layerCounts=3,8,8,8,8,3
layerFeedCounts=2,7,7,7,7,2
layerContextCount=0,0,0,0,0,0
layerIndex=0,3,11,19,27,35
output=0.3357469957,0.2378192996,1,0.6653006357,0,0,0.8342750898,0.9999999995,0.2496137326,0.9999999999,1,0.0011385846,0,0.9999999996,0.9999999994,0.9999667446,0.9999999981,0.0000000001,1,0.0000791848,0.0000440569,0.0000014517,0.0195534464,0.9924405214,0.9994982211,0.8796341822,1,0.5434135635,0,0,0.999999531,0.9999997026,0,0.9999999995,1,8,30,1
outputCount=2
weightIndex=0,16,72,128,184,205
weights=5.8113041696,-8.7381923405,2.3625541978,18.5143912032,-20.5393931811,14.40206317,-1.9392863194,-1.1109382169,-10.0668678837,5.981454107,-10.3938616391,5.9098391133,-13.6166387821,-5.1175049078,18.5912653234,-3.0948375254,-2.0641691157,-10.8140341447,6.3005867263,-17.1635731846,2.1876015307,6.5647413849,-0.5344229897,2.8000728418,5.2883368276,1.3063221265,-18.2100139778,-1.5583463386,-2.0745669404,-9.1237407133,2.2359825836,-1.9221993369,8.4360316737,8.3850027727,-1.3399962049,-3.4653664317,-12.9543105481,-5.4281409289,0.8922606137,-3.7882777336,-15.3181608301,9.8426448801,9.5974804737,-15.8325033842,6.4489952733,1.6275866008,-7.2026239347,-0.2076695348,-3.7000784832,0.6524139108,9.6793662508,3.2232181555,-6.356980704,19.0727984682,-10.9274613883,-4.1599191774,-4.0354413484,-14.5304127395,-4.2948831979,4.1184415111,4.6352859086,-5.9006115254,0.7483621742,0.3458426889,-5.9095677088,-3.58057982,3.9160316315,3.3742817254,4.937709204,6.4866196889,0.8141161126,4.0713605514,1.5007162565,10.5382616616,-1.0603030181,1.6943556953,-0.0578386794,-6.241473177,-1.3716843627,0.6917810193,4.6073236588,17.5973689492,-0.8427108573,-12.0290958759,-14.2697225436,-3.0268647509,-7.2060817853,-1.7141454319,-3.7887928376,-13.234650366,0.3657424202,-6.1654401888,5.8683452071,15.8414395118,1.2532545034,-0.9587274135,-13.4309596432,-5.512763543,0.1971884535,-1.8306837549,9.9303217588,6.6328725821,-2.0392974001,6.5923373784,-2.1262448902,-14.2253571632,-1.0822697785,10.0909564294,1.3301961441,6.1132210389,1.4590438235,1.4010258052,-20.0667325316,0.5605698166,19.9839567537,-23.2327444442,-9.5963066395,3.5729393299,10.258270015,17.4454113638,10.9480591265,-0.2855752113,5.4086219665,1.1872917255,-16.2251205612,-9.0428901262,0.541400885,1.1577035725,39.9101498531,1.6125415049,0.7308934015,-20.1338154201,-15.8148806556,0.6621871026,2.3462848216,2.4710330698,24.2405190145,7.1870044479,0.8194478118,-20.749626725,-0.7143083878,-0.3551592689,-0.2925822633,-1.4461047486,-5.9611553822,-2.9474359013,0.037031386,-14.9141332926,0.5029782855,-1.1941882861,1.2870014843,2.9207434004,-15.0937202278,-0.5279543263,-0.6286609711,-2.8160906944,-0.1224313834,-0.8621806196,3.2228328418,4.0029635971,-15.0134318671,-3.7709091816,0.2032336883,7.4509738947,5.0825931882,-0.1427121077,0.15868859,0.3436167025,-15.9901316796,-1.4336549448,-0.3989338645,15.8168457921,-0.4184856948,-0.4483087314,0.7232148667,0.1645358382,-7.9578395482,-1.8001767954,-0.0561169095,-4.7345216128,6.1910234373,-0.8027619245,2.1596333775,2.6972328975,1.6490205011,0.2192229822,-19.5947608454,3.4359343392,-9.9798319786,-0.016729611,-0.5881059622,-1.7063121806,-0.4508852127,-0.3578431711,0.7630300635,-5.4555213841,-8.1471369227,2.5434591269,3.9015502577,-3.3135327458,-1.8808996888,0.0379275271,0.7546279653,0.4959644766,0.4354338825
biasActivation=1,1,1,1,1,1
[BASIC:ACTIVATION]
"org.encog.engine.network.activation.ActivationSigmoid"
"org.encog.engine.network.activation.ActivationSigmoid"
"org.encog.engine.network.activation.ActivationSigmoid"
"org.encog.engine.network.activation.ActivationSigmoid"
"org.encog.engine.network.activation.ActivationSigmoid"
"org.encog.engine.network.activation.ActivationLinear"
