encog,BasicNetwork,java,3.4.0,1,1572781753377
[BASIC]
[BASIC:PARAMS]
[BASIC:NETWORK]
beginTraining=0
connectionLimit=0
contextTargetOffset=0,0,0,0,0,0
contextTargetSize=0,0,0,0,0,0
endTraining=5
hasContext=f
inputCount=2
layerCounts=3,8,8,8,8,3
layerFeedCounts=2,7,7,7,7,2
layerContextCount=0,0,0,0,0,0
layerIndex=0,3,11,19,27,35
output=0.3917476474,0.0917428589,1,0.0000168768,0.0944733256,0.0009400688,0.8799612635,0.9345876089,0.3851115593,0.0035997461,1,0.3809837849,0.1869456291,0.1655943948,0.9994861591,0.0467292433,0.6596375065,0.9995429463,1,0.1897029073,0.0032985496,0.7379115952,0.9999999999,0.8636824471,0.9890866849,0.0000000775,1,0.9999988445,0,0.9999759459,1,0,0.1317392074,0.7018654953,1,8,30,1
outputCount=2
weightIndex=0,16,72,128,184,205
weights=10.3678156085,7.0166506191,3.1608205489,-2.9168643041,13.0531679998,-14.4895515028,-10.7150284008,-5.1199409747,1.9174618834,3.0162204008,5.6902630172,13.4369870088,-13.6659805792,-13.6824974564,7.7950962418,3.6063837572,1.984779653,3.6264034574,2.7883434336,-2.3560233502,-8.0707383109,-6.2953903925,-2.4665389903,-3.535355367,7.7956778364,-1.9807596354,10.7364159615,-1.4374046264,-6.9195438057,-4.6168591531,-3.4837765664,1.6498268236,0.8158584842,1.0325215432,9.409887912,-15.469196749,-1.7299662783,-2.0248644639,2.6311579412,5.2171133501,9.4603812667,-0.779253214,8.3345002146,-4.5661785542,-19.8026293598,-2.5623898966,2.1990587851,2.1347319298,-16.5629283268,2.727158633,12.0158281362,-1.3647440284,-2.1843264035,2.6407720389,5.9564543761,0.2404470614,2.7463401179,3.5418451426,-0.3253778805,-3.0452997868,-6.2300332571,-2.6715053026,3.9333585176,-0.9569465037,-12.024920302,6.4866031464,-10.1895448204,5.4028810856,9.4178585266,-5.7785643683,1.0039095886,-3.5991839078,-13.9613176326,1.7165377108,2.6505438842,10.4626117302,2.4500414628,-9.2356646221,6.0878628212,-3.2421983626,-1.6007146383,-0.3670551507,0.3343590884,-9.736818004,3.1410657514,5.203678542,4.2944738496,0.4652085159,-14.0591019138,8.5381209161,1.2100994427,4.0889300746,-5.3042797711,-2.9290026305,-6.7411348633,3.5180857372,4.4551259134,-17.0139560578,0.2447382018,-1.5289219313,1.3287142507,3.6351201764,0.4291777801,3.3893445116,7.4492266247,-11.8570443419,0.1237366311,-12.179983307,13.2573939471,-4.0186944598,5.3865606941,0.223777219,-1.9371034902,-4.7719713781,-2.4153833278,4.2066145485,6.9452746373,-4.018337014,0.38724755,-3.4034093801,4.1056110858,-5.3015269598,-3.2921350776,0.9275137541,5.0947920521,2.2011928415,-2.6782424149,1.8532316969,-14.507576209,-1.5346492578,1.8102332045,-1.6004694062,0.523101477,-6.2214133749,21.5230103732,-1.440756838,-8.4897362116,-0.7751702498,-0.0921366774,8.8337238365,-0.811775477,9.4794926179,-11.9882113735,1.2024596675,2.4921075238,2.343477014,0.9493892624,-2.8635148194,0.2753709178,-0.6430739839,-1.9082215338,1.8812188164,11.2244685081,0.5081892673,1.7756523002,-0.9483200231,-0.8906829114,1.6129762487,20.4025199594,-3.0557600188,-10.8917457245,-3.0904336952,3.9641471648,2.7304292432,-0.850623836,-10.5252890805,6.11436066,3.1386046043,11.7762606745,-1.4228014587,-4.2137413979,1.3487543075,0.284884482,-22.6074765135,-1.581251125,-0.3164463269,-11.410733489,-0.9798744367,-1.686759621,1.5024021759,0.4165558264,-2.2634077417,-6.0256156575,-0.2502747825,-2.5025787275,0.644415287,14.3591636907,0.9008487453,-4.987698301,-0.6785202112,-0.1273371524,0.4450175699,-1.6966471482,-1.8564055228,6.6883796357,-1.2163477712,-1.4326711478,-0.596859316,-0.0718568353,1.6384917512,0.2693181452,-23.0731462207,1.5758104323,0.308892447,-21.0170598283
biasActivation=1,1,1,1,1,1
[BASIC:ACTIVATION]
"org.encog.engine.network.activation.ActivationSigmoid"
"org.encog.engine.network.activation.ActivationSigmoid"
"org.encog.engine.network.activation.ActivationSigmoid"
"org.encog.engine.network.activation.ActivationSigmoid"
"org.encog.engine.network.activation.ActivationSigmoid"
"org.encog.engine.network.activation.ActivationLinear"
