encog,BasicNetwork,java,3.4.0,1,1572781788035
[BASIC]
[BASIC:PARAMS]
[BASIC:NETWORK]
beginTraining=0
connectionLimit=0
contextTargetOffset=0,0,0,0,0,0
contextTargetSize=0,0,0,0,0,0
endTraining=5
hasContext=f
inputCount=2
layerCounts=3,8,8,8,8,3
layerFeedCounts=2,7,7,7,7,2
layerContextCount=0,0,0,0,0,0
layerIndex=0,3,11,19,27,35
output=0.7906978513,0.7022959067,1,0.9738526403,0.8303704261,0.0988775834,0.9965962869,0.6526080365,0.8141401514,0.6218328106,1,0.0007896402,0.999201894,0.0234684587,0.9548142084,0.0000467133,0.3198994285,0.9317245077,1,0.9986560322,0.9940784256,0.0122513968,0.0005627249,0.925546981,0.9692267442,0.1555822736,1,0.2954931176,1,0,0,0.0062745215,0,0.9999949121,1,8,30,1
outputCount=2
weightIndex=0,16,72,128,184,205
weights=1.4603419723,12.5220633722,2.0818851199,-2.5395897986,0.9683679444,-2.5503147389,-13.5600829116,1.7105754212,8.2953086097,-3.4178168062,-0.316487203,10.0723066835,-6.4408216618,-8.6960393564,-0.9851712811,-2.493090725,-2.6068924363,-2.8287549271,4.4718134189,9.1961978085,3.4169773406,2.9962555348,-3.4130825633,-0.2181467115,-13.6915878369,1.5308316839,-0.6068847471,-0.5475604873,0.2823197959,5.4240841764,-3.8124720392,2.4235165253,-0.9213997348,-1.6942796152,0.1658455129,-0.0294477769,1.3867920948,0.3675187593,0.4040140276,-0.985942164,-3.481364627,-3.4366026809,-1.796162383,5.6715516553,7.8653183041,-2.4905178686,4.9147145317,-0.039849331,0.5673492585,1.7167273221,-0.6643747423,2.3772184094,2.0804451505,2.2506100971,-2.8924169817,-1.3646225575,-3.1965464604,1.237098155,-5.1738687412,1.2111068785,1.7776777286,-9.2976498606,0.8770974041,1.3656103001,5.4931782453,4.244667453,-3.9226425513,4.9057559019,-7.9605766715,-4.6958485001,-5.7041790278,-1.5230150775,-10.3934851691,-3.6081089571,0.5864033767,-7.548343486,-5.4639718484,5.1298129286,9.2611941074,5.4645131992,-1.9981133963,4.8008611002,-4.2012162752,-1.1705602153,1.5553013651,2.2425914306,-2.4209183459,1.1711635813,-4.1888575146,3.2836287836,-5.4825320076,3.4397031583,0.4312607969,-0.9567058256,0.5010953205,-2.2939221558,1.0215999184,-0.9117013439,4.977579488,-0.2022981641,3.6782398154,0.1251239642,-7.6790491187,0.545008008,-2.5270212378,-4.7376068267,12.1952931425,-0.9300049434,1.9655248497,-0.0552371111,-2.1443417535,-4.3191701533,-7.2662398598,1.4057057319,-9.411475554,5.7792924376,3.5462118116,1.8086480579,-1.9175283485,0.4800677853,0.7202316249,-1.6073786839,-3.3228007254,-8.6041308695,-0.1594486539,2.1394334851,0.4553834826,1.5407652951,-12.1018452936,0.4633363809,9.7908335431,0.3845425602,-5.6388584048,-5.1123094804,6.6384444016,3.1204302324,2.1951024122,1.8799644542,-0.3170672906,-0.7792612764,-2.1489135806,-7.8046485232,1.2178789462,1.3902222958,-3.5038409949,-7.791815489,-0.0218151753,1.6663627066,6.7321694711,-2.504732412,8.3590979331,-3.9639084195,2.7676937827,-8.8833485325,-6.2825103832,0.3268567132,12.0800538776,0.760621947,1.0667929507,-0.5592268526,-7.6291744837,7.7670081245,0.8054508275,-0.2448843414,2.150433947,-0.3957013326,-0.9537561547,-2.0521646291,1.2549923211,0.6237368125,-1.9133776646,1.9005384597,-1.9995312991,0.0225158548,4.6833405876,-2.2154964743,6.4291088191,-3.5818991014,1.9867037319,2.8669796329,0.9375990435,1.7959685575,4.7148609634,-4.7300508933,0.7726417625,0.0499924434,-8.5497599558,-2.4949523323,2.7406547345,0.1154931356,3.2156007383,-2.028688842,5.1476665095,1.3402322589,-7.1780984677,1.060639659,2.3827326953,-0.7925589544,-0.3500566888,6.825734556,-3.2111024604,3.0456181264,-1.5448822792,0.5143581531,9.1169549834
biasActivation=1,1,1,1,1,1
[BASIC:ACTIVATION]
"org.encog.engine.network.activation.ActivationSigmoid"
"org.encog.engine.network.activation.ActivationSigmoid"
"org.encog.engine.network.activation.ActivationSigmoid"
"org.encog.engine.network.activation.ActivationSigmoid"
"org.encog.engine.network.activation.ActivationSigmoid"
"org.encog.engine.network.activation.ActivationLinear"
