encog,BasicNetwork,java,3.4.0,1,1572767757584
[BASIC]
[BASIC:PARAMS]
[BASIC:NETWORK]
beginTraining=0
connectionLimit=0
contextTargetOffset=0,0,0,0,0,0
contextTargetSize=0,0,0,0,0,0
endTraining=5
hasContext=f
inputCount=2
layerCounts=3,8,8,8,8,3
layerFeedCounts=2,7,7,7,7,2
layerContextCount=0,0,0,0,0,0
layerIndex=0,3,11,19,27,35
output=0.4422038246,0.2343097184,1,0.2308776473,0.50844124,0.9804589201,0.9968584509,0.3754316773,0.445056912,0.7376841933,1,0.3261140317,0.9999987914,0.6568429414,0.0829883876,0.9657189015,0.9998695669,0.0322647344,1,0.0991193554,0.9999955587,0.261551104,0.9985764189,0.9999995344,0.989375512,0.758180363,1,0.0254162344,0,0.0025348994,0.9999996729,0.0003828573,1,0.9999999997,1,8,30,1
outputCount=2
weightIndex=0,16,72,128,184,205
weights=1.328704211,-4.9132465469,7.0134179423,-4.7641269999,12.3020406937,0.0242069343,-8.2235323563,1.268919039,-13.2992264694,2.9482614727,-14.4301726183,9.4951140779,-3.6951540785,13.4699640723,-3.0659102046,2.7242999927,1.8024095285,2.3754153852,8.4528898484,-1.1685328835,-13.6210347023,2.616111118,1.1012787005,0.8809762333,-7.6945467947,0.7454287641,-5.4663104627,0.0035343092,0.5780801219,3.5628065462,-1.381233287,1.311814505,7.4941539603,-0.2442323465,-0.6784829025,-4.5046973354,12.0618239548,-5.7519256313,3.562356113,-3.4768150656,4.4757170594,-7.3156632118,14.3659325655,5.0830984987,6.2763437984,-1.3487133792,0.4641612127,-2.9696689752,4.6427281638,4.924811349,-4.7887268235,-5.7582501494,-0.9761949488,-0.5488880046,0.2594854469,-1.8413650165,-6.3349471669,-3.0916478617,-4.7445412199,5.971627441,0.188279443,6.3969582792,3.7338666721,0.8593174279,3.2637918735,-1.0055759389,7.7050383562,0.1971256647,-7.4792851443,2.9694399592,-1.2724411867,0.1927032273,7.7206690995,-8.6823694682,-4.8861244448,0.4193413996,-3.3505757427,3.5545420927,5.7232521237,3.5450160808,-2.3143041947,-0.5065131913,1.7412896025,-0.5647367912,9.2716297568,5.6074554348,0.2460105506,-0.5356150561,5.5364806641,-5.3789053343,-2.7034706296,-7.8226614441,-6.1194817666,10.0969156455,12.5707693484,0.5969140903,0.0565447818,4.2218704189,3.7837824431,-1.5617179141,-5.8009664881,-5.2564193094,2.961806207,2.6959194371,-18.9456902848,-7.1613553309,-6.562466127,-0.2268179198,10.2474110554,-0.9576779493,1.4969231796,3.8855611502,-5.2009688927,1.4373502108,-0.9273084984,2.1173150666,4.0916259707,5.4934030799,0.2159155307,-3.5394349626,-4.7915211148,-0.60672864,2.3955114335,-7.249276755,3.7696934224,-0.0513851147,-1.0800395358,1.3930951227,11.2091856905,-0.3812363453,0.7801028149,-6.0266582518,-14.3869241204,1.1188152346,2.0873145412,0.332113826,-4.3467052965,0.2711680701,-0.4653853388,6.1348808558,-5.0317888767,3.0806044978,2.0951011886,1.1275631047,7.3253733833,1.1247470564,0.6629614142,-8.5610437399,-6.4598977693,9.3223655707,0.989492202,-2.9741297705,-5.0716523066,-1.4810741593,0.3899823249,2.1224683514,-4.5058002408,-5.8942795612,7.1380344834,3.3165713589,-6.0298387477,-1.0885342865,-0.4581136752,11.3143307099,2.9628970993,7.1321968659,-2.2940542364,-1.4192676318,-11.5706016371,-0.7576176203,0.3622705752,-10.0384042315,-4.4134955595,7.4995241585,3.7066528697,3.6609888832,-1.4940092931,-0.5307197388,-0.9301852469,-2.2570278475,-15.6725467589,1.2392322786,1.2163775451,0.9904768084,1.282259645,-0.1963918031,-8.0129454176,-0.4265303764,-3.041067124,-1.113460246,-2.2487093934,0.4379778675,-1.1247240978,-4.0163161152,1.2972568951,8.1457362894,1.1768265697,-0.6393014738,1.8969664922,-1.4085904099,1.1177106093,2.9311421378,-0.2169062848,0.762125837,0.7821105222
biasActivation=1,1,1,1,1,1
[BASIC:ACTIVATION]
"org.encog.engine.network.activation.ActivationSigmoid"
"org.encog.engine.network.activation.ActivationSigmoid"
"org.encog.engine.network.activation.ActivationSigmoid"
"org.encog.engine.network.activation.ActivationSigmoid"
"org.encog.engine.network.activation.ActivationSigmoid"
"org.encog.engine.network.activation.ActivationLinear"
