encog,BasicNetwork,java,3.4.0,1,1572781799646
[BASIC]
[BASIC:PARAMS]
[BASIC:NETWORK]
beginTraining=0
connectionLimit=0
contextTargetOffset=0,0,0,0,0,0
contextTargetSize=0,0,0,0,0,0
endTraining=5
hasContext=f
inputCount=2
layerCounts=3,8,8,8,8,3
layerFeedCounts=2,7,7,7,7,2
layerContextCount=0,0,0,0,0,0
layerIndex=0,3,11,19,27,35
output=0.9999994903,0.5774067772,1,0.0000015854,0.9975947313,0.9999156966,0.0070627365,0.0000000046,0.6014471668,0.5998131709,1,0.9999940878,0.836020173,0.9999999894,0.0085768098,0.0009088875,0.9545197057,0.0554434453,1,0.9993704163,0.9797522005,0.0273701103,0.3482232006,0.9379399391,0.9952711617,0.0000000605,1,0,0,0.9937240754,0.0000043064,0.2704765272,0,1,1,8,30,1
outputCount=2
weightIndex=0,16,72,128,184,205
weights=5.9247060106,8.8256773757,-10.5690922837,4.8395209912,-7.9053570268,7.9003910931,14.5240907701,2.7555873036,-2.479731941,14.4192232883,-1.5101943114,-14.5873764464,12.4024936743,-16.6554453106,-8.5915139595,2.7113670463,-7.6014828991,-2.5159728057,0.8550754405,4.5348546944,-2.2157355761,-2.2161733407,-1.6184845351,-2.3366651473,-2.3982212969,9.7566957549,-0.6182552452,-8.4994609888,-5.3257106104,6.1999892785,-2.3936268736,-4.8202088972,-3.2468094963,2.2455675529,10.5747948234,-1.9833465949,-3.9960101175,0.4831708925,3.8983126595,-0.4810293085,-6.9135992867,3.6210737329,5.5303269392,5.3845200907,13.1407654737,-7.3367232273,-7.2864891455,0.7590154253,-5.804522442,-4.3669992154,0.3474525998,9.4578873903,0.1186864579,-12.65554217,6.6886811503,1.5405940235,-4.0031023448,4.6778739923,0.8729519562,-8.2689628699,0.5538513842,-0.397869591,-1.4780982112,0.1629714881,-0.28212135,-13.1155031871,3.6546264958,2.3601065069,-4.9283782869,8.8523485868,-2.6798685097,-0.3199176858,-0.474801507,-0.2196238851,-5.252986857,-0.7442093731,5.6296139765,7.9427631379,0.5020307007,-0.0543555543,2.5224785706,2.4948430865,0.7794257352,-2.9100697486,2.1554169509,-3.2875806487,-17.775617255,-1.0939046574,2.7825688258,6.1305991704,4.7368107138,-1.7455595187,5.2476974447,4.8784603373,-18.5688073352,0.2779488492,2.3312615628,-3.800028954,-4.3446040004,3.6844969806,-12.3802079136,7.5771435736,10.0471607135,-0.4503232354,-7.4030582237,-3.7743425317,-1.6107049954,-1.4603832676,2.9966983107,4.3654941953,14.1130277447,-2.5090120411,-8.5521595493,-1.2583660303,4.8356771125,-5.2653154008,6.2554089816,9.0015078967,-2.0003269244,-0.3013957714,0.4603727098,-1.0884415623,0.9324346102,7.7565183052,-0.7470014675,-5.0467234647,-3.3972447093,0.7679486585,1.0319261686,-6.0399043178,8.1447564195,0.2944554074,4.3274831977,11.0729327612,1.6269916557,-3.5212941947,0.7525865788,-0.9677287754,-2.9986015707,-0.6189568076,-5.6158414609,-0.9306535634,5.5690011576,2.808990937,-0.729633269,-0.5197254435,-10.4896283788,-0.0291461195,-2.9208818532,1.3744695437,4.1576577122,3.4856165794,-0.8630803848,-0.4921018839,-10.5947787414,0.1975535917,4.0934667359,1.9850250998,3.5949534271,5.1992872475,0.9767792275,3.6400516559,5.8846629069,0.5853645317,-11.4596180906,5.3913877778,-0.2591270462,0.2265343002,0.7010659424,3.6410872215,8.086551026,0.0567625093,3.0294199385,1.3273823578,2.2372456363,-5.7430976499,-2.6316648114,-1.7529867207,-20.159970642,0.5502568009,26.8185061177,0.77646884,-3.1697021025,-0.6710515067,0.4294713127,-4.1459236256,0.1828524994,2.6889734288,-7.5898432423,-0.5790688661,-1.0728255237,0.4059482421,1.4688956769,-0.7991783764,-0.2235797539,0.7454187687,1.4877773402,0.2299392885,-19.7926036001,1.338100361,-1.3399195189,-2.0875094267,-0.423323633,1.7239933892,-1.2005182532
biasActivation=1,1,1,1,1,1
[BASIC:ACTIVATION]
"org.encog.engine.network.activation.ActivationSigmoid"
"org.encog.engine.network.activation.ActivationSigmoid"
"org.encog.engine.network.activation.ActivationSigmoid"
"org.encog.engine.network.activation.ActivationSigmoid"
"org.encog.engine.network.activation.ActivationSigmoid"
"org.encog.engine.network.activation.ActivationLinear"
