encog,BasicNetwork,java,3.4.0,1,1572781836584
[BASIC]
[BASIC:PARAMS]
[BASIC:NETWORK]
beginTraining=0
connectionLimit=0
contextTargetOffset=0,0,0,0,0,0
contextTargetSize=0,0,0,0,0,0
endTraining=5
hasContext=f
inputCount=2
layerCounts=3,8,8,8,8,3
layerFeedCounts=2,7,7,7,7,2
layerContextCount=0,0,0,0,0,0
layerIndex=0,3,11,19,27,35
output=0.0380205701,0.0005043897,1,0.9771862926,0.9999970643,0.0010532314,0.8537160385,0.7666336418,0.0009616594,0.000001701,1,0.0000330418,1,0.5582792367,0.2967845762,0.0106576712,0.0013458941,0.9785472678,1,0.0017841281,0.0000002995,0.9999925742,0.000086119,0.000001527,0.4912295204,0.244993569,1,0,0,0.9996744177,0,0.00139953,0.0065122314,1,1,8,30,1
outputCount=2
weightIndex=0,16,72,128,184,205
weights=-3.7390002179,-7.8504864724,-10.6379878889,-1.8850682339,7.113545291,-7.9191909323,6.9203485672,4.4479353592,7.3553435045,-0.4184670311,0.7369792505,-12.9285870782,-10.4690686229,-2.1743688239,15.940853572,4.7038381581,2.9423213502,-9.5475862999,1.1393141099,-4.1620278633,-4.739272768,-4.4258807765,12.8724241616,1.3641659848,-7.8159918953,7.9606534765,0.2225452058,-3.745297395,-4.0866622364,-9.003224266,5.9143484864,0.033671738,-0.9738771228,-1.5559652552,-4.6877712108,9.3136478576,3.0365048935,-1.7646060587,-2.1936977469,-3.3292529392,-6.3859014813,2.6067088261,3.2520468904,-13.4119500942,-9.4251550797,-0.5931863839,-2.8146267441,4.1779546811,9.7135765474,1.5725736509,-0.6610567928,5.7978489769,-2.0292427557,-0.3328759319,-1.1662023984,-0.5718938214,0.5982505751,-8.0209134042,-0.3258322748,-0.0013434451,4.5104034117,-2.2341978488,1.8286029254,-0.5771281656,-0.6986490058,-11.081516531,-0.1620778342,16.4908604406,-2.862816797,-6.4145775705,-7.5522370717,0.422851002,1.6133457143,3.9879146628,-10.0082846722,-1.3525532792,0.4118668648,-0.8514732343,-0.1705561487,0.1477973405,-1.4618707393,-2.7778305773,20.5926121823,-4.6272744578,-2.0496513281,2.0055609757,2.9712061567,1.5620069237,1.1015362756,0.7175275513,-0.8966949145,0.5195734328,1.5512628282,0.8635822192,0.6968955912,0.5339049641,-2.5823452731,-2.0924709777,-8.3996375448,2.8720602151,-12.7573541713,12.6020726316,11.7652982707,-1.5316340718,1.4668948571,-1.7402813128,-1.2989468244,5.0466074136,2.9613573768,8.2573890208,-1.2914084206,-6.9747655236,-2.9651409871,-2.2903250924,-3.0772465976,5.5376192845,-3.1892527823,-0.8560351916,6.0763320455,-4.5954598465,1.2156996103,11.9406316289,6.7207600802,-4.9691239049,2.0116846546,-6.3552218674,0.6732974993,0.0546782621,0.3135819085,-1.377566941,-0.1698607707,0.3407063395,1.3957920413,-1.0239385515,-4.6320391471,-1.5204804489,-0.2325587551,-1.7153470493,-8.7708025581,0.1063862441,12.6480900568,-0.3268267004,-1.4744949887,-4.7944338747,-0.2003407922,6.6804937675,5.4079411275,-0.9474064829,-12.5355376995,-5.2711761556,-2.5469858478,9.0032248977,0.9263611544,-1.6276884081,-4.7222416499,-0.9610024752,-2.4800308962,11.9944029883,-2.4311083257,-2.2825208214,-0.1999537271,-1.0171713074,-3.6276730872,-0.8065427715,24.7666400378,12.6304876568,-5.2315549748,-4.6510716023,-0.3936667051,1.2281867579,0.954192085,-0.1907954965,-15.1361557203,11.3353246085,-0.8720173643,-0.1695843222,0.7582603259,5.6553862414,-1.7328719968,-0.5179802985,-10.4040313548,5.7210149315,2.3855568644,-1.8014391848,-1.0615001213,-1.1134747711,0.0776158965,2.994120676,-4.8224470275,0.3135461064,-0.4583306897,0.3077981146,2.4622717044,-0.6877818612,-0.8820493744,-0.1683739904,2.1555384681,-0.2425345978,-16.5384881022,1.9927658108,-0.4838910238,-6.452935361,-1.5867650277,5.6935117222,-1.0022269212
biasActivation=1,1,1,1,1,1
[BASIC:ACTIVATION]
"org.encog.engine.network.activation.ActivationSigmoid"
"org.encog.engine.network.activation.ActivationSigmoid"
"org.encog.engine.network.activation.ActivationSigmoid"
"org.encog.engine.network.activation.ActivationSigmoid"
"org.encog.engine.network.activation.ActivationSigmoid"
"org.encog.engine.network.activation.ActivationLinear"
