encog,BasicNetwork,java,3.4.0,1,1572781851397
[BASIC]
[BASIC:PARAMS]
[BASIC:NETWORK]
beginTraining=0
connectionLimit=0
contextTargetOffset=0,0,0,0,0,0
contextTargetSize=0,0,0,0,0,0
endTraining=5
hasContext=f
inputCount=2
layerCounts=3,8,8,8,8,3
layerFeedCounts=2,7,7,7,7,2
layerContextCount=0,0,0,0,0,0
layerIndex=0,3,11,19,27,35
output=0.1944448893,0.0002043951,1,0.2608474639,0.5491828847,0.0466385174,0.4925708301,0.0173490846,0.012554019,0.7974210644,1,0.0012729288,0.9999981298,0.4153865316,0.0040443115,0,0.0008787388,0.0568085701,1,0.9999912943,0.9528094131,0.5323215814,0.7371680081,0.9786358439,0.726188072,0.0087689035,1,0.9999999616,0.8894275056,1,0.9896428549,0.0941139977,0.9999997944,0.9999993427,1,8,30,1
outputCount=2
weightIndex=0,16,72,128,184,205
weights=-4.5629782474,6.7779445985,-6.6001944735,-0.9994503116,12.8268284704,11.3411523251,-8.5298783364,3.2836445388,5.8786238895,-10.8014643802,8.919511294,-16.8852781176,-11.4560308837,13.4483624294,3.6654508489,0.9115193614,-0.5682603248,-0.3460099613,-1.9382687728,6.5802977448,2.8753965567,1.3965104305,-7.0508728167,0.4830049716,0.2668849332,-6.6900227073,-9.9488262489,10.084012288,-12.4531059322,-13.5874553981,-4.2829165573,11.2341119641,0.1000353792,-3.4596303411,-2.8551219158,3.4860769371,1.5817628408,-5.2376627578,-1.0447557423,1.6777631703,-3.3164180579,-1.1929868011,7.9069594742,1.7566598701,3.9118129322,-6.9220181214,-13.1558394853,-1.3706146081,-0.1193431464,-4.4857577899,0.8387670914,-6.1340500418,8.6994628627,-4.9185568764,7.0624656614,-0.2713038663,1.804034646,-3.9580893666,-11.754731628,2.126174975,-2.2280415779,7.8869588059,2.833862251,4.2969446619,-0.4723718452,-1.3716727404,3.0158359855,0.9880102429,-0.3486734237,-6.4181975767,-3.7086625114,1.7021149687,-2.3119797003,-2.4437518667,-2.9860894302,-0.3506494257,-0.5158567674,3.3258328002,0.0792454129,-2.0877634761,11.1142639653,2.7401136859,-6.616720254,6.513322475,-0.0048776276,-0.4135465569,-6.9576697906,-1.4485789379,-5.9756862842,7.1319170854,10.6181977896,-4.9398877763,0.783729859,-6.4325940083,-1.8689395427,0.748441978,-15.9970707324,1.6578690062,3.5077726615,5.3130130704,2.9476030276,-0.4450273355,9.2544233237,0.4844528938,1.0263887537,-4.8114885014,-1.5737557832,2.8719569764,-18.8953505556,-10.3051971565,14.8638536642,-7.31421348,-11.6973252032,4.5255698213,1.7355252989,-0.638026751,0.181818709,-1.2428168957,2.3198865302,0.5997911199,-5.0657990061,0.6343086492,-15.3059736752,8.6183713646,4.4530212501,0.8360476453,-1.6705455378,-1.5040551377,-1.6013297074,-1.3737359208,6.3120834624,3.563259312,-14.2675592871,-3.5746927356,4.498661088,5.0550616457,1.4760287097,-0.8587164814,3.5006091375,-1.3362475989,-7.0912695605,-6.6723147038,3.5980882139,3.8563718225,2.1894021239,-0.2085318695,4.5361106874,-8.0815622361,-2.9348384792,-4.6280959646,3.9772408331,2.5143546159,-1.9657925233,-3.8454452186,-3.0953056397,3.0116303865,8.8235157783,12.7712283991,-3.3048822585,-3.764556874,0.1420352847,-0.7529287311,-0.9379845567,4.6362448543,-12.8541896401,1.3964557494,0.0217128847,0.4934340873,-0.021500131,-0.0267223127,-0.1130281424,6.0867802655,-21.4399742117,0.0170777468,-1.3521758296,-1.537176328,-8.4820694658,0.6802206968,-3.8248996292,16.9024841277,16.8584421589,-4.8002574822,-3.5080228619,-3.031535146,0.9278340194,0.6333811523,-9.3498255236,-1.788138636,0.5316008694,0.4419896466,0.6596874284,3.7223868134,1.148720335,0.334250128,0.3042558589,-7.2420092987,0.524826,-0.3038719439,2.6531436351,1.5578896638,0.7706212035,-20.1844439433,0.9882241556,0.1774858179,1.0047085292
biasActivation=1,1,1,1,1,1
[BASIC:ACTIVATION]
"org.encog.engine.network.activation.ActivationSigmoid"
"org.encog.engine.network.activation.ActivationSigmoid"
"org.encog.engine.network.activation.ActivationSigmoid"
"org.encog.engine.network.activation.ActivationSigmoid"
"org.encog.engine.network.activation.ActivationSigmoid"
"org.encog.engine.network.activation.ActivationLinear"
