encog,BasicNetwork,java,3.4.0,1,1572781859304
[BASIC]
[BASIC:PARAMS]
[BASIC:NETWORK]
beginTraining=0
connectionLimit=0
contextTargetOffset=0,0,0,0,0,0
contextTargetSize=0,0,0,0,0,0
endTraining=5
hasContext=f
inputCount=2
layerCounts=3,8,8,8,8,3
layerFeedCounts=2,7,7,7,7,2
layerContextCount=0,0,0,0,0,0
layerIndex=0,3,11,19,27,35
output=0.6944466539,0.400001406,1,0.9998048248,0.9961924321,0.9923608088,0.1788941414,0.5447815928,0.4930805565,0.0013499126,1,0.0000000241,0.9999999535,0.0000010109,0.9998930301,0.9529232047,0.7688555598,0.4221597399,1,0.3569186931,0.9298926742,0.9970705981,0.8622814277,0.0019102407,0.000252364,0.6829961892,1,0.0000000004,0.9999999986,1,0.9999870615,0.3260504828,1,1,1,8,30,1
outputCount=2
weightIndex=0,16,72,128,184,205
weights=7.0983785566,-11.3022498166,12.4953799513,2.7673883636,-12.2047711574,8.560062883,6.34162018,-5.4922078831,4.8258037255,-2.1883959799,-3.677694081,11.8909945194,12.0296799872,-0.1465738201,-1.2359688405,-8.0074944394,-7.5824999651,4.9399042604,1.9463765354,-1.9678067648,4.423099883,5.9300866425,-11.3907050544,1.6035504692,-7.2273238023,6.7690633974,-5.5907812148,0.8931086528,-3.3139019739,-1.7775885927,1.720654597,1.7030912941,3.7768818961,0.7307976912,-8.6989528549,1.4800381092,0.991418899,-2.2170065334,7.6432991857,0.1892448099,-3.9567668238,0.8247739665,-3.1375260384,-4.3705442542,-1.7007049259,-0.4471738307,9.0948034325,0.1464417012,3.0787176636,-4.962937682,-4.4835806571,-3.8366909823,11.9450562533,-7.2615271984,-3.6537228395,4.721629086,0.7084532877,1.0771428,-9.5909227558,2.1375954185,-3.46192395,-1.4243804388,5.0002341888,-0.9589864524,-0.6803549983,2.7636685633,-1.9444911043,-9.0949253449,-2.8802960714,1.9046216328,2.0957152366,0.1195168672,-1.0089356722,-4.2829129216,-7.5846496921,-7.4442254987,2.6419468989,5.7900060684,7.3503887151,-4.245166746,0.5364675647,-2.1352934977,4.6668667336,9.4783139889,-1.3658987435,-4.8296465035,4.2196774485,2.9728569786,-1.2897452906,0.8588690462,3.371963625,-14.0595909185,-0.1428012985,9.3643410604,-6.7522321792,-0.7720626481,-0.1768755385,-2.2705037185,3.1351421004,8.3248738159,-4.3137035512,-7.9267879026,-0.5080979833,1.3702382653,2.7137273222,-0.219175094,-1.1527179872,9.2404329439,0.5762218184,-1.2620220475,-12.1816232224,3.7436909201,2.055835117,-0.9495237791,7.5189888305,0.4699043836,1.1220586201,-1.3457541961,-13.7905154055,2.8659627228,0.4915313164,-7.7140061075,-2.8751227362,9.3032429751,5.0407269453,-13.5943255336,4.5497514048,-1.5851270821,-0.0573435307,-2.2130997924,-1.11277461,1.0808638967,-1.0918538682,0.9302927903,0.483811638,0.5981563795,0.3202916231,-0.5539444452,-0.8354609707,1.9699361918,6.6258697569,-0.5481850001,0.4670910288,-0.0747374696,0.482749838,-8.1093634239,-0.8982947636,8.2813108524,5.2130806965,5.5072561626,-0.011730847,-0.6387750067,-0.5543450732,3.1467852174,0.4581013811,1.6903152056,-17.0344065531,1.8439531,-0.0180192742,0.2673321533,0.3160663922,-0.8258725811,1.6742879657,-0.8102311046,-1.6526470744,-6.611727757,0.409188878,0.4445765473,-0.6737950021,-0.2879150314,1.1256152144,-11.3146756586,14.890240954,-2.6724143042,0.0228796485,-0.0129923356,-0.0977148935,8.3769362408,1.2251820035,-3.848635183,-16.0215297885,-2.2944900975,0.943184207,1.589176053,-0.9852113879,-0.4620331451,0.090058769,-1.7388949768,0.9974782641,4.3752000962,2.5501283012,0.8457749451,1.2599097472,-4.2920543795,1.5161597839,0.1069352022,1.1868249559,0.1501798932,-14.7260994266,-0.9159969516,2.1094904763,-0.7182917847,0.7771484775,0.795938799,-0.5880691573
biasActivation=1,1,1,1,1,1
[BASIC:ACTIVATION]
"org.encog.engine.network.activation.ActivationSigmoid"
"org.encog.engine.network.activation.ActivationSigmoid"
"org.encog.engine.network.activation.ActivationSigmoid"
"org.encog.engine.network.activation.ActivationSigmoid"
"org.encog.engine.network.activation.ActivationSigmoid"
"org.encog.engine.network.activation.ActivationLinear"
