encog,BasicNetwork,java,3.4.0,1,1572781891709
[BASIC]
[BASIC:PARAMS]
[BASIC:NETWORK]
beginTraining=0
connectionLimit=0
contextTargetOffset=0,0,0,0,0,0
contextTargetSize=0,0,0,0,0,0
endTraining=5
hasContext=f
inputCount=2
layerCounts=3,8,8,8,8,3
layerFeedCounts=2,7,7,7,7,2
layerContextCount=0,0,0,0,0,0
layerIndex=0,3,11,19,27,35
output=0.1475420443,0.0005859086,1,0.9999999796,0.9998097398,0.0466031119,0.0141802703,0.0000042157,0.9995789041,0.9144642547,1,0.9999211443,0.1157944675,0.9843088622,0.9989759362,0.0073109533,0.0761455934,0.140226989,1,0.0000000082,0.9257459103,0.0000000001,0.3437414881,0.106713808,0.1974503797,0.0000075941,1,0.0000001604,1,0.9931003666,0,0.9621962375,1,0.0000031595,1,8,30,1
outputCount=2
weightIndex=0,16,72,128,184,205
weights=3.1411093523,9.8717499134,9.1417487589,-9.640750087,13.7395715453,-7.7514101194,-11.2917012215,3.0196280459,-11.8355077622,-7.0590579757,0.2598585326,3.3807653555,10.4316719114,4.0548398204,0.5746987103,6.812693621,12.4637867061,-7.6563472289,2.018131083,4.1212147546,-0.4478208254,-0.9702586673,-9.1755353423,1.3938121935,3.2647100507,6.8161259579,-7.4754504171,16.5724751801,-8.312311143,-2.040375705,-9.8742589107,-3.0833724662,-2.2540103641,11.6564795733,-5.3148257832,-0.8812212442,-8.9359083986,2.0045859544,2.5092730657,3.5582835686,0.4168349405,-0.3707341449,-6.1758969842,0.2306973658,2.4283804227,-4.1904189425,3.5022482434,1.0432524207,2.2503062479,-10.9410615685,-4.2936267377,-12.1791950586,2.6747285514,6.3981972717,-1.057192334,2.6745657942,3.2225938639,-4.4311453799,-3.8335591948,6.2633823869,2.2668369816,1.5420354325,4.2548657213,1.8487901487,-2.0938176383,9.1061174574,-0.1706965822,3.5921941102,-4.8502671673,-0.8189384255,-5.5825238812,0.8687603523,1.3403342623,6.9941098526,-7.8609993664,0.0420135194,-0.9449643245,5.8598283263,-0.2018098386,1.9024184358,-10.2311135193,-9.1609968128,16.9543763963,-0.5960618797,0.9330421163,5.5385476803,-1.0428424453,5.4596249622,0.4807736887,-1.982644556,-8.2195174372,-0.5933105982,0.3133560422,-1.4053305877,2.1428011534,6.4222415714,-1.0476411187,8.6995994317,2.6780935532,-6.2569975596,0.6135614986,9.2539019629,-11.9304995973,-0.9124483961,3.1108943231,-3.2595412046,4.6281863013,6.9356455851,-0.5677617861,13.6913960207,1.5254189257,-6.9204009177,2.7223261274,-0.918382005,-0.2853755179,2.2115647459,0.0223618337,4.7077697019,-7.7452805753,-3.3378038877,-11.2837987412,-0.7497522883,0.122187257,5.7453250217,0.2254877269,13.1306148976,6.3016552731,-5.7109877259,-0.7359692786,3.0074541874,-20.2274719419,-1.1208881842,-6.3631016125,2.5546733443,0.5341636873,2.0283787048,13.5798546574,2.2136882499,10.8246785914,0.4387498694,-12.3145917882,0.4906642434,-0.8951092683,0.91781671,-4.1255928467,2.0676764749,-21.1304653815,1.2534491391,-8.9121667239,2.0545144996,0.1957445926,2.6057494045,-11.0326317691,3.9075931242,-4.5982716376,-0.2742714832,-8.4920809412,4.2018605212,0.981382068,3.9814737047,-0.9509160939,0.0188044243,-0.6179389076,0.5621516574,-0.1601152192,-0.5146848765,-0.3575105112,-0.8611371022,-3.9021880551,4.9389743246,8.5333345682,2.2139204706,-23.0956778335,3.2914356166,-0.6757302146,4.1154030705,3.6028014346,0.5359825981,-5.1235284983,1.6481562999,-8.9645414599,0.4887555851,-0.4994274003,0.9009511667,1.8153162672,-0.6856524292,-9.5984819663,1.2874716217,0.6656282184,-0.6988792758,-2.1061022628,0.4720402287,7.6569746872,1.3970413185,-6.2656895131,0.4176894632,-1.0947287828,0.1017918751,8.9408837924,0.9934725409,2.0132909013,0.5715724169,-1.7165724488,0.0405307443,-0.1484327881
biasActivation=1,1,1,1,1,1
[BASIC:ACTIVATION]
"org.encog.engine.network.activation.ActivationSigmoid"
"org.encog.engine.network.activation.ActivationSigmoid"
"org.encog.engine.network.activation.ActivationSigmoid"
"org.encog.engine.network.activation.ActivationSigmoid"
"org.encog.engine.network.activation.ActivationSigmoid"
"org.encog.engine.network.activation.ActivationLinear"
