encog,BasicNetwork,java,3.4.0,1,1572781905788
[BASIC]
[BASIC:PARAMS]
[BASIC:NETWORK]
beginTraining=0
connectionLimit=0
contextTargetOffset=0,0,0,0,0,0
contextTargetSize=0,0,0,0,0,0
endTraining=5
hasContext=f
inputCount=2
layerCounts=3,8,8,8,8,3
layerFeedCounts=2,7,7,7,7,2
layerContextCount=0,0,0,0,0,0
layerIndex=0,3,11,19,27,35
output=0.6979479192,0.8314620207,1,0.9325327051,0.6446604474,0.9999957708,0,0.001384557,0.0432595839,0.9811278516,1,0.2402704394,0.0000000248,0.9985894873,0.9990898182,0.0000002263,0.9999081177,0.9517744307,1,0.9999495924,0.0000000207,0.3115762887,0.0000397962,0.9545396643,0.0159822377,0.999606918,1,0,0.0000073677,0,0.9820418184,0.9999999668,0.0000012324,0.997109473,1,8,30,1
outputCount=2
weightIndex=0,16,72,128,184,205
weights=20.926659956,-13.8183355012,11.9100921289,24.0110339549,-11.9745533675,-1.5571937868,-17.6840839682,-4.2448668815,-1.361443535,-11.0879737846,-9.0881242975,-19.7061711613,16.1494426892,25.7558798103,14.2584036139,3.9758137546,-7.8142648837,4.5309202848,-3.4053232157,26.094615741,10.8075772727,-7.2778231366,-7.262882105,-3.9767694583,-1.0824303689,-5.674986294,4.1846426029,-0.9315279345,1.8734613929,5.2670477628,-7.0630538944,-0.9364640927,-1.0851652952,-12.4683042682,0.6489624553,9.2878578673,-3.7827997888,-1.1398384549,6.4921892418,-2.3325781491,0.9690568679,3.5698188091,1.577526253,-31.789876612,1.9361798548,3.1100652125,-1.9069959853,1.8109301284,-7.1031147397,0.0175146261,0.7803861437,-3.9992190909,2.2821566658,3.3377205846,-9.7827675971,4.3155462482,2.1184869233,-9.5224196686,-2.2829001418,-17.2145365109,-8.0443235652,-3.3543640946,19.4870791642,0.6799794128,-1.8715285414,-3.1414762843,-6.8382294234,26.830671209,-2.1533345723,-6.5376467956,-3.0931586646,-6.0959418533,1.4580915031,5.5276312603,-12.2792188167,3.9494806825,6.9171691374,-2.8501329084,-4.6620661526,-0.6803865022,-0.9816657082,3.9559954974,-2.2699020851,8.0779541328,-5.2892541806,-5.0158995748,-9.4417988174,-1.2558525407,1.7018421614,-2.604687776,-1.4622702282,-1.4418023792,1.5604082811,1.1281177459,3.0307883009,0.7792019238,21.3524113689,-16.0937235233,-11.4636447665,-8.2742982005,-6.1666021637,14.6436201896,2.6347130875,-7.7596987856,0.777646955,-0.9066266946,-8.3118987468,6.7512143646,-4.7550639991,-5.0981993944,-6.6578341555,-2.2137662322,0.9605852615,2.289705173,15.6776859375,5.951479012,4.3225508862,-1.0629778656,-2.6586675433,1.9979057869,5.9886329117,-6.4379041943,-0.9759298602,-4.086224785,1.7984835437,1.2475415156,-2.0827824275,-2.356351644,7.9911352571,1.0518535651,0.492837433,15.595220185,-2.757127869,-0.6107858037,0.1282526794,-2.7906021051,-1.5662990907,0.7716224161,-0.3495289681,-0.8340446329,1.2225146498,-0.0667865825,-18.1377554558,-0.0098317786,0.7283273245,-0.2537122196,-0.7598820643,-22.0974174494,4.5024468858,-0.1669443333,12.2499466222,4.1908452384,5.4598059002,-0.7496241532,-0.7566471691,6.2852186522,-3.0176518234,-0.3984225718,-11.8798240514,-1.4409034517,2.4882982318,-0.8112316083,0.373242687,-9.7569797266,-0.0268845363,-0.8612949738,13.1689530924,-0.4778451967,-0.0700017353,-0.0165396595,0.9809551199,-14.6992429255,1.7676721742,0.9424944704,6.2448134514,2.3206694612,-1.9356010309,-0.2417172494,-0.7819342304,3.8838416804,-3.8168875996,0.8057736719,11.1442059429,-3.2681009483,0.7196265862,-2.1750769706,0.4174153851,-0.8623105756,-0.1426173577,-0.6413930847,-0.82585714,-0.673988115,-0.0240061587,-2.4854305522,-0.0461446547,25.2693721395,0.8988490242,0.3269588238,0.2218710843,-0.8414307167,-0.2604740139,0.9390852391,-1.2417666043,0.3128772019,6.3912385164
biasActivation=1,1,1,1,1,1
[BASIC:ACTIVATION]
"org.encog.engine.network.activation.ActivationSigmoid"
"org.encog.engine.network.activation.ActivationSigmoid"
"org.encog.engine.network.activation.ActivationSigmoid"
"org.encog.engine.network.activation.ActivationSigmoid"
"org.encog.engine.network.activation.ActivationSigmoid"
"org.encog.engine.network.activation.ActivationLinear"
