encog,BasicNetwork,java,3.4.0,1,1572781919596
[BASIC]
[BASIC:PARAMS]
[BASIC:NETWORK]
beginTraining=0
connectionLimit=0
contextTargetOffset=0,0,0,0,0,0
contextTargetSize=0,0,0,0,0,0
endTraining=5
hasContext=f
inputCount=2
layerCounts=3,8,8,8,8,3
layerFeedCounts=2,7,7,7,7,2
layerContextCount=0,0,0,0,0,0
layerIndex=0,3,11,19,27,35
output=0.3611112129,0.3623177465,1,0.156091099,0.0831795171,0.0000000708,0.1637466704,0,0.0000024476,0.1123922166,1,0.9996700931,0.2652332365,0.0000010917,0.4324087881,0.0000817737,0.5650448497,0.0000000065,1,0.1890307702,0.9999995236,0.9141288607,0.9509550317,0.146738594,0.000003349,0.9999737321,1,0,0,1,0,0.0000055654,0,0.0356764743,1,8,30,1
outputCount=2
weightIndex=0,16,72,128,184,205
weights=-33.6219187714,3.6002328998,35.6654020616,18.6070387397,-36.0277423965,-1.0944447898,-13.9464572835,2.898704961,0.8475252135,20.1023558193,-10.920170127,-12.8367906651,-17.6137939831,5.1204436115,3.1020997383,-0.616395831,-16.3179653495,12.5020339922,-19.9879639216,7.2715982121,-6.0997674866,14.9660791816,6.7458655786,-0.2912660995,-16.4250331119,1.8533252819,7.4704629227,1.6570771835,1.727813666,6.4656843305,0.5444010813,9.1580545425,-19.0640886125,-0.6242459834,-7.3002997007,-2.1580724405,7.0402790318,1.8209990952,1.319675957,2.6636531299,-9.5014511443,3.3233057697,3.2542637033,-2.8306386689,-6.3236614299,14.4554915547,-6.8420404468,0.0427599366,-10.8851158886,-2.882524946,15.5962948406,10.6551871097,0.2073813603,-7.0123594655,-5.0528100577,-14.967299843,-0.6102900689,-0.8835538959,-8.8777727135,8.6501626524,3.3580226506,-11.013085573,15.1105233653,-9.5937441125,-3.0904813196,-7.3065380731,-1.9410981055,-3.8407173915,-0.8267573294,-4.5061883821,-3.6129920152,7.1678914559,-7.135925291,2.6411750951,-4.6488973169,9.0313562428,-14.0980194893,-4.4419175595,8.7072924905,-4.2529420704,-4.8379116111,2.1791023094,-8.2188024886,5.8068592909,-17.031210291,-1.753495632,3.1689912954,-0.9623144905,8.5359124107,-4.0962298526,-1.7639568593,-7.6603402643,14.3043713139,2.1805675274,-1.7180344955,-2.728970863,-0.737752719,-3.6453292311,0.3471421296,9.0295382591,4.2474402112,11.2906569448,-4.3731755008,-1.6415026655,1.1481323348,3.2313280051,-5.3194951182,-1.4040428507,8.5444043957,-9.1029928205,-10.0867831165,2.1708080256,5.3672876357,-15.7322649488,-3.234037441,7.2876100406,0.1557777764,7.0365381477,6.809710974,4.1730603723,2.0420542746,-6.4591415763,-1.9824129855,-5.5272561037,6.0578556125,6.0625662563,-6.804946171,0.1983993537,0.7055458442,0.9058428583,-1.408066103,0.0707586877,0.8674497295,-9.3894665707,14.0006493636,-0.5477528365,0.3510139773,0.4698167951,12.1576665529,0.0422353323,-0.0579580485,-3.0411474213,-17.9384636198,3.0392223048,-0.0223595178,0.2534182483,1.8808921687,0.8478270059,-0.5067019997,-3.2215219512,4.6629201594,0.3178778554,-2.1021336657,-0.2824184003,2.9032075086,0.1339324949,-0.8615119817,-2.0203660595,-15.6301159822,0.6191538949,1.8722531154,0.1341766314,-0.6741898379,0.1929394969,0.4520380592,1.5784839132,22.4650111559,-1.8876982942,-4.037776628,0.3220552969,-10.6474913572,0.504751802,0.261283914,1.8920806562,18.8618911043,-2.6322700921,-4.8615201196,-0.2480900088,6.9121837118,0.9360294532,-0.8952666142,-4.2990487324,-25.087389025,4.5299860889,1.4647409357,-4.0853860625,-0.4044928566,-0.5481668833,-0.9920564323,0.533034232,-4.4976526809,6.2957949979,-1.2958457301,-0.5522663818,-0.9442838423,-0.3673643442,-0.8956394728,-0.1738102476,0.2804803877,1.8614978155,-1.8208101731,3.2987763151,2.3737572714,0.1344251492,-26.3197480047
biasActivation=1,1,1,1,1,1
[BASIC:ACTIVATION]
"org.encog.engine.network.activation.ActivationSigmoid"
"org.encog.engine.network.activation.ActivationSigmoid"
"org.encog.engine.network.activation.ActivationSigmoid"
"org.encog.engine.network.activation.ActivationSigmoid"
"org.encog.engine.network.activation.ActivationSigmoid"
"org.encog.engine.network.activation.ActivationLinear"
