encog,BasicNetwork,java,3.4.0,1,1572781929521
[BASIC]
[BASIC:PARAMS]
[BASIC:NETWORK]
beginTraining=0
connectionLimit=0
contextTargetOffset=0,0,0,0,0,0
contextTargetSize=0,0,0,0,0,0
endTraining=5
hasContext=f
inputCount=2
layerCounts=3,8,8,8,8,3
layerFeedCounts=2,7,7,7,7,2
layerContextCount=0,0,0,0,0,0
layerIndex=0,3,11,19,27,35
output=0.2957994086,0.0004798897,1,0.9997641513,0.0000018237,0.0079103399,0.801502848,0.0000000316,0.9166690799,0.6531968419,1,0.6574026933,0.9846670741,0.0707471347,0.8579828533,0.00136223,0.5979198338,0.1828339599,1,0.998005852,0.439390039,0.316631966,0.0215526405,0.0013881944,0.9927191395,0.99996557,1,0,0.9999999966,0.0165455044,0.9999991792,0.002120284,0.9999875374,0,1,8,30,1
outputCount=2
weightIndex=0,16,72,128,184,205
weights=10.2441121889,-4.1486826302,3.5056413182,-14.0162853885,-8.0061524667,0.9222804303,-3.7985746182,1.7330828289,-5.6030562083,9.6938757447,-6.6048584258,5.704683082,3.9431582482,-10.1746859528,-6.5977920308,7.0766464345,2.0429047035,2.1067553021,9.0011108812,6.2813366303,-10.5044745532,-4.6259610597,-0.4167972935,1.7650065545,-2.1651221693,-4.3770907787,-3.0388909747,-9.6296820279,-4.9159805717,1.8497225923,8.7112068386,-1.6961943647,3.9361278127,-1.5823103339,4.7917015196,-9.3364624009,0.1963919364,-0.6407142171,1.6049967627,1.8996909124,4.7973452585,-3.1332769668,7.3959005569,3.0877062345,-8.7321662593,1.7586947682,-7.0789498155,-1.5906678741,-4.1287256093,-2.5504500025,6.5738038184,-11.3506373347,-0.8185368128,-6.8391779943,6.6922962977,0.0960470408,-0.5026631562,-1.4371776699,-8.1518902375,3.7797787738,2.3502931546,3.7110680735,-2.6251409678,-0.2648999188,3.7265880538,-1.825442252,0.7207281736,0.3496916837,-2.7605108571,2.1988851303,-3.0549201973,-1.1227673131,-3.690235114,-7.8848605048,-1.4312838477,8.6164211715,-0.2664404542,8.5871692361,-1.1663867028,0.7086991887,0.190040143,-0.6699762673,-0.6080743202,0.1459236384,-3.922077579,2.6165793593,0.9164551926,0.9479040592,0.8953811231,5.0092778315,-9.2290766481,9.1711524716,0.6177320262,1.5721933058,-6.527786954,2.0206251783,7.7869888318,-5.0338493164,2.2499196521,9.6317822188,-3.6414770387,7.3715590152,-10.2683361561,-1.7258377113,-7.8357582736,5.0478042285,4.2374052265,-8.3844471544,4.7157139528,0.5052396504,-1.5527647793,-1.1114784037,-3.2496058909,1.6466077389,3.8134812946,-6.8647554646,1.8705619682,3.3765568037,-1.9868033462,0.4890770567,-4.2740915792,0.8577451313,-4.0852832498,-0.1413728732,-2.0815412896,-4.4038686043,9.6685725406,-1.6055473374,0.3671365253,5.0022312551,-4.5097044703,4.2230804371,-8.4793334823,-8.5269288673,1.3312120846,5.6096505457,-0.5209186759,-9.2801741811,5.8849242968,3.1180095436,-12.8677479627,2.131656745,-1.9470175335,3.7168133083,0.1017566333,-7.9630894447,-6.0201512592,3.3991484802,0.6192100342,0.5755085147,0.4758907092,3.3174424684,-0.6438115975,9.5827799342,0.1008840365,-1.7916478702,5.9180368581,-9.2108994766,4.4673143431,-2.4100345634,-0.7930564442,-3.8851788356,1.1233864552,0.8082480738,0.6346054359,-4.4598080925,-1.1220084883,0.9383891812,0.7034963304,7.2150569009,-1.5444032808,0.7608094797,-1.2928338616,-4.4087412543,-5.4828556165,1.3763134094,0.9398763534,-1.0773411105,-11.0426569491,0.5347556835,11.6875948635,9.0967156278,-1.2025937569,1.8804570941,-1.0032017103,-0.9241312385,0.1782129808,-2.5395943071,1.0369947107,8.7078536336,2.3846537482,-0.8312916074,1.7765612953,0.8797235525,0.2105115134,0.6599106096,2.4210501399,-0.221763987,-18.8695642202,1.2038786814,0.8131833063,-22.733759622,0.553224018,-2.2151497342,0.8685430703
biasActivation=1,1,1,1,1,1
[BASIC:ACTIVATION]
"org.encog.engine.network.activation.ActivationSigmoid"
"org.encog.engine.network.activation.ActivationSigmoid"
"org.encog.engine.network.activation.ActivationSigmoid"
"org.encog.engine.network.activation.ActivationSigmoid"
"org.encog.engine.network.activation.ActivationSigmoid"
"org.encog.engine.network.activation.ActivationLinear"
