encog,BasicNetwork,java,3.4.0,1,1572781940162
[BASIC]
[BASIC:PARAMS]
[BASIC:NETWORK]
beginTraining=0
connectionLimit=0
contextTargetOffset=0,0,0,0,0,0
contextTargetSize=0,0,0,0,0,0
endTraining=5
hasContext=f
inputCount=2
layerCounts=3,8,8,8,8,3
layerFeedCounts=2,7,7,7,7,2
layerContextCount=0,0,0,0,0,0
layerIndex=0,3,11,19,27,35
output=0.9444463903,0.5128156398,1,0.9999876429,0.5615173724,0.0001163541,0.6087479827,0.0502047447,0.3618458609,0.9387480058,1,0.9794557983,0.8780743207,0.3480687844,0.0046519282,0.4863313893,0.9999996873,0.9755360055,1,0.984212469,0.0001657881,0.2518798223,0.9999905184,0.2775826756,0.3935506961,0.9996371645,1,0.9088650667,1,0.0000000215,0.0173326758,1,0,0.0008652397,1,8,30,1
outputCount=2
weightIndex=0,16,72,128,184,205
weights=3.6203233608,-11.8628159535,-1.946431199,-3.5360820523,-0.5477659009,2.5727364722,10.5748688801,-2.8036123279,-8.7693529053,2.274286232,-10.9835252901,6.5129246852,-11.2298599672,10.2319853911,-0.9145815134,1.299967578,4.4185100163,10.2787643228,-11.8684092232,0.9071536055,-8.3436558915,3.0851453453,-0.391707567,3.429581083,2.9524272846,3.0357065622,1.9290332208,-7.3735649913,-6.5002874472,-5.4610698942,-1.3109093732,3.954040871,-4.7812847153,-6.0166625608,7.3968589025,-0.6980289761,0.6501236805,-1.8542143717,3.4279747213,-3.4700652485,1.7179260407,2.3681144435,-1.1679042349,1.7899376496,0.4795346422,-1.9665072801,-3.5905345867,2.3142133906,-3.404922788,0.9868171007,8.6815415598,1.4457044587,4.1177741907,4.2641129956,-8.1914757758,-1.775798168,3.4497996102,1.7490167002,-3.0836622698,2.1205880199,1.3700558576,-0.8099137389,-6.1395098812,1.714332606,-3.2516465536,5.4768409873,-0.9543603859,2.3025106101,-6.7338734157,3.6296957921,2.2956929181,-1.1675384842,0.3842591309,-1.030035618,-3.4149742044,-0.8350386499,0.6931770215,2.2915776673,3.8700746112,0.2186540046,0.565788438,-0.577412747,-3.8495047723,-6.3140231689,-3.3130227932,3.0021171717,5.9022288004,2.5392003032,0.3681946118,-0.7672629486,8.8507662987,12.6921528852,1.4458827212,-5.276775909,-9.5686993023,-4.6706011764,-1.2567270756,-2.5479678041,3.7738876863,-5.3173468704,-0.7801930464,-0.025188704,-0.1177319239,0.5823987882,-2.4068911257,8.9876373614,1.8504721682,8.1124663727,4.7612637653,-5.0704804607,-2.6989750774,-2.8939293358,5.8030987837,-3.1128887918,-11.3334014335,7.3994817795,1.2651744704,-1.2574549065,4.0385843913,0.8287866951,4.2891597691,1.5088245686,-3.781545686,4.689166521,-3.7891172454,2.6319831088,-8.1810930848,3.9215621837,4.2937271389,-1.8014548545,-2.5203180098,3.4216834674,3.7294784005,-1.6658699841,5.2522643527,-1.761672148,-1.4741737179,-2.8921153546,-1.1540700472,6.3668644682,-2.4833560756,-1.6483306127,8.3707643949,-2.1069353978,-1.113966935,-1.3380060893,6.9150806134,-14.9455082099,1.1404135487,1.9550309461,6.3658319563,0.3749641501,15.2421101563,-2.2511094156,-1.0362176524,-0.8046341575,0.5631879936,-1.0463402876,4.9535162595,-0.5892958357,-5.0556092844,0.3786701937,-2.8053777822,1.3532398725,2.2282080979,-7.2716253531,0.729570761,1.0074177521,1.490762402,-1.9551794645,1.4052852125,2.2638749606,1.4136880725,-3.0254001363,3.0032343357,-1.2876592802,1.1000142003,2.7970151061,-5.0242853807,-8.919005103,2.0626011286,0.6215799863,-9.255083363,2.2244156644,-1.9684639855,0.277114021,9.7341467039,0.5990260137,2.6188957456,-0.5169715973,3.8639864738,-1.7456393849,3.8042621731,0.5883792957,-0.2380519237,-1.603153795,-0.35028439,1.5280969228,-1.3147127463,2.8688448168,-3.3320902783,3.5231401519,1.5790967302,-0.2574389847,-11.9612426987
biasActivation=1,1,1,1,1,1
[BASIC:ACTIVATION]
"org.encog.engine.network.activation.ActivationSigmoid"
"org.encog.engine.network.activation.ActivationSigmoid"
"org.encog.engine.network.activation.ActivationSigmoid"
"org.encog.engine.network.activation.ActivationSigmoid"
"org.encog.engine.network.activation.ActivationSigmoid"
"org.encog.engine.network.activation.ActivationLinear"
