encog,BasicNetwork,java,3.4.0,1,1572767767834
[BASIC]
[BASIC:PARAMS]
[BASIC:NETWORK]
beginTraining=0
connectionLimit=0
contextTargetOffset=0,0,0,0,0,0
contextTargetSize=0,0,0,0,0,0
endTraining=5
hasContext=f
inputCount=2
layerCounts=3,8,8,8,8,3
layerFeedCounts=2,7,7,7,7,2
layerContextCount=0,0,0,0,0,0
layerIndex=0,3,11,19,27,35
output=0.7111102301,0.3809509857,1,0.9978235166,0.9549940704,0.0001945498,0.2754532019,0.3919431926,0.9958786548,0.8655439949,1,0.0000499604,0.9999142789,0.8567999597,0.0221967177,0.9999072462,0.9831970233,0.3352400321,1,0.0320807822,0.9999999992,0.986915908,0.6740647023,0.9961222501,0.0004660817,0.7889948305,1,1,0,0.9999999432,1,1,0.0161127604,0.9955256627,1,8,30,1
outputCount=2
weightIndex=0,16,72,128,184,205
weights=-14.618060382,1.9077034285,-12.3548550922,15.0082597588,-5.2267676548,-0.7099044125,16.7059826063,-2.1706766306,-4.5152451492,-13.469110995,5.9007647729,-0.1631494697,-7.3028505616,13.2234924346,4.5981996967,2.6399818175,-4.8797733472,-4.8117384075,0.5950091178,-1.5607871507,7.2290308095,0.7401324622,-0.7529202706,2.7606289504,7.2768617151,3.5711861407,3.4664942175,-9.1666977508,-7.0977404428,-3.0824061811,3.2163012621,5.7665075529,6.6146643588,-5.8484974664,-0.9002729277,2.0510214181,-9.394530155,8.2707450102,-0.1067819846,-0.6734495769,-0.044306242,1.8581339747,-6.5736981994,2.4861836648,-3.4628215575,9.6929142074,-11.8561957412,0.6591855625,-3.6389580438,-0.5775099735,-4.3184755537,-1.2043201193,-4.9161071904,10.8588425402,0.1994648384,-1.9623065497,-7.7273052525,-6.0110114013,9.5398427235,0.7418377516,-4.2324616134,6.4637714864,-7.4568981885,3.6848837093,-5.3873170043,1.6651053855,-8.5995546907,-6.8426436144,-12.1494361495,12.916108858,12.288155278,3.0471578943,6.8856612705,-6.9521073642,-4.0848784532,1.976372788,0.1757665026,-0.8186841611,0.0853954409,-0.7158719372,0.028275802,8.5225267692,3.471317113,-2.0124667178,0.2393946888,4.6406892363,-3.5355172695,1.3204019311,3.4527169486,-2.6214398573,8.0244594217,3.2825202871,-0.0468728392,2.6815545117,-6.3219944415,-0.7989995988,6.1858664099,-2.5826508076,-6.0376814279,0.4240331712,2.1828056611,1.7950167409,3.534336442,-0.6920537453,1.0532965814,15.8289896189,-0.940153442,-10.6415510623,-1.9004881048,-6.7799564876,5.3798469694,-0.8247573635,-11.6958223412,4.2094817957,-11.3533850157,11.2323841123,6.4836530898,3.3399751537,-7.3223873836,3.1857234274,3.8555869822,3.4680252679,6.6644043127,8.0909614342,-1.1891196087,1.5147703807,-11.736940419,-5.8631450825,1.3283471843,-0.3092597615,2.379390605,0.8904472832,1.1636499359,1.6241805188,-9.8246784854,0.5858231884,0.2814723153,0.5167028051,0.6343784387,0.2638441754,0.7050513664,-4.4320411504,17.8998272098,1.3358507524,3.9676599968,-1.4619481336,1.8981368529,-0.1318615166,2.6693568626,-17.3162478219,-5.6704080183,1.8439448639,-0.1935350038,-2.1174213899,5.2834482392,0.2430167826,4.7087402844,-15.270858982,-13.7751722694,4.6445504079,1.052319349,-0.0406846077,2.1656290248,1.6499969869,1.528493808,-1.0153954668,-2.8031221806,1.9591167631,2.8857377689,-2.2287050531,-0.7602795902,-0.0798038402,-1.2931568407,-2.9169856044,-8.3713964345,-0.0422402794,-1.4306838252,2.1775973588,-2.3500402289,-2.7959079445,-1.1845517142,12.3088352362,9.2476928164,-0.3245841181,-1.3562901499,5.0213215978,-0.4531105462,-1.0065312805,-1.9595488541,-0.1444436479,1.3598990564,0.1738593029,0.588162867,-1.702198569,3.0547229683,-1.1844942791,0.8965342546,0.5612522275,-0.2734548484,1.5161840396,-0.1663379091,-11.2512348075,-0.8754611275,0.5552164619,-4.2478921954
biasActivation=1,1,1,1,1,1
[BASIC:ACTIVATION]
"org.encog.engine.network.activation.ActivationSigmoid"
"org.encog.engine.network.activation.ActivationSigmoid"
"org.encog.engine.network.activation.ActivationSigmoid"
"org.encog.engine.network.activation.ActivationSigmoid"
"org.encog.engine.network.activation.ActivationSigmoid"
"org.encog.engine.network.activation.ActivationLinear"
