encog,BasicNetwork,java,3.4.0,1,1572781955975
[BASIC]
[BASIC:PARAMS]
[BASIC:NETWORK]
beginTraining=0
connectionLimit=0
contextTargetOffset=0,0,0,0,0,0
contextTargetSize=0,0,0,0,0,0
endTraining=5
hasContext=f
inputCount=2
layerCounts=3,8,8,8,8,3
layerFeedCounts=2,7,7,7,7,2
layerContextCount=0,0,0,0,0,0
layerIndex=0,3,11,19,27,35
output=0.7086999173,0.7161590314,1,0.9235514611,0.1047347584,0.9999934094,1,0.9839485273,0.9070138834,0.8663794294,1,0.9872548357,0.9999999926,0.9800334544,0.9773264343,0.9993640503,0.9998380524,0.3476012306,1,0.3257246778,0.4376425531,0.258486018,0.9976586035,0.000490934,0.9997904442,0.8757796541,1,1,0.5652072167,1,0.9999998044,0.9960129441,0,1,1,8,30,1
outputCount=2
weightIndex=0,16,72,128,184,205
weights=2.4746018467,-8.6986893484,-19.753039189,5.4570873174,13.9273965823,10.228710008,-9.9366668835,-0.5619666528,-2.267344434,-11.247537378,-2.942727543,21.7407543827,-2.0732261913,-5.7625822233,-8.0720897765,-0.3403582449,3.5341215028,-1.0145283394,3.3220339408,5.8710251589,-5.5803645618,-2.8228073711,5.5371394307,-2.5021045186,-1.7265107072,-2.0449574639,-2.8030090223,-2.9634739,-3.5682483252,13.2591680082,-6.4187699218,-0.2127707976,2.3383906364,5.99514187,2.970046544,10.4329989969,-7.1542140143,-0.1259606426,2.1933248497,-2.9678568491,1.0857228922,-0.0184271431,0.2304625213,-2.3491060416,6.1248927121,20.3256995667,-3.347863334,0.7489627208,-3.0929988872,14.5649806069,-6.1291715634,-5.4020329748,6.3180459301,-2.5117536685,-0.6980080003,0.3306607624,9.7350773392,9.159978792,-11.54544042,-1.6315373847,-3.8229244629,-5.0909273626,13.3153732659,0.6983451677,1.0332540249,-0.702602098,-7.163860758,4.5050461128,-0.3951101942,1.2512469829,11.3592644982,-0.6349213971,5.861205762,6.6032641157,-8.435252489,-2.0267008608,-3.5519160119,12.9404462721,-6.5079964433,-3.483301971,-5.4357001618,0.5479697352,14.3493780976,4.3818226045,-15.7093426558,5.7402179669,4.3929160371,2.5972354225,-5.8275902772,-2.9478620317,8.7095504368,1.1403309071,1.5811757364,9.1454816511,-2.5553101623,-3.2135823301,2.8961370924,-4.4538911625,5.4377859624,-6.0592647577,-5.7791139625,1.7032362417,6.7202079598,1.8235123742,-1.053309394,1.9678226529,-11.3375271755,6.4924011044,1.6999756845,-1.2110338631,4.1133855039,0.9025594688,-4.1037825248,6.2849150681,-5.8950385087,13.2487356555,2.2751465603,0.34317615,-3.3668690628,-1.7752828676,2.2186133863,5.8278193366,8.2914760491,-2.4636494946,-6.0410938185,-4.1415165956,2.8381828012,-1.9301166835,-8.3353792722,0.5414289213,0.8869807823,2.327190291,1.0453630496,-3.9970146874,1.1459538094,1.9004541428,2.8030493475,-13.4170865883,-0.1839315243,0.6014716406,3.8909450865,-1.6559132642,-0.8731569913,1.1098349549,5.6378108665,15.0815934178,-1.7808308345,-1.6621680059,-10.5086540605,4.3941915676,-0.7699242964,-0.5362104385,9.8089065761,-12.4734540193,0.3584640417,1.0898464479,1.9433286969,-2.5035644068,-0.0493355476,-0.0387120051,3.464783618,-16.9006429295,0.8645402357,1.7428523004,-4.4604670674,1.7861379878,0.404057759,-0.0998949978,-0.8815134376,12.2310554456,-1.4656823101,-2.7767477921,9.4556636663,1.9383953004,-1.3622925836,-1.374497609,2.3887510166,5.6792550768,-2.9875260389,-2.7501599076,9.3087579122,0.5195046511,-3.3027249645,-3.8768824217,-4.7454551383,5.6360618175,4.4600736156,1.0629246585,0.2633767613,-16.1423772461,0.1325696094,0.9997264402,-0.8712181945,1.123098716,0.1875119852,0.8371763309,-0.5815014511,0.3609172952,-0.654800074,2.4572885234,-2.1782423015,-8.8711233483,0.731671231,3.1946425126,-0.7580644914
biasActivation=1,1,1,1,1,1
[BASIC:ACTIVATION]
"org.encog.engine.network.activation.ActivationSigmoid"
"org.encog.engine.network.activation.ActivationSigmoid"
"org.encog.engine.network.activation.ActivationSigmoid"
"org.encog.engine.network.activation.ActivationSigmoid"
"org.encog.engine.network.activation.ActivationSigmoid"
"org.encog.engine.network.activation.ActivationLinear"
