encog,BasicNetwork,java,3.4.0,1,1572781966412
[BASIC]
[BASIC:PARAMS]
[BASIC:NETWORK]
beginTraining=0
connectionLimit=0
contextTargetOffset=0,0,0,0,0,0
contextTargetSize=0,0,0,0,0,0
endTraining=5
hasContext=f
inputCount=2
layerCounts=3,8,8,8,8,3
layerFeedCounts=2,7,7,7,7,2
layerContextCount=0,0,0,0,0,0
layerIndex=0,3,11,19,27,35
output=0.4174758171,0.2621335549,1,0.9999800031,0.784476319,0.2923947247,0.9999622103,0.8443997702,0.9995119036,0.9858275085,1,0.0000021951,0.0754680738,0.9999996662,0.9876732797,0.4541511557,0.4783550037,0.9999998763,1,0.9994303205,0.7659576629,0.0550940934,0.0001152541,0.9993208341,0.612360684,0.8508832877,1,1,0.0000000205,1,0.3055563828,0,0.0086751206,0.9999985733,1,8,30,1
outputCount=2
weightIndex=0,16,72,128,184,205
weights=-9.7504326446,-10.311962717,4.6773321295,8.258411751,5.1635260693,1.8404070417,4.0438446801,-2.3052650671,-8.2281719183,4.8255066857,4.0716602783,9.8306521097,-12.6118261706,-11.4171102143,6.934323755,7.6117039186,-6.2318461494,-4.7525108651,11.5237478179,-1.7284478815,0.6012586904,5.6651690136,0.8870507078,-2.5080855428,3.5240860287,-4.4860261635,2.7285800086,-3.1491612759,-8.9692658999,12.9133061611,-0.4165131789,0.3250239441,4.3079408321,-0.2313493522,1.6233150516,-0.6781948445,0.4581548149,1.1450304147,-1.81110854,-0.764505532,-1.7664398508,-4.9771194776,5.3921102165,8.5041727884,2.5993142533,0.5611912113,-2.5299827746,-2.1513456103,-7.555636799,3.8577251647,1.4015565086,-7.608000946,4.5465453539,6.3418977849,6.2060915972,-3.791707536,-1.5736944695,-3.1463706742,9.5278255402,-1.4467293942,-3.5572575083,-5.7387490499,5.4478170234,-1.3240874978,-8.0902711712,-5.8309416994,-0.4763790652,0.6297931496,-6.2427528465,4.9266154995,5.1922334522,-0.1771552953,0.8735692442,-1.7276419169,6.3913828172,7.0340385752,-5.8444747036,-0.9105405568,-6.9516038824,-0.6188813296,-0.6257340777,1.7539667647,7.5185789891,3.9239877152,-2.6070494767,-3.2046548119,0.1937287339,0.7644968246,9.8940148985,-8.5709248166,1.007028887,-4.5263154214,4.311651112,6.1831348837,6.6989552381,-2.2608290235,7.0382695437,-3.5598121329,2.1119724923,-5.6006326178,-3.2418807825,5.5861591018,-3.17901526,2.4841821015,7.1598050891,-3.6855947052,3.6158314605,-14.3159834111,0.4566180829,0.0613157297,-5.7463530612,-0.3185692997,-5.2575039693,-2.3751621506,6.7547250176,5.1049454885,8.2111419003,4.9898979566,-1.9928041248,-2.9511241934,-3.1116474863,8.396468042,1.3058030198,3.051031594,11.9001257789,-1.4035532346,4.4058798835,-2.2697622024,0.1863405947,0.0238323804,-0.4249654545,-7.1844431606,-0.3265425342,0.0202368679,9.5212984384,0.3822837291,3.0666175173,0.0043143542,1.1249218679,6.7808403565,0.1445743291,-8.5637160301,-7.0516546223,2.048092266,-3.0405368058,4.0861932442,-2.402804902,4.7962768518,-0.2937717103,-3.7577889512,4.0585411444,-2.8901703034,-1.041497327,2.6603891962,-0.3784538682,14.4669219429,0.2001867145,0.029954982,-11.0360046751,-1.0330362543,-1.9009088834,-9.4219654087,-0.3942894689,4.5687564806,-0.6222565131,7.619232052,9.8057972927,-1.6787294566,-2.1199140669,5.5133899324,-1.3334375612,-1.8096806086,-0.8751905844,-1.29734416,7.3601711534,-2.885348907,-1.1080251264,-5.0457510971,-1.6581657231,5.6471778216,0.621020217,8.2693328996,2.7313465396,-0.0208747094,-0.4067221946,1.7795089618,0.9546439201,7.4928595394,-2.6114325588,0.697756559,1.0709679138,0.5651555216,0.2075523692,1.324650415,0.1453433226,-15.7784796505,-0.9788813207,-0.868366991,-0.4876825099,0.5501214415,-0.2661695421,-1.1544683477,-1.5942331361,0.7234555761,4.5103369136
biasActivation=1,1,1,1,1,1
[BASIC:ACTIVATION]
"org.encog.engine.network.activation.ActivationSigmoid"
"org.encog.engine.network.activation.ActivationSigmoid"
"org.encog.engine.network.activation.ActivationSigmoid"
"org.encog.engine.network.activation.ActivationSigmoid"
"org.encog.engine.network.activation.ActivationSigmoid"
"org.encog.engine.network.activation.ActivationLinear"
