encog,BasicNetwork,java,3.4.0,1,1572781975569
[BASIC]
[BASIC:PARAMS]
[BASIC:NETWORK]
beginTraining=0
connectionLimit=0
contextTargetOffset=0,0,0,0,0,0
contextTargetSize=0,0,0,0,0,0
endTraining=5
hasContext=f
inputCount=2
layerCounts=3,8,8,8,8,3
layerFeedCounts=2,7,7,7,7,2
layerContextCount=0,0,0,0,0,0
layerIndex=0,3,11,19,27,35
output=0.0865390325,0.1284409334,1,0.4609216568,0.0000007924,0.0704418459,0.995907057,0.8203232524,0.000936429,0.11827252,1,0.116467846,0.9999831678,0.6157063539,0.0078099134,0.0000005908,0.0039518709,0.9999197147,1,0.0000012655,0.1104534735,0.9999834089,0.9970592091,0.0001293864,0.1869443872,0.305924831,1,0.0000000061,1,0,0,0.8031685171,1,0.6543901051,1,8,30,1
outputCount=2
weightIndex=0,16,72,128,184,205
weights=-7.8314284116,9.8528939695,1.423227575,8.0085728693,-2.9714775005,-5.3870152784,6.8859796791,-5.194832478,-1.0259806923,-1.8700192279,12.1686243641,-6.2875460518,15.3693123456,-14.6344222467,-1.5559472566,-8.4473595676,2.7643147511,-4.0375341444,6.2420017219,-7.9896428799,9.8169657553,3.3338257609,-0.6274530959,0.3922599457,0.0096940654,2.1880223799,-9.3312897033,0.8657442649,3.5625938014,12.4487253661,-12.9311477263,2.382127941,2.5401044373,-7.5293695376,8.9562479846,1.5272387711,4.0429264573,0.2961061753,-0.7961678038,-0.0779346453,-2.9483643927,3.3683459848,1.3945710122,-6.552803749,-0.9561773847,-1.4584962996,2.2675509028,-0.5995838727,4.3739130265,11.6905359217,-9.3992142879,10.2593191643,-16.8450887579,2.5700971748,-7.6667047382,2.6817537491,1.4430632937,-10.3486491513,8.5065355994,8.2464584084,-6.6149565389,-0.0239849253,-2.288486968,0.194374257,-3.3059528179,-4.3859801092,1.5692997248,5.6067227167,0.4882340276,1.4655932278,2.6087047794,-0.8622513812,5.0503729173,2.2983670067,-1.0725424831,-0.5747659044,-0.3104949594,-0.6713566307,-2.4973476774,0.2549660604,7.4089720036,-6.4802546336,5.8648356611,2.3427114422,-10.2104050897,-0.3639510264,6.7810732233,1.5022601718,-6.203491384,12.3239979526,6.906739165,-9.0640424969,5.5212406674,-15.0108284925,-2.1742669495,4.7115431342,-0.5268053681,-2.1804172194,-1.275369678,-5.799124935,1.3846709641,4.7926373018,8.5823742515,-1.0679632693,5.5637123351,1.112222066,1.0661015027,-22.0042307411,2.1621690768,0.2907458793,4.8102524636,4.882583064,4.3009546832,5.378950922,-5.5445154888,0.950259319,-1.2151484622,7.6015931558,-4.2938940379,-1.6340861774,-2.9180312233,-3.2793021087,9.7441023029,-3.8700673482,-2.1472157374,-3.4700438409,7.8564513439,2.1523031382,-0.8879800308,1.3586940965,-0.4832825844,-6.022415011,-20.1208062603,-0.6481971438,4.9628948575,-1.3778217665,-0.9330515682,-0.6025757335,1.012487008,1.2594544614,-4.4960510013,-4.2797803751,10.5534025323,-0.4987168966,-0.7421094666,2.8831282656,-1.0218253581,6.4142566805,11.8685211849,2.7363226326,-8.8008120201,1.6139209563,-0.9730408106,-3.3049939621,-1.0491659174,3.8173719014,12.9509314935,-5.1793468175,19.7909948671,-9.0423392776,-0.0505444478,-0.7266453916,1.1939786145,-3.2876107823,-11.050586741,-2.4458696588,5.9412601967,-0.7924810724,0.6140112672,3.2553065065,-0.761450874,0.6455513149,-19.1112957939,5.1622688357,4.7817144531,2.332920799,-0.607809539,-1.5848826102,-1.5073954585,1.0018560172,-0.1780951548,1.3413375747,-8.609129305,5.2010736459,-0.9369826328,-0.3721514449,-0.2562309417,-2.4402017528,5.3512649618,-1.0003537422,-1.4651521524,-0.9116305783,0.6828394782,5.140267568,-6.5411526772,0.3904511643,0.8513715031,0.324608271,-15.1430035512,-0.7021425529,4.0941223689,-1.0425015381,-0.8696787585,-0.1043896055,10.7275112302
biasActivation=1,1,1,1,1,1
[BASIC:ACTIVATION]
"org.encog.engine.network.activation.ActivationSigmoid"
"org.encog.engine.network.activation.ActivationSigmoid"
"org.encog.engine.network.activation.ActivationSigmoid"
"org.encog.engine.network.activation.ActivationSigmoid"
"org.encog.engine.network.activation.ActivationSigmoid"
"org.encog.engine.network.activation.ActivationLinear"
