encog,BasicNetwork,java,3.4.0,1,1572782312598
[BASIC]
[BASIC:PARAMS]
[BASIC:NETWORK]
beginTraining=0
connectionLimit=0
contextTargetOffset=0,0,0,0,0,0
contextTargetSize=0,0,0,0,0,0
endTraining=5
hasContext=f
inputCount=2
layerCounts=3,8,8,8,8,3
layerFeedCounts=2,7,7,7,7,2
layerContextCount=0,0,0,0,0,0
layerIndex=0,3,11,19,27,35
output=0.7643386429,0.8558841903,1,0.0014792474,0.4201397005,0.9995992345,0.095829707,0.2684080111,0.0048312784,0.5554508236,1,0.9991311713,0.5608165489,0.0923965817,0.004120789,0.3053092671,0.0000000588,0.0000676587,1,0.9999357469,0.9719480368,0.2254191506,0.9945140919,0.8114365633,0.9995009289,0.7495337079,1,0.0010887271,0,1,0.9999998104,0.9999999914,0.3919584135,0.0064725834,1,8,30,1
outputCount=2
weightIndex=0,16,72,128,184,205
weights=18.167474652,3.6230299039,-7.920097693,-14.2594716726,2.2198931213,8.0106588042,20.4756126163,-3.0967679244,8.1344060009,12.6434162805,10.0962784529,7.9370870202,-15.0460007112,-0.4567650915,-6.5206945789,-6.7327579395,-3.503725542,4.2103789288,6.068192589,-11.8751753126,0.2375769011,-14.1723037764,2.3372496121,-5.9597471575,-2.9798974611,10.6040907896,-13.8682341429,4.4003764285,0.0425154025,7.2686906106,7.8088347505,-2.0421057974,-2.5318815589,7.9023234746,-2.807504822,0.2739667024,9.7293117721,-5.8455647989,-3.7633696877,3.2077419676,-5.0807894997,-0.9696343332,15.3399492554,-8.5097757,13.9398247796,-5.1722174183,-4.9280849054,-2.2621986848,2.9938256111,-0.9453847077,4.2414711446,-1.2359758786,-4.3170035942,10.6178713824,-0.6465659965,-2.5324917292,-2.1127130426,1.7834106348,6.2654833642,-0.4665745484,-4.7311092621,-2.8256268511,0.3840217608,-3.3496508322,2.2969329831,-0.0581843353,-11.31305765,5.0165804602,21.539445946,-12.4542854643,10.7844606134,-7.5918930048,1.8247879997,0.9795898436,-4.0110657011,1.4923405394,0.7940708655,-2.5953041136,6.4302615358,0.8207044644,2.7211090091,-1.5382526535,3.4825600889,-1.5829226732,7.7925776721,-4.479452604,0.3247818494,-2.2815530706,-3.3753316358,-2.122309423,13.7793328361,-1.3325530162,-16.0092120587,3.267888794,18.5641904396,-2.817995415,-6.1184466388,2.940497774,3.1631197775,-2.1048609681,-4.8387290438,-5.6775701512,8.4610923189,2.4119316662,-2.7520462626,-1.5799351289,14.1028199056,5.0341788895,7.9723911255,-3.1861375986,-7.0522024956,-2.7189434345,-5.1514036998,-3.5720583424,21.8700011465,-2.0889127731,-11.6168340469,0.9668098242,1.428271391,-3.4893052347,0.9334108494,-0.2428465112,7.3922756457,-10.333872004,-5.2475066827,-1.9977379572,4.1630092485,1.4469807811,-10.4420639372,-1.1678729684,1.9315703251,4.0693125139,1.2615034711,1.0371823913,0.1827524527,1.9938833526,0.6543196548,-0.6225770089,1.0044750812,0.6286241679,0.8942563856,0.5422645446,-0.2310576256,0.8061262297,7.8473340404,0.3320115189,0.7257426491,2.3169602214,1.2430735797,-19.6495038874,7.2624244064,2.1261016342,7.1707564175,-1.6956616099,1.1676655086,0.2639282114,1.6520659807,0.5950161778,-12.026343294,1.9532249098,-7.6817777342,-2.8676202014,-1.1402276749,-0.4890073877,-0.5575450628,12.6984234693,-4.0353627655,-1.2966195807,-5.302424534,4.2960094566,3.0247187109,1.6652867438,1.8934452359,-5.6599165026,0.7023655428,3.2384910905,-11.1968032902,-0.9403633408,-2.2490373426,0.0091987417,-0.344050045,11.4495643101,-1.4021505695,-0.7864716765,0.6417728192,-0.3313868051,-2.0142351216,1.0371555915,-6.2848267864,-0.228502414,0.9751965889,0.5336384439,0.9745611949,-0.4095597468,0.6112469056,0.4173986525,1.0528356732,0.329323818,0.2647388676,-0.3457810013,-0.181772831,7.7803454081,2.4082145686,-0.6330313109,-5.3084635626
biasActivation=1,1,1,1,1,1
[BASIC:ACTIVATION]
"org.encog.engine.network.activation.ActivationSigmoid"
"org.encog.engine.network.activation.ActivationSigmoid"
"org.encog.engine.network.activation.ActivationSigmoid"
"org.encog.engine.network.activation.ActivationSigmoid"
"org.encog.engine.network.activation.ActivationSigmoid"
"org.encog.engine.network.activation.ActivationLinear"
