encog,BasicNetwork,java,3.4.0,1,1572767778116
[BASIC]
[BASIC:PARAMS]
[BASIC:NETWORK]
beginTraining=0
connectionLimit=0
contextTargetOffset=0,0,0,0,0,0
contextTargetSize=0,0,0,0,0,0
endTraining=5
hasContext=f
inputCount=2
layerCounts=3,8,8,8,8,3
layerFeedCounts=2,7,7,7,7,2
layerContextCount=0,0,0,0,0,0
layerIndex=0,3,11,19,27,35
output=0.1684106884,0.0007532632,1,0.9999999889,0.9774372139,0.6012260837,0.9997650022,0.9997689086,0.9997423277,0.004691668,1,0.0000000012,0.9995095286,0.8499262699,0.9999959582,0.9999999041,1,0.9233484266,1,0.999997224,1,0.000012468,0.0046331209,0.9991921327,0.9214398459,0.6588203784,1,0,0.9879465189,0,0,0.9114585217,1,0.0561116343,1,8,30,1
outputCount=2
weightIndex=0,16,72,128,184,205
weights=10.306881445,-17.7257525987,-20.2673626697,2.9461725374,8.4896897552,14.0540276346,17.0880124231,-7.9565227816,-0.2729596662,-0.6077717869,1.6700030762,7.1083758981,-7.9136353983,-7.7429682705,-0.7124192105,1.2220434217,-7.33776689,1.3716450334,3.1619514927,3.0172326872,10.0936731625,11.6008588322,-7.09363614,-3.9035899129,-1.3357867426,1.6764328587,2.9259525802,2.7381406594,-3.3674189534,5.7644273341,-9.3183868199,3.0751570777,-11.4089200209,4.056096033,-6.0440363344,1.1693193055,1.0775944128,-0.8520725056,-0.8279485882,0.8631036918,8.9323081949,-13.8375149685,2.8520242406,-2.1514931746,-1.7613886057,15.9491942604,9.8587944662,-1.3770066952,0.3894588099,1.8884594524,7.7160186192,3.4773547412,-3.2461716352,7.5026594735,-12.6241431078,3.8495399562,-9.4895100243,16.8000947687,-11.370370394,-3.5559037394,-6.2559122788,-0.650658385,17.8171427029,-4.8532852107,2.7347195005,-2.8697651158,13.8940835549,2.7046514677,-4.6485884287,-5.7904837292,-7.5089723296,0.3699755233,-11.3506355427,-11.7247051275,5.4337341599,1.0658729805,-4.0155660125,4.8867461048,-0.1009143541,2.0796485639,0.5611100908,-10.9664230132,-5.4948373005,-4.273448169,3.3262387896,9.9269212121,5.0667908504,2.2361179096,4.9834490046,3.009712133,-3.049457176,2.8698931209,6.0182531091,-3.2199649196,-1.8352077373,-8.1096978716,4.5984007236,4.190131745,1.2923478635,0.9452567846,-2.3006572715,2.0804468631,5.3347536137,0.4930519938,4.3940502078,13.0615268766,-3.3791495084,-1.2792849319,2.0211711411,-2.1744516343,2.6604026139,-3.0580014024,8.7757396117,7.2213486657,-5.6583081941,-2.5547912218,8.9988874498,7.0482458115,-11.9729213154,0.9571282051,6.2271070762,3.7536498132,-5.7705990821,3.2021609178,-5.359337323,-6.5520168184,6.6180001457,-0.4745434314,-1.631035161,10.1657007609,-1.2258273337,-0.4166433618,5.6870806315,-1.076674159,-1.7469685925,-1.2575248216,-3.8179968311,12.8199777239,-0.815607577,0.1204624436,15.9282210825,-0.098067117,-0.4984676082,-0.6204223824,-2.946686801,-5.3207917941,-1.0647433542,0.0895073658,-8.0928611575,1.8365373978,-0.0675256629,-0.4921172386,0.7706603665,-8.5134914592,-0.6840573597,-0.9277437224,-13.2606165676,7.8524137255,3.84672793,7.0592356222,2.6481428732,-5.3995285234,-0.7899924558,0.7481012586,16.910011505,-1.4296504539,-0.1864039256,-1.517914195,-5.8240701887,-9.7025924355,-0.1304987122,0.4276809857,10.0357273636,1.1887767019,0.2792595939,1.6961196511,-0.2081161422,14.9123643155,-1.3718133378,0.7644492469,-20.5756642756,2.6282929907,-6.2599060908,2.4022485427,0.5298195845,-1.6826458357,-0.5145650246,-1.0442981415,0.2564293174,5.067780671,-1.5027218065,-4.0259358619,-0.7295882508,-1.4907343637,-0.478554271,-0.1953872343,0.0303143513,0.3532563685,-8.5086309005,-0.1602385467,1.1499221729,-0.5018863213,4.8918413817,-1.3855191642,-0.3918208532
biasActivation=1,1,1,1,1,1
[BASIC:ACTIVATION]
"org.encog.engine.network.activation.ActivationSigmoid"
"org.encog.engine.network.activation.ActivationSigmoid"
"org.encog.engine.network.activation.ActivationSigmoid"
"org.encog.engine.network.activation.ActivationSigmoid"
"org.encog.engine.network.activation.ActivationSigmoid"
"org.encog.engine.network.activation.ActivationLinear"
