encog,BasicNetwork,java,3.4.0,1,1572767789866
[BASIC]
[BASIC:PARAMS]
[BASIC:NETWORK]
beginTraining=0
connectionLimit=0
contextTargetOffset=0,0,0,0,0,0
contextTargetSize=0,0,0,0,0,0
endTraining=5
hasContext=f
inputCount=2
layerCounts=3,8,8,8,8,3
layerFeedCounts=2,7,7,7,7,2
layerContextCount=0,0,0,0,0,0
layerIndex=0,3,11,19,27,35
output=0.2333312576,0.000599752,1,0.0037690233,0.0000000306,0.0005945898,0.0000008909,0.1013556827,0.0100899632,0.5284879463,1,0.9992583981,0.000048655,0.0232384371,0.9999524628,0.3725455058,0.9578139069,0.8883417785,1,0.486189147,0.0361392936,0.8430860238,0.9999536801,0.2724215305,0.0486009289,0.0740272887,1,1,0,0.0000000049,0.0072136572,1,0.0002758367,0.0975051055,1,8,30,1
outputCount=2
weightIndex=0,16,72,128,184,205
weights=3.0641658958,-9.4046780833,5.5453160381,7.9531519006,1.5184054528,-7.820902739,-5.2749273563,1.5083005554,16.6965241317,-2.282615451,-9.3050432036,-15.6047857887,10.8690611282,4.1398295731,2.3860148485,-9.8801692041,7.8377818541,-0.6685036513,1.1534633477,-9.0159991003,2.2877405133,-1.2090602333,-3.8575177415,-0.6877728145,-0.1719741348,2.7327550652,7.2789344101,-8.1906063359,-0.4254631654,-9.191823251,-1.300710271,1.0073726395,-0.9709285147,4.5178243705,4.7123939768,-1.6407182192,8.8286768935,-2.7526664805,-7.4562508678,1.045233607,6.0965735958,2.1756478922,5.6751342293,-12.1936534994,-5.0674574678,-5.6530183948,0.361404849,-0.9806709482,-2.6775496954,5.9359753904,0.6330412422,-2.1771638792,11.1691919545,2.3940733452,-5.2371554555,0.8536483075,7.7193291847,-1.9301283703,7.8774293949,0.3952557304,-0.7793862278,-8.5688457893,-3.1363548886,-1.5940079988,6.5258136629,-7.9196682382,2.7167340234,1.1179196116,-1.8075682763,-5.8239200423,-2.5514554365,0.9306849411,-3.339556193,1.7551342279,8.1880788937,4.2937436246,-7.3951105496,4.5319184664,-4.9555383367,-0.2694398492,3.4939199806,4.4724445971,-13.2881811341,-3.2178506315,1.8569482483,1.750951926,6.6384387283,1.5473410681,8.619359856,4.9305812735,2.6515868993,-6.9288908597,4.8966653155,1.2399942293,2.8718165165,-5.0210224946,-7.2484593823,-4.4252462501,6.1666942682,9.7345261279,0.44386559,17.0616371684,-12.1794715101,-1.3436467448,3.7498831659,2.3154794756,-6.1244601219,1.0002224272,0.2749908202,-2.8688123205,7.6118796008,1.2361531033,0.4309035227,-7.1401662094,7.2077722333,-5.280709099,-6.728566998,7.6753777799,5.1891427145,3.4506331645,-3.0481785631,-2.88543178,5.848212726,-0.0074945981,-0.8856525845,6.2542843661,-4.4550165783,-0.9957698166,0.8781787365,0.8787713238,-3.5591835358,-3.1175501242,-0.4721837035,-9.4755108083,6.6601298133,-1.0855465116,-2.36517458,-2.9614989961,-1.1204640396,3.8963163729,-0.6366490608,0.1866962904,6.8231400715,-0.9751915832,-1.5066784099,-0.9787902598,2.9875566364,-8.4309609466,2.7397372374,13.9825572492,-10.7695452272,1.5553592253,0.8872211646,-0.5952264014,3.0670837679,-0.6570928642,4.3054735284,-16.6804780616,-5.8731841358,5.3692036325,-0.2737596128,0.6915286751,3.927372577,-6.5667254692,-0.4253363842,2.5871911234,6.0784129995,-0.8292951026,3.8143284463,0.2450361587,7.3028555117,7.0846248326,-2.8756974146,8.4405818314,-16.496680258,-2.3578457607,-0.8234438189,2.6841729823,-3.4048644803,-0.535125921,-1.1742869536,-6.2129468772,12.542575496,-1.7460713564,-3.3392367538,6.055388657,-0.0928482883,0.3022746167,-4.4648157484,-0.2917291411,0.8674857094,-0.7167541684,-4.5811024309,2.1370771004,-0.1828299222,-16.5362585528,0.615694895,1.6816228531,0.9530189888,-0.3875449493,-0.7221817522,16.5703865938,0.3301033856,-0.1809075042,0.5611397486
biasActivation=1,1,1,1,1,1
[BASIC:ACTIVATION]
"org.encog.engine.network.activation.ActivationSigmoid"
"org.encog.engine.network.activation.ActivationSigmoid"
"org.encog.engine.network.activation.ActivationSigmoid"
"org.encog.engine.network.activation.ActivationSigmoid"
"org.encog.engine.network.activation.ActivationSigmoid"
"org.encog.engine.network.activation.ActivationLinear"
