encog,BasicNetwork,java,3.4.0,1,1572766284187
[BASIC]
[BASIC:PARAMS]
[BASIC:NETWORK]
beginTraining=0
connectionLimit=0
contextTargetOffset=0,0,0,0,0,0
contextTargetSize=0,0,0,0,0,0
endTraining=5
hasContext=f
inputCount=2
layerCounts=3,8,8,8,8,3
layerFeedCounts=2,7,7,7,7,2
layerContextCount=0,0,0,0,0,0
layerIndex=0,3,11,19,27,35
output=0.7611959302,0.4923015302,1,0.8605447498,0.0684382297,0.9999173434,0.1034016648,0.7982130666,0.0264907257,0.9813540647,1,0.2748373517,0.384934128,0.7372205864,0.1528126075,0.9415022184,0.5667683986,0.0000788639,1,0.9860343776,0.1116091029,0.1378967696,0.948422329,0.9970077417,0.1182242068,0.9610588562,1,0,1,1,0.9999999985,0.2411078946,0.012249442,1,1,8,30,1
outputCount=2
weightIndex=0,16,72,128,184,205
weights=-8.6191907717,1.9096779136,0.7240111651,5.831481656,-1.1788373789,-2.8517799784,7.4211647016,0.8525344985,7.5869957619,4.2529258533,11.0584548191,-2.3435660145,-11.6933733765,2.3627671671,-6.4340455525,-2.0807317759,7.6398536988,-3.9235619302,4.130280852,8.0243886135,-0.3149271122,-2.5300937955,-1.9133280521,-1.3101055548,1.7293224271,-4.9048119871,0.8067887695,-1.6320074038,-1.8824340785,1.1416272765,-1.2001784794,-0.4182015239,4.0702706332,4.4686991459,7.6390672246,-6.4490011892,-0.8123313059,0.7807709418,-8.954641422,2.2387291588,5.6002878831,5.7103208589,-2.8580407117,-5.292234823,-0.8716763853,0.5059392482,-2.4656245498,-2.4473966093,-6.3503618596,7.7234353892,-0.1832818499,-3.2156598709,5.4724717952,-6.68554331,1.4870968665,-0.5893284384,3.1383647238,4.0212057509,0.0360415709,-0.5474521893,-2.7146719333,-2.2174350424,4.3938814313,-2.1451695878,4.5964668908,-10.7940956866,-0.1437482954,-5.1307757957,1.5993598723,6.8380318501,-2.9685774875,2.3639144802,-4.5203973562,-2.3423116816,-0.156761464,3.2166786409,-0.1937850471,-11.235053549,1.1568373255,1.1289927813,-4.1989847713,-3.3929363507,-3.9589180141,-7.2571789285,6.4826846921,6.6635690449,2.3808333382,1.9399583623,3.1561062954,-2.3475271995,-0.2534200005,5.2350872469,-5.4595131622,1.6825848838,-0.0791726762,-1.4282353128,5.2477269163,4.1586406903,-7.7646159181,-4.5555941523,-4.6830693414,-3.4037695924,1.3786205873,1.7865806617,-1.2509489571,-1.2488771194,-1.202309498,-1.8682642207,5.1399113108,-0.6606132977,-0.1780581255,1.2137441552,2.7784381422,-0.9136169151,4.5593704779,-2.7068908571,1.0604576116,-9.4877082643,-0.8381076872,0.4394271524,-1.9891016108,3.546355012,1.0657853794,-10.2095839033,0.454958129,5.9585025572,0.3595161571,0.1502855371,-0.4858120128,-4.6018427996,2.6888908979,2.1315476973,-3.4371703906,-11.3678544154,2.6705008454,2.3359746033,1.9596283838,-0.6216019273,0.1947686225,0.2267914931,4.4481927792,-0.2390740807,-4.6124939365,1.6685606446,-2.4463938954,-8.1250122589,2.2679808952,2.4494089896,-0.7895712696,-7.5825865033,-1.0845667148,2.9425737515,-0.7601958453,-1.6460407411,4.2514408626,4.6776019469,-11.5373212767,-10.9363411447,-5.7767305044,4.3211428139,-1.9918040416,8.9718382633,-1.2630518409,-1.2745830436,-1.3376276744,2.8689201118,0.746380193,-1.0844835177,1.2688706121,-0.3845346716,2.6727435341,1.309069423,11.9056751587,-3.6031087821,-7.8740812252,-0.5589682,0.0315531453,0.0783571949,0.9757849287,1.0130199211,-0.3769397366,1.126987395,0.2662609367,0.9496394797,0.7733543749,-4.7997481405,-0.8089836208,-3.1838176464,1.9191155695,-5.3426502301,0.1297164636,0.8021220268,0.866462709,0.9440651828,0.4472584809,-0.63454728,0.5213958805,0.1090120014,-8.5881421699,0.7668209277,-0.3126951587,-1.1436624667,-1.732241654,1.0451517762,6.9914517654
biasActivation=1,1,1,1,1,1
[BASIC:ACTIVATION]
"org.encog.engine.network.activation.ActivationSigmoid"
"org.encog.engine.network.activation.ActivationSigmoid"
"org.encog.engine.network.activation.ActivationSigmoid"
"org.encog.engine.network.activation.ActivationSigmoid"
"org.encog.engine.network.activation.ActivationSigmoid"
"org.encog.engine.network.activation.ActivationLinear"
