encog,BasicNetwork,java,3.4.0,1,1572767799440
[BASIC]
[BASIC:PARAMS]
[BASIC:NETWORK]
beginTraining=0
connectionLimit=0
contextTargetOffset=0,0,0,0,0,0
contextTargetSize=0,0,0,0,0,0
endTraining=5
hasContext=f
inputCount=2
layerCounts=3,8,8,8,8,3
layerFeedCounts=2,7,7,7,7,2
layerContextCount=0,0,0,0,0,0
layerIndex=0,3,11,19,27,35
output=0.0798175307,0.0001667707,1,0.9999659882,0.9978080097,0.7481475684,0.6900855857,0.2578867723,0.0259470038,0.9389221472,1,0.6045784645,0.851118344,0.2964344635,0.8394780907,0.353573972,0.1854653103,0.9951107228,1,0.9999953696,0.3934571511,0.2504886971,0.0179812586,0.0655348628,0.3629636622,0.7767490873,1,0,0,0.9552520504,0,0.9893373669,0,0.000245004,1,8,30,1
outputCount=2
weightIndex=0,16,72,128,184,205
weights=-4.6199980588,-15.0878603415,8.6313876749,1.4774759951,-1.7035214597,5.6415504572,11.794508972,-1.0285279586,6.214775368,-5.3035785781,0.4603560722,-14.5808502093,11.9420147384,9.1998930257,0.0566766636,-3.2753266941,8.5995450746,9.087936287,-12.1448216594,2.6087927154,-5.1594021219,-8.6431197817,2.3822481829,-0.1784910456,9.4745533476,1.7061706244,3.6626411457,1.3999641959,-4.7059559505,-0.0969129311,-0.9048123392,-0.7382194343,0.9470037338,-5.8924797262,18.3773886669,-2.3186187368,0.8103242663,3.8795785132,0.5824589103,0.4445068084,6.6771502461,-6.2887327133,0.2304117959,1.423456522,-3.4315044887,-6.8123099733,3.1069633192,0.2378167599,2.8695661376,0.7374084569,-10.2953308526,5.9106539601,2.6149670436,3.0777678256,-10.8027472985,3.9250716389,-2.8578429373,-3.3737272104,7.1142588569,0.2072519369,2.3830122358,6.3052588692,-0.7878601366,-2.5370429497,4.082697097,0.1136426012,-1.0114088551,3.0254725601,8.9278711058,-6.0146701774,-0.5492718156,-3.5670161959,-5.8837338693,10.2173649017,-14.4566147066,-1.5777365043,2.4355968345,7.2283392082,0.2208105009,2.9830233677,-3.3953044087,4.8873918587,-1.8729385142,-7.5986733516,2.2699367152,6.7796198541,-2.2653534885,2.9715881092,-0.0263665145,-2.2814371347,1.5190292373,13.0985345139,-4.1299599487,5.4217966034,1.1038942799,-3.1110561791,-4.0336245993,1.3418988911,1.3925601042,-3.0480450406,-0.9110455165,-0.5620877271,3.2425375795,2.6110478229,2.3992234568,4.6468922449,1.1789167198,5.8792761151,-5.6409799747,-11.434288015,1.9471804677,-2.2245122311,8.1108307049,-1.7304105352,-5.3570087947,7.9772471384,-3.569239689,-4.3792155141,-3.4464310878,-3.2108527622,7.9150773704,1.3560437293,-5.6487945921,-1.202525647,-3.4938968108,0.497177414,0.8547468961,-2.3116033218,1.9466665473,0.3290888087,2.1515234014,1.0899205689,11.566773006,0.030876256,-10.879425234,-1.21316829,-2.1530209789,0.4365673198,8.9404120576,-0.0287326484,-4.3334550223,0.4362896451,-3.4822264284,-4.6850480135,6.5682037309,0.8502714314,-8.1777961949,0.9890245783,0.0055930545,0.0134918095,-13.9679815824,6.7137377762,2.314168225,0.9409922632,6.4384826944,-0.1551766176,-14.1288927714,-0.2116658597,-5.1457916264,3.8288481474,-2.9018054865,-0.4547010321,-1.5128374136,-0.2808248453,0.2448135126,0.2496025179,3.0866382567,-1.4552104165,-2.7341678971,-0.358688305,13.109301167,-0.7930383579,-8.0490860678,0.6496502621,2.1376739155,-5.1224729147,1.0099417307,-0.1141233537,0.8535114554,0.3350310605,2.0432419443,0.3061084838,-2.5442517831,-1.5893297555,1.3632661279,-8.9493093853,-1.9738799088,-1.9840010537,-0.329990321,-0.5959928767,-0.4883765315,0.1883954837,1.3160773475,-0.8800013824,-2.5027292373,0.6318379327,-1.0447353425,0.5856951102,-4.6826805678,-3.6537651575,-3.4386631544,0.0545892697,1.6884454922,-0.3255566275,-12.0548560958
biasActivation=1,1,1,1,1,1
[BASIC:ACTIVATION]
"org.encog.engine.network.activation.ActivationSigmoid"
"org.encog.engine.network.activation.ActivationSigmoid"
"org.encog.engine.network.activation.ActivationSigmoid"
"org.encog.engine.network.activation.ActivationSigmoid"
"org.encog.engine.network.activation.ActivationSigmoid"
"org.encog.engine.network.activation.ActivationLinear"
