encog,BasicNetwork,java,3.4.0,1,1572767811871
[BASIC]
[BASIC:PARAMS]
[BASIC:NETWORK]
beginTraining=0
connectionLimit=0
contextTargetOffset=0,0,0,0,0,0
contextTargetSize=0,0,0,0,0,0
endTraining=5
hasContext=f
inputCount=2
layerCounts=3,8,8,8,8,3
layerFeedCounts=2,7,7,7,7,2
layerContextCount=0,0,0,0,0,0
layerIndex=0,3,11,19,27,35
output=0.2134116001,0.3250026695,1,0.9500183584,0.0000131016,0.0539723366,0.4734836186,0.0000000112,0.9998009246,0.0785367341,1,0.0000004598,0.558573481,0.0000111322,0.997999616,0.9997783158,0.9981143475,0.2575953794,1,0.0055021852,0.0003440678,0.6262506499,0.855943297,0.9999961987,0.9352387467,0.9951981338,1,0.1033726852,1,1,0.9999999815,0.0071054195,1,0.9999979619,1,8,30,1
outputCount=2
weightIndex=0,16,72,128,184,205
weights=-8.7252449551,-3.3779379039,7.7302586991,-7.3872160912,-11.241495669,2.2868921291,-4.961467114,8.1684310937,2.2279767538,-12.2585187579,4.436738996,5.5899370019,8.1389326766,-7.4313785385,-7.196783094,2.2615725615,-7.8512821277,-0.2567119419,-5.5620585482,1.0227946692,1.6253749952,-2.9720745852,14.875531334,-0.4228776652,1.6525066398,-0.9195866255,9.022699181,-4.0206814168,-5.3857942093,4.5429229877,-5.1930122453,-4.528629325,2.6234448035,0.6227199256,3.9157283543,-2.7909888178,0.2681491944,-0.6885088407,-2.8166025781,0.718390565,-1.9472257434,-7.0090539623,-2.3078529014,0.2399993121,6.2720911967,-2.4529200452,0.5079038608,-0.383825864,5.6418692642,2.3229580545,14.1555954773,-2.3020885872,-3.6355257224,-10.2058608466,-4.029575599,-2.4508799599,-7.2210956218,5.1323211814,-3.2157561199,1.9566427802,4.8493673259,-0.6299360759,-2.3277199142,0.082225605,-4.6630724941,3.4325618152,-3.8670077624,-3.2016734224,-1.7144556595,0.0087528257,9.4207898298,-1.9058330707,1.7927006433,5.9664546166,0.7569032562,-8.5346117096,-6.7847084865,-0.7618006208,-1.4305666542,1.1475855895,-1.5179945777,0.2149840425,-6.2842875243,1.0144756091,-1.8975573296,0.5557837385,4.2498656777,0.4591597124,-4.6256183384,8.8964769478,10.1125281239,-12.0029074448,-3.7424166221,-0.0286422024,-1.6017772425,-2.0791605229,1.6465445954,0.8583765674,4.4150914921,0.800403447,2.4434978524,-1.0169574021,1.8861907781,-0.616519239,1.7696666734,-8.1297313466,0.5069592425,0.3521441777,2.5224890399,-2.011042126,9.4671823257,-2.2752008487,-4.8956267809,-3.84117711,3.0149313938,7.9008002821,2.9679455734,2.3090408333,-10.0989847328,2.5721644303,-0.1450645373,-4.150007876,-3.6232533231,6.6886180577,-5.5860771508,4.7105956485,-7.9433003521,4.573390696,2.6854834169,1.5858593305,2.6465813287,-0.5324684791,-3.6560995517,-1.8902327962,-6.6945431138,-0.5639300149,14.6974203108,0.5735168201,-0.2203992399,-1.9843566972,5.7288377044,-1.98230883,-3.6560716762,-2.2647331939,2.9510843592,1.5062349027,6.4797278516,0.304140328,-7.156149524,0.6475261937,-8.6525398974,-0.0231557733,-10.6900670815,-3.2304570043,2.1048220459,1.2887556357,9.3128511761,1.7647287426,-0.2801195056,1.1731559033,-7.6224077391,4.0369026485,-3.2514340781,5.2812451992,-10.3710262546,4.3260477672,-1.0634662802,4.0125155691,-1.757001679,0.0268406571,0.4284683989,-0.1136212212,1.0817206335,1.0623687454,0.3270236344,1.1129547119,-2.6599612237,4.80158952,1.6440817158,4.9052922491,-16.7021271154,4.160875373,-13.2977888498,3.513503147,0.9218632539,-0.3420926863,0.7275750233,-1.1061787155,4.9766819132,1.5848639992,-1.3580896879,1.2830284578,3.157639348,1.0237681364,0.3173406487,0.093244776,1.9156874692,-0.2612027346,-12.4291844146,-0.437743521,2.7957640504,0.3152680415,-1.8482745908,0.6587425,8.1274281746
biasActivation=1,1,1,1,1,1
[BASIC:ACTIVATION]
"org.encog.engine.network.activation.ActivationSigmoid"
"org.encog.engine.network.activation.ActivationSigmoid"
"org.encog.engine.network.activation.ActivationSigmoid"
"org.encog.engine.network.activation.ActivationSigmoid"
"org.encog.engine.network.activation.ActivationSigmoid"
"org.encog.engine.network.activation.ActivationLinear"
