encog,BasicNetwork,java,3.4.0,1,1572767843303
[BASIC]
[BASIC:PARAMS]
[BASIC:NETWORK]
beginTraining=0
connectionLimit=0
contextTargetOffset=0,0,0,0,0,0
contextTargetSize=0,0,0,0,0,0
endTraining=5
hasContext=f
inputCount=2
layerCounts=3,8,8,8,8,3
layerFeedCounts=2,7,7,7,7,2
layerContextCount=0,0,0,0,0,0
layerIndex=0,3,11,19,27,35
output=0.0549696158,0.0007111257,1,0,0.0006594232,0.6925417062,0.9992532308,0.999999952,0.6521751278,0.0005175852,1,0.9970022988,0.9994136249,0.0000831982,0.7126920192,0.0038314188,0.4889912436,0.6376006991,1,0.9999999526,0.0065814563,0.000000316,0.9999999366,0.2229207005,0.9502923461,0.2185688412,1,0.9939341017,0,0,0.8917538724,1,0,1,1,8,30,1
outputCount=2
weightIndex=0,16,72,128,184,205
weights=2.2885761279,7.8801153845,-12.2899583692,2.6199089104,4.531158525,-12.1313213622,-4.3273635765,6.4265510091,8.9942979352,2.343601193,12.8421068381,1.6743612525,-9.7066024025,-12.1760262815,9.1068194113,-0.1735109774,-13.9355687661,-3.1469024904,0.8383148417,-6.7884938102,9.2954594602,-2.7569755419,1.1949840233,-2.7765369234,-8.0353512606,1.4771294061,2.8804848573,-3.2247537238,16.444028114,4.4588176111,-1.6598666418,0.324537043,10.1710374275,6.8748247768,3.7073728174,-10.4089151829,2.2595366902,-7.0680555844,-3.0939598677,-3.3609988679,5.1164605393,1.5052520729,0.9260694745,-0.2924737426,-3.5569876493,-1.6731240205,1.1954170353,0.8714541765,0.9073533673,9.6222257086,0.8237838029,3.8539382681,-6.8871595329,-0.2562566801,-0.9086812186,4.3160475056,1.6917292185,2.5483370673,4.828728955,5.0116693387,8.7977438013,-8.932541092,1.7721724985,-3.9727770612,-6.7264698301,-2.9615661218,5.4126471881,-1.6125020311,8.6278468755,5.8530666478,0.3351681528,0.1402250504,13.1885656475,1.4458117525,4.6783627347,-1.9906748975,-2.9302414148,-3.4246615166,-12.2930380155,1.1940162313,-3.3886629173,2.2574348029,-0.9529310067,2.6607059487,-0.7106304514,9.1015364253,-4.6692966411,0.6839210599,-2.97621068,-5.3130704184,1.7165239506,4.4237753378,-3.9535490323,-11.2858306694,7.931913799,-0.9343018067,1.6126197767,-1.7588785665,0.445314417,-6.6097799294,7.947066756,2.8454200364,-2.8791588951,2.0709781375,-4.7186642775,-4.5143521011,-11.2019351845,3.2494845219,-1.5740678433,-6.8869973172,17.888357256,-1.0760714104,2.7465670921,-1.7448796601,-3.5583542036,-1.2539976769,-0.7959202858,-3.0712497982,2.6466135043,0.992418503,2.6451527261,1.4489663364,2.038942847,-0.6366280356,0.087317812,-0.5370079675,-2.8347806069,-0.3426516538,6.5056802155,0.1453033346,0.24204782,13.5898870348,-2.0976132581,2.4311463415,-0.2312830762,0.6076360835,-6.2773861851,-1.7752574098,1.4960702934,-5.8894668144,1.9618563095,-6.9403808161,3.1423848062,1.3701258959,-7.5018972233,0.4961296279,0.0909671674,-1.3179091142,-7.935658163,4.0111734487,0.3910897354,1.2087459317,8.270588923,-0.3319014708,0.0639061445,9.2872497047,4.4152575879,4.9318651781,-2.4839858226,-1.8597113011,-2.4131170425,1.1529295997,-1.6441884031,1.6232169711,4.556680341,3.8227215823,-2.3787836794,-2.4756536602,-8.7847365415,0.1386160695,0.7063388315,11.4991022254,5.0609597209,0.4119936673,-2.0616625612,-1.5716061279,11.8883344723,2.0127519325,-1.5389732418,-16.269599598,-5.2344823805,-5.9318403579,4.1935125403,2.4592012097,-2.0668639986,0.2780039773,13.2937809377,0.6759499887,-4.9479702463,-1.0173595456,1.3898368225,-5.1973640443,0.2963701078,-0.8197574307,0.2351293326,1.6129620412,-1.8842238971,1.3589488583,1.9226847315,0.7850496935,-1.1429001687,0.3783633296,2.4124850816,2.0823982371,0.411844282
biasActivation=1,1,1,1,1,1
[BASIC:ACTIVATION]
"org.encog.engine.network.activation.ActivationSigmoid"
"org.encog.engine.network.activation.ActivationSigmoid"
"org.encog.engine.network.activation.ActivationSigmoid"
"org.encog.engine.network.activation.ActivationSigmoid"
"org.encog.engine.network.activation.ActivationSigmoid"
"org.encog.engine.network.activation.ActivationLinear"
