encog,BasicNetwork,java,3.4.0,1,1572767899850
[BASIC]
[BASIC:PARAMS]
[BASIC:NETWORK]
beginTraining=0
connectionLimit=0
contextTargetOffset=0,0,0,0,0,0
contextTargetSize=0,0,0,0,0,0
endTraining=5
hasContext=f
inputCount=2
layerCounts=3,8,8,8,8,3
layerFeedCounts=2,7,7,7,7,2
layerContextCount=0,0,0,0,0,0
layerIndex=0,3,11,19,27,35
output=0.5471658996,0.2857170307,1,0.9490440771,0.4719817115,0.0000000003,0.9999994629,0.9998539392,0.6918440371,0.4031145211,1,0.9954110311,0.9930566387,0.9999032422,0.0239744615,0.1459152041,0.0124532836,0.2446094667,1,0.2721132788,0.0000389494,0.9874971907,0.8730596133,0.0007990712,0.9988559773,0.9957697177,1,0.9587846512,1,0.9617334761,0.0002606077,0,0,0.0000007308,1,8,30,1
outputCount=2
weightIndex=0,16,72,128,184,205
weights=-8.7995916751,5.2855339133,4.0070865246,-8.8616479701,12.9041866299,3.7321296501,-3.4813077537,0.8264066687,3.8950601197,-9.5658514912,13.2999374591,9.4490581467,-3.1692181167,-6.663970181,-7.5248747118,1.2655623815,-2.8931639276,5.1169118598,2.9206956352,-1.7233674439,7.3100826089,-2.4333784281,-3.1903663959,-2.4120528121,2.3653092524,4.6682141995,-7.0059475942,-4.2580849487,-5.0861082128,-1.5664710458,6.8606866002,-0.9116323621,-3.0302049933,-4.5888014418,-12.702505187,4.9763527482,12.2425126618,0.644020206,-5.1352755915,-2.1702900033,0.7504301277,5.2920799358,9.9935490368,0.3988731371,-10.7790662224,0.7826596706,-3.2115003378,0.7811739386,8.8473425491,-2.0790078951,3.7405890055,-6.3566652766,-2.2031589862,6.2047532537,-0.5882021252,-1.1105730469,2.4246058111,-1.959327663,1.2138332863,-0.5286591445,-1.9455419355,6.9122217418,-1.2307575832,-0.3611837779,-5.1210982558,1.6710650113,-1.3133680205,5.035912051,-0.0359645883,2.2293293449,7.1085089879,2.4768152972,-0.058824927,-2.8162431596,0.7470734139,4.0246676251,-10.6666163561,-3.3440193411,4.0760985052,0.4339710987,1.3840889769,-3.1436011328,-0.6305194407,0.3496543562,-2.937636818,4.8529540147,2.6279186328,-2.5579943087,4.2263346038,-4.2193840809,-8.3039976095,8.4783037475,-3.9977718728,8.1356332147,1.8493499606,-1.0732231554,5.4692114313,1.7514472626,-4.7976971394,-3.6433502111,1.3503336582,-1.677014877,2.2995692063,2.1079374487,-6.2376779417,7.0070458983,11.2801938484,-7.1544773038,-12.4659435086,-8.8627289355,-0.1238856703,4.0231152543,-2.8709206566,-1.7653762216,-1.8098722667,5.740991231,-1.7448558186,0.0047115383,-6.968983622,0.1192520839,6.3940058277,-3.3302081883,2.1288295761,-7.2839815992,0.8237013116,-2.2075233568,1.2182716843,2.3810224513,0.9341545931,2.5929020736,-1.3450498544,-1.3741029117,-2.9167212038,8.4231464682,-1.9937549129,-3.1785431162,-7.1914436241,0.29165335,-5.8363116159,-2.4211619009,-0.5698301252,-0.4806646179,8.8816786083,2.0637841104,4.570040401,-8.511210339,13.3443391974,12.1093120954,1.4777943947,2.4456133153,-3.1097986358,-4.3381051965,6.319844917,1.8997837699,-3.5624379342,1.702616466,-4.9821836236,-2.3695839704,8.8547985659,-2.6052021841,-3.485813981,0.7762862833,-10.0331779426,3.9155232029,-1.3557609763,-0.1852735051,-5.9370150462,5.0828245427,13.5578892003,-5.0683076359,3.292560642,-0.487063242,4.0705639542,2.2355326019,-0.0651120146,-4.325167418,5.1642343244,-1.005270458,3.1023388215,-3.9655143574,0.0509439606,-5.0974493398,4.088445141,-1.4674634905,-2.2412680508,0.3536601772,10.4671948536,-1.5420747213,2.0472328524,0.5452383402,-0.7520725935,0.1812513044,3.8032035105,1.0186120149,-0.5790123782,0.9692415154,0.6811187276,-2.922290113,-0.3180640806,5.3867176665,-5.9878068417,2.3154325531,2.2439660629,-1.0471754321,-0.6655509949
biasActivation=1,1,1,1,1,1
[BASIC:ACTIVATION]
"org.encog.engine.network.activation.ActivationSigmoid"
"org.encog.engine.network.activation.ActivationSigmoid"
"org.encog.engine.network.activation.ActivationSigmoid"
"org.encog.engine.network.activation.ActivationSigmoid"
"org.encog.engine.network.activation.ActivationSigmoid"
"org.encog.engine.network.activation.ActivationLinear"
