encog,BasicNetwork,java,3.4.0,1,1572767911929
[BASIC]
[BASIC:PARAMS]
[BASIC:NETWORK]
beginTraining=0
connectionLimit=0
contextTargetOffset=0,0,0,0,0,0
contextTargetSize=0,0,0,0,0,0
endTraining=5
hasContext=f
inputCount=2
layerCounts=3,8,8,8,8,3
layerFeedCounts=2,7,7,7,7,2
layerContextCount=0,0,0,0,0,0
layerIndex=0,3,11,19,27,35
output=0.2268909172,0.1300832533,1,0.4828113336,0.0492305649,0.000378045,0.9755002358,0.0000002946,0.8477042197,0.7247596506,1,0.0048760532,0.877006489,0.0001669141,0.8957830124,0.3342569603,0.0137258912,0.9999963765,1,0.0065282052,0.9999352857,0.0666746054,0.675481531,0.9998788308,0.9999919495,0.9650315672,1,0,0.9999976588,1,0.0000011708,0.8879558071,0.9986372565,0.9999999995,1,8,30,1
outputCount=2
weightIndex=0,16,72,128,184,205
weights=0.6004216522,-6.6733494912,10.0684380709,8.3526341282,-0.9790352103,-9.7745591972,1.7293577388,-2.3065446359,5.9807730492,6.0840188357,-2.2030280151,-8.6584431986,-14.7388890426,-0.050958712,4.6027889922,0.0671051869,4.3180174717,1.3721657286,2.13817918,-2.5265600867,-1.8276639523,0.7211174227,-0.120651924,1.6913207175,1.3192054751,-0.9630813733,-4.5196207266,-1.7253714315,11.0553630385,0.8007096956,-5.4708783242,1.1882879874,1.4943835402,-3.3896086176,0.1378093332,-0.5729674756,9.1322984354,-4.6933551297,-8.884471514,1.4948599123,-4.4181945819,0.2117842428,3.3101276157,-2.1798743411,-1.0322296652,4.482180594,3.8480734337,1.9076845397,-5.6029205229,-1.0640276817,12.7336549451,0.4810189444,2.2985329745,4.4449817741,-12.4459767564,-2.8936738307,-2.1517866229,-2.2741679573,-3.1147033613,9.7475775861,-7.4855860983,2.84555178,-5.0841843487,2.5376824276,3.0550385667,1.1124505801,1.0488373996,0.8641159719,-3.2243795731,-0.030902745,-1.60957389,1.8912005277,5.4403143504,-2.060223181,4.1427823499,-3.4795022227,-0.8474931899,-2.1665770495,0.9756610439,0.8525706928,-3.076208013,-0.5885421774,0.1292951107,-0.4961103615,2.3610785281,-2.6880823853,3.3026455246,0.0395728076,6.0769419868,-7.9683574495,3.5803679967,-6.1005045586,-6.5063742608,6.8328866292,4.8431763256,-1.8886991778,5.7254856446,-5.5025640036,0.5546613549,0.8021286907,-0.2529326322,1.9330399214,6.6350813901,-1.0459364807,-4.4492502324,7.5541065289,5.2705500927,-7.1952738131,5.1554521595,-2.4854906489,-7.456168215,0.8213778004,2.4582510017,-3.78168928,1.2343263876,-2.2555167945,-0.0122499053,7.4116979816,-5.461665799,-1.196702092,-11.5080965853,3.104047854,-4.243441935,7.267786711,6.3245277459,-2.0527189492,3.6971862021,-2.9659417095,4.274968086,1.0547537177,3.0533304056,6.5654581196,-12.3982919435,-4.5982271661,2.7571467442,3.7107865817,-1.4378456862,2.9093465557,-11.4193373306,-0.4416865207,3.5015337131,9.3515850175,2.4923049597,3.2151090023,2.8183671738,2.7154969212,2.1152811044,-0.3373144068,4.9589305521,-5.5654391911,-3.5511727289,-2.7639845513,1.9715797876,-0.2946045387,0.8158925648,-10.8051072825,6.7810590843,-5.9490367689,-0.1332542057,0.2647104723,-1.0950257541,-1.8755932725,1.1325357172,-6.1588415748,4.6301237165,9.1139270048,-1.3400316528,-2.1115585658,-1.5808182778,-0.1958084367,7.27057938,-5.527397493,2.3431026746,0.7713276061,0.9945635137,0.8095945521,-1.8508412717,-4.4487986747,-5.7315491754,1.0597583564,7.8763550088,10.8821148445,-3.166104154,-1.1969850582,1.3339768475,-1.622187579,-0.4393125777,0.2529457061,0.4870567487,-3.6704272323,-5.5413276651,3.0434887633,1.5716389046,2.1482446501,-0.5896167443,-13.1552437928,-1.1289254438,-0.0963936925,13.9932429278,-1.3361172957,0.7338147174,-4.7286114623,2.1314129339,0.1564383343,-0.3918412169
biasActivation=1,1,1,1,1,1
[BASIC:ACTIVATION]
"org.encog.engine.network.activation.ActivationSigmoid"
"org.encog.engine.network.activation.ActivationSigmoid"
"org.encog.engine.network.activation.ActivationSigmoid"
"org.encog.engine.network.activation.ActivationSigmoid"
"org.encog.engine.network.activation.ActivationSigmoid"
"org.encog.engine.network.activation.ActivationLinear"
