encog,BasicNetwork,java,3.4.0,1,1572767920896
[BASIC]
[BASIC:PARAMS]
[BASIC:NETWORK]
beginTraining=0
connectionLimit=0
contextTargetOffset=0,0,0,0,0,0
contextTargetSize=0,0,0,0,0,0
endTraining=5
hasContext=f
inputCount=2
layerCounts=3,8,8,8,8,3
layerFeedCounts=2,7,7,7,7,2
layerContextCount=0,0,0,0,0,0
layerIndex=0,3,11,19,27,35
output=0.0002608747,0.0001514528,1,0.3082903281,0.8287565037,0.0018869791,0.4291421557,0.0924405794,0.0020480595,0.0250945866,1,0.0810729086,0.9998954191,0.7402589434,0.5801074129,0.0821991167,0.2110542727,0.7155339282,1,0.1150585537,0.9978099661,0.0847622246,0.2362314962,0.0001245736,0.453611009,0.1511545724,1,1,0,0.0033897903,1,0.0000022401,0.0028932574,0,1,8,30,1
outputCount=2
weightIndex=0,16,72,128,184,205
weights=-14.1768589096,-9.4284456665,5.4781572504,3.559046519,-4.3003679629,9.8377053984,-1.0060362353,2.7982171517,6.8587826424,-9.4497541911,10.7334087633,-11.9119037612,-7.9265996594,-0.6089811468,-1.3897227038,2.7824712769,-4.3947807156,12.2045002828,2.9168467174,-8.035805422,9.2964471455,5.895948816,-8.2483635227,-6.2591831808,-6.5062336718,2.6883935954,0.8765167375,-10.5274158162,-1.8815454438,-1.7788849098,5.85117808,1.2177755357,8.5740749647,-6.4244677246,7.2955957604,1.4371005342,-6.4028428991,-0.9963728996,-6.4844759006,-1.4000620735,5.876878298,5.243188209,-1.1289026576,-5.8319390479,-4.5923422248,2.5466694893,-1.0435867908,-1.1988933634,5.7624334883,-11.0760207992,5.7088710638,-1.8068730845,-4.3272151463,1.0479835849,0.0215888065,5.2646941617,4.0904400076,-4.8783656202,-3.1894438386,-0.0719397774,3.6278889286,4.1465472769,1.3499361677,-1.3791145766,-1.1458146573,0.2094152295,-1.2003695013,-2.650750857,-0.5865137421,0.0710423109,-1.2204360115,-0.4434021233,3.1591396588,-4.4554562158,-4.1522068844,11.6919570444,2.8935360751,6.9379972413,-5.6196611833,-3.0537784705,-13.2993574418,11.2122210598,14.6736591881,-7.2217243495,-4.9687742998,-2.9615448076,8.1472262304,0.0827285736,-1.80202733,3.7090274556,3.650560862,-1.5227113106,-7.1744752268,-0.0076403142,0.9238369088,-2.531251032,6.1777697257,-0.1367832053,-1.6531273542,8.9448365369,-0.3443897667,5.8983250016,-12.5585598039,-3.0012551392,-4.27729687,-5.4871565055,-2.4361336502,7.105772321,0.0453298277,4.1095910778,-0.4355813012,0.284006714,-3.0438361161,-0.2240371684,-0.5930496532,3.9907678245,0.0709285005,2.458284326,-5.9959538557,-1.8460909883,-7.4285958861,4.6800386313,1.4220028796,5.2691567264,5.8074560465,-6.6161437476,15.7199913257,-3.6336399497,0.1248583867,-0.9703963286,-7.816006973,-2.1971853463,-8.189985972,13.7492780539,0.4684971933,0.0189794106,2.3993389929,-3.9555683236,0.1235047002,4.3617735807,9.7371137811,-10.0197832158,-0.9190408982,-0.6109174213,1.6848388482,-5.5004838949,13.0201606728,1.6589076404,6.3979001355,-9.0263330211,-0.48515285,-5.7411148457,-1.1588404367,-0.3351029874,11.5544712008,-1.9253244495,-14.0140515123,0.7646917182,-0.9987327443,1.8693640969,-3.2119182527,-3.0078737375,4.0243603706,-3.5161122123,-13.4383279167,7.4359901238,0.5016432922,-2.2975848975,0.4195702341,-0.6232340663,15.2669424375,-1.8935528707,1.1760827683,9.8919659958,-0.0984341354,1.2075171273,-6.1693401363,-0.063232737,6.9361929789,4.1054993962,-0.5595183868,-11.7465592981,-0.8190926133,0.3487414399,-2.1277535886,2.4685641791,-1.1488482114,2.5802092814,-5.6320348275,0.0833643628,1.1739530048,-0.4770058099,-0.7650414107,-0.9439649246,8.2723138186,0.5083571003,2.0929586577,-0.4751423402,-15.498404628,1.8269210991,-0.2479704975,-13.0187286901,-0.7256107382,-0.6782525677,0.5187448368
biasActivation=1,1,1,1,1,1
[BASIC:ACTIVATION]
"org.encog.engine.network.activation.ActivationSigmoid"
"org.encog.engine.network.activation.ActivationSigmoid"
"org.encog.engine.network.activation.ActivationSigmoid"
"org.encog.engine.network.activation.ActivationSigmoid"
"org.encog.engine.network.activation.ActivationSigmoid"
"org.encog.engine.network.activation.ActivationLinear"
