encog,BasicNetwork,java,3.4.0,1,1572767931397
[BASIC]
[BASIC:PARAMS]
[BASIC:NETWORK]
beginTraining=0
connectionLimit=0
contextTargetOffset=0,0,0,0,0,0
contextTargetSize=0,0,0,0,0,0
endTraining=5
hasContext=f
inputCount=2
layerCounts=3,8,8,8,8,3
layerFeedCounts=2,7,7,7,7,2
layerContextCount=0,0,0,0,0,0
layerIndex=0,3,11,19,27,35
output=0.304347603,0.1304351101,1,0.0820268415,0.0109775573,0.1104063816,0.0290423727,0.99999995,0.0056454214,0.9995100904,1,0.0000501779,0.9850815059,0.000601725,0.9999999842,0.3067620621,0.0026722221,0.0000121078,1,0.7694611929,0.9959804804,0.0000000195,0.0000000176,0.9554926121,0.0750733341,0.5773744916,1,0.000020258,0.9936873474,0.9999194192,0.0203565109,1,1,0.9999992787,1,8,30,1
outputCount=2
weightIndex=0,16,72,128,184,205
weights=1.8587991608,9.7194041478,7.799009077,-8.9789923228,14.3250393362,-2.1843608264,-9.8670159594,-6.1366604675,-6.8451913702,5.0648814849,1.9478859926,5.9051793061,-8.6499383527,-7.3572614603,4.2438442524,2.6719204496,-1.252866331,2.4163656893,-4.0415004657,-6.074350558,9.418744388,-3.1865479019,5.342507483,-1.5994565476,11.1828352217,-4.519439115,-4.5189371193,1.4604605371,-5.4697274463,0.8089989672,-4.4679410752,0.1686464652,4.5275956697,0.5758188363,-2.8925565601,-3.0743893371,-8.4144758158,-3.4854250094,5.5481185222,3.0125659339,-8.0002412327,-4.0106040177,6.94207116,-0.8921139249,-2.7272917035,1.847255911,-1.916696454,2.1612995925,-4.6133174968,8.244861652,0.931722418,11.5040009734,-9.3426777632,-1.6301273335,-3.1223600782,0.0562210887,4.0756579873,-0.5140543695,-7.9243132966,-2.744172243,3.4464808967,-0.9360459879,4.5548484393,-2.9709310349,2.5516377435,-0.0354462018,-6.6618756046,2.0772716665,-1.0157748838,-3.7810813448,-7.4047667724,5.9041206985,0.6074335404,-6.5711951549,-7.0221680248,7.3551871842,-0.9427154096,5.6743196874,-4.8835899956,-0.5280722506,-2.7903199581,8.2137127607,-1.0299055448,1.7944922998,-4.6598815359,-1.9820678955,5.306447815,-0.3060567244,-3.1234532648,2.5479499279,5.519636322,14.6814742515,-3.3243535309,-2.5559992175,-1.4558325912,-3.3405975206,11.6935972757,4.4629388098,-9.419272933,-0.1795439789,1.1131394096,-0.0846312912,2.4234107632,2.0627788709,7.148702145,-7.1051160888,6.621508144,-7.2612640215,-5.1715328776,-2.5922974065,6.6114430009,2.0793024996,2.11593529,-2.4745888311,3.9114902717,9.174046196,-2.3871375244,-8.2325898399,-2.3582380831,-0.8251305184,2.0649287141,-3.7130406542,12.2164173466,-3.0088016494,-5.0965315465,-2.2555043912,-1.4633192284,-3.3285042612,-0.3594832048,-2.2966764808,-4.1348889678,-7.1954691605,-1.7473453777,4.1466985719,2.3348764407,3.0342594249,-1.166415836,16.884110795,2.7843870776,1.0487099526,0.7292641109,-12.3494891446,-1.7739055754,-0.6763198273,1.5969691816,-16.820334136,-9.3232830644,2.1887734378,1.4408671455,7.797761071,-0.3680585061,-0.6314780802,-0.6082405352,-2.2880708793,-4.9350091421,15.4212372428,-3.676713607,-6.1336339898,-0.440435516,-0.7083558702,-0.8059023057,1.6525083723,7.3969651167,-0.3164437602,-3.6936141078,-2.9549219438,0.2302405858,0.4528797595,-0.535819561,-1.0828240246,8.8511376793,6.2204078957,-3.1788115096,-1.5919211899,-3.002899242,-2.6386701168,-0.5981063223,4.3255959238,-0.893696584,-2.3113879361,-2.0009197812,-5.2071797797,1.5788445049,2.5836593591,-0.1118821658,-0.3493517646,0.5686713356,-2.8300628751,0.5113233545,12.3596690095,-0.7605306002,0.4533522922,1.9098459588,0.100516056,-0.502868552,10.4081401991,-1.4298852566,1.8196028226,0.6543106781,-2.0017358498,1.319222588,5.3066865435,0.9050233273,0.1981460199,0.9576199876
biasActivation=1,1,1,1,1,1
[BASIC:ACTIVATION]
"org.encog.engine.network.activation.ActivationSigmoid"
"org.encog.engine.network.activation.ActivationSigmoid"
"org.encog.engine.network.activation.ActivationSigmoid"
"org.encog.engine.network.activation.ActivationSigmoid"
"org.encog.engine.network.activation.ActivationSigmoid"
"org.encog.engine.network.activation.ActivationLinear"
