encog,BasicNetwork,java,3.4.0,1,1572767947332
[BASIC]
[BASIC:PARAMS]
[BASIC:NETWORK]
beginTraining=0
connectionLimit=0
contextTargetOffset=0,0,0,0,0,0
contextTargetSize=0,0,0,0,0,0
endTraining=5
hasContext=f
inputCount=2
layerCounts=3,8,8,8,8,3
layerFeedCounts=2,7,7,7,7,2
layerContextCount=0,0,0,0,0,0
layerIndex=0,3,11,19,27,35
output=0.5819249899,0.5119285481,1,0.0030237234,0.3526214037,0.0156937161,0.901245065,0.0001068092,0.6913799958,0.0347314371,1,0.0012683117,0.0016006267,0.0689271072,0.0529394855,0.1578728968,0.9999853671,0.5808962851,1,0.000002343,0.1412707327,0.2162342275,0.0071083611,0.0028875638,0.997871534,0.8666718558,1,1,0.9999999615,0.9973968262,0.9999998781,0.9982798076,0.0000218021,0.0819287846,1,8,30,1
outputCount=2
weightIndex=0,16,72,128,184,205
weights=8.1251720713,-8.4406367207,-5.3255559401,-2.9736046613,-5.9077054391,-5.9029818586,3.8591074531,9.993788097,-10.9185455982,-3.795200912,9.1825592212,-12.7575189996,2.5095319336,10.1358690109,-11.5444900987,6.1655011625,3.044555195,-4.855754767,-4.1924534957,5.4717181363,4.5323256606,-10.8829712741,5.8917837193,0.9497419357,7.1514135048,7.6588571047,5.7086689122,3.7470971171,-3.0783144043,0.9113962866,-2.6437409819,-0.1103781525,5.682900997,10.7337864059,-0.3889603193,3.8845630934,5.0551271885,-1.084538088,-8.1730953217,0.6922732915,2.7694325517,-7.9484415558,-9.9140088913,-7.3375939881,3.8400109646,5.3346944876,-7.9685927471,1.9802140683,8.2947156556,5.0575960569,-1.3409130659,10.5758892575,-5.4872940621,-3.1157878226,-10.2469869825,0.3040417516,0.9921597232,-9.0836683625,-4.5965983279,-4.7249314451,3.7408910844,-2.4679307918,2.8325906947,1.6186936488,-4.2569397253,5.4915213761,-0.1158707268,-3.9069817265,6.9548902708,1.9512312801,-3.9253886407,-3.8822793558,3.2585239293,0.7198722307,0.1406178703,-0.0490687681,0.589975978,-3.9407499983,-2.5651202984,-0.6467853798,11.747247332,-5.6990731024,-7.3114869942,11.9817878149,-1.442165618,-4.1832884965,1.8494541495,-1.559171544,0.0074683773,2.4650502163,-7.8204277995,3.2580253781,1.2551029053,2.2690183135,-6.5522526017,2.1271973822,0.0245903296,0.0167476052,-14.4702217032,3.8945019981,0.4939810937,0.8017031638,-1.7084377452,0.8939259112,-6.3357453784,1.5549712272,-5.1552457325,9.4190380864,6.1532553325,2.8696110373,-4.7908300811,0.4247953888,-5.3976320385,-7.2927645838,-2.6199367585,7.4060169805,-1.7982889202,8.3124272233,3.5294449045,1.3279542561,-10.227384707,3.2447600309,-0.9938787641,-5.7727189385,2.3501143052,4.5365792422,-6.2865311506,1.0386835505,-0.8433818597,7.9588706534,-17.1053564366,8.9270465159,-10.4408643134,-0.412745407,-0.9482845733,-1.445173304,-1.6393897923,3.7496171341,6.8712968497,-4.8258779478,-3.7384857539,-0.1547681577,-0.5262353794,-2.1673630304,0.6704450841,-8.2173072449,8.6502729726,7.7519581528,-10.6104132919,-0.9920454426,-0.4236693908,0.5062955052,3.3853793785,3.1266929994,-11.8597129034,-5.0045904592,1.9601841433,0.766087723,5.6054240072,2.965933251,2.4609916093,1.0941389158,-1.9257667704,-5.823603448,-2.6602682193,-0.6888484788,2.0254041492,0.8345437288,-2.0638296922,-0.806644681,11.2122924702,-5.1756123834,6.1830936074,0.4679771271,-1.9233265769,-3.0016876973,-0.2127187531,-5.116616756,-5.5033211976,8.002119812,4.5606058398,0.8579018541,0.3309654725,0.1081636315,1.0038611038,0.5599634001,-0.9207782576,-0.8687332433,0.5727310389,6.8402407829,-1.7384679858,0.1540586166,15.2344027007,-1.9003405552,0.9405574178,2.9061582336,-2.3619991226,0.8320230832,0.2988979395,-0.9398239404,-0.0729893088,-1.0252134163,2.9319884464,-0.8842538504,0.6552833656
biasActivation=1,1,1,1,1,1
[BASIC:ACTIVATION]
"org.encog.engine.network.activation.ActivationSigmoid"
"org.encog.engine.network.activation.ActivationSigmoid"
"org.encog.engine.network.activation.ActivationSigmoid"
"org.encog.engine.network.activation.ActivationSigmoid"
"org.encog.engine.network.activation.ActivationSigmoid"
"org.encog.engine.network.activation.ActivationLinear"
