encog,BasicNetwork,java,3.4.0,1,1572767957177
[BASIC]
[BASIC:PARAMS]
[BASIC:NETWORK]
beginTraining=0
connectionLimit=0
contextTargetOffset=0,0,0,0,0,0
contextTargetSize=0,0,0,0,0,0
endTraining=5
hasContext=f
inputCount=2
layerCounts=3,8,8,8,8,3
layerFeedCounts=2,7,7,7,7,2
layerContextCount=0,0,0,0,0,0
layerIndex=0,3,11,19,27,35
output=0.4931427132,0.350648039,1,0.0009914311,0.0730606534,0.9999172178,0.2277402161,0.1137784081,0.40127469,0.0001550128,1,0.0001915541,0.0070164672,0.0038955771,0.0009417992,0.9132659632,0.999887262,0.6694909729,1,0.6465607908,0.9790546416,0.992708151,0.1275750942,0.0005964889,0.0000000349,0.6061216423,1,0.0000000011,0.0071710923,0.9269242394,0.01302071,0,0.9999999851,1,1,8,30,1
outputCount=2
weightIndex=0,16,72,128,184,205
weights=4.0254278817,2.0131787151,4.4227395691,-14.2176429911,2.5382492125,8.1213095801,-6.2819873129,-4.9096504614,-12.3250072753,5.7708621838,-5.1796273878,2.4271258494,-10.1147601389,6.9273080979,-3.2472016445,1.9724402297,2.0653463649,1.6968094376,4.0455188546,1.043652143,-13.0636346013,-0.592013415,1.3070628228,4.7030397457,4.745065241,-1.5291611319,2.8319185154,3.1416025385,-1.4401462432,0.4057477168,0.8050844851,-2.1742307352,-4.744669388,6.3196818649,-4.0048777,1.0647663069,5.06521733,6.213741877,-3.0329932129,0.5620096422,-5.6643570552,6.6534792193,3.4933356034,-5.2452424189,-4.3542428082,-1.4965743212,0.8902898514,3.6015634279,-3.0764134395,2.7799988318,3.7676390179,-5.4840385285,-3.771980704,1.6095978814,-4.8822935607,3.0229136469,5.9322900368,3.0098244797,8.8393868134,2.4184240633,0.8935635759,-4.9940786133,8.1344451159,-1.7276067635,1.7619831688,-6.0286133941,4.6954820502,-0.5858492774,-1.5120195377,-8.1570550586,1.5768030104,-0.2662696004,5.4494061399,-8.6864825836,-1.9920453867,4.1139350363,-1.418408397,0.2491800076,1.6254342726,-3.1106605041,-2.4426795805,0.6659544577,0.1692879909,-1.420989257,4.533250201,11.1038225834,-6.3627156097,-0.1580147156,3.4570244334,-9.2424234778,-1.0886777041,8.1439645853,-0.1257619163,-5.788836585,4.2407975025,-1.2589408492,2.4373907096,-1.3043017162,-0.9578348303,3.3452252574,2.5601057506,4.171113169,-7.0835294487,-2.4496785544,9.4427339012,-2.4065485612,-2.9747348695,-9.9196967087,-3.6677622923,5.6878907131,6.1346292082,-0.8925723588,1.4381957025,8.2145024218,0.0771682706,-4.7787644272,-1.7800403308,1.9916558479,-1.1536368269,1.3513549246,-1.5272927907,0.0894943308,3.2475137873,-1.5560063794,6.2156980012,-5.1366112688,-6.8414428029,2.7234648896,7.1384444907,5.4643097002,7.0916226033,-5.7657678076,-3.0571366563,-2.0970479244,-2.5368189626,-1.2996849956,1.7554699658,-8.0496750687,-2.6184755112,-2.4329229809,-1.0873268149,0.7052523075,2.6931369619,2.9628128974,1.5560561343,1.374898847,-0.2002114799,0.8801243516,0.5308668604,1.9496991733,1.3951794541,1.7330624664,4.4900716887,6.5810125526,7.230052701,-4.5964536122,-0.435795035,-3.1286956274,-2.4881887323,-2.994742168,-2.2474440949,1.7758300252,-5.6526455766,5.1513623877,-0.7184814226,-1.376754068,-0.7218198463,-0.1655142263,-7.9751786229,15.3207976491,-7.4583800856,2.1941795467,-0.9207824798,-2.5469021368,-3.607069277,-4.2427905042,6.8864875894,4.2026731244,9.7665839015,-5.633466424,1.2837412868,-2.8540050884,-2.8136203575,-2.9110054111,1.373550124,-1.1561161624,3.0234046956,2.1605031538,-0.3985135089,-10.2591203276,0.688697506,0.2213827722,-9.6106880975,2.286719778,-0.1304517868,-18.7083125123,0.7150666325,-3.2381677745,-1.526207175,-0.3038348598,0.640223261,1.2488689569,0.5865545941,1.0135819976,0.8515160781
biasActivation=1,1,1,1,1,1
[BASIC:ACTIVATION]
"org.encog.engine.network.activation.ActivationSigmoid"
"org.encog.engine.network.activation.ActivationSigmoid"
"org.encog.engine.network.activation.ActivationSigmoid"
"org.encog.engine.network.activation.ActivationSigmoid"
"org.encog.engine.network.activation.ActivationSigmoid"
"org.encog.engine.network.activation.ActivationLinear"
