encog,BasicNetwork,java,3.4.0,1,1572766294265
[BASIC]
[BASIC:PARAMS]
[BASIC:NETWORK]
beginTraining=0
connectionLimit=0
contextTargetOffset=0,0,0,0,0,0
contextTargetSize=0,0,0,0,0,0
endTraining=5
hasContext=f
inputCount=2
layerCounts=3,8,8,8,8,3
layerFeedCounts=2,7,7,7,7,2
layerContextCount=0,0,0,0,0,0
layerIndex=0,3,11,19,27,35
output=0.0669582913,0.2585380162,1,0.9998942026,0.0000058306,0.0002143852,0.1397676715,0.9999471526,0.004535513,0.9354545845,1,0.0000005666,0.9999999916,0.0000007331,0.9953677858,0.8666004981,0.117671209,0.0000172897,1,0.000005082,0.9398009071,0.0002571133,0.999998236,0.3896428299,0.0001560169,0.9929468589,1,0,0.0000001253,0.9780523015,0.9999998444,0.0000000136,0.9984900214,0.9999994541,1,8,30,1
outputCount=2
weightIndex=0,16,72,128,184,205
weights=-8.0009278403,-4.9717581852,-3.9802355044,-2.5079550724,-0.2714219884,11.7677168313,5.9362621542,0.3820460634,6.8688365532,8.1291994395,7.8860033757,8.4577431642,-11.1672035162,-6.1860734881,12.7410197134,-9.8295230269,0.6181767418,6.2632944249,-4.5060717438,0.3625779501,1.6878850359,-3.803961289,-8.686547389,1.5147341224,3.6488358153,-13.4870898763,10.8761069343,1.8591253846,-0.2229052746,-1.1207989629,4.4800917516,-0.0908397711,6.1211636599,-2.3619876559,6.0588602537,-2.4513826183,-4.3415427039,-3.7733137267,1.4228931914,0.5608540305,0.9357436284,4.7804136407,-0.6155541279,-6.156145807,-1.9670518442,3.0379485613,-0.534843625,0.8771728693,0.1018869848,14.0594861234,-6.2632158211,-0.7981171291,-1.3777549418,0.2494365033,-10.1743631685,-2.2522246408,-5.4303505337,-11.0459044864,-4.0903299028,8.7149094192,-6.0414708682,9.1826114223,-1.264300404,1.1351336708,-0.4190878158,7.2655754204,3.4807304814,-3.1538337931,-3.4872772546,-3.1017112971,-5.8178534822,1.9344693046,3.6227926972,-3.5425952566,7.8927243669,-2.1147625803,-0.329016025,3.8184656274,-4.8399563557,-4.0081959254,0.5541194173,-1.9044969718,-7.4890674676,5.0300957103,-0.292315092,0.7030594512,18.4216639499,-2.8190804922,-4.1845912395,2.1007962225,9.9041164718,-6.3651304083,0.1547753274,-1.1584045325,-10.8463253062,0.9719677143,-3.2753947392,-0.3842257193,2.1680919675,-3.5896747586,-1.3155772408,0.2306651023,7.6558920895,2.230975885,-0.9501836943,-2.5257274928,-2.6276380559,0.9670237897,6.0309837126,-1.4086753541,1.5389610447,-0.5992473001,-1.608421744,1.0842873651,-1.1902124547,-1.451013148,6.768702357,3.4621475877,-3.3375717736,-0.9062449481,-2.8373943035,1.9832794135,2.8029826774,0.2248108223,0.8160070452,-1.6023647621,-15.0179260146,1.5395128856,1.9171697573,-0.4689486134,-3.0442517911,-0.6363929993,-2.2093592367,-6.4143782421,-2.5441040493,0.3728260376,-0.3123745133,1.6982134092,1.8615525878,0.1874400267,0.9270840606,1.7129556223,-1.1748337365,0.2043387519,4.4288427637,-1.5855928491,-13.0122404013,-0.0822529141,-0.3258575957,5.6176916414,-1.5288329647,0.4627911439,4.1553214604,-5.4963955766,2.8014916031,1.3280504483,3.2575223059,14.1140046094,-5.8418468138,0.9290266613,4.0580397518,4.4404531562,-6.7742105507,-0.5260020269,0.126867643,11.5278532988,-3.9226500274,-0.8850788054,1.4919921127,2.370754447,0.2580241829,-1.4548645523,-0.4860862953,-1.4236199977,-5.6103949025,-0.5310250891,2.883868016,-0.7401124695,17.1928952947,-1.5404827933,0.0709390214,-11.4408420926,2.3425269014,-1.2468230389,2.1975687907,-1.7567636718,-2.0720521495,0.4827606091,-0.7811356122,3.679160595,-2.1487404662,0.2859260234,12.4090438918,0.8803679349,0.2892300204,-0.0436632188,0.126985278,-0.6433060975,0.1697612915,-1.2656588464,0.4979916377,1.6796702989,-1.0508910106,0.6122417543,4.4606813298
biasActivation=1,1,1,1,1,1
[BASIC:ACTIVATION]
"org.encog.engine.network.activation.ActivationSigmoid"
"org.encog.engine.network.activation.ActivationSigmoid"
"org.encog.engine.network.activation.ActivationSigmoid"
"org.encog.engine.network.activation.ActivationSigmoid"
"org.encog.engine.network.activation.ActivationSigmoid"
"org.encog.engine.network.activation.ActivationLinear"
