encog,BasicNetwork,java,3.4.0,1,1572767969022
[BASIC]
[BASIC:PARAMS]
[BASIC:NETWORK]
beginTraining=0
connectionLimit=0
contextTargetOffset=0,0,0,0,0,0
contextTargetSize=0,0,0,0,0,0
endTraining=5
hasContext=f
inputCount=2
layerCounts=3,8,8,8,8,3
layerFeedCounts=2,7,7,7,7,2
layerContextCount=0,0,0,0,0,0
layerIndex=0,3,11,19,27,35
output=0.3846143138,0.2963017129,1,0.8631761056,0.0522128552,0.1978432311,0.9998875219,0.1763147697,0.3841755835,0.7976528848,1,0.0002561193,0.0035225616,0.5558344621,0.0000908875,0.0000002261,0.6743043054,0.0007598412,1,0.5945762143,0.0302301062,0.0000376885,0.9707039206,0.0017002919,0.1197941566,0.9991019083,1,0,1,1,1,0.0024370852,0.9999990392,0.4408299306,1,8,30,1
outputCount=2
weightIndex=0,16,72,128,184,205
weights=-2.4212861203,-19.1422062668,-7.0006909747,7.8149700586,0.7141832532,25.5024242606,-17.1810099225,-0.0284419576,-10.6207459314,-8.5683682396,7.2513015548,-5.5854996812,12.8641398142,6.8378412416,7.713241028,1.8526736726,-3.4774065469,-4.3334991104,-3.576801467,-11.0339171476,1.4532439092,-3.2576882323,1.8637080833,6.0424488391,-1.2466848912,-11.7890732069,-21.5444014503,0.3653642693,-0.3558547271,-12.8581766178,-20.4572968925,17.8040016387,-1.7553276671,-13.4342118573,-5.296541718,-2.0972400875,-0.9959917677,-4.2372685662,0.5008227908,4.4489624531,-1.1904152213,0.167303863,6.073781452,4.2394749528,2.568841378,-1.7232067923,-10.1855580354,6.8856575701,5.8858869532,2.3372371601,-5.8906489457,5.2493045715,-10.3231614398,3.8214166663,-3.5710804478,-0.8515914756,-4.6910679993,-20.8667898614,6.5624695019,-9.8768470007,6.2603613585,-4.910242856,4.3885946308,-0.7362433365,-6.2823625276,-4.8832161958,0.3456827152,-8.7259935414,12.6280100542,-5.2817377665,-5.1953527742,4.7645933936,-1.5546105481,1.2608965472,5.0368726842,-0.8365635985,7.4757156432,-0.1793143959,-2.8575370756,-3.7077870631,7.3598647817,1.7285670588,0.2393852254,-10.2713219992,-9.5827715945,15.6823011044,-0.8853129277,-1.0807265157,1.8289560279,-2.2251669838,-0.9678067548,11.5480027082,-2.8293374392,3.9052486235,-5.8287579735,-6.6450606028,-2.8825225272,1.2283897809,10.4306369346,1.9673337541,1.627181822,-4.5530890618,-7.4657998263,-1.5373820936,-6.5800604362,4.7285820102,8.830218135,0.3842542145,13.6554427207,-12.6316729416,-3.9100360837,-6.5099121701,-8.6376660785,4.3244610865,-4.2957307498,4.998514721,3.3621284351,-20.2759494065,3.7943030514,-0.4868478108,-8.6829707025,6.5431979843,-9.8792527475,0.7679424207,5.367631415,-11.4825263493,0.0059389597,-1.6013476532,0.8709774181,-1.0643042746,-1.5651178258,0.5615904809,-2.0307337496,-1.8588788443,11.9734636522,-0.9636873997,-0.6010407662,0.1785334272,0.2900440748,0.5946716276,8.1243517046,-0.3490974363,-11.5930703296,0.9084001245,-0.165807022,-1.0191619271,-1.6810833789,1.3637749732,3.9215556961,0.0025567961,-16.1152943209,-1.757657144,0.9833490584,2.2953441906,1.5997962867,2.0980783896,8.2984129865,2.7919143125,-15.8987253137,1.7038473413,0.8487442696,0.7312437214,0.5076050262,-0.3032575414,5.7741773126,0.5784540418,-16.2636134191,-0.733882855,0.5700466501,-3.2193992436,-3.5986561788,-0.8145009054,11.0310848412,-1.8380330268,21.42199162,-1.9941320695,0.8420110945,1.3149562085,1.9395899283,-0.833763884,-5.7289178474,0.7638559761,4.1897516969,1.9966963413,-1.3605598396,-0.6733771254,0.5674770485,1.3825793007,1.4034916214,-0.4559530527,1.3867021163,2.2225808044,0.8959926728,-1.4288785857,7.5031196928,-0.1208677811,0.8970510205,-0.3477782034,-2.7575745336,1.2769478816,0.1175724095,0.1127786567,0.4071764386,0.1208540176,-7.1208265451
biasActivation=1,1,1,1,1,1
[BASIC:ACTIVATION]
"org.encog.engine.network.activation.ActivationSigmoid"
"org.encog.engine.network.activation.ActivationSigmoid"
"org.encog.engine.network.activation.ActivationSigmoid"
"org.encog.engine.network.activation.ActivationSigmoid"
"org.encog.engine.network.activation.ActivationSigmoid"
"org.encog.engine.network.activation.ActivationLinear"
