encog,BasicNetwork,java,3.4.0,1,1572767985772
[BASIC]
[BASIC:PARAMS]
[BASIC:NETWORK]
beginTraining=0
connectionLimit=0
contextTargetOffset=0,0,0,0,0,0
contextTargetSize=0,0,0,0,0,0
endTraining=5
hasContext=f
inputCount=2
layerCounts=3,8,8,8,8,3
layerFeedCounts=2,7,7,7,7,2
layerContextCount=0,0,0,0,0,0
layerIndex=0,3,11,19,27,35
output=0.5874550364,0.6677716378,1,0.1449025927,0.1131355109,0.227221958,0.3568445915,0.0002776552,0.0021420862,0.0119545603,1,0.7666233519,0.8863096805,1,0.9999999874,0.9648036939,0.0000060401,0.9987665732,1,0.9963908586,0.0171327188,0.0030324536,0.9999979033,0.9999983897,0.9239599361,0.0279352394,1,0,1,0.677968955,1,0.9999999961,0,0,1,8,30,1
outputCount=2
weightIndex=0,16,72,128,184,205
weights=-16.0183173169,14.6396757156,14.3134382877,0.2897107719,-11.3144619592,-1.4199708212,-3.9788165221,-2.2836779488,12.2156949169,-7.3274100167,-12.794006194,12.3514308951,-4.3963805675,14.8038541645,-16.3111676937,-1.5789316951,0.1534377944,20.8536815879,-2.9793922205,-2.3074465915,-22.8494114823,0.1772073804,-1.2716548189,8.2265181317,1.5725945851,6.071002847,2.8190065637,-3.9362561616,-7.0206652211,1.4718483248,-3.5231553075,2.7641319406,-4.2977789877,-2.2076212499,-14.1599205098,-0.1267918839,14.4568323868,6.6973321295,3.212368623,1.1576095265,-1.5170547283,-2.056844282,-12.2662725318,-13.7658474914,19.9675658421,4.4939091897,6.8774244734,2.2952943099,-1.7106290602,1.5128803095,2.0406477554,1.944005289,-3.6464304973,5.2395074914,-10.1299662121,1.4325516663,-2.6916008896,5.3985548955,0.3867524608,-8.2145562886,7.9111601341,7.6037245357,-7.6969405515,-0.9826898113,0.7044211984,4.8419050639,0.4523261761,-8.5781173495,-1.4753586131,0.7754636494,0.1852815846,0.1180958271,-2.2607783207,1.4205688916,7.3020469427,0.0073365931,-1.4613453793,5.6058863437,0.4999302266,-0.3440941337,3.017434908,3.1366085672,-0.8000218442,4.0208777702,9.4747804728,-12.4583019052,-5.2796721081,-2.8414428222,1.8256272034,-3.0766780782,-8.8249291626,18.1777279813,12.7443075835,-3.8310333074,1.3672548606,-0.5910978681,15.4030399106,-11.1953210246,-6.360767383,2.0593415254,4.688801845,-2.1606192134,2.4159398033,-1.7671450013,10.4855196872,10.3985919511,-0.0129743999,16.1223559601,-9.0404324566,-14.2299325907,1.2691216348,-1.284279121,6.5865258258,-2.4275270212,-2.3289482508,-0.0963261837,2.5074200268,-22.6202071514,1.0306076364,-0.0708926174,-2.4436679581,1.6440522284,3.1825643096,0.8778406156,-3.458782358,11.4481464488,-1.7599671973,1.1462296259,-5.3673094601,-4.8018791409,17.8972609555,0.9376976434,3.4084535056,-0.6630117453,-2.7554142061,-6.0573896048,-1.7855476864,2.3456956912,-11.1402245722,2.4518635206,-2.4619104603,-0.448521195,0.9124918992,1.1675935671,-0.0024339994,-3.3508432846,5.5903645149,5.4610601404,-7.9550078905,0.8393181326,-0.6925941815,-3.7406487343,-7.0957039895,-1.4547684228,23.211171271,-0.8299042813,0.7253060121,0.5070416377,-2.250491144,-1.101940209,-17.2634064279,-0.2290763022,28.1691460431,-3.3490689596,-1.9536527568,0.5309005284,1.5063523772,-0.2268917355,0.6903962331,9.8867764122,-24.1507070068,2.2727032508,-2.7255338027,-0.4516544659,-0.7229596228,9.4368920751,9.0161077314,-5.0669427337,0.6858036718,1.9297863113,2.7324480583,-0.8734639535,0.6283755167,-3.609778701,4.1965067942,-1.9253474109,-3.7321731458,0.7360417492,0.7933199691,0.8165687536,-1.6161386684,-0.1962701441,19.5616672145,-0.5522062283,1.0001356495,0.5508657459,-7.9962640962,2.635079601,4.2749253795,-0.8988631752,-0.9752450273,0.2416099546,-0.324939445,-4.7093354126,-1.382935866
biasActivation=1,1,1,1,1,1
[BASIC:ACTIVATION]
"org.encog.engine.network.activation.ActivationSigmoid"
"org.encog.engine.network.activation.ActivationSigmoid"
"org.encog.engine.network.activation.ActivationSigmoid"
"org.encog.engine.network.activation.ActivationSigmoid"
"org.encog.engine.network.activation.ActivationSigmoid"
"org.encog.engine.network.activation.ActivationLinear"
