encog,BasicNetwork,java,3.4.0,1,1572768017357
[BASIC]
[BASIC:PARAMS]
[BASIC:NETWORK]
beginTraining=0
connectionLimit=0
contextTargetOffset=0,0,0,0,0,0
contextTargetSize=0,0,0,0,0,0
endTraining=5
hasContext=f
inputCount=2
layerCounts=3,8,8,8,8,3
layerFeedCounts=2,7,7,7,7,2
layerContextCount=0,0,0,0,0,0
layerIndex=0,3,11,19,27,35
output=0.4133337328,0.2763157506,1,0.1941706303,0.0004816592,0.9991660744,0.2417562849,0.0735639234,0.5814160441,0.9999945556,1,0.9249371523,0.8196815623,0.9990726798,0.4168795874,0.0106437659,0.8541999584,0.0000007695,1,0.0005377288,0.9998274027,0.0028048593,0.2984635464,0.0340894936,0.9999824601,0.99996989,1,0.5197041734,0.0000000047,0.9864979439,0,0,0.999957314,0,1,8,30,1
outputCount=2
weightIndex=0,16,72,128,184,205
weights=7.5174492355,16.5448132187,8.0803044342,-13.6192556081,-5.9630314659,2.7403590543,-5.5433039731,-2.2102139593,3.8054738812,-5.5875847085,-1.4034688559,0.4216771759,12.2572644129,15.2626293435,-12.3835337846,2.2091607947,-2.4776755446,-3.5962852825,8.0846929231,1.9383443663,0.3997383281,-4.6059671354,6.748348693,-1.138726811,2.2263843509,-2.7388297444,-9.1495941901,0.1198459505,7.3916247532,7.8475958393,-0.7873467433,-5.1430313034,-1.3639631972,-0.2408914573,5.0632316212,4.0748188798,-8.2295639287,4.2428455499,-3.7656929408,-1.7463206751,0.5965164941,-5.3905955205,-3.1988418001,-3.4946590292,-0.2247652281,12.3072209316,-3.6051994206,-3.1339482572,9.496353865,-5.9234079321,5.1817460315,1.4459312648,1.1382520705,-9.9719978983,8.7317815047,-3.7351744879,10.7619138272,-6.550976185,-1.2650374252,-2.2854659976,0.3232653219,1.4289497756,1.6140325058,-3.2632128211,6.2432170872,-2.7721219813,-1.9961080679,6.7959362038,-0.4996932422,11.3682372304,0.2884864825,-1.9256673923,-4.6595690209,5.5614317074,-5.434342755,1.2195801677,3.7052188292,-2.8170024039,-2.6951121789,1.9903511589,-2.9347430184,-2.8425613021,3.2777002915,1.4842781525,1.0308735136,3.2187933413,1.1341839639,-0.4823847432,-1.4667288839,4.4954225394,-4.1113796095,-3.9350484967,0.7192970851,-1.4319103896,5.4005970809,-0.3186433252,1.7396271236,-5.3676842968,-0.8195407209,-5.2187479398,1.2444891444,-3.2919034978,8.0190889833,1.8207050565,2.2456112115,6.8447187504,-11.2198905489,-8.487940453,4.4495698174,-0.3043422176,-10.8190102498,2.1593238059,-2.5791530454,9.1368557653,-3.2450256339,-5.072899404,1.4704694756,3.119760307,-11.7103563339,2.6973852968,3.9579075584,-11.9211520066,6.3809032511,4.0760555235,-6.312946015,-8.2794492685,6.0661564844,-0.9664280089,-7.2184631239,-0.8355587848,-2.6552698449,1.2813220516,2.0845822069,-0.7663766827,6.2242116103,-0.3903907015,16.2314721643,0.3065282868,5.3704673339,0.9820207042,1.3608694358,-2.7406816413,7.2416089253,-2.3285774973,-11.6836122316,0.2565795766,-10.064962011,1.3075375167,3.1445375878,5.5084290714,0.9842693636,4.6192993164,-5.6620397306,-0.8138785866,-2.6128331424,-1.7570115026,-2.7610829302,0.2124524648,-1.4217353029,4.4530717478,4.4459714155,0.1930595573,-5.3675394384,-0.1511468513,0.7887594906,-0.1944545853,1.8793740611,-0.1651589496,4.3144780846,0.9034215485,0.6509368764,-0.00071396,0.0912996609,4.9137721587,-9.0937271927,3.1530498888,-11.1829021091,-0.4264516335,9.7357810209,0.6388339129,-1.6659147306,2.3691175305,-3.241211015,4.2490790083,1.2570119971,0.1908858971,-15.7038153555,-0.9229984404,-0.41574998,0.68059247,-1.5293720542,0.6836329686,-3.9826933609,0.4871811876,-3.6361590786,0.7806362732,3.7763694302,-4.4554052935,0.4618890121,-0.391894518,0.3941000379,1.3737530113,2.1586214415,-1.4852999855,-2.458037249
biasActivation=1,1,1,1,1,1
[BASIC:ACTIVATION]
"org.encog.engine.network.activation.ActivationSigmoid"
"org.encog.engine.network.activation.ActivationSigmoid"
"org.encog.engine.network.activation.ActivationSigmoid"
"org.encog.engine.network.activation.ActivationSigmoid"
"org.encog.engine.network.activation.ActivationSigmoid"
"org.encog.engine.network.activation.ActivationLinear"
