encog,BasicNetwork,java,3.4.0,1,1572768033404
[BASIC]
[BASIC:PARAMS]
[BASIC:NETWORK]
beginTraining=0
connectionLimit=0
contextTargetOffset=0,0,0,0,0,0
contextTargetSize=0,0,0,0,0,0
endTraining=5
hasContext=f
inputCount=2
layerCounts=3,8,8,8,8,3
layerFeedCounts=2,7,7,7,7,2
layerContextCount=0,0,0,0,0,0
layerIndex=0,3,11,19,27,35
output=0.2857243329,0.0000481797,1,0.984713001,0.1240600214,0.0030531107,0.9990367995,0.9999996957,0.7764246477,0.02703251,1,0.00003391,0.8329302745,0.9986487837,0.9913620363,0.5418895598,0.0033307142,0.9985233679,1,0.9999991332,0.0108627179,0.0670403894,0.4682917082,0.35455212,0.9586827983,0.000002387,1,1,0.9999999978,0,0.9144168782,0.429164689,0.9992586423,0.0000000001,1,8,30,1
outputCount=2
weightIndex=0,16,72,128,184,205
weights=-3.0475467877,0.9046580167,-0.0977276892,10.441498429,9.843819213,-12.9025055017,1.6103934781,-8.3281831572,-13.2955174622,9.7664591278,-0.8391758677,-6.2249587197,-2.4668839453,-4.1137031997,-10.1896070593,14.0979568595,-1.5195822175,7.3613190689,1.7116386551,1.1620299346,-3.4657996662,-2.4562248384,-4.0923598187,1.1451938418,1.9761149693,2.0622794682,6.9786618832,-4.435006735,-16.1901832027,4.5615885943,-2.0622335011,4.572417256,-1.6622867021,-0.6049529584,-0.5266314937,-2.3312690369,-1.4580900335,-0.1978948532,-0.8920657803,-0.7660135926,9.8290259295,-1.4402861839,2.8188263064,11.1459876068,-10.9143684052,6.5249896611,0.0819475609,0.0897064319,0.4542084419,1.471884958,6.6406526049,3.3492573681,-2.0981693893,-6.3337815087,2.7866878043,2.2029036087,0.2084406088,9.8311907202,-4.3431022212,3.2129004152,-15.8897012281,-3.0620640156,-1.679943826,4.5064591245,-4.1741535318,-9.9736607767,3.4269729807,-7.6985277196,-4.2758525859,-0.0937989317,8.8151602951,2.4490895656,-6.1762741007,1.3237550363,5.4383771418,-7.2257995439,-0.7162630363,-2.1342122154,2.669931107,1.1892936628,4.0100617652,-2.7158735576,9.8598674759,2.3557042625,-5.6090911997,-0.2987741938,-1.5032560617,-1.8630355132,4.23993147,0.9206283665,-1.6435473198,8.8403963928,-3.131195427,0.3267233767,-9.7460443619,-0.8772594043,-3.0365694764,-4.0788335268,-3.3360838238,-4.8980892003,2.7565958325,7.716653368,2.9742606264,1.9659870557,-8.0059709618,14.9131925548,-11.2411689428,5.5936704215,10.9855704116,-0.1682980115,-5.8975071174,2.4124622178,-1.3103881548,-1.0334129885,4.4539636092,-6.1228615974,4.228243008,-1.6426997116,-0.958370475,-1.7352319785,3.101376384,6.7156719953,-5.1578266609,2.0206968054,-0.7709194254,5.0119551416,-5.0098992851,-1.7898354274,2.5337195475,4.6645547456,0.69855832,0.5575954536,-8.5090338357,8.0951688586,-2.3912835888,1.8129097941,-2.5490826954,1.38894344,-1.6768485914,-9.1062762156,11.3790377086,-2.2204040338,-10.6970014949,2.3108520897,5.9519733324,0.9715854716,-0.5729522133,-3.1350950002,-12.9617271648,-4.9315871362,11.4397305957,3.8008050078,1.3212708426,0.9314264664,-0.6335125711,-0.1353877466,-8.3104766098,1.0080088481,-6.8827916265,0.3034014851,2.4874074029,-4.5956329106,-2.7731050692,-9.5024924571,7.4794712666,8.3817630296,-1.2271355419,-1.3870982242,-2.520513531,-2.0899561055,0.251271706,3.310383316,-2.5356666434,9.5036470958,-1.0706869507,-3.6807023151,-0.2266006859,-0.6581364293,0.1192769953,-6.8466109301,2.739634632,-6.8321990965,7.6681211543,-0.1486989072,-2.9583022321,7.4279103067,-0.0751840785,-0.3875727901,0.7811165266,-0.3786712707,1.5931584909,-4.8053973145,1.7788869697,-1.9190245365,0.0763681308,15.4299508506,-1.5881744515,-0.2422177707,19.6866687219,-1.2041661896,0.9067535561,-10.362991455,2.0652499838,-1.0247870919,-9.1848857448
biasActivation=1,1,1,1,1,1
[BASIC:ACTIVATION]
"org.encog.engine.network.activation.ActivationSigmoid"
"org.encog.engine.network.activation.ActivationSigmoid"
"org.encog.engine.network.activation.ActivationSigmoid"
"org.encog.engine.network.activation.ActivationSigmoid"
"org.encog.engine.network.activation.ActivationSigmoid"
"org.encog.engine.network.activation.ActivationLinear"
