encog,BasicNetwork,java,3.4.0,1,1572768047470
[BASIC]
[BASIC:PARAMS]
[BASIC:NETWORK]
beginTraining=0
connectionLimit=0
contextTargetOffset=0,0,0,0,0,0
contextTargetSize=0,0,0,0,0,0
endTraining=5
hasContext=f
inputCount=2
layerCounts=3,8,8,8,8,3
layerFeedCounts=2,7,7,7,7,2
layerContextCount=0,0,0,0,0,0
layerIndex=0,3,11,19,27,35
output=0.1299986141,0.0396035322,1,0.9999999918,0.0000004821,0.2289081372,0.9999439985,0.998373792,0.3374189669,0.7696291817,1,0.641885336,0.4279947488,0.4781566717,0.9999837435,0.9993793406,0.9004679454,0.9830623008,1,0.9971143135,0.0000011064,0.9999999923,0.2630980025,0.9999957712,0.0000082283,0.0287138181,1,0.0000949174,1,0.1185409922,0,0,0,1,1,8,30,1
outputCount=2
weightIndex=0,16,72,128,184,205
weights=-15.844546257,4.9992833883,3.4009225938,-5.4656150156,14.4127439161,5.5836624931,10.3386981346,-5.5999204319,8.6661471678,-7.6117667444,-16.8805103047,-2.5873564151,-14.979266485,24.5910315788,5.5611736364,-3.0258885156,-7.9313239926,-8.410891592,2.2461504634,16.2232892721,-10.722493084,5.0607989464,11.0294573133,5.3332030922,-4.1700813981,-5.4003213077,4.5428375588,-0.6180782287,-8.530015068,-9.1070441636,3.9880862242,1.6935875566,11.1195373524,-14.2468639976,12.7620491445,-8.3699644491,-11.5327523866,8.134501599,4.5008912248,-0.2107222407,1.2061645675,-0.0916374712,0.5037388996,1.0910366868,2.137271691,1.6819758825,1.1584258872,2.9338772115,-6.0853122629,5.44601131,0.0677663975,10.7580649476,-7.0819225314,11.2963843566,-7.9572594667,1.9327691468,-5.2120652133,10.4433364584,5.1885419693,-14.3026053006,7.2846330547,6.3102196881,-4.5676397838,1.5504865557,5.851571048,-6.4286333646,-1.0139591686,0.1635523808,4.0781669339,10.6928517826,-8.1025771704,-5.2159840564,-5.3296846731,-3.1313460475,-4.2997994513,3.2960020511,0.1588743123,-6.1310994642,-8.1019480457,9.4043073299,5.0389799151,-7.2970106186,-1.1803274366,6.8246280317,0.5396919714,-1.5465623296,4.4687875559,-6.5976796631,3.390291332,0.3870582544,-3.3182862007,25.8670154263,-4.5811749183,0.2607072776,2.6460823411,-2.4500370441,1.8424984904,-2.6789527697,2.1387814842,-15.5582987082,9.3829967745,1.5436391994,-14.9104614742,2.1895640508,-0.5136199456,-6.7125749793,-7.139991185,-0.9948965977,8.4008725819,10.7322351519,-12.2901802847,7.2499715949,6.0762465422,-1.2312175323,-3.9448554539,1.3144611546,2.31707133,3.9990886755,-6.4997745902,-2.387713991,14.7600833949,2.47362825,-4.723985505,-0.5340219592,-6.0773203163,-10.9311797588,-6.9982875875,0.4864551793,-6.9104386617,-3.2447807164,11.3272709657,0.6383352748,-0.9088928119,-2.2207405233,4.2319869772,3.5158063082,5.6125526404,-8.3781976129,4.6871946958,-0.5595907303,-0.072402609,3.1136807439,-0.5617566074,-5.3306347226,-16.9002633478,1.8295338814,-26.2782027004,0.6134437445,-0.2175009429,-5.6301559329,10.4308366706,9.5445131472,3.4587300963,-1.7223414216,32.5031033609,0.6667198241,-0.546853707,-0.2920841392,-0.1894359453,-2.9714293632,-11.3011795005,7.4810243477,13.3010193449,0.1835885699,-0.5979426766,-2.0398926428,-0.5734142946,3.8903448003,4.2659432262,-9.0193773442,2.3670967196,0.8366277527,0.8780566094,-9.6396634996,-5.0997376675,2.1301947715,3.6718990601,-0.1144979501,7.5297769895,0.6254600535,0.6431191191,-2.2309911522,-1.4270478166,-2.8726326747,1.5641906164,-0.6010882686,-3.7432852402,-3.4672275936,2.2770714393,12.3502493911,1.9883599773,0.194049109,-23.7346727581,-1.0225251699,-0.6835648809,0.9352839045,-0.7374329551,-1.0400385231,-0.5248375775,-0.5106297976,-1.4306136329,6.4405045906,-0.7034999766,6.5271723793,1.217306533
biasActivation=1,1,1,1,1,1
[BASIC:ACTIVATION]
"org.encog.engine.network.activation.ActivationSigmoid"
"org.encog.engine.network.activation.ActivationSigmoid"
"org.encog.engine.network.activation.ActivationSigmoid"
"org.encog.engine.network.activation.ActivationSigmoid"
"org.encog.engine.network.activation.ActivationSigmoid"
"org.encog.engine.network.activation.ActivationLinear"
