encog,BasicNetwork,java,3.4.0,1,1572768057770
[BASIC]
[BASIC:PARAMS]
[BASIC:NETWORK]
beginTraining=0
connectionLimit=0
contextTargetOffset=0,0,0,0,0,0
contextTargetSize=0,0,0,0,0,0
endTraining=5
hasContext=f
inputCount=2
layerCounts=3,8,8,8,8,3
layerFeedCounts=2,7,7,7,7,2
layerContextCount=0,0,0,0,0,0
layerIndex=0,3,11,19,27,35
output=0.8611085575,0.5833342057,1,0.6056626575,0.0115242353,0.6797880201,0.9765763868,0.0210585481,0.9916111468,0.7919082659,1,0.9792649686,0.4849026232,0.8411433898,0.9913340849,0.000005757,0.001148297,0.8272343955,1,0.3054177924,0.9999227939,0.9998599261,0.7764065337,0.5263512132,0.0015138144,0.5569564076,1,1,0,1,0.2240464635,0.9954627391,0.0000034491,0,1,8,30,1
outputCount=2
weightIndex=0,16,72,128,184,205
weights=-8.0447608712,11.1012920224,8.2704561156,-0.2834987244,-7.1874150402,1.4610936732,0.7255529823,-0.6483451918,-2.9133695454,-0.9022729655,-6.8259999892,-4.2604343535,7.0165158605,15.2843831008,-9.1924836474,2.8879470712,5.0598941879,4.7640609012,-3.2627510522,-3.145158952,-1.3970420222,2.4918509308,-4.6113053282,2.8381554522,-1.3813196168,0.86054206,-4.394658453,-0.7462670766,11.5843477054,-3.7892943827,1.4073414167,-0.2398918682,5.3240815019,3.2310066285,5.1696704447,-7.8130141883,1.4088010187,-0.2040609577,-4.8479370371,1.3798673308,1.0375755329,0.2544506117,3.454530915,-2.1085135099,-10.8384381645,2.1035463131,-1.1285445523,2.7065664461,1.967106661,-3.6438745689,-7.3321354942,-3.2069961419,0.8322393243,0.2592489266,2.883838466,2.9621094529,8.8320400108,-8.347221619,4.1513704283,-2.7502463938,4.4618587158,-9.6091063143,-5.3025003341,3.8030437636,3.5416691836,-2.2401506017,0.5071323329,-9.3558814994,-5.1376754064,1.7220633063,5.0892670172,3.5907575166,-5.1516484414,-0.665678552,4.6856243943,2.0077127437,-5.4005205647,-1.9998864233,2.2967462097,1.4166510394,2.6216310762,5.7138782993,-3.7233835456,-3.641722288,4.8627659019,0.1594945597,-3.7899593029,-0.4731408829,0.9189131854,-0.3124129164,2.8338377742,0.8937987977,1.681019705,-5.6335681511,-4.0907282922,-0.426816773,-3.7170648949,7.6576373445,2.5151548566,4.0706056108,-0.1478758565,3.089743602,-11.0550161766,-1.227062213,-1.0824766847,4.4512127988,0.2409797234,-8.8983740101,-1.423724277,6.2932640203,-12.4290647157,-1.8552347922,1.3024569906,-1.9981721117,-10.0406713747,2.1599431135,4.1021370497,0.5109353639,-0.1036042846,1.0919337449,2.577017005,4.0564704121,-3.4869276521,1.9318231867,4.6810866,-0.3903638703,-3.7839434706,-1.6463258079,-4.676811499,0.7825220751,-3.1886017914,6.5624086325,7.7124354693,-0.8662007703,-0.8613671003,-2.1039401793,5.8551205114,-1.8258221203,5.3941736199,-19.2040978627,-3.95570517,0.4760215903,-0.6206584544,6.4600258645,7.8336105883,-2.1659818143,1.75412784,-11.5309337245,1.6719927457,-1.2402941653,-0.7676599828,0.2045248289,-2.5807440219,2.1338862151,-2.846950898,8.1722720922,7.5954742124,0.7363118667,-0.5956352273,-2.7194410987,-6.7359649475,0.0448168116,3.9194216953,2.8934710264,-1.7346893058,0.167882171,-0.8534087981,4.0005918953,-1.4491708854,-2.6288780353,1.0577218574,-10.1830641835,-6.9898861647,-0.3046158172,0.0116593355,3.1394930481,-1.5564276151,-2.0283032515,1.7147784783,17.7782442334,-4.4554464008,0.4630316966,-0.3030822505,0.5225444768,-1.5487574979,1.4057275694,-0.1925552946,0.5424396448,-1.2448266288,0.3538165774,-3.9745040077,3.1032543011,0.7570427587,1.5972529711,0.2502684585,-21.5283167098,-0.7122182265,0.3937420391,-0.7236311705,-1.0038409159,-0.1525307254,0.0292625977,-0.6806285929,-0.8012561227,-0.4116122979
biasActivation=1,1,1,1,1,1
[BASIC:ACTIVATION]
"org.encog.engine.network.activation.ActivationSigmoid"
"org.encog.engine.network.activation.ActivationSigmoid"
"org.encog.engine.network.activation.ActivationSigmoid"
"org.encog.engine.network.activation.ActivationSigmoid"
"org.encog.engine.network.activation.ActivationSigmoid"
"org.encog.engine.network.activation.ActivationLinear"
