encog,BasicNetwork,java,3.4.0,1,1572768066834
[BASIC]
[BASIC:PARAMS]
[BASIC:NETWORK]
beginTraining=0
connectionLimit=0
contextTargetOffset=0,0,0,0,0,0
contextTargetSize=0,0,0,0,0,0
endTraining=5
hasContext=f
inputCount=2
layerCounts=3,8,8,8,8,3
layerFeedCounts=2,7,7,7,7,2
layerContextCount=0,0,0,0,0,0
layerIndex=0,3,11,19,27,35
output=0.4299059884,0.2621398277,1,0.8510323041,0.0031561883,0.4828062123,0.8205136629,0.6132946303,0.6684762769,0.0014262921,1,0.0150476876,0.4750490008,0.0009146788,0.9538250961,0.9969301994,0.1238929015,0.5081483644,1,0.8483942603,0.1046885757,0.0221646047,0.908490723,0.044609391,0.2958720872,0.2502113749,1,0.0000004629,0.0000001865,0,0.4714909574,0.0884813664,0.000003828,0.9999987798,1,8,30,1
outputCount=2
weightIndex=0,16,72,128,184,205
weights=4.728210846,5.4303862999,3.6449577315,-10.1967801466,4.1607068158,6.406825977,1.1589861278,-4.5526484049,5.371057948,-6.6688890581,0.6707810888,5.3482877033,-3.2833124191,-9.1271061922,11.26823312,-2.1981521935,-0.9726697825,-0.3686245442,0.1990911359,-0.5517522776,1.7300954094,7.7534423182,-4.4879961483,2.0537519039,-0.5595487627,5.156113789,6.7603806416,-10.1430705347,0.3183184092,-0.311926273,-0.4933574227,1.4443188214,-2.103654038,2.0697471016,-0.9458452459,-0.0914654137,3.4899927228,-0.2240860735,-5.2114142284,-1.7356161424,1.6570285291,15.0951267356,4.984358462,1.4019536252,-4.5534050994,-3.5056578441,0.2085290324,-2.1500159956,-0.3688657136,1.4101848804,5.9457503906,0.5077861337,-1.5683556724,-0.1744331197,0.6283518852,0.5729045968,-7.2823217164,0.4993290242,-5.5325404685,3.1768966618,-2.5893101619,2.5790374305,0.3241961944,-0.3543680799,-0.1487854695,-9.3629867159,4.0645996291,-3.5329856221,5.5631596784,3.0364602775,-5.3654023259,-1.9308582812,-7.2148224572,5.0708253229,-0.1514772854,-0.4941661427,0.4068091783,-1.7794625309,2.1087882887,1.84179334,-5.8773946649,5.5504738655,13.3128869774,4.9556366203,-8.0755542082,2.7696759254,-6.9211202934,0.7806837401,-7.7947611198,2.1309952372,-1.5989622253,-0.6128605418,3.7576869259,-3.0079188254,-3.3752391894,1.5529900149,-0.6038970681,-7.9808066597,3.833608983,3.0429553155,0.1342107525,3.2336396169,3.275435846,-0.25586321,4.084886625,-0.293509812,-12.1934480392,2.1098857791,4.4813624825,0.0836449487,0.0396825779,0.4670641259,1.8226553008,-1.9234639917,-1.5515143707,-1.7562482282,1.4419152979,6.9204397478,-0.1680166153,-3.7409607596,-4.9838955745,1.4840679504,6.7948443443,1.3082611837,-1.7246497995,-1.5661982154,1.4546682238,2.9427469714,2.2729489628,-0.6227567277,-0.3393720744,6.0376367755,1.0042581632,-15.4576596467,-0.4863898292,-0.7270396827,5.2672464086,-0.2994776307,-1.834404214,-4.8447228179,-1.8239397556,-0.7054365712,-0.0213050024,0.3207513551,12.8903099212,0.2823633878,-0.2249789941,9.6124832728,-15.0800469008,8.4199230446,-3.9277662751,-3.0570172709,1.876349936,0.3799279634,0.0628933912,0.2961232397,-0.7879764354,-4.6811016442,0.7495872174,1.4758768008,0.5327109869,0.2130779209,0.6791066456,-12.6009235729,0.8788359727,3.563055616,1.5531615345,1.2461114716,4.2781079846,-0.5482412196,2.2900680937,2.9812696665,2.3773480287,-6.4474728259,-1.3060161908,-1.1769881021,-3.5817465178,0.8566921253,1.4284288868,1.8930804195,8.5292144937,3.5615939357,-1.7326148073,-1.012131568,3.0942224948,-1.1465198236,-4.944040475,-0.8114820826,-0.2722571117,-0.8353214819,1.7682691355,-4.2336731104,-0.1913431454,0.5135664771,0.4904521167,-18.9362553103,-0.7920275998,-0.2526349224,11.5829484145,0.0255879695,-0.5730444907,4.5134628684,1.1865245474,0.1652771215,-0.833998598
biasActivation=1,1,1,1,1,1
[BASIC:ACTIVATION]
"org.encog.engine.network.activation.ActivationSigmoid"
"org.encog.engine.network.activation.ActivationSigmoid"
"org.encog.engine.network.activation.ActivationSigmoid"
"org.encog.engine.network.activation.ActivationSigmoid"
"org.encog.engine.network.activation.ActivationSigmoid"
"org.encog.engine.network.activation.ActivationLinear"
