encog,BasicNetwork,java,3.4.0,1,1572768096194
[BASIC]
[BASIC:PARAMS]
[BASIC:NETWORK]
beginTraining=0
connectionLimit=0
contextTargetOffset=0,0,0,0,0,0
contextTargetSize=0,0,0,0,0,0
endTraining=5
hasContext=f
inputCount=2
layerCounts=3,8,8,8,8,3
layerFeedCounts=2,7,7,7,7,2
layerContextCount=0,0,0,0,0,0
layerIndex=0,3,11,19,27,35
output=0.6393488888,0.4237332336,1,0.0004736252,0.0001560852,0.9724550013,0.0159777403,0.1755892522,0.6885288161,0.0027099561,1,0.9935043762,0.9875824268,0.0000073798,0.5172246711,0.9999335767,0.521368823,0.7772747031,1,0.1860664876,0.0227330526,0.8513879117,0.1176854085,0.9968406494,0.9904865559,0.0005889111,1,0,0,0.0053723824,0.0000001333,0.9999999176,0.3449439494,0,1,8,30,1
outputCount=2
weightIndex=0,16,72,128,184,205
weights=2.0070917751,-12.4855384405,0.4093483748,1.01669012,-12.6004968176,1.7827642038,9.4777401701,1.1185631981,5.9692118449,-7.5774211818,-8.670422108,-10.8460769324,4.6121567365,-3.083842645,-7.0720027568,9.6284142892,3.8583797692,1.6291966987,6.9648295931,-4.0048212283,-10.3459157264,2.7095210199,-3.2208082078,0.4104586239,-1.7906176984,3.2457183049,-5.2903149172,5.5832867202,-2.8018380664,-7.0257448669,-6.9965179704,-1.1762819013,-0.0233150257,-3.5456506921,-7.1689358217,4.6288100006,-1.3321250242,6.1435885898,2.8326321343,0.6219345752,-8.5472263863,-0.5084701082,2.225125567,9.3316904322,-3.3648024616,6.308992237,5.7657662112,-4.3595030857,9.3404822368,6.8743389779,-0.6423304542,-2.4676190078,-5.5528523233,-5.9651532215,-7.1687992627,-2.1043348734,3.6281509385,-3.0134467952,-3.5082106313,1.4052674932,0.3785732543,-3.4668982105,4.6208013075,-2.7247669517,-0.0639625719,3.3683928527,-0.2166212868,-3.962513423,-11.4530674758,3.0276711447,0.9717125921,1.9968693844,8.338364254,-12.2017938168,1.4655250448,-2.172224377,11.4498319793,-6.0139929767,2.1930127395,-2.6942577964,-4.0923110247,2.8279168114,7.0447321383,-1.1423482014,3.5408744981,-3.0598819567,3.0072437979,-1.2907467014,6.1117122051,-1.9981653333,-8.1719567474,-4.2405356041,-3.342990003,-3.1450587204,5.6725011518,0.9922621499,3.5474072115,6.0239651537,-8.4567094723,1.2517983943,-4.3359154123,8.529267566,-7.300935183,2.2029425364,4.423869188,0.2830132782,-5.4328863136,0.6576311982,-0.3686361881,12.1709763798,-6.6387127981,1.6541219623,3.1351677944,-6.0934547053,5.2021799869,-2.4537684301,5.4192882244,-6.3174190441,4.2223402885,-3.6469346041,-4.3737563647,-8.1009576887,-0.5398207333,1.9036363447,-1.3513291238,3.6948783142,5.2566911454,0.167627061,0.6175727647,11.6542280643,-4.3212285311,0.0749287105,-4.1009819156,15.9270877739,-0.400752738,-2.8455303114,1.8205143932,-1.7642231341,9.7662131744,-0.1746654063,-3.8692236159,7.7094543752,-0.6809409995,-2.6035140702,-0.9682427341,3.0015723966,-9.6369799403,1.3034004748,3.9668346331,-13.8430895771,0.6218178476,2.6055574298,-0.7762114618,4.9456615653,-0.6915854083,0.6526192839,-1.7084791147,2.2305748147,0.496932954,-1.0717625752,-1.4949107797,1.6949806524,-11.7651794703,0.5583292577,4.1172786065,-9.4130825916,0.1743551619,4.9471390173,1.7984925114,0.5930308158,-0.1755450172,0.1767407257,-0.1153337217,16.9132768483,0.2860501694,-1.0723654062,-1.4901507168,-0.5555016832,8.2710414654,0.6437977658,-1.685429494,-11.3573667024,-0.3749288358,-1.8779971862,-1.2555266452,-1.5878076899,-0.5508446554,1.4836682503,-1.7022936461,-3.3829488501,0.5261913324,-0.2976460361,-0.5012465351,0.0194418283,-0.5355026162,0.0789832225,1.010265892,0.2448590138,0.8840323378,1.2107510322,0.2598607851,-18.1231706769,-6.5185245328,-3.0731022135,-0.0747748341
biasActivation=1,1,1,1,1,1
[BASIC:ACTIVATION]
"org.encog.engine.network.activation.ActivationSigmoid"
"org.encog.engine.network.activation.ActivationSigmoid"
"org.encog.engine.network.activation.ActivationSigmoid"
"org.encog.engine.network.activation.ActivationSigmoid"
"org.encog.engine.network.activation.ActivationSigmoid"
"org.encog.engine.network.activation.ActivationLinear"
