encog,BasicNetwork,java,3.4.0,1,1572768147397
[BASIC]
[BASIC:PARAMS]
[BASIC:NETWORK]
beginTraining=0
connectionLimit=0
contextTargetOffset=0,0,0,0,0,0
contextTargetSize=0,0,0,0,0,0
endTraining=5
hasContext=f
inputCount=2
layerCounts=3,8,8,8,8,3
layerFeedCounts=2,7,7,7,7,2
layerContextCount=0,0,0,0,0,0
layerIndex=0,3,11,19,27,35
output=0.7079222339,0.8383836579,1,0.1046380985,0.3512024296,0.9773316799,0.0013482891,0.9961102549,0.0659439101,0.1576497887,1,0.9999458247,0.0000026996,0.230032923,0.6559663664,0.1366468251,0.8775384404,0.999999971,1,0.0093567667,0.0000000607,0.9999950849,0.7104808602,0.9999782464,0.079236299,0.0044502027,1,0.9999998976,0.0048458841,0.0678445544,0,1,1,0.0000000058,1,8,30,1
outputCount=2
weightIndex=0,16,72,128,184,205
weights=-11.8103513816,-6.4356931907,-4.1722511519,-3.1548949699,8.2667150716,4.7786812188,9.8325804776,-1.636503924,-1.1410613556,-0.9365264605,13.0065270393,12.6035014625,-4.3527007018,-0.718817529,7.7565002355,-7.4737638504,-6.1575651263,10.2331471744,-0.8387349781,2.4404042121,0.6325395739,-3.055745475,9.5343786132,-4.3366815359,-2.0979845802,-2.3710881402,-1.6903812452,-3.5864451247,-1.2225081202,3.0411716374,-0.6745896654,2.3984465433,4.4771226153,-7.900108888,-3.9095601328,-2.1712632759,-2.6631975208,-4.2259921905,5.7386421566,-0.0556516988,-1.2150191058,-8.1969719799,2.1057950168,-0.8536446727,4.3839162479,2.8347354526,-10.5981678744,2.1944957943,9.0352360771,2.2494485654,-1.8688442599,-5.5304850195,-0.3469716485,-3.2919408337,0.7377695869,2.7669171721,-0.9556428167,1.0784900677,-6.9980992765,-1.6932319747,1.9284999729,2.7227734695,-2.855083035,1.2275738042,-5.946834835,7.9664386541,-2.8921161731,-3.5887830138,-5.4918043614,2.5302614433,3.9644323184,1.8556779836,-9.65894799,-1.2741964028,3.9547798383,3.0999690196,1.2414237047,-5.0158202907,2.2672579524,2.9023269843,5.9066137382,9.2641744527,-6.3193597402,-2.6584721857,-1.4716548376,11.3028049263,0.5322371586,-4.0958882136,2.0464436566,5.1636632693,-2.1070218079,0.9686206935,1.1784113382,8.4833771051,-4.0263166355,-1.6411079188,-6.2828386505,-1.0996557593,-5.3598739452,3.0539984457,1.7878527041,11.3928386632,-3.3056528299,1.2183680156,1.5472908012,0.4063517017,3.3423348624,-1.4495234768,-3.4651074325,-1.8588582565,1.6183333507,-0.5652423903,0.0713040804,-1.4243138148,-0.1334170846,-0.8272687247,1.5637686199,-5.5647998657,0.9535123463,1.5627877345,-4.0987827166,-1.4964950508,8.1610815261,-2.3777941434,13.5558348992,5.785914044,-5.8752709317,-3.0636048356,-1.9461971368,12.7107770079,9.231480241,0.2594943165,-1.5648779753,-0.9780635048,0.0891033569,-0.8610168723,-12.1601267261,0.3476361705,5.5886608298,-0.3066539196,-3.0881242812,-1.1495412288,-0.8198857321,-0.5998379317,9.013083442,-8.4352443484,-5.3023660286,-0.6455061261,0.8884278743,0.9325317308,0.8070993291,1.7897717198,-0.0814420327,-0.6074902121,0.4829685471,5.8803202057,0.8379578132,0.5956502776,-0.96684959,-0.4842684191,5.0993011344,-12.3934514714,1.9168566309,-0.0875602121,0.303509273,2.0668479235,0.9190710059,3.1960625649,0.4488815548,-8.1952167457,12.9847957955,-0.5185368815,-3.4908246433,-0.8551725851,0.3482497164,0.6031121824,-3.8858473779,5.8130725738,0.0096797413,0.3603890819,-0.7378583275,0.2200287408,-0.6214594625,-1.0354951217,-1.1410691855,0.7249818416,3.4734739629,1.4674346051,-0.5244056894,-1.332074067,1.304826906,-0.1116758598,-9.7086199179,1.7651536155,-4.286216537,0.7627027324,2.1523200997,0.8918309606,0.9086231336,2.0007029053,0.6447803983,-0.5700087727,-0.8783297782,-0.3843386077,-0.4049096997
biasActivation=1,1,1,1,1,1
[BASIC:ACTIVATION]
"org.encog.engine.network.activation.ActivationSigmoid"
"org.encog.engine.network.activation.ActivationSigmoid"
"org.encog.engine.network.activation.ActivationSigmoid"
"org.encog.engine.network.activation.ActivationSigmoid"
"org.encog.engine.network.activation.ActivationSigmoid"
"org.encog.engine.network.activation.ActivationLinear"
