encog,BasicNetwork,java,3.4.0,1,1572768160350
[BASIC]
[BASIC:PARAMS]
[BASIC:NETWORK]
beginTraining=0
connectionLimit=0
contextTargetOffset=0,0,0,0,0,0
contextTargetSize=0,0,0,0,0,0
endTraining=5
hasContext=f
inputCount=2
layerCounts=3,8,8,8,8,3
layerFeedCounts=2,7,7,7,7,2
layerContextCount=0,0,0,0,0,0
layerIndex=0,3,11,19,27,35
output=0.9996580376,0.935487232,1,0.6856896733,0.9999324392,0.6651953105,0.0038277366,0.0000133285,0.2872061474,0.0436257963,1,0.9970234375,0.0080902208,0.9994020878,0.9999457063,0.2903004314,0.7988004409,0.590470441,1,0.0118697619,0.9963329108,0.1280468327,0.1308848983,0.1130084039,0.9791573191,0.9986929309,1,0.0152713508,0.9243145377,0,0.9997126364,0.0000001297,0,0,1,8,30,1
outputCount=2
weightIndex=0,16,72,128,184,205
weights=6.3186357861,6.4075836045,-7.3457115405,-4.6763205774,-4.7606416814,3.1133899268,-9.2997769491,1.6565151498,5.4336540377,3.4381289318,1.1408083655,3.9391612059,-11.9695661988,-12.965438921,5.8681367754,-1.7955200582,-1.617776346,0.7399680726,-1.2845464172,-0.7556129635,8.5594249593,0.2837118297,0.5646573121,1.381521748,3.7924529718,-1.7289104125,-3.3016199297,7.391082035,4.4272559792,0.3325424511,1.332792554,-0.5936415007,0.5514397933,-4.4518497461,-2.827906984,2.2825836718,0.996940764,0.292109873,2.4850815225,-1.2736092082,2.1367838544,2.1953225073,-3.9545399059,1.0613749423,-8.0950872351,4.3878738269,-9.9247335507,-0.1137390723,-4.6581562772,-0.0535656275,0.3476632398,-9.6122939252,-2.3862814049,3.8700796542,-2.967807299,2.0371702708,-8.3060554898,1.8236369788,6.5193881972,-1.0701388079,-3.2844275647,1.3090920132,-1.2733399438,2.5718139511,-3.0094985381,9.6676682315,-4.6523222145,2.3060179271,-3.7256704763,4.1436264896,-4.7990217475,2.7837877555,4.3771729373,5.5614353793,-9.8325084475,0.2751877457,-11.8101055338,0.6078569123,3.1187691177,-0.931227319,0.1489646984,-6.4332302877,-1.8573967464,3.2431316561,7.0637022673,-6.3198816262,8.8683672489,-2.0546234824,-4.7746618633,3.0801509892,1.6208525471,0.0987463157,-9.1238962416,-1.9286425874,6.8941452182,0.223204827,5.176696852,5.4455580369,-6.5660818122,-5.918624409,0.2890810575,4.132406999,1.1669273864,0.7050908788,-1.9563643076,0.0456465016,6.1790386288,-7.8243524917,-8.1455216945,3.9142122864,-4.9469643476,1.3450814609,-0.768585775,1.3978933631,4.9913173457,-0.8182716869,2.0537871819,2.2713368371,-3.7853936238,0.7875012564,2.0240101222,2.4011059572,-8.2289831809,0.2932434505,-7.3297460382,-0.4620803069,-2.7169652924,2.9590854262,-4.3100571925,-2.2810764897,6.7650792757,-3.3062704681,-1.6507204852,-0.1680931393,0.8026860998,1.0577527781,-7.6060476041,3.2598567685,3.4591158049,2.2845958448,-2.3447013279,-0.779034345,-0.3879278805,0.4237658252,-3.7915605163,-10.6296890044,2.3088097382,3.911213326,3.6231166643,-1.1015575147,-0.7106284769,4.0546488346,5.191978441,-5.8725829556,6.3112045629,4.4148196205,0.023428717,-0.5973237989,0.9843555029,-0.9578829612,12.8473816437,-6.5335648324,-6.3839405616,4.0336076598,3.1975733495,-0.4854085322,0.1282519479,-0.249950199,-6.083932285,3.278766356,-0.9405429317,1.4492289547,-0.8384112571,-0.2929379395,-0.618735522,-0.5368244604,11.2461294199,4.0746950542,-2.5719323299,3.7427436328,-5.1429407912,0.510546691,-0.6528334828,-1.0410508603,0.4793331553,-0.1814580573,-2.5573110646,-1.27704208,-0.0614407047,14.5620241032,3.6363839893,-2.4866380033,8.0957093663,-2.8538736338,0.7565159655,8.2899848421,6.153597724,-2.2468611072,2.3193253398,-1.4072156601,-1.5036467964,0.5243071262,-1.0021177526,-0.6595139638,-0.9868420458
biasActivation=1,1,1,1,1,1
[BASIC:ACTIVATION]
"org.encog.engine.network.activation.ActivationSigmoid"
"org.encog.engine.network.activation.ActivationSigmoid"
"org.encog.engine.network.activation.ActivationSigmoid"
"org.encog.engine.network.activation.ActivationSigmoid"
"org.encog.engine.network.activation.ActivationSigmoid"
"org.encog.engine.network.activation.ActivationLinear"
