encog,BasicNetwork,java,3.4.0,1,1572766304590
[BASIC]
[BASIC:PARAMS]
[BASIC:NETWORK]
beginTraining=0
connectionLimit=0
contextTargetOffset=0,0,0,0,0,0
contextTargetSize=0,0,0,0,0,0
endTraining=5
hasContext=f
inputCount=2
layerCounts=3,8,8,8,8,3
layerFeedCounts=2,7,7,7,7,2
layerContextCount=0,0,0,0,0,0
layerIndex=0,3,11,19,27,35
output=0.3478328669,0.1363766847,1,0.5643420082,0.7740566193,0.367049348,0.0000000051,0.9997821825,0.2089238745,0.9856526967,1,0.8619517409,0.0013888741,0.9999520787,0.0376046071,0.9843913569,0.0005084797,0.9999170812,1,0.9998191555,0.9996642407,0.9995310552,0.4641679083,0.1466430647,0.1979525558,0.9820063567,1,0.9999999919,0,0.5900269117,0.9999990284,1,0,0,1,8,30,1
outputCount=2
weightIndex=0,16,72,128,184,205
weights=3.5444798207,-0.0690655279,-0.6796781504,-8.4891785794,6.4212939025,-0.9853250319,-7.912593651,-0.7409095763,12.3811124443,-10.3991704029,-10.3195629169,11.6501932927,-1.8862704969,11.5393891231,8.4457151959,-5.8450985004,-7.3933397379,-2.1882304045,2.5331509363,7.8471088531,2.7113589676,4.5336429805,3.0185902435,-1.8832563469,-0.4992758829,-4.0341321649,8.2184793843,-3.7492633416,-2.7509122538,-5.9982750068,-1.4883838165,-2.2104961198,9.7239722518,-4.951180945,-2.752140549,1.0493487458,-3.1267658505,-3.174665355,1.1778274561,-4.3052203477,5.3582484453,3.7706881023,-5.8375562545,-6.9124094623,-4.422154162,6.6312601717,-13.4985759809,0.2190506309,4.5511624533,1.9144964731,4.7220243317,-10.611138686,0.448837624,-0.7858886979,-1.3283143493,1.0700951532,-1.1146023125,-6.4908817157,1.1411870599,-5.0325798674,-0.7776753139,5.29018836,-0.3780474812,-0.1726969788,2.3245487436,-0.6804294335,7.0457315126,-4.2871934639,-4.3905640749,-13.5709713228,0.5099552936,-0.8381165163,-0.7271054078,-2.3340473175,8.7953898822,-9.2659218582,5.601982296,6.3779612139,-2.3827935012,0.657404538,-2.5460536055,3.3705300449,-3.0877955049,-8.3735171773,5.6868994234,8.3808767338,-1.3677281219,-1.5784543975,-0.8454184495,9.2892159352,7.3718515021,3.9586785086,-2.591280714,-11.4328986893,-3.8108018755,-1.3154193515,-0.2401865569,-0.4583942487,-10.4355248205,13.8174423762,-5.0613323128,-3.3303526042,3.5389457516,-0.6007036682,-2.4059879889,6.5599957603,2.0499778818,-6.7716007635,0.4606401869,2.5205640184,0.8768133923,-0.3414364639,-7.9556474886,-4.2201047188,-9.3549062339,9.3899602645,4.4220169726,1.2263149084,5.6130177902,3.1780914294,7.870381317,6.3961419032,-6.4933823226,0.573202621,-4.2518802156,-2.3916525427,3.5257407522,-1.0064689254,8.4292769833,0.5044652658,-15.2433751662,-3.8877724288,7.5149093799,-0.3582517746,0.1873437036,5.5552762643,7.9104157176,-0.3165352658,12.6300706594,-5.3588843565,1.7457395275,-0.2704407106,-0.6306247915,-3.7505773359,2.9425336048,0.4530808844,17.3096977634,-12.1638663915,6.1616267274,0.3333063427,-0.1374704518,0.5110631101,8.5782795732,-0.29972933,-16.5057006181,-1.7620914621,2.2811130143,-2.2074239238,1.0196783487,0.4979303013,-8.9771004386,-0.8336253372,1.4693220155,-0.061723984,1.6974932763,1.8879276542,0.5891848932,4.7132150781,-0.8932047044,0.1190997741,-5.3706043789,11.0458127461,-5.4427537767,1.1893573794,0.8379907556,-2.9401828029,-0.6122388601,0.1050913516,0.5367090592,4.8525469077,0.5412832846,-1.8703903169,-0.2160496578,-1.0986801767,-9.6150460991,2.7304662062,13.6322983138,-0.9351437351,-0.8546191476,-0.2306499811,0.9890808663,0.2835818737,-16.0560265127,-2.2234820309,0.5719686638,14.4730692363,-3.5686715937,4.4740097961,0.0161834224,0.1351153228,-0.9261284841,-0.5563854261,0.2057413593,-1.3588991128,-0.4348142838
biasActivation=1,1,1,1,1,1
[BASIC:ACTIVATION]
"org.encog.engine.network.activation.ActivationSigmoid"
"org.encog.engine.network.activation.ActivationSigmoid"
"org.encog.engine.network.activation.ActivationSigmoid"
"org.encog.engine.network.activation.ActivationSigmoid"
"org.encog.engine.network.activation.ActivationSigmoid"
"org.encog.engine.network.activation.ActivationLinear"
